/*--------------------------------*- C++ -*----------------------------------*\
  =========                 |
  \\      /  F ield         | OpenFOAM: The Open Source CFD Toolbox
   \\    /   O peration     | Website:  https://openfoam.org
    \\  /    A nd           | Version:  7
     \\/     M anipulation  |
\*---------------------------------------------------------------------------*/
FoamFile
{
    version     2.0;
    format      ascii;
    class       volVectorField;
    location    "0.42";
    object      U;
}
// * * * * * * * * * * * * * * * * * * * * * * * * * * * * * * * * * * * * * //

dimensions      [0 1 -1 0 0 0 0];

internalField   nonuniform List<vector> 
1936
(
(-14.5228 3.44895 0)
(-70.5502 176.725 0)
(-34.0219 409.93 0)
(-8.47483 450.531 0)
(-11.5451 435.868 0)
(-4.31711 450.613 0)
(9.6849 444.349 0)
(20.0135 393.918 0)
(19.8912 326.892 0)
(7.46811 286.701 0)
(-8.09265 282.135 0)
(-19.6777 308.463 0)
(-30.9205 415.962 0)
(-2.67843 522.237 0)
(33.4669 456.132 0)
(27.0043 317.068 0)
(12.6276 265.496 0)
(-2.2022 264.233 0)
(-22.4703 314.073 0)
(-32.4794 461.058 0)
(6.74803 526.67 0)
(33.8322 393.473 0)
(11.9463 275.509 0)
(-4.00236 260.911 0)
(-20.3359 289.66 0)
(-39.9817 423.443 0)
(-7.63091 521.77 0)
(27.9409 411.244 0)
(5.88876 287.967 0)
(-10.236 267.921 0)
(-28.6379 305.543 0)
(-37.444 451.634 0)
(10.7032 515.646 0)
(28.6266 381.093 0)
(2.39838 282.072 0)
(-7.47878 268.414 0)
(-30.8739 317.237 0)
(-31.3593 473.996 0)
(22.8076 505.264 0)
(31.8008 356.535 0)
(8.39799 276.832 0)
(0.236452 271.093 0)
(-25.6525 333.432 0)
(-24.9545 478.111 0)
(-15.5528 8.23944 0)
(-76.9569 1.08381 0)
(-38.05 -3.83741 0)
(-10.6358 -2.7747 0)
(-12.7464 -1.39304 0)
(-5.0842 -2.0138 0)
(9.19024 -2.14205 0)
(19.3675 -0.900749 0)
(18.2644 1.07369 0)
(5.22892 2.66517 0)
(-6.81759 2.96473 0)
(-15.9288 1.45743 0)
(-30.2848 -2.25946 0)
(-2.98782 -4.73608 0)
(34.7889 -2.51504 0)
(23.9528 0.951123 0)
(7.18722 3.11221 0)
(-0.167309 3.65166 0)
(-19.8924 1.6142 0)
(-33.626 -2.52109 0)
(7.19168 -4.48767 0)
(33.1882 -1.28169 0)
(7.01641 2.81716 0)
(-3.17836 3.84908 0)
(-16.295 2.3466 0)
(-40.6484 -1.45407 0)
(-7.42393 -4.38793 0)
(27.7668 -1.8631 0)
(2.1287 2.70975 0)
(-8.14028 3.86874 0)
(-23.1826 1.23016 0)
(-37.3797 -3.4053 0)
(11.8019 -4.30321 0)
(28.3524 -0.342024 0)
(-0.960322 3.09015 0)
(-4.59881 3.59422 0)
(-26.1552 0.665335 0)
(-31.7794 -4.15376 0)
(23.8733 -4.2956 0)
(29.6749 -0.0784767 0)
(4.05707 3.01775 0)
(3.02153 3.48163 0)
(-23.1425 0.813683 0)
(-26.2577 -3.46215 0)
(-5.93164 17.0136 0)
(-70.9761 2.9027 0)
(-39.3644 -8.22806 0)
(-12.245 -5.90193 0)
(-12.0332 -2.88189 0)
(-4.82136 -4.22454 0)
(9.48285 -4.49683 0)
(19.6139 -1.82046 0)
(18.542 2.31742 0)
(6.1294 5.31112 0)
(-5.00974 5.77259 0)
(-14.819 3.3461 0)
(-31.7878 -4.18391 0)
(-5.85846 -10.197 0)
(34.631 -5.2699 0)
(25.0528 2.63754 0)
(4.68604 6.3141 0)
(-2.97897 7.13748 0)
(-22.6917 3.67969 0)
(-34.994 -5.34517 0)
(8.55937 -9.83476 0)
(35.376 -2.18307 0)
(7.32296 5.99894 0)
(-3.01468 7.49995 0)
(-17.5784 5.15078 0)
(-41.1334 -2.96995 0)
(-3.51551 -9.69876 0)
(31.5179 -3.52706 0)
(4.9202 5.62921 0)
(-3.4482 7.48767 0)
(-19.9518 3.14622 0)
(-38.9348 -6.75654 0)
(11.8364 -9.44827 0)
(31.15 -0.442344 0)
(3.10976 6.2526 0)
(-0.576361 7.10875 0)
(-24.0182 2.09652 0)
(-34.2221 -8.48294 0)
(23.2472 -9.24631 0)
(30.5333 0.425283 0)
(2.58014 6.15723 0)
(0.619023 6.89273 0)
(-25.5286 2.13002 0)
(-27.5653 -7.51215 0)
(3.32873 23.836 0)
(-58.3583 5.43551 0)
(-33.8743 -11.2193 0)
(-14.344 -8.88574 0)
(-12.054 -4.65722 0)
(-5.1208 -6.27771 0)
(6.24591 -6.52651 0)
(13.338 -2.56364 0)
(12.3106 3.32982 0)
(3.32751 7.36793 0)
(-2.18784 7.99998 0)
(-6.8908 5.08523 0)
(-22.8987 -5.43497 0)
(-6.58043 -14.6894 0)
(25.1892 -7.71386 0)
(16.4362 4.24986 0)
(-1.69658 9.2242 0)
(-2.21844 9.93527 0)
(-15.7416 5.18572 0)
(-26.9091 -7.91597 0)
(6.98279 -14.3279 0)
(25.8377 -2.79053 0)
(0.755434 8.6767 0)
(-1.49919 10.5176 0)
(-10.2236 7.42693 0)
(-30.9108 -4.52603 0)
(-0.0673614 -14.1851 0)
(24.1445 -4.78588 0)
(0.627985 7.78912 0)
(1.61237 10.2458 0)
(-7.80393 5.1351 0)
(-30.0503 -9.0836 0)
(9.11193 -13.7699 0)
(23.1133 -0.865311 0)
(0.857736 8.58665 0)
(4.37062 9.99172 0)
(-11.7814 3.73859 0)
(-27.3787 -11.6112 0)
(17.2549 -13.301 0)
(20.6654 0.904556 0)
(-3.09804 8.8445 0)
(1.93527 9.60466 0)
(-17.0772 3.07128 0)
(-22.056 -10.94 0)
(11.4462 29.1105 0)
(-46.7677 8.41745 0)
(-27.8878 -12.7493 0)
(-14.9404 -11.5032 0)
(-11.9602 -6.83677 0)
(-5.92482 -8.21931 0)
(2.39249 -8.1058 0)
(6.87693 -3.09214 0)
(6.43583 4.00227 0)
(0.667291 8.68171 0)
(-0.337844 9.37108 0)
(-1.19163 6.25617 0)
(-14.9169 -6.01404 0)
(-6.96753 -17.5232 0)
(16.2325 -9.4649 0)
(9.72877 5.5066 0)
(-5.93501 11.3411 0)
(-0.296598 11.687 0)
(-10.0905 5.99682 0)
(-19.4161 -9.7953 0)
(5.43353 -17.2136 0)
(17.6201 -3.06265 0)
(-3.77955 10.3689 0)
(0.208061 12.425 0)
(-4.02651 8.83403 0)
(-21.6353 -5.75837 0)
(3.02325 -17.0393 0)
(17.6577 -5.48573 0)
(-2.25148 8.86106 0)
(4.28684 11.6885 0)
(0.744562 6.68435 0)
(-21.9226 -10.1093 0)
(6.62892 -16.5096 0)
(16.2977 -1.40807 0)
(-1.55399 9.74878 0)
(6.78601 11.6707 0)
(-2.65311 5.12863 0)
(-20.8146 -13.1051 0)
(11.6795 -15.7691 0)
(12.8178 1.26816 0)
(-6.86931 10.5134 0)
(3.65278 11.1328 0)
(-10.2508 3.56406 0)
(-16.9154 -13.108 0)
(17.9367 32.5829 0)
(-34.4611 11.625 0)
(-21.1654 -12.8266 0)
(-13.5943 -13.4546 0)
(-11.5391 -9.09043 0)
(-7.06584 -9.87993 0)
(-1.72817 -9.1552 0)
(0.671838 -3.45198 0)
(0.891614 4.26595 0)
(-2.06502 9.148 0)
(0.497229 9.81107 0)
(2.50864 6.74912 0)
(-8.29812 -5.95144 0)
(-6.7525 -18.5427 0)
(8.28219 -10.4718 0)
(4.16209 6.20515 0)
(-8.012 12.4195 0)
(2.12376 12.4059 0)
(-4.73691 6.21379 0)
(-12.6904 -10.8586 0)
(3.89521 -18.4188 0)
(10.7753 -2.99602 0)
(-6.91711 10.9674 0)
(1.51651 13.1564 0)
(1.49955 9.30298 0)
(-13.6013 -6.56709 0)
(5.01423 -18.1542 0)
(11.944 -5.55274 0)
(-4.89014 8.9793 0)
(4.73421 11.9424 0)
(5.85882 7.53922 0)
(-14.8041 -9.98061 0)
(4.47101 -17.5972 0)
(10.433 -1.86773 0)
(-4.53907 9.86215 0)
(6.91469 12.1078 0)
(3.34336 5.99731 0)
(-14.6963 -13.0401 0)
(6.95522 -16.6093 0)
(6.67862 1.43837 0)
(-8.6544 11.0499 0)
(5.3039 11.5255 0)
(-4.53045 3.6969 0)
(-12.2419 -13.9697 0)
(21.5253 33.8063 0)
(-20.5239 14.6797 0)
(-13.3656 -11.421 0)
(-10.3829 -14.3814 0)
(-10.3326 -10.9483 0)
(-8.00855 -11.0592 0)
(-5.38368 -9.63748 0)
(-4.54983 -3.65803 0)
(-3.85262 4.07767 0)
(-4.36319 8.70286 0)
(0.479735 9.31311 0)
(4.36761 6.52253 0)
(-3.43285 -5.35724 0)
(-5.86803 -17.8257 0)
(1.82429 -10.6227 0)
(-0.448888 6.1499 0)
(-8.10929 12.3317 0)
(3.67073 12.0989 0)
(0.290045 5.92883 0)
(-6.94207 -10.9651 0)
(2.32128 -17.9796 0)
(5.34865 -2.63372 0)
(-8.43047 10.5187 0)
(1.95877 12.656 0)
(5.64673 8.90478 0)
(-7.15601 -6.83325 0)
(5.47157 -17.599 0)
(7.09078 -4.96575 0)
(-6.8972 8.35807 0)
(3.68927 11.1324 0)
(8.11275 7.55658 0)
(-8.75642 -8.99575 0)
(2.68998 -17.0575 0)
(5.57706 -2.09364 0)
(-6.72785 9.15297 0)
(5.49763 11.3498 0)
(6.49146 6.16922 0)
(-9.18076 -11.7144 0)
(3.34356 -15.8801 0)
(2.05742 1.32983 0)
(-8.46459 10.4916 0)
(5.86192 10.9019 0)
(0.102229 3.5287 0)
(-8.06055 -13.537 0)
(21.4376 32.4161 0)
(-5.90401 16.9438 0)
(-4.729 -8.56325 0)
(-5.68626 -13.9244 0)
(-7.91311 -11.9218 0)
(-8.00713 -11.5304 0)
(-7.68817 -9.54588 0)
(-7.98776 -3.7474 0)
(-7.09099 3.37994 0)
(-5.69332 7.48218 0)
(0.00638396 8.04513 0)
(4.78706 5.69048 0)
(-0.310341 -4.52512 0)
(-4.47663 -15.6529 0)
(-2.748 -9.86457 0)
(-3.98353 5.34397 0)
(-7.16429 11.1298 0)
(3.92689 10.8391 0)
(4.30674 5.19395 0)
(-2.45521 -10.069 0)
(0.761247 -16.0607 0)
(1.28659 -2.18885 0)
(-8.35837 9.27601 0)
(1.7674 11.0649 0)
(7.86816 7.80002 0)
(-2.42911 -6.45376 0)
(4.47025 -15.6177 0)
(3.16375 -3.99076 0)
(-7.49062 7.27684 0)
(2.29291 9.48879 0)
(8.44809 6.78238 0)
(-3.82201 -7.5018 0)
(1.3008 -15.0971 0)
(1.79198 -2.08171 0)
(-7.24542 7.87792 0)
(3.68272 9.66342 0)
(7.5055 5.64907 0)
(-4.44607 -9.58641 0)
(0.895826 -13.8201 0)
(-1.17464 0.966383 0)
(-7.13054 9.0639 0)
(5.26459 9.44137 0)
(3.41582 3.09372 0)
(-4.46838 -11.9467 0)
(17.436 28.5317 0)
(6.17 17.6921 0)
(3.52285 -4.64744 0)
(-0.248331 -11.9237 0)
(-4.33991 -11.6516 0)
(-6.63263 -11.1121 0)
(-8.12852 -8.90089 0)
(-9.20199 -3.75411 0)
(-8.33601 2.26825 0)
(-5.89366 5.73879 0)
(-0.47386 6.28796 0)
(4.26395 4.42354 0)
(1.33568 -3.68055 0)
(-3.00501 -12.4982 0)
(-5.25502 -8.29433 0)
(-6.20662 3.99516 0)
(-6.08051 9.09732 0)
(3.19349 8.82371 0)
(6.3405 4.04801 0)
(0.466308 -8.2935 0)
(-0.543749 -13.037 0)
(-1.57106 -1.81091 0)
(-7.30527 7.52318 0)
(1.28352 8.76224 0)
(8.04278 6.17799 0)
(0.652045 -5.44874 0)
(2.71869 -12.5931 0)
(0.146652 -2.99286 0)
(-6.71356 5.88335 0)
(1.32795 7.36671 0)
(7.51247 5.43645 0)
(-0.295616 -5.76672 0)
(0.316344 -12.1089 0)
(-0.955974 -1.92466 0)
(-6.4203 6.24073 0)
(2.24482 7.46522 0)
(6.97216 4.60037 0)
(-0.939848 -7.0898 0)
(-0.481872 -10.8531 0)
(-3.10343 0.46778 0)
(-5.52121 7.11967 0)
(4.12079 7.43286 0)
(5.12208 2.39227 0)
(-1.6633 -9.49774 0)
(11.2784 23.0526 0)
(12.1932 16.5071 0)
(9.27086 -0.650571 0)
(4.62665 -8.68729 0)
(-0.402754 -10.0627 0)
(-4.16291 -9.7817 0)
(-6.83783 -7.77106 0)
(-8.36943 -3.63592 0)
(-7.75393 1.01079 0)
(-5.2271 3.77856 0)
(-0.760083 4.34119 0)
(3.22813 2.9399 0)
(1.8516 -2.85544 0)
(-1.90968 -8.9885 0)
(-5.83258 -6.20898 0)
(-6.87755 2.49331 0)
(-5.05665 6.61735 0)
(2.09825 6.35433 0)
(6.09753 2.71829 0)
(1.85921 -6.0512 0)
(-1.25956 -9.47987 0)
(-3.22487 -1.46724 0)
(-5.8104 5.47553 0)
(0.774657 6.24068 0)
(6.66575 4.30749 0)
(2.30352 -4.05493 0)
(1.17923 -9.07178 0)
(-1.77751 -2.13144 0)
(-5.21138 4.27031 0)
(0.806425 5.17105 0)
(5.82272 3.81631 0)
(1.6334 -4.02273 0)
(-0.22379 -8.65246 0)
(-2.55384 -1.6343 0)
(-4.99035 4.41229 0)
(1.31965 5.2047 0)
(5.44551 3.27651 0)
(1.00204 -4.66553 0)
(-0.96512 -7.54167 0)
(-3.72014 0.0339727 0)
(-3.952 4.99274 0)
(2.961 5.22256 0)
(5.10643 1.54511 0)
(0.106329 -6.67737 0)
(6.1071 17.2814 0)
(12.051 13.8015 0)
(11.1468 2.26664 0)
(7.46311 -5.0652 0)
(2.70149 -7.49248 0)
(-1.43764 -7.71799 0)
(-4.51056 -6.27729 0)
(-6.2345 -3.34117 0)
(-6.06016 -0.0865436 0)
(-4.14599 1.95494 0)
(-0.91831 2.48786 0)
(1.98438 1.54862 0)
(1.56105 -2.08863 0)
(-1.36056 -5.73533 0)
(-5.09742 -4.07504 0)
(-6.097 1.22302 0)
(-3.94835 4.10479 0)
(1.07133 3.89599 0)
(4.36775 1.47653 0)
(1.96908 -3.88747 0)
(-1.39796 -6.039 0)
(-3.58607 -1.12252 0)
(-4.18994 3.40896 0)
(0.351472 3.90139 0)
(4.57391 2.54942 0)
(2.64393 -2.63029 0)
(0.308042 -5.68854 0)
(-2.38119 -1.42472 0)
(-3.54682 2.66231 0)
(0.463366 3.22554 0)
(3.90176 2.25518 0)
(2.12274 -2.50691 0)
(-0.351273 -5.36933 0)
(-2.82632 -1.23618 0)
(-3.43554 2.67235 0)
(0.709849 3.22959 0)
(3.57764 1.98068 0)
(1.53019 -2.68591 0)
(-0.869926 -4.51187 0)
(-3.17641 -0.198042 0)
(-2.5236 3.00187 0)
(1.93373 3.16461 0)
(3.90554 0.792965 0)
(0.870956 -4.05899 0)
(3.30832 12.2503 0)
(8.71699 10.5757 0)
(9.66484 3.64101 0)
(7.63391 -2.00346 0)
(4.08397 -4.63874 0)
(0.615433 -5.33103 0)
(-2.13168 -4.60902 0)
(-3.78218 -2.83756 0)
(-4.04296 -0.812845 0)
(-2.95917 0.55372 0)
(-0.934594 0.985251 0)
(0.903642 0.47128 0)
(0.87534 -1.42847 0)
(-1.11246 -3.20517 0)
(-3.75067 -2.33446 0)
(-4.49207 0.344583 0)
(-2.85434 1.99463 0)
(0.243369 1.88991 0)
(2.3489 0.522224 0)
(1.30072 -2.2185 0)
(-1.18254 -3.30633 0)
(-2.91076 -0.802066 0)
(-2.71608 1.68709 0)
(0.024755 2.01782 0)
(2.55982 1.18171 0)
(1.98139 -1.4954 0)
(-0.0328463 -3.02039 0)
(-1.94555 -0.866321 0)
(-2.12015 1.34817 0)
(0.199488 1.7036 0)
(2.22561 1.05995 0)
(1.64469 -1.37983 0)
(-0.312296 -2.81757 0)
(-2.15583 -0.812818 0)
(-2.07744 1.31324 0)
(0.296052 1.71362 0)
(1.9617 0.996264 0)
(1.1799 -1.32336 0)
(-0.586017 -2.26321 0)
(-2.0728 -0.248211 0)
(-1.40471 1.45721 0)
(1.0797 1.58041 0)
(2.36803 0.28387 0)
(0.875047 -2.07966 0)
(2.03319 8.53902 0)
(5.13006 7.66572 0)
(6.51163 3.77891 0)
(5.78245 0.0445565 0)
(3.74867 -2.1989 0)
(1.46925 -3.12328 0)
(-0.52257 -3.01679 0)
(-1.84048 -2.18812 0)
(-2.27956 -1.13232 0)
(-1.83557 -0.33988 0)
(-0.772625 -0.0210537 0)
(0.209988 -0.198334 0)
(0.228942 -0.923876 0)
(-0.911978 -1.57128 0)
(-2.39173 -1.19229 0)
(-2.85162 -0.14717 0)
(-1.9439 0.573215 0)
(-0.30395 0.529772 0)
(0.823202 -0.0831671 0)
(0.459806 -1.18229 0)
(-0.901617 -1.57892 0)
(-1.90814 -0.56195 0)
(-1.64307 0.531252 0)
(-0.21981 0.727015 0)
(1.0775 0.309443 0)
(0.982352 -0.793003 0)
(-0.173971 -1.34946 0)
(-1.223 -0.48145 0)
(-1.15877 0.48866 0)
(0.00748801 0.68206 0)
(1.03322 0.333178 0)
(0.86622 -0.672517 0)
(-0.25876 -1.23145 0)
(-1.28166 -0.468183 0)
(-1.1242 0.465425 0)
(0.0508472 0.72093 0)
(0.877001 0.395514 0)
(0.606474 -0.544836 0)
(-0.329018 -0.936031 0)
(-1.06697 -0.209037 0)
(-0.688171 0.499489 0)
(0.480166 0.577144 0)
(1.13946 0.0235292 0)
(0.546213 -0.880488 0)
(1.24642 6.11844 0)
(2.69154 5.56459 0)
(3.64204 3.34655 0)
(3.50799 1.09845 0)
(2.56823 -0.532926 0)
(1.34664 -1.45444 0)
(0.152329 -1.72684 0)
(-0.713626 -1.54019 0)
(-1.09509 -1.14314 0)
(-0.98753 -0.793774 0)
(-0.563884 -0.574595 0)
(-0.170888 -0.516442 0)
(-0.18253 -0.610369 0)
(-0.695489 -0.714264 0)
(-1.34751 -0.595838 0)
(-1.59766 -0.362162 0)
(-1.24099 -0.193858 0)
(-0.528359 -0.226635 0)
(-0.0105763 -0.395973 0)
(-0.105401 -0.676887 0)
(-0.678428 -0.744677 0)
(-1.12544 -0.433999 0)
(-0.983933 -0.0873856 0)
(-0.363379 -0.00518194 0)
(0.200788 -0.135589 0)
(0.219333 -0.439492 0)
(-0.263258 -0.550677 0)
(-0.708116 -0.272654 0)
(-0.63939 0.0408336 0)
(-0.130764 0.111115 0)
(0.310753 -0.0151459 0)
(0.257595 -0.31256 0)
(-0.241554 -0.466029 0)
(-0.678508 -0.256027 0)
(-0.578042 0.0492932 0)
(-0.0707259 0.178453 0)
(0.281796 0.0904005 0)
(0.196723 -0.197812 0)
(-0.170306 -0.332434 0)
(-0.448814 -0.1576 0)
(-0.298934 0.0366029 0)
(0.150335 0.0656214 0)
(0.417995 -0.0899882 0)
(0.240396 -0.317587 0)
(0.755427 4.53379 0)
(1.55566 4.26569 0)
(2.05569 2.93043 0)
(2.05863 1.53861 0)
(1.63954 0.402173 0)
(1.00389 -0.387374 0)
(0.347156 -0.828884 0)
(-0.172671 -0.990593 0)
(-0.458324 -0.982225 0)
(-0.527609 -0.900895 0)
(-0.447127 -0.777433 0)
(-0.349378 -0.612412 0)
(-0.356215 -0.470207 0)
(-0.502114 -0.384192 0)
(-0.705241 -0.374862 0)
(-0.808906 -0.436518 0)
(-0.713715 -0.511599 0)
(-0.478265 -0.544718 0)
(-0.300654 -0.525366 0)
(-0.319111 -0.493531 0)
(-0.498398 -0.450438 0)
(-0.645478 -0.387691 0)
(-0.592276 -0.343095 0)
(-0.372584 -0.329796 0)
(-0.16959 -0.312718 0)
(-0.147969 -0.298752 0)
(-0.294385 -0.268083 0)
(-0.431481 -0.197773 0)
(-0.393891 -0.148618 0)
(-0.203963 -0.14142 0)
(-0.0436279 -0.144287 0)
(-0.0561278 -0.167585 0)
(-0.220488 -0.183994 0)
(-0.359372 -0.160888 0)
(-0.304405 -0.112583 0)
(-0.112605 -0.0642165 0)
(0.0173851 -0.0482389 0)
(0.00734769 -0.0920375 0)
(-0.0838727 -0.130767 0)
(-0.157037 -0.129428 0)
(-0.115526 -0.128946 0)
(0.0181503 -0.130674 0)
(0.102058 -0.133665 0)
(0.0738838 -0.126064 0)
(0.474934 3.41949 0)
(1.08183 3.39542 0)
(1.44542 2.6016 0)
(1.47277 1.73177 0)
(1.28198 0.912499 0)
(0.94708 0.255109 0)
(0.55112 -0.228515 0)
(0.194601 -0.537822 0)
(-0.0747066 -0.71898 0)
(-0.241952 -0.781934 0)
(-0.320102 -0.73166 0)
(-0.34049 -0.59457 0)
(-0.333813 -0.434815 0)
(-0.331886 -0.335775 0)
(-0.350171 -0.351044 0)
(-0.371722 -0.460479 0)
(-0.362848 -0.575281 0)
(-0.318292 -0.612698 0)
(-0.278948 -0.555058 0)
(-0.279629 -0.455148 0)
(-0.318615 -0.391227 0)
(-0.356647 -0.385818 0)
(-0.347203 -0.416137 0)
(-0.287611 -0.421142 0)
(-0.227499 -0.365598 0)
(-0.214044 -0.279889 0)
(-0.243739 -0.215013 0)
(-0.272306 -0.201417 0)
(-0.254452 -0.216668 0)
(-0.193173 -0.218477 0)
(-0.138945 -0.181429 0)
(-0.13437 -0.133576 0)
(-0.172366 -0.119284 0)
(-0.199659 -0.143749 0)
(-0.16683 -0.167548 0)
(-0.0955223 -0.153224 0)
(-0.0482918 -0.113716 0)
(-0.0364995 -0.0894441 0)
(-0.0373504 -0.0963281 0)
(-0.0413075 -0.12738 0)
(-0.0341256 -0.162783 0)
(-0.00959245 -0.172172 0)
(0.00945881 -0.146546 0)
(0.0131806 -0.0970462 0)
(0.294441 2.57908 0)
(0.764615 2.70255 0)
(1.09711 2.2634 0)
(1.21292 1.7306 0)
(1.16485 1.17522 0)
(1.01041 0.647693 0)
(0.784602 0.201082 0)
(0.526662 -0.150051 0)
(0.279348 -0.399245 0)
(0.0786937 -0.540145 0)
(-0.0601879 -0.572898 0)
(-0.135463 -0.518731 0)
(-0.150561 -0.430575 0)
(-0.13342 -0.373756 0)
(-0.117612 -0.39044 0)
(-0.119413 -0.46967 0)
(-0.132445 -0.552879 0)
(-0.142443 -0.579635 0)
(-0.145641 -0.5355 0)
(-0.146884 -0.458933 0)
(-0.152235 -0.407602 0)
(-0.162339 -0.403297 0)
(-0.168837 -0.422601 0)
(-0.163914 -0.418438 0)
(-0.152101 -0.36932 0)
(-0.144464 -0.294528 0)
(-0.145727 -0.239428 0)
(-0.147369 -0.225928 0)
(-0.140024 -0.235004 0)
(-0.123099 -0.229537 0)
(-0.104479 -0.194013 0)
(-0.0953995 -0.151745 0)
(-0.0965698 -0.138147 0)
(-0.0950274 -0.159669 0)
(-0.0778981 -0.184682 0)
(-0.0507888 -0.18009 0)
(-0.0302613 -0.148906 0)
(-0.0183186 -0.121759 0)
(-0.0071014 -0.117703 0)
(0.00115548 -0.135374 0)
(0.00199731 -0.15749 0)
(-0.00154116 -0.163535 0)
(-0.00220363 -0.148354 0)
(-0.00125978 -0.111303 0)
(0.170945 1.94883 0)
(0.500876 2.1226 0)
(0.768286 1.89428 0)
(0.931431 1.58268 0)
(0.990188 1.21987 0)
(0.964767 0.840749 0)
(0.87189 0.478348 0)
(0.729184 0.161684 0)
(0.561215 -0.0915978 0)
(0.39608 -0.268653 0)
(0.261388 -0.369235 0)
(0.170287 -0.400042 0)
(0.122041 -0.393454 0)
(0.103442 -0.38745 0)
(0.09395 -0.409084 0)
(0.0773933 -0.457554 0)
(0.0512481 -0.505851 0)
(0.0253462 -0.522876 0)
(0.00720679 -0.499525 0)
(-0.00287296 -0.455146 0)
(-0.0102933 -0.41983 0)
(-0.0204815 -0.407703 0)
(-0.0328943 -0.407214 0)
(-0.0423022 -0.394018 0)
(-0.0455962 -0.356095 0)
(-0.0447348 -0.304649 0)
(-0.0436014 -0.263154 0)
(-0.0437121 -0.243462 0)
(-0.0435794 -0.237965 0)
(-0.0404726 -0.226254 0)
(-0.0338843 -0.200776 0)
(-0.0269376 -0.173837 0)
(-0.0229908 -0.164161 0)
(-0.0207056 -0.174606 0)
(-0.0155189 -0.187819 0)
(-0.00722868 -0.184831 0)
(0.000344667 -0.166069 0)
(0.00629088 -0.147163 0)
(0.011589 -0.138825 0)
(0.0150393 -0.142134 0)
(0.0139602 -0.149102 0)
(0.00812727 -0.150601 0)
(0.00376273 -0.14409 0)
(-0.000951677 -0.118485 0)
(0.095263 1.48866 0)
(0.315737 1.65658 0)
(0.505456 1.53449 0)
(0.657457 1.35268 0)
(0.755914 1.12291 0)
(0.801932 0.865085 0)
(0.79908 0.600686 0)
(0.752416 0.350855 0)
(0.67415 0.131379 0)
(0.581639 -0.0458621 0)
(0.491173 -0.175127 0)
(0.415185 -0.259352 0)
(0.358248 -0.309228 0)
(0.317149 -0.343256 0)
(0.283057 -0.376402 0)
(0.248472 -0.412592 0)
(0.211973 -0.443521 0)
(0.177577 -0.457247 0)
(0.148974 -0.449476 0)
(0.127105 -0.427886 0)
(0.109397 -0.405779 0)
(0.0922024 -0.390931 0)
(0.07476 -0.38 0)
(0.0593571 -0.363316 0)
(0.0486771 -0.335361 0)
(0.0424148 -0.300578 0)
(0.0379814 -0.269308 0)
(0.0332724 -0.248032 0)
(0.0285391 -0.234171 0)
(0.0257042 -0.219952 0)
(0.0256599 -0.201966 0)
(0.0268695 -0.185145 0)
(0.0267366 -0.177225 0)
(0.0244427 -0.17927 0)
(0.0217387 -0.183452 0)
(0.020196 -0.180615 0)
(0.0195057 -0.169633 0)
(0.0191023 -0.156767 0)
(0.0186891 -0.147764 0)
(0.0176152 -0.143745 0)
(0.0149492 -0.142213 0)
(0.0104148 -0.140212 0)
(0.00620655 -0.13684 0)
(0.000607278 -0.116285 0)
(0.0562122 1.14643 0)
(0.207925 1.2878 0)
(0.339434 1.21442 0)
(0.460637 1.10197 0)
(0.555227 0.954995 0)
(0.621729 0.783508 0)
(0.658583 0.600095 0)
(0.665636 0.417076 0)
(0.647091 0.245632 0)
(0.611205 0.0940015 0)
(0.566384 -0.0321303 0)
(0.519573 -0.131056 0)
(0.475455 -0.204959 0)
(0.435119 -0.260237 0)
(0.396982 -0.303761 0)
(0.359059 -0.33935 0)
(0.321237 -0.366327 0)
(0.285217 -0.381743 0)
(0.252856 -0.384399 0)
(0.224714 -0.377151 0)
(0.199795 -0.365421 0)
(0.176749 -0.353291 0)
(0.155124 -0.340896 0)
(0.135697 -0.325483 0)
(0.119585 -0.305061 0)
(0.106876 -0.281134 0)
(0.0964431 -0.25774 0)
(0.0870233 -0.238149 0)
(0.0783342 -0.222395 0)
(0.0709782 -0.208307 0)
(0.0653539 -0.194616 0)
(0.060737 -0.182739 0)
(0.0557191 -0.17523 0)
(0.0494989 -0.172464 0)
(0.0425723 -0.17141 0)
(0.0359649 -0.16816 0)
(0.0301994 -0.161414 0)
(0.0252848 -0.152982 0)
(0.0210147 -0.145285 0)
(0.017082 -0.139392 0)
(0.0132084 -0.134969 0)
(0.00931526 -0.131346 0)
(0.00577009 -0.128394 0)
(0.00108092 -0.109661 0)
(0.0381661 0.875318 0)
(0.147607 0.987014 0)
(0.242843 0.938028 0)
(0.335712 0.86397 0)
(0.413524 0.767382 0)
(0.475597 0.653321 0)
(0.520348 0.528484 0)
(0.54715 0.399923 0)
(0.556122 0.274454 0)
(0.549836 0.157112 0)
(0.533018 0.0522159 0)
(0.509488 -0.0375813 0)
(0.482045 -0.111558 0)
(0.452614 -0.170851 0)
(0.422018 -0.217798 0)
(0.390574 -0.254487 0)
(0.358814 -0.281912 0)
(0.327666 -0.300152 0)
(0.29813 -0.309438 0)
(0.270758 -0.31108 0)
(0.245478 -0.307335 0)
(0.221932 -0.300328 0)
(0.199962 -0.291042 0)
(0.179824 -0.27933 0)
(0.161898 -0.264916 0)
(0.146253 -0.248398 0)
(0.132555 -0.231361 0)
(0.12041 -0.21541 0)
(0.109477 -0.201289 0)
(0.0995487 -0.188818 0)
(0.090593 -0.17764 0)
(0.0823427 -0.168123 0)
(0.0742184 -0.160925 0)
(0.06577 -0.156114 0)
(0.0570343 -0.152676 0)
(0.0484131 -0.149099 0)
(0.0403028 -0.144494 0)
(0.0329108 -0.139057 0)
(0.0262852 -0.133543 0)
(0.0204126 -0.128546 0)
(0.0151751 -0.124265 0)
(0.0104009 -0.120702 0)
(0.00637797 -0.118029 0)
(0.00123618 -0.100734 0)
(0.0288868 0.648287 0)
(0.108512 0.732653 0)
(0.179969 0.699272 0)
(0.25036 0.649797 0)
(0.311251 0.586056 0)
(0.36247 0.510794 0)
(0.403076 0.427584 0)
(0.432462 0.340307 0)
(0.450263 0.252555 0)
(0.457078 0.167934 0)
(0.454905 0.0889904 0)
(0.445697 0.0178786 0)
(0.431099 -0.0440987 0)
(0.412615 -0.0965235 0)
(0.391448 -0.139724 0)
(0.368509 -0.174393 0)
(0.344557 -0.201215 0)
(0.320322 -0.220722 0)
(0.296473 -0.233447 0)
(0.2735 -0.240166 0)
(0.251661 -0.241944 0)
(0.231029 -0.239908 0)
(0.211635 -0.234935 0)
(0.193572 -0.227547 0)
(0.176958 -0.218097 0)
(0.161839 -0.207065 0)
(0.148112 -0.195183 0)
(0.135525 -0.183273 0)
(0.123958 -0.17201 0)
(0.113548 -0.161717 0)
(0.103974 -0.152562 0)
(0.0947556 -0.144596 0)
(0.085733 -0.138003 0)
(0.0767407 -0.132785 0)
(0.06773 -0.128623 0)
(0.0587988 -0.124991 0)
(0.0501206 -0.121437 0)
(0.0418746 -0.117801 0)
(0.0341178 -0.114181 0)
(0.0268214 -0.110765 0)
(0.0200465 -0.107706 0)
(0.0136414 -0.105102 0)
(0.00833325 -0.103146 0)
(0.00152285 -0.0881245 0)
(0.0230319 0.464351 0)
(0.0814374 0.525364 0)
(0.136767 0.503068 0)
(0.190963 0.470433 0)
(0.238599 0.428783 0)
(0.279816 0.379703 0)
(0.314021 0.325129 0)
(0.340729 0.267182 0)
(0.360204 0.207934 0)
(0.372212 0.149504 0)
(0.376879 0.0935276 0)
(0.375524 0.0414684 0)
(0.36929 -0.00559799 0)
(0.359093 -0.0469878 0)
(0.345819 -0.0824137 0)
(0.330281 -0.1119 0)
(0.313198 -0.13566 0)
(0.295206 -0.153996 0)
(0.27686 -0.167282 0)
(0.258606 -0.17598 0)
(0.240775 -0.180659 0)
(0.223565 -0.181937 0)
(0.207118 -0.18042 0)
(0.191559 -0.176619 0)
(0.176968 -0.170979 0)
(0.163377 -0.163933 0)
(0.150766 -0.155951 0)
(0.139068 -0.147521 0)
(0.128132 -0.139065 0)
(0.117705 -0.130941 0)
(0.107942 -0.123472 0)
(0.098816 -0.116804 0)
(0.0899271 -0.110986 0)
(0.0811773 -0.10605 0)
(0.0725089 -0.101919 0)
(0.0639276 -0.0984261 0)
(0.055437 -0.095381 0)
(0.0470484 -0.0926469 0)
(0.0388819 -0.0901672 0)
(0.0310215 -0.0879484 0)
(0.0234958 -0.0860242 0)
(0.016046 -0.0844356 0)
(0.00981876 -0.083274 0)
(0.00175283 -0.0713821 0)
(0.0194353 0.331158 0)
(0.0641632 0.374527 0)
(0.10926 0.359469 0)
(0.152852 0.337661 0)
(0.191611 0.310027 0)
(0.225835 0.277463 0)
(0.255159 0.241063 0)
(0.279142 0.202075 0)
(0.297684 0.161776 0)
(0.310831 0.121249 0)
(0.318732 0.0818424 0)
(0.321796 0.0444347 0)
(0.32062 0.00982924 0)
(0.315841 -0.0213802 0)
(0.308087 -0.0488146 0)
(0.29796 -0.0722929 0)
(0.286024 -0.0917943 0)
(0.272793 -0.107417 0)
(0.258727 -0.119347 0)
(0.244225 -0.127844 0)
(0.229623 -0.133228 0)
(0.215156 -0.135871 0)
(0.201012 -0.136159 0)
(0.187348 -0.134449 0)
(0.17426 -0.131145 0)
(0.161819 -0.126574 0)
(0.150052 -0.121081 0)
(0.138947 -0.115009 0)
(0.128459 -0.108682 0)
(0.118488 -0.102374 0)
(0.108875 -0.0962538 0)
(0.0996565 -0.090584 0)
(0.0908399 -0.085476 0)
(0.0822547 -0.08098 0)
(0.0737909 -0.0771054 0)
(0.0653697 -0.0738146 0)
(0.0570169 -0.0710404 0)
(0.0487756 -0.0687128 0)
(0.0406528 -0.066777 0)
(0.032676 -0.0652 0)
(0.0248979 -0.0639671 0)
(0.0170535 -0.063078 0)
(0.0104157 -0.0625155 0)
(0.00189414 -0.0538644 0)
(0.017115 0.238479 0)
(0.0528434 0.269414 0)
(0.0910163 0.259026 0)
(0.127135 0.244119 0)
(0.159745 0.225285 0)
(0.189001 0.202993 0)
(0.21462 0.177894 0)
(0.236211 0.150776 0)
(0.25361 0.122469 0)
(0.266886 0.0937807 0)
(0.276086 0.0655221 0)
(0.28136 0.0383541 0)
(0.283099 0.0128644 0)
(0.281695 -0.0104803 0)
(0.27756 -0.0313417 0)
(0.271124 -0.0495073 0)
(0.262808 -0.0648792 0)
(0.253013 -0.0774559 0)
(0.242113 -0.0873144 0)
(0.230445 -0.0945949 0)
(0.218302 -0.0994894 0)
(0.205938 -0.102234 0)
(0.193607 -0.10308 0)
(0.181391 -0.102301 0)
(0.169393 -0.100162 0)
(0.157801 -0.0969307 0)
(0.146663 -0.0928717 0)
(0.135999 -0.0882354 0)
(0.125811 -0.0832665 0)
(0.116077 -0.0781874 0)
(0.106755 -0.0731475 0)
(0.0977741 -0.0683272 0)
(0.0890748 -0.0638651 0)
(0.0805985 -0.0598406 0)
(0.0722928 -0.0563001 0)
(0.0641267 -0.0532587 0)
(0.056066 -0.0507069 0)
(0.0480986 -0.0486193 0)
(0.0402219 -0.046967 0)
(0.0324455 -0.0457254 0)
(0.0248075 -0.0448787 0)
(0.0171212 -0.0444226 0)
(0.0104268 -0.0442682 0)
(0.0020629 -0.0384037 0)
(0.0149645 0.171755 0)
(0.0440238 0.193782 0)
(0.076374 0.186621 0)
(0.106462 0.176348 0)
(0.13409 0.163293 0)
(0.1592 0.147713 0)
(0.181522 0.13004 0)
(0.200689 0.1108 0)
(0.216524 0.0905322 0)
(0.229125 0.0698764 0)
(0.238499 0.0493769 0)
(0.24464 0.0295247 0)
(0.247779 0.0107518 0)
(0.248168 -0.00658837 0)
(0.246094 -0.0222239 0)
(0.241867 -0.0359662 0)
(0.235808 -0.0477056 0)
(0.228235 -0.0574046 0)
(0.219454 -0.0650881 0)
(0.209753 -0.070834 0)
(0.199395 -0.074763 0)
(0.18861 -0.0770279 0)
(0.177606 -0.077805 0)
(0.166554 -0.0773142 0)
(0.155608 -0.0757069 0)
(0.144885 -0.0732148 0)
(0.134461 -0.0700325 0)
(0.124408 -0.066314 0)
(0.11479 -0.0622727 0)
(0.105635 -0.058073 0)
(0.096788 -0.0539126 0)
(0.0882316 -0.0498803 0)
(0.0800432 -0.0460587 0)
(0.0721492 -0.0425627 0)
(0.0645058 -0.0394464 0)
(0.0570748 -0.0367432 0)
(0.0498187 -0.0344692 0)
(0.042707 -0.0326256 0)
(0.0357188 -0.0312054 0)
(0.0288413 -0.0301986 0)
(0.0220946 -0.0295985 0)
(0.0153948 -0.0294055 0)
(0.00942656 -0.0295014 0)
(0.00201893 -0.0258173 0)
(0.012563 0.12382 0)
(0.0359597 0.139472 0)
(0.0626014 0.134523 0)
(0.0871582 0.127351 0)
(0.110027 0.11811 0)
(0.130999 0.106966 0)
(0.14977 0.0942282 0)
(0.165972 0.0803162 0)
(0.179588 0.0657271 0)
(0.190646 0.0507931 0)
(0.198929 0.0358766 0)
(0.204404 0.0213778 0)
(0.207262 0.00761114 0)
(0.207718 -0.00516076 0)
(0.206001 -0.0167292 0)
(0.202361 -0.0269406 0)
(0.197063 -0.0356975 0)
(0.190378 -0.042955 0)
(0.182569 -0.0487168 0)
(0.17389 -0.0530283 0)
(0.164583 -0.0559701 0)
(0.154866 -0.0576529 0)
(0.144929 -0.0582001 0)
(0.134946 -0.0577528 0)
(0.125085 -0.056451 0)
(0.115471 -0.0544448 0)
(0.106222 -0.0518771 0)
(0.0973502 -0.048946 0)
(0.0888089 -0.0457355 0)
(0.0806332 -0.0423752 0)
(0.0729197 -0.0390257 0)
(0.0657232 -0.0357239 0)
(0.0589583 -0.0325864 0)
(0.0525837 -0.0296881 0)
(0.0465721 -0.0270838 0)
(0.0408632 -0.0248124 0)
(0.0354193 -0.022899 0)
(0.0301948 -0.0213575 0)
(0.0251511 -0.0201933 0)
(0.0202571 -0.0194072 0)
(0.0155069 -0.0189999 0)
(0.0109294 -0.0189747 0)
(0.00688499 -0.0192172 0)
(0.00147748 -0.0170101 0)
(0.00990477 0.0904472 0)
(0.0280391 0.101628 0)
(0.0489017 0.0981532 0)
(0.068004 0.0930617 0)
(0.0858846 0.0864195 0)
(0.102202 0.0783631 0)
(0.116738 0.0691388 0)
(0.129345 0.0590648 0)
(0.139725 0.0484996 0)
(0.147645 0.0376743 0)
(0.153153 0.0268264 0)
(0.156317 0.0162593 0)
(0.157274 0.00619633 0)
(0.156202 -0.00317225 0)
(0.153308 -0.0116908 0)
(0.148813 -0.0192427 0)
(0.142947 -0.0257479 0)
(0.135952 -0.0311655 0)
(0.128081 -0.0354896 0)
(0.119553 -0.038747 0)
(0.110609 -0.0409895 0)
(0.101491 -0.04232 0)
(0.0923724 -0.0428021 0)
(0.0834019 -0.0425397 0)
(0.0747025 -0.041645 0)
(0.0663854 -0.0402231 0)
(0.0585093 -0.0383842 0)
(0.051189 -0.0362721 0)
(0.0445215 -0.0339497 0)
(0.0384831 -0.0315116 0)
(0.0330865 -0.0289952 0)
(0.0283239 -0.0265169 0)
(0.0241481 -0.0241585 0)
(0.0205105 -0.0219518 0)
(0.0173468 -0.0199504 0)
(0.0145831 -0.0181934 0)
(0.0121582 -0.0167102 0)
(0.0100121 -0.0155222 0)
(0.00809055 -0.0146458 0)
(0.00634954 -0.014092 0)
(0.00477393 -0.0138689 0)
(0.00347316 -0.013983 0)
(0.00261911 -0.0143386 0)
(0.000345831 -0.0128599 0)
(0.00703064 0.0689068 0)
(0.0198476 0.0771626 0)
(0.0346973 0.074617 0)
(0.0481796 0.070904 0)
(0.0607326 0.066076 0)
(0.0719271 0.0602589 0)
(0.0815162 0.0536454 0)
(0.0893109 0.0464267 0)
(0.0951551 0.0387433 0)
(0.0989686 0.0308701 0)
(0.10078 0.0229831 0)
(0.100639 0.0152579 0)
(0.098686 0.00785498 0)
(0.0951188 0.000913109 0)
(0.0901528 -0.00545358 0)
(0.0839884 -0.0111577 0)
(0.0768052 -0.016136 0)
(0.0688217 -0.0203526 0)
(0.0602786 -0.0238001 0)
(0.0514161 -0.0264972 0)
(0.0424036 -0.0284952 0)
(0.0334695 -0.0297977 0)
(0.0248436 -0.0305195 0)
(0.016649 -0.0307263 0)
(0.00901497 -0.0304964 0)
(0.00206317 -0.0299108 0)
(-0.00411755 -0.0290431 0)
(-0.00944279 -0.0279144 0)
(-0.0138468 -0.0266343 0)
(-0.0173082 -0.0252569 0)
(-0.0198384 -0.0238197 0)
(-0.0214767 -0.0223709 0)
(-0.0222717 -0.0209526 0)
(-0.0222839 -0.0195971 0)
(-0.0216253 -0.0183388 0)
(-0.020425 -0.0172096 0)
(-0.0187843 -0.0162389 0)
(-0.0167965 -0.0154562 0)
(-0.0145439 -0.0148915 0)
(-0.0120966 -0.0145738 0)
(-0.00948227 -0.0145297 0)
(-0.0065343 -0.0147804 0)
(-0.00314265 -0.015261 0)
(-0.00130268 -0.0138086 0)
(0.00413412 0.056699 0)
(0.0116201 0.0632091 0)
(0.0202627 0.0612435 0)
(0.0279221 0.0584904 0)
(0.0348048 0.0549932 0)
(0.0404207 0.0508245 0)
(0.0445662 0.0460901 0)
(0.0471314 0.040905 0)
(0.0481235 0.0353859 0)
(0.0475654 0.0296607 0)
(0.0455054 0.0238485 0)
(0.0420342 0.0180734 0)
(0.0372558 0.0124569 0)
(0.0312977 0.00710726 0)
(0.0243071 0.00211577 0)
(0.0164697 -0.00244394 0)
(0.00800608 -0.00651886 0)
(-0.000890869 -0.0100783 0)
(-0.0100362 -0.0131176 0)
(-0.0192414 -0.0156538 0)
(-0.0282851 -0.0177109 0)
(-0.0370215 -0.0193099 0)
(-0.0453042 -0.0205322 0)
(-0.052929 -0.0214294 0)
(-0.0597545 -0.0220521 0)
(-0.0656575 -0.0224543 0)
(-0.0705321 -0.0226821 0)
(-0.0742858 -0.02277 0)
(-0.0768382 -0.0227607 0)
(-0.0781263 -0.0226801 0)
(-0.0781616 -0.02255 0)
(-0.0769793 -0.0223783 0)
(-0.0746076 -0.0221732 0)
(-0.0711296 -0.0219398 0)
(-0.0666258 -0.0216842 0)
(-0.0612021 -0.0214144 0)
(-0.0550228 -0.021144 0)
(-0.048265 -0.0208975 0)
(-0.0411063 -0.0207112 0)
(-0.0337113 -0.0206369 0)
(-0.0261869 -0.0207388 0)
(-0.0183329 -0.0210893 0)
(-0.00999501 -0.0216887 0)
(-0.00333413 -0.019685 0)
(0.00122065 0.0516614 0)
(0.00335922 0.0573014 0)
(0.00572014 0.0557573 0)
(0.00734237 0.0537701 0)
(0.00830153 0.051318 0)
(0.00821664 0.0483612 0)
(0.00712405 0.0449258 0)
(0.00498032 0.0410616 0)
(0.00182247 0.0368583 0)
(-0.00231452 0.0324051 0)
(-0.00732382 0.0278068 0)
(-0.0131075 0.0231683 0)
(-0.0196182 0.0185887 0)
(-0.0268034 0.0141576 0)
(-0.0345945 0.00995036 0)
(-0.042891 0.00602902 0)
(-0.0515606 0.00243621 0)
(-0.0604681 -0.000806637 0)
(-0.0694769 -0.00370043 0)
(-0.0784291 -0.00626201 0)
(-0.0871682 -0.0085106 0)
(-0.0955611 -0.0105301 0)
(-0.10345 -0.0123237 0)
(-0.110667 -0.0139437 0)
(-0.117062 -0.0154362 0)
(-0.122498 -0.0168428 0)
(-0.126849 -0.0181961 0)
(-0.130002 -0.0195201 0)
(-0.131844 -0.0208334 0)
(-0.132297 -0.0221412 0)
(-0.131276 -0.0234432 0)
(-0.128701 -0.024727 0)
(-0.124564 -0.0259746 0)
(-0.118866 -0.0271583 0)
(-0.111625 -0.0282434 0)
(-0.102906 -0.0291965 0)
(-0.0928445 -0.0299874 0)
(-0.0816466 -0.0305983 0)
(-0.0695777 -0.0310349 0)
(-0.0569456 -0.0313423 0)
(-0.0440493 -0.0316128 0)
(-0.0308262 -0.0320095 0)
(-0.017159 -0.0326583 0)
(-0.00544159 -0.0296875 0)
(-0.00180555 0.0525098 0)
(-0.00527001 0.058051 0)
(-0.00948025 0.0568149 0)
(-0.0142057 0.0552739 0)
(-0.0191371 0.0533581 0)
(-0.0245056 0.0509 0)
(-0.0299029 0.0479278 0)
(-0.0353545 0.0444836 0)
(-0.0407713 0.0406974 0)
(-0.0462508 0.0366722 0)
(-0.0518422 0.0325323 0)
(-0.0576194 0.0283785 0)
(-0.063672 0.0242964 0)
(-0.0700606 0.020353 0)
(-0.0768194 0.0165973 0)
(-0.0839478 0.0130652 0)
(-0.0914048 0.00977884 0)
(-0.0991192 0.00674401 0)
(-0.106999 0.00394595 0)
(-0.114929 0.00135867 0)
(-0.122788 -0.00106802 0)
(-0.13045 -0.00337532 0)
(-0.137776 -0.00560122 0)
(-0.144622 -0.00778939 0)
(-0.150845 -0.00997956 0)
(-0.156304 -0.0122078 0)
(-0.160863 -0.0145021 0)
(-0.164401 -0.0168829 0)
(-0.166771 -0.0193565 0)
(-0.167832 -0.0219271 0)
(-0.16745 -0.0245797 0)
(-0.165472 -0.0272979 0)
(-0.161767 -0.0300546 0)
(-0.156205 -0.0328056 0)
(-0.148661 -0.035492 0)
(-0.139042 -0.0380412 0)
(-0.127315 -0.0403645 0)
(-0.113543 -0.042368 0)
(-0.0979231 -0.0439674 0)
(-0.0808025 -0.0451227 0)
(-0.0627269 -0.0458563 0)
(-0.0439008 -0.0464035 0)
(-0.0245746 -0.0470003 0)
(-0.00760393 -0.0427746 0)
(-0.00530543 0.0582375 0)
(-0.0153425 0.0642628 0)
(-0.0270309 0.0630809 0)
(-0.0384009 0.0612366 0)
(-0.0481857 0.0589207 0)
(-0.0569629 0.0558833 0)
(-0.06402 0.052341 0)
(-0.069808 0.0483916 0)
(-0.0743763 0.0442585 0)
(-0.078183 0.0400488 0)
(-0.0815411 0.0358899 0)
(-0.0847608 0.0318622 0)
(-0.0880976 0.0280209 0)
(-0.0917248 0.0243935 0)
(-0.0957617 0.0209894 0)
(-0.100276 0.0178077 0)
(-0.105279 0.0148406 0)
(-0.110741 0.0120721 0)
(-0.116596 0.00946686 0)
(-0.122757 0.00698376 0)
(-0.129122 0.00456808 0)
(-0.13558 0.00217393 0)
(-0.142015 -0.000244788 0)
(-0.148305 -0.00273194 0)
(-0.154326 -0.00532568 0)
(-0.159955 -0.00806077 0)
(-0.16507 -0.0109652 0)
(-0.169528 -0.0140596 0)
(-0.173205 -0.0173566 0)
(-0.175965 -0.0208611 0)
(-0.17763 -0.0245688 0)
(-0.178005 -0.028469 0)
(-0.176879 -0.0325462 0)
(-0.174002 -0.0367686 0)
(-0.169086 -0.0410852 0)
(-0.161816 -0.0454173 0)
(-0.151871 -0.0496459 0)
(-0.138963 -0.0536161 0)
(-0.122931 -0.0571304 0)
(-0.103782 -0.0599951 0)
(-0.0820874 -0.0619704 0)
(-0.0580064 -0.0632638 0)
(-0.0327569 -0.0638554 0)
(-0.0100453 -0.0582107 0)
(-0.0101822 0.0684656 0)
(-0.028508 0.0749763 0)
(-0.0478893 0.0731115 0)
(-0.064982 0.0694724 0)
(-0.0766355 0.0654181 0)
(-0.0852554 0.0605884 0)
(-0.0900174 0.055567 0)
(-0.0924518 0.0504528 0)
(-0.0928733 0.0455415 0)
(-0.0922283 0.0408849 0)
(-0.091053 0.0365668 0)
(-0.0898304 0.0326095 0)
(-0.0889145 0.0290042 0)
(-0.0885244 0.0257225 0)
(-0.0888042 0.0227251 0)
(-0.0898334 0.0199742 0)
(-0.0916321 0.0174292 0)
(-0.094172 0.0150517 0)
(-0.0973966 0.0127865 0)
(-0.101229 0.0105803 0)
(-0.105578 0.00837436 0)
(-0.110352 0.00611679 0)
(-0.115458 0.00375985 0)
(-0.120803 0.00125949 0)
(-0.126294 -0.0014212 0)
(-0.131841 -0.00431604 0)
(-0.137356 -0.0074542 0)
(-0.142729 -0.0108584 0)
(-0.147877 -0.0145554 0)
(-0.152695 -0.0185522 0)
(-0.157034 -0.0228646 0)
(-0.160716 -0.0275001 0)
(-0.163523 -0.0324725 0)
(-0.165166 -0.0377875 0)
(-0.165272 -0.0434335 0)
(-0.163366 -0.0493776 0)
(-0.158863 -0.0555357 0)
(-0.151044 -0.0617679 0)
(-0.139186 -0.0678251 0)
(-0.122436 -0.07342 0)
(-0.100937 -0.0778712 0)
(-0.0734804 -0.0813316 0)
(-0.0429979 -0.0824883 0)
(-0.0135097 -0.0757813 0)
(-0.0177772 0.0836077 0)
(-0.0464762 0.0890623 0)
(-0.0710651 0.0849824 0)
(-0.0906159 0.0773144 0)
(-0.0988381 0.0701489 0)
(-0.102594 0.0626173 0)
(-0.100876 0.0556941 0)
(-0.0967712 0.0492662 0)
(-0.0906869 0.0436004 0)
(-0.0839593 0.0386097 0)
(-0.0771567 0.0342806 0)
(-0.070778 0.0305506 0)
(-0.0651502 0.0273254 0)
(-0.0604406 0.0245162 0)
(-0.0567472 0.0220379 0)
(-0.0541079 0.0198211 0)
(-0.0525133 0.0177987 0)
(-0.0519142 0.015916 0)
(-0.0522471 0.014104 0)
(-0.053438 0.012304 0)
(-0.0554075 0.0104559 0)
(-0.0580874 0.00850655 0)
(-0.0614096 0.00641065 0)
(-0.0653198 0.00412688 0)
(-0.0697659 0.00162138 0)
(-0.0747043 -0.00113655 0)
(-0.0801002 -0.00417695 0)
(-0.0858997 -0.00752345 0)
(-0.0920834 -0.0112083 0)
(-0.0986103 -0.0152476 0)
(-0.105407 -0.0196721 0)
(-0.11237 -0.0245122 0)
(-0.119356 -0.0298148 0)
(-0.126141 -0.0356349 0)
(-0.132403 -0.0420197 0)
(-0.137666 -0.0490224 0)
(-0.141267 -0.0566592 0)
(-0.142213 -0.0649129 0)
(-0.139329 -0.073612 0)
(-0.130594 -0.0826147 0)
(-0.115541 -0.0907815 0)
(-0.0891005 -0.0986045 0)
(-0.0569862 -0.10176 0)
(-0.0193206 -0.0959167 0)
(-0.0292553 0.104435 0)
(-0.069735 0.104355 0)
(-0.0919607 0.0958511 0)
(-0.108097 0.0818653 0)
(-0.106236 0.0708511 0)
(-0.100721 0.0604845 0)
(-0.0895222 0.0519399 0)
(-0.0772762 0.0446095 0)
(-0.0640014 0.0386131 0)
(-0.0511325 0.0336608 0)
(-0.0390106 0.029635 0)
(-0.0279725 0.0263586 0)
(-0.0181953 0.0236777 0)
(-0.00971557 0.021454 0)
(-0.00253709 0.0195697 0)
(0.0033753 0.0179373 0)
(0.00807602 0.0164747 0)
(0.0116433 0.0151204 0)
(0.014149 0.0138014 0)
(0.0156603 0.0124581 0)
(0.0162412 0.0110355 0)
(0.015928 0.00948381 0)
(0.014757 0.00776358 0)
(0.0127385 0.00583893 0)
(0.00987618 0.00368089 0)
(0.00616258 0.00126459 0)
(0.00156634 -0.00143859 0)
(-0.00391525 -0.00444869 0)
(-0.0103431 -0.00780095 0)
(-0.0177551 -0.0115144 0)
(-0.0261728 -0.0156293 0)
(-0.035602 -0.0201922 0)
(-0.0460251 -0.0252741 0)
(-0.0573682 -0.0309725 0)
(-0.0694783 -0.0373888 0)
(-0.0820564 -0.0446679 0)
(-0.0946218 -0.0529559 0)
(-0.10623 -0.0624355 0)
(-0.115735 -0.073135 0)
(-0.12008 -0.0853915 0)
(-0.118946 -0.0978067 0)
(-0.100412 -0.112231 0)
(-0.0754105 -0.119574 0)
(-0.0286892 -0.119508 0)
(-0.0439828 0.131225 0)
(-0.0954637 0.117334 0)
(-0.101594 0.102281 0)
(-0.107112 0.0808217 0)
(-0.0893305 0.0664062 0)
(-0.0720919 0.0540393 0)
(-0.0506807 0.0447708 0)
(-0.0307588 0.0373124 0)
(-0.0113803 0.031586 0)
(0.00626472 0.0271094 0)
(0.0222657 0.0236778 0)
(0.0365717 0.0210334 0)
(0.0492328 0.0189898 0)
(0.0603713 0.0173846 0)
(0.0700893 0.0160879 0)
(0.0784982 0.0150095 0)
(0.0856919 0.0140655 0)
(0.0917696 0.0131967 0)
(0.0968034 0.012333 0)
(0.100843 0.0114234 0)
(0.103929 0.0104183 0)
(0.106058 0.00927635 0)
(0.107229 0.00796545 0)
(0.107405 0.0064571 0)
(0.106538 0.00472818 0)
(0.104572 0.00276109 0)
(0.101411 0.00053093 0)
(0.0969944 -0.00197622 0)
(0.0911878 -0.00479516 0)
(0.0838848 -0.00794257 0)
(0.0749636 -0.0114596 0)
(0.0643093 -0.0153994 0)
(0.0518023 -0.0198412 0)
(0.0373353 -0.024906 0)
(0.0208289 -0.0307257 0)
(0.0022958 -0.0375089 0)
(-0.0181764 -0.0455079 0)
(-0.0400195 -0.0551074 0)
(-0.0627561 -0.0665685 0)
(-0.082818 -0.0809408 0)
(-0.101888 -0.096897 0)
(-0.0990071 -0.118994 0)
(-0.0957419 -0.132684 0)
(-0.0409498 -0.1471 0)
(-0.0571698 0.162558 0)
(-0.11546 0.123778 0)
(-0.0876475 0.101262 0)
(-0.0765854 0.0733796 0)
(-0.0402672 0.0571977 0)
(-0.0118234 0.0443707 0)
(0.0180084 0.0355203 0)
(0.0433252 0.0287555 0)
(0.0664222 0.0238329 0)
(0.0865841 0.0201613 0)
(0.104413 0.0174865 0)
(0.120173 0.0155382 0)
(0.134143 0.0141204 0)
(0.14659 0.0130759 0)
(0.157699 0.0122824 0)
(0.16764 0.0116595 0)
(0.176526 0.0111325 0)
(0.18446 0.0106509 0)
(0.191504 0.0101537 0)
(0.197676 0.00960193 0)
(0.20299 0.00895373 0)
(0.207395 0.00817773 0)
(0.210852 0.00724964 0)
(0.213278 0.00614875 0)
(0.214576 0.00485779 0)
(0.214648 0.00336608 0)
(0.213343 0.00165361 0)
(0.210553 -0.000288135 0)
(0.206086 -0.00248679 0)
(0.199783 -0.00495733 0)
(0.191445 -0.00773453 0)
(0.180867 -0.0108682 0)
(0.167819 -0.0144322 0)
(0.15203 -0.0185483 0)
(0.133196 -0.0233506 0)
(0.11103 -0.0290665 0)
(0.0851516 -0.0359964 0)
(0.0555695 -0.0446534 0)
(0.0215955 -0.0554638 0)
(-0.0133138 -0.0701434 0)
(-0.0551254 -0.0877364 0)
(-0.0736574 -0.116349 0)
(-0.110139 -0.137364 0)
(-0.0511346 -0.177589 0)
(-0.0578108 0.194148 0)
(-0.115294 0.1202 0)
(-0.0373443 0.0913695 0)
(-0.0076357 0.0605547 0)
(0.0451649 0.0448688 0)
(0.0814185 0.0332616 0)
(0.115969 0.025801 0)
(0.143369 0.0203295 0)
(0.167257 0.0165229 0)
(0.187447 0.0137937 0)
(0.204987 0.0118957 0)
(0.220403 0.0105875 0)
(0.234142 0.00969688 0)
(0.246569 0.00909113 0)
(0.257916 0.00866921 0)
(0.268377 0.00836818 0)
(0.278063 0.0081287 0)
(0.287065 0.0079125 0)
(0.295423 0.00767198 0)
(0.30312 0.0073783 0)
(0.310135 0.00700085 0)
(0.316377 0.00651706 0)
(0.32177 0.00590984 0)
(0.326192 0.00516549 0)
(0.329506 0.00427187 0)
(0.331583 0.00322369 0)
(0.332232 0.00200607 0)
(0.331316 0.000614648 0)
(0.328605 -0.000969747 0)
(0.323911 -0.00275921 0)
(0.316986 -0.00477923 0)
(0.307576 -0.0070705 0)
(0.295377 -0.00969195 0)
(0.280013 -0.012749 0)
(0.261014 -0.0163558 0)
(0.237862 -0.0207171 0)
(0.209775 -0.0261187 0)
(0.17622 -0.0330931 0)
(0.135211 -0.0421122 0)
(0.0896565 -0.0552332 0)
(0.027812 -0.0720797 0)
(-0.0131801 -0.103461 0)
(-0.104747 -0.130809 0)
(-0.0481004 -0.207031 0)
(-0.0283248 0.218417 0)
(-0.0756659 0.105371 0)
(0.0589277 0.073596 0)
(0.104063 0.0447547 0)
(0.166869 0.0316449 0)
(0.205768 0.0225196 0)
(0.240556 0.0169873 0)
(0.266644 0.0130632 0)
(0.28861 0.0104305 0)
(0.306683 0.00860293 0)
(0.322186 0.00738228 0)
(0.335789 0.00658394 0)
(0.348028 0.00607783 0)
(0.359301 0.0057664 0)
(0.369845 0.00557622 0)
(0.379848 0.00546368 0)
(0.389405 0.00538692 0)
(0.39858 0.00531778 0)
(0.40739 0.00523041 0)
(0.415784 0.00509797 0)
(0.423714 0.00490238 0)
(0.431057 0.00462895 0)
(0.43771 0.00426646 0)
(0.443526 0.00380684 0)
(0.448343 0.00324188 0)
(0.452018 0.00256978 0)
(0.454339 0.00178031 0)
(0.455159 0.00087183 0)
(0.454233 -0.000167942 0)
(0.451367 -0.00134727 0)
(0.446303 -0.00268267 0)
(0.438768 -0.00420352 0)
(0.428443 -0.00595074 0)
(0.414904 -0.00800363 0)
(0.397608 -0.010446 0)
(0.375916 -0.0134337 0)
(0.348812 -0.0171953 0)
(0.315389 -0.0221824 0)
(0.272641 -0.0288103 0)
(0.222782 -0.0390168 0)
(0.148644 -0.0529436 0)
(0.0901054 -0.0820964 0)
(-0.0612183 -0.11264 0)
(-0.0146265 -0.228264 0)
(0.0531322 0.225315 0)
(0.0238235 0.0812048 0)
(0.204718 0.0512459 0)
(0.257426 0.0289026 0)
(0.32114 0.0195873 0)
(0.357302 0.0134772 0)
(0.38826 0.0099271 0)
(0.410364 0.00748093 0)
(0.42846 0.00588157 0)
(0.442996 0.00479805 0)
(0.455339 0.00409523 0)
(0.466175 0.0036545 0)
(0.476034 0.00339208 0)
(0.485293 0.00324681 0)
(0.494161 0.0031726 0)
(0.502799 0.00314335 0)
(0.511276 0.00313338 0)
(0.519634 0.00312506 0)
(0.52787 0.00310566 0)
(0.53591 0.00305601 0)
(0.543696 0.00296652 0)
(0.551093 0.00282871 0)
(0.557987 0.00263573 0)
(0.564229 0.00238357 0)
(0.569654 0.00206685 0)
(0.574121 0.00168554 0)
(0.577425 0.00123314 0)
(0.579424 0.000709292 0)
(0.579891 0.000107071 0)
(0.578644 -0.000578789 0)
(0.575443 -0.0013574 0)
(0.57004 -0.00224757 0)
(0.562136 -0.00327359 0)
(0.551331 -0.00448694 0)
(0.537091 -0.00594011 0)
(0.518779 -0.00773327 0)
(0.495343 -0.0100208 0)
(0.465741 -0.0131156 0)
(0.42653 -0.0173258 0)
(0.379304 -0.0240837 0)
(0.303799 -0.0338439 0)
(0.237766 -0.0563444 0)
(0.0396808 -0.0854968 0)
(0.0698833 -0.231737 0)
(0.207716 0.204954 0)
(0.199412 0.05206 0)
(0.396534 0.0289522 0)
(0.446671 0.0154831 0)
(0.502131 0.0100838 0)
(0.531379 0.00678317 0)
(0.555725 0.0049014 0)
(0.572379 0.00364478 0)
(0.585719 0.00283196 0)
(0.596188 0.00229064 0)
(0.60497 0.00194358 0)
(0.612651 0.0017304 0)
(0.619676 0.00160694 0)
(0.626352 0.00154235 0)
(0.632846 0.00151302 0)
(0.639284 0.00150611 0)
(0.645714 0.00150872 0)
(0.652168 0.00151273 0)
(0.658637 0.00150936 0)
(0.665054 0.00149167 0)
(0.671367 0.00145428 0)
(0.677461 0.00139315 0)
(0.68324 0.00130451 0)
(0.688577 0.00118699 0)
(0.693333 0.00103727 0)
(0.697395 0.000855975 0)
(0.70059 0.000639445 0)
(0.702805 0.000387644 0)
(0.703852 9.75067e-05 0)
(0.703586 -0.000234309 0)
(0.701814 -0.000611582 0)
(0.698335 -0.00104486 0)
(0.69291 -0.00154567 0)
(0.685212 -0.00214147 0)
(0.674792 -0.00285932 0)
(0.661114 -0.00375111 0)
(0.643281 -0.00490215 0)
(0.620336 -0.00648051 0)
(0.5891 -0.00868172 0)
(0.550674 -0.0122863 0)
(0.485467 -0.0178676 0)
(0.424679 -0.0313925 0)
(0.213157 -0.0541506 0)
(0.224661 -0.208267 0)
(0.449718 0.159313 0)
(0.457221 0.0253957 0)
(0.622956 0.0119454 0)
(0.660185 0.00625526 0)
(0.699231 0.00390546 0)
(0.718754 0.00260609 0)
(0.734768 0.00185465 0)
(0.745417 0.00137492 0)
(0.753852 0.00106167 0)
(0.760368 0.00085655 0)
(0.765775 0.00072433 0)
(0.770463 0.000643225 0)
(0.774728 0.000595449 0)
(0.778775 0.000569785 0)
(0.782712 0.00055735 0)
(0.786625 0.000553447 0)
(0.790546 0.000553241 0)
(0.794498 0.000553461 0)
(0.798476 0.000550749 0)
(0.802438 0.000542756 0)
(0.806355 0.000527763 0)
(0.810152 0.000504381 0)
(0.813771 0.000470888 0)
(0.817132 0.000427276 0)
(0.820148 0.000371809 0)
(0.822747 0.000305112 0)
(0.824819 0.000225656 0)
(0.826292 0.000133256 0)
(0.827045 2.72921e-05 0)
(0.826988 -9.43741e-05 0)
(0.825994 -0.000232358 0)
(0.823935 -0.000391683 0)
(0.820655 -0.000576039 0)
(0.815938 -0.000796313 0)
(0.809483 -0.00106315 0)
(0.800929 -0.00139632 0)
(0.789673 -0.00183134 0)
(0.775034 -0.00243094 0)
(0.754724 -0.0032957 0)
(0.729448 -0.00469779 0)
(0.684467 -0.00709793 0)
(0.640982 -0.0127903 0)
(0.465937 -0.0262016 0)
(0.462343 -0.160515 0)
(0.780957 0.0412195 0)
(0.790316 0.00455394 0)
(0.867376 0.00181705 0)
(0.882412 0.00095668 0)
(0.897848 0.000574237 0)
(0.905267 0.000384499 0)
(0.911338 0.000270652 0)
(0.915336 0.000201643 0)
(0.91852 0.000155549 0)
(0.920985 0.000125959 0)
(0.923043 0.000106674 0)
(0.924831 9.48131e-05 0)
(0.926458 8.75875e-05 0)
(0.927996 8.3488e-05 0)
(0.929485 8.12689e-05 0)
(0.930955 8.02694e-05 0)
(0.932416 7.98054e-05 0)
(0.933875 7.9289e-05 0)
(0.935327 7.84091e-05 0)
(0.936758 7.66713e-05 0)
(0.938155 7.39858e-05 0)
(0.939494 7.01775e-05 0)
(0.940754 6.49334e-05 0)
(0.941908 5.83606e-05 0)
(0.942927 5.01219e-05 0)
(0.943785 4.03756e-05 0)
(0.944447 2.88994e-05 0)
(0.944887 1.56028e-05 0)
(0.945065 5.39557e-07 0)
(0.944949 -1.68104e-05 0)
(0.944497 -3.63415e-05 0)
(0.943661 -5.90048e-05 0)
(0.942386 -8.5186e-05 0)
(0.940594 -0.000116504 0)
(0.938175 -0.000154584 0)
(0.934992 -0.000202266 0)
(0.930817 -0.000265138 0)
(0.925397 -0.000351599 0)
(0.917806 -0.000480956 0)
(0.908353 -0.000684189 0)
(0.890868 -0.00107196 0)
(0.87377 -0.00192923 0)
(0.793145 -0.00468191 0)
(0.785351 -0.0413913 0)
)
;

boundaryField
{
    movingWall
    {
        type            fixedValue;
        value           uniform (1 0 0);
    }
    fixedWalls
    {
        type            noSlip;
    }
    frontAndBack
    {
        type            empty;
    }
    defaultFaces
    {
        type            empty;
    }
}


// ************************************************************************* //
