/*--------------------------------*- C++ -*----------------------------------*\
  =========                 |
  \\      /  F ield         | OpenFOAM: The Open Source CFD Toolbox
   \\    /   O peration     | Website:  https://openfoam.org
    \\  /    A nd           | Version:  7
     \\/     M anipulation  |
\*---------------------------------------------------------------------------*/
FoamFile
{
    version     2.0;
    format      ascii;
    class       volVectorField;
    location    "1.24";
    object      U;
}
// * * * * * * * * * * * * * * * * * * * * * * * * * * * * * * * * * * * * * //

dimensions      [0 1 -1 0 0 0 0];

internalField   nonuniform List<vector> 
1936
(
(-11.5576 3.11939 0)
(-68.8284 191.507 0)
(-22.4393 420.962 0)
(3.78028 421.057 0)
(-6.46891 387.486 0)
(3.28909 395.502 0)
(13.3291 374.016 0)
(17.4676 323.561 0)
(9.20703 283.249 0)
(-4.02929 274.443 0)
(-13.2911 293.436 0)
(-24.4935 384.369 0)
(-1.05762 483.117 0)
(37.4871 419.076 0)
(32.7991 278.605 0)
(17.0069 229.045 0)
(2.38259 232.611 0)
(-16.3036 282.867 0)
(-28.1236 411.624 0)
(1.04364 468.166 0)
(27.959 352.635 0)
(7.35987 243.259 0)
(-11.8573 230.482 0)
(-24.0866 261.184 0)
(-35.5149 395.292 0)
(9.14893 496.234 0)
(42.5106 385.211 0)
(26.3116 250.722 0)
(13.0742 222.697 0)
(-2.28508 232.021 0)
(-24.3706 319.133 0)
(-21.3112 462.921 0)
(23.7251 445.635 0)
(29.0294 288.192 0)
(1.08549 220.579 0)
(-9.14727 224.242 0)
(-33.878 302.882 0)
(-23.4134 460.511 0)
(26.4964 451.958 0)
(27.1054 295.062 0)
(3.06647 225.59 0)
(-7.00237 221.455 0)
(-31.8294 291.091 0)
(-30.0061 459.242 0)
(-13.0041 7.56714 0)
(-75.6487 0.244994 0)
(-25.6657 -4.44722 0)
(2.084 -2.49479 0)
(-8.37201 -0.946931 0)
(2.15083 -1.58709 0)
(12.6954 -1.16716 0)
(15.7274 0.339653 0)
(6.95854 1.9349 0)
(-3.09604 2.44161 0)
(-9.89866 1.3733 0)
(-23.8964 -1.8925 0)
(-1.57761 -4.55213 0)
(38.0009 -2.79473 0)
(28.7552 0.848944 0)
(12.1292 3.1411 0)
(4.61253 3.50307 0)
(-15.3297 1.93806 0)
(-30.1861 -1.39967 0)
(1.21556 -3.85917 0)
(27.2195 -1.19739 0)
(4.11347 2.97275 0)
(-9.56555 3.66156 0)
(-17.9984 1.17516 0)
(-34.9943 -3.52967 0)
(9.25979 -5.40304 0)
(42.5584 -2.02423 0)
(21.1476 1.77827 0)
(10.2969 3.40532 0)
(1.04656 3.3177 0)
(-24.4793 0.68775 0)
(-23.0369 -3.28448 0)
(24.4169 -3.68415 0)
(26.0952 0.678595 0)
(-1.7576 3.80773 0)
(-4.25058 3.39234 0)
(-30.812 -0.104304 0)
(-24.3125 -4.3037 0)
(27.8567 -3.60483 0)
(24.8876 0.717683 0)
(-0.479848 3.48443 0)
(-2.33397 3.53695 0)
(-28.3246 0.345424 0)
(-31.6055 -4.32542 0)
(-3.99461 15.77 0)
(-70.5454 1.11373 0)
(-27.8969 -9.6581 0)
(0.609216 -5.25176 0)
(-6.83165 -1.88451 0)
(2.02211 -3.35841 0)
(12.3555 -2.42827 0)
(15.6801 0.790039 0)
(7.02013 3.87016 0)
(-2.75087 4.7216 0)
(-9.86243 3.06688 0)
(-25.4086 -3.48064 0)
(-3.93862 -9.74242 0)
(37.491 -5.70058 0)
(27.4014 2.49655 0)
(5.93533 6.38618 0)
(-1.66608 6.85305 0)
(-20.1041 4.15086 0)
(-30.1408 -3.30777 0)
(5.96043 -8.53684 0)
(30.8356 -2.17976 0)
(7.96932 6.03692 0)
(-3.07962 6.98958 0)
(-13.1965 3.07752 0)
(-36.8156 -6.58284 0)
(5.89992 -11.591 0)
(41.9042 -3.87492 0)
(19.2527 4.24396 0)
(4.14311 6.71141 0)
(-4.80165 6.68893 0)
(-28.1868 1.61394 0)
(-22.103 -7.42159 0)
(28.1505 -7.85701 0)
(28.2449 1.90368 0)
(0.66641 7.483 0)
(-1.96775 6.86418 0)
(-31.0831 0.535534 0)
(-26.281 -9.1424 0)
(28.5802 -7.8302 0)
(27.6857 1.94355 0)
(1.96625 6.87542 0)
(-0.392738 7.10023 0)
(-28.853 1.51014 0)
(-32.9786 -9.20395 0)
(4.80969 22.1454 0)
(-58.4542 2.80705 0)
(-24.5432 -13.3781 0)
(-4.22661 -8.0454 0)
(-8.06431 -3.11481 0)
(-0.165147 -4.8608 0)
(7.60217 -3.47017 0)
(9.621 1.16759 0)
(3.19679 5.38736 0)
(-1.69099 6.46792 0)
(-3.91742 4.49639 0)
(-17.7087 -4.59325 0)
(-4.71561 -13.9627 0)
(27.4583 -8.01667 0)
(16.8201 4.33686 0)
(-2.28143 9.41171 0)
(-2.88112 9.41503 0)
(-15.4452 5.40942 0)
(-22.132 -5.5455 0)
(7.62632 -12.5636 0)
(23.4587 -2.95139 0)
(5.27863 8.17362 0)
(3.26901 9.51267 0)
(-1.06217 5.23892 0)
(-27.2027 -8.29782 0)
(2.11049 -16.5326 0)
(30.1515 -5.40073 0)
(9.32819 6.67171 0)
(-2.19502 9.68643 0)
(-4.10367 9.16225 0)
(-21.1293 1.79341 0)
(-16.1096 -11.2636 0)
(23.4313 -11.2486 0)
(18.9988 2.94655 0)
(-0.77644 10.3454 0)
(4.07815 9.81178 0)
(-19.904 1.40902 0)
(-21.1572 -12.9724 0)
(21.9286 -11.5005 0)
(19.4397 2.75834 0)
(-0.569284 9.57924 0)
(4.79332 10.1112 0)
(-17.7693 2.70049 0)
(-26.4475 -13.1076 0)
(12.5634 27 0)
(-47.7566 5.07238 0)
(-20.6936 -15.4279 0)
(-7.67346 -10.5761 0)
(-9.2803 -4.79999 0)
(-2.84471 -6.15324 0)
(2.49438 -4.20501 0)
(3.79049 1.42438 0)
(-0.229159 6.28281 0)
(-1.16686 7.40098 0)
(0.0249316 5.2825 0)
(-11.1099 -5.22502 0)
(-5.28475 -16.5733 0)
(18.0218 -9.45059 0)
(8.65501 5.92957 0)
(-6.88925 11.6615 0)
(-1.65796 10.9311 0)
(-11.2909 5.77649 0)
(-14.5901 -7.57786 0)
(8.83541 -15.2319 0)
(16.7798 -3.47229 0)
(3.06269 9.16239 0)
(5.97515 10.907 0)
(6.21178 7.04591 0)
(-18.529 -8.67123 0)
(-1.18573 -19.4469 0)
(19.6494 -6.39709 0)
(1.83796 8.50415 0)
(-5.43234 11.8184 0)
(-2.26734 10.4889 0)
(-15.0842 1.39449 0)
(-10.663 -14.0512 0)
(18.6836 -13.3261 0)
(11.3597 3.6526 0)
(-2.7641 11.9642 0)
(7.61271 11.6581 0)
(-11.129 2.26974 0)
(-16.0873 -15.1837 0)
(15.7874 -13.9522 0)
(12.7247 3.12591 0)
(-3.53483 11.1488 0)
(7.9984 11.9571 0)
(-9.39257 3.65044 0)
(-20.3389 -15.3878 0)
(18.741 30.1832 0)
(-36.9931 7.73859 0)
(-16.1045 -15.8596 0)
(-9.1426 -12.5237 0)
(-10.2534 -6.65551 0)
(-5.53608 -7.15268 0)
(-2.35068 -4.64811 0)
(-1.42114 1.47611 0)
(-3.17047 6.44155 0)
(-1.06508 7.52144 0)
(2.30445 5.36511 0)
(-5.93917 -5.39598 0)
(-5.32691 -17.4697 0)
(9.77586 -10.0235 0)
(2.35311 6.92509 0)
(-8.20172 12.819 0)
(1.39977 11.4826 0)
(-6.79003 5.49208 0)
(-7.89172 -9.22791 0)
(9.0684 -16.3952 0)
(10.6642 -3.61051 0)
(-0.221825 9.23947 0)
(5.65158 11.2908 0)
(9.18078 8.14844 0)
(-11.2424 -7.96706 0)
(-3.27322 -20.2286 0)
(10.9175 -6.86132 0)
(-3.58815 9.40226 0)
(-5.87269 12.8505 0)
(1.39865 10.8046 0)
(-9.5842 0.719576 0)
(-6.14184 -15.6367 0)
(13.8851 -14.0518 0)
(4.90147 4.09221 0)
(-4.90255 12.4265 0)
(8.97043 12.2866 0)
(-4.57946 2.94991 0)
(-11.1831 -15.8158 0)
(10.4695 -15.0896 0)
(6.97891 3.18851 0)
(-6.31362 11.6204 0)
(9.12214 12.5674 0)
(-3.22931 4.23987 0)
(-14.8055 -16.0864 0)
(22.2033 31.4029 0)
(-25.0898 10.5094 0)
(-10.6052 -14.7195 0)
(-8.52508 -13.5542 0)
(-10.401 -8.27526 0)
(-7.57536 -7.79944 0)
(-6.10893 -4.833 0)
(-5.37654 1.23557 0)
(-5.19128 5.8599 0)
(-1.1798 6.85878 0)
(3.26912 4.79839 0)
(-2.34077 -5.18326 0)
(-4.75677 -16.7638 0)
(3.12844 -9.74628 0)
(-2.33154 7.04033 0)
(-7.23149 12.6808 0)
(4.03748 11.1571 0)
(-2.1678 4.77728 0)
(-2.45607 -10.1731 0)
(8.08161 -16.0421 0)
(5.38386 -3.20329 0)
(-3.77505 8.61799 0)
(3.84268 10.7589 0)
(9.40891 8.30139 0)
(-5.45499 -6.59487 0)
(-3.81828 -19.0605 0)
(4.30095 -6.78663 0)
(-6.85925 9.23829 0)
(-4.52741 12.5797 0)
(4.89675 10.281 0)
(-4.80528 0.0818486 0)
(-2.68313 -15.8584 0)
(9.1389 -13.4703 0)
(-0.290952 4.24506 0)
(-5.84438 11.863 0)
(8.44119 11.7622 0)
(-0.0377534 3.23842 0)
(-6.56094 -15.0258 0)
(6.11366 -14.8387 0)
(2.17713 3.01717 0)
(-7.49295 11.1284 0)
(8.2383 12.0146 0)
(1.0078 4.33001 0)
(-9.87072 -15.3451 0)
(22.481 30.3591 0)
(-11.7379 12.8767 0)
(-4.4146 -12.0608 0)
(-6.0286 -13.3427 0)
(-9.15674 -9.25875 0)
(-8.31206 -8.02788 0)
(-8.10181 -4.83101 0)
(-7.51311 0.667089 0)
(-5.96157 4.68635 0)
(-1.247 5.5639 0)
(3.37415 3.78126 0)
(-0.0937232 -4.78504 0)
(-3.7348 -14.7435 0)
(-1.60948 -8.68865 0)
(-5.42309 6.25946 0)
(-5.4914 11.3032 0)
(5.15341 10.0569 0)
(1.95927 3.73588 0)
(1.28085 -10.1302 0)
(6.01381 -14.3161 0)
(1.23048 -2.38566 0)
(-5.86218 7.54747 0)
(1.98627 9.44319 0)
(8.45362 7.56054 0)
(-1.06263 -5.03234 0)
(-3.05335 -16.363 0)
(-0.088878 -6.15038 0)
(-8.10664 8.13053 0)
(-2.81375 11.1395 0)
(6.60766 9.11934 0)
(-0.924535 -0.418412 0)
(-0.267947 -14.6858 0)
(4.77148 -11.775 0)
(-3.98713 4.05418 0)
(-5.37162 10.4269 0)
(6.9794 10.2997 0)
(2.84691 3.04046 0)
(-2.48319 -13.0799 0)
(2.74823 -13.2531 0)
(-1.59863 2.62963 0)
(-7.00339 9.86386 0)
(6.40348 10.5173 0)
(3.64361 3.89912 0)
(-5.57371 -13.4213 0)
(18.9758 27.0009 0)
(0.791477 14.1681 0)
(1.91461 -8.12844 0)
(-2.11754 -11.7271 0)
(-6.36798 -9.28944 0)
(-7.41568 -7.76076 0)
(-8.13108 -4.69757 0)
(-7.71606 -0.126943 0)
(-5.55782 3.14001 0)
(-1.1184 3.92731 0)
(2.9751 2.49093 0)
(1.09861 -4.2977 0)
(-2.67333 -11.8516 0)
(-4.31392 -7.04697 0)
(-6.88292 4.81372 0)
(-4.05975 9.04633 0)
(4.89117 8.27498 0)
(4.74776 2.48465 0)
(3.1031 -9.00288 0)
(3.45809 -11.5662 0)
(-1.66178 -1.5185 0)
(-5.98187 6.21004 0)
(0.886734 7.56457 0)
(7.04642 6.17547 0)
(1.83653 -3.59417 0)
(-1.71729 -12.6852 0)
(-2.45062 -4.9921 0)
(-7.71116 6.4143 0)
(-1.62236 8.92947 0)
(6.55328 7.47316 0)
(1.98875 -0.784937 0)
(1.16704 -12.3246 0)
(1.38553 -9.31753 0)
(-5.82195 3.44681 0)
(-4.19823 8.39497 0)
(5.45303 8.26949 0)
(4.43257 2.40065 0)
(0.552723 -10.3616 0)
(0.439791 -10.6116 0)
(-4.08783 2.05335 0)
(-5.65242 8.06223 0)
(4.6611 8.43039 0)
(4.94214 3.05309 0)
(-2.14542 -10.683 0)
(12.7977 21.9512 0)
(8.828 13.8127 0)
(7.0773 -3.73506 0)
(2.21145 -8.88461 0)
(-2.58172 -8.23061 0)
(-5.10221 -6.95116 0)
(-6.53262 -4.40543 0)
(-6.41349 -0.956181 0)
(-4.40536 1.52074 0)
(-0.84862 2.23388 0)
(2.31235 1.12838 0)
(1.49685 -3.68852 0)
(-1.8894 -8.65767 0)
(-5.09981 -5.15955 0)
(-6.71249 3.09537 0)
(-3.02388 6.40358 0)
(3.8865 5.97404 0)
(5.53272 1.30285 0)
(3.32113 -7.02551 0)
(1.17003 -8.35067 0)
(-3.2259 -0.852056 0)
(-4.94271 4.677 0)
(0.398289 5.49735 0)
(5.32977 4.45326 0)
(3.07815 -2.37921 0)
(-0.600575 -8.70055 0)
(-3.23507 -3.53671 0)
(-6.19522 4.50061 0)
(-0.91574 6.44567 0)
(5.49483 5.481 0)
(3.63494 -0.949826 0)
(1.64136 -9.20544 0)
(-0.705268 -6.58615 0)
(-5.77239 2.50751 0)
(-3.0278 6.11696 0)
(4.0426 6.03202 0)
(4.79558 1.53186 0)
(2.04296 -7.32343 0)
(-0.745447 -7.43135 0)
(-4.85989 1.41453 0)
(-4.1301 5.96619 0)
(3.34892 6.12841 0)
(5.01671 2.01588 0)
(0.06117 -7.58712 0)
(6.95236 16.3881 0)
(10.6771 11.8966 0)
(9.40513 -0.121431 0)
(5.44835 -5.48551 0)
(0.991664 -6.2688 0)
(-2.15729 -5.62506 0)
(-4.02689 -3.8863 0)
(-4.32232 -1.57595 0)
(-2.9617 0.127471 0)
(-0.522451 0.719398 0)
(1.60911 -0.032374 0)
(1.32554 -2.99043 0)
(-1.39421 -5.72334 0)
(-4.477 -3.43507 0)
(-5.32526 1.5368 0)
(-2.16015 3.83588 0)
(2.6226 3.6092 0)
(4.53268 0.404079 0)
(2.58191 -4.74234 0)
(-0.291383 -5.27797 0)
(-3.44788 -0.441125 0)
(-3.59138 3.11367 0)
(0.0962992 3.59795 0)
(3.47725 2.76676 0)
(2.84898 -1.41515 0)
(-0.0997295 -5.13613 0)
(-2.94248 -2.11609 0)
(-4.21979 2.75739 0)
(-0.456789 4.13059 0)
(3.98427 3.4633 0)
(3.76527 -0.889229 0)
(1.42273 -5.95594 0)
(-1.57813 -4.08783 0)
(-4.48593 1.5553 0)
(-2.05031 3.93196 0)
(2.68561 3.86216 0)
(4.04685 0.774751 0)
(2.14096 -4.47653 0)
(-1.08406 -4.40249 0)
(-4.08842 0.889981 0)
(-2.70639 3.88255 0)
(2.26711 3.94375 0)
(4.06801 1.10323 0)
(0.97976 -4.67069 0)
(3.55211 11.3627 0)
(8.37083 9.20173 0)
(8.69126 2.02099 0)
(6.44775 -2.47972 0)
(3.12932 -3.94428 0)
(0.307806 -3.98976 0)
(-1.53788 -3.13097 0)
(-2.15416 -1.84365 0)
(-1.51791 -0.80724 0)
(-0.108007 -0.39717 0)
(1.10112 -0.818079 0)
(0.912799 -2.28868 0)
(-0.99534 -3.45216 0)
(-3.15041 -2.16406 0)
(-3.51711 0.389208 0)
(-1.44205 1.75687 0)
(1.42312 1.671 0)
(2.77102 -0.134602 0)
(1.49333 -2.74679 0)
(-0.86068 -2.85123 0)
(-2.7367 -0.214921 0)
(-2.36484 1.79092 0)
(-0.160829 2.0749 0)
(1.83311 1.45401 0)
(1.81847 -0.717794 0)
(-0.0661461 -2.50647 0)
(-2.08984 -1.02261 0)
(-2.44937 1.45194 0)
(-0.188939 2.27004 0)
(2.43635 1.80864 0)
(2.73708 -0.662575 0)
(0.892054 -3.23943 0)
(-1.5283 -2.16835 0)
(-2.89355 0.819162 0)
(-1.2893 2.17045 0)
(1.47947 2.08595 0)
(2.6219 0.296563 0)
(1.44249 -2.26073 0)
(-0.950981 -2.09164 0)
(-2.65782 0.561319 0)
(-1.55473 2.1868 0)
(1.33419 2.18376 0)
(2.64487 0.50117 0)
(0.98695 -2.40136 0)
(2.02989 7.59287 0)
(5.06441 6.57318 0)
(6.1024 2.73016 0)
(5.26902 -0.406497 0)
(3.39822 -1.91141 0)
(1.5168 -2.4222 0)
(0.141511 -2.28126 0)
(-0.469756 -1.79799 0)
(-0.316987 -1.30614 0)
(0.286542 -1.06955 0)
(0.780913 -1.19811 0)
(0.54263 -1.68983 0)
(-0.593512 -1.98612 0)
(-1.79219 -1.37579 0)
(-1.97074 -0.286767 0)
(-0.914804 0.401005 0)
(0.52236 0.40741 0)
(1.21743 -0.36895 0)
(0.526184 -1.37738 0)
(-0.878106 -1.28742 0)
(-1.79328 -0.0735988 0)
(-1.45558 0.881066 0)
(-0.320537 1.02185 0)
(0.6878 0.643724 0)
(0.769521 -0.27602 0)
(-0.182189 -0.945055 0)
(-1.22092 -0.367796 0)
(-1.2506 0.635984 0)
(-0.114178 1.01767 0)
(1.18168 0.738011 0)
(1.41938 -0.391841 0)
(0.34733 -1.42957 0)
(-1.07245 -0.941953 0)
(-1.63094 0.353781 0)
(-0.782045 0.992333 0)
(0.593508 0.90386 0)
(1.24006 0.0831052 0)
(0.63466 -0.863753 0)
(-0.655739 -0.695815 0)
(-1.41608 0.399354 0)
(-0.784399 1.07293 0)
(0.649162 1.01326 0)
(1.36485 0.199068 0)
(0.61994 -0.971615 0)
(1.20028 5.18193 0)
(2.62922 4.59264 0)
(3.4954 2.55882 0)
(3.34686 0.687206 0)
(2.53963 -0.556078 0)
(1.58686 -1.24946 0)
(0.801113 -1.54231 0)
(0.372374 -1.56598 0)
(0.309851 -1.46902 0)
(0.44695 -1.3422 0)
(0.515636 -1.26612 0)
(0.278756 -1.26251 0)
(-0.279804 -1.20455 0)
(-0.819408 -0.9517 0)
(-0.928386 -0.586246 0)
(-0.540768 -0.306808 0)
(0.012661 -0.240163 0)
(0.265766 -0.415726 0)
(-0.0619948 -0.631084 0)
(-0.694703 -0.48246 0)
(-1.05802 0.00464354 0)
(-0.874359 0.365947 0)
(-0.366335 0.413533 0)
(0.0715319 0.242784 0)
(0.124474 -0.049363 0)
(-0.238309 -0.230403 0)
(-0.625177 -0.0736739 0)
(-0.597953 0.216558 0)
(-0.133031 0.334653 0)
(0.384348 0.208618 0)
(0.467949 -0.176666 0)
(-0.0164863 -0.479728 0)
(-0.641222 -0.305696 0)
(-0.848922 0.125402 0)
(-0.488316 0.347659 0)
(0.079315 0.290726 0)
(0.350897 0.0253476 0)
(0.106659 -0.186203 0)
(-0.39973 -0.0563641 0)
(-0.652426 0.296271 0)
(-0.355918 0.468444 0)
(0.244038 0.392702 0)
(0.542206 0.0882269 0)
(0.27644 -0.262014 0)
(0.712806 3.64917 0)
(1.47107 3.35517 0)
(1.9689 2.21245 0)
(2.00947 1.08085 0)
(1.70988 0.15603 0)
(1.26208 -0.533706 0)
(0.846605 -1.00248 0)
(0.558275 -1.26454 0)
(0.406683 -1.35146 0)
(0.328456 -1.29876 0)
(0.234538 -1.16186 0)
(0.0734457 -1.00421 0)
(-0.142953 -0.866247 0)
(-0.334161 -0.758008 0)
(-0.398447 -0.6646 0)
(-0.315921 -0.573027 0)
(-0.184703 -0.469563 0)
(-0.154078 -0.382525 0)
(-0.292559 -0.300526 0)
(-0.498016 -0.158759 0)
(-0.601175 0.0152958 0)
(-0.514392 0.122268 0)
(-0.312986 0.128277 0)
(-0.152226 0.0781368 0)
(-0.124508 0.0257998 0)
(-0.218339 0.000576069 0)
(-0.311552 0.0158914 0)
(-0.286465 0.0461669 0)
(-0.143849 0.051798 0)
(0.00309914 0.018491 0)
(0.00887272 -0.0534706 0)
(-0.159049 -0.0959747 0)
(-0.360246 -0.0488859 0)
(-0.420029 0.0373384 0)
(-0.302959 0.0704538 0)
(-0.12925 0.0471934 0)
(-0.0492901 0.0202068 0)
(-0.111225 0.0514232 0)
(-0.226702 0.14095 0)
(-0.260459 0.210916 0)
(-0.140715 0.194373 0)
(0.0590004 0.132112 0)
(0.151347 0.0564987 0)
(0.0883671 -0.00276578 0)
(0.441658 2.60305 0)
(0.989275 2.53347 0)
(1.34558 1.87942 0)
(1.42003 1.17333 0)
(1.30814 0.487492 0)
(1.0749 -0.119484 0)
(0.795966 -0.601949 0)
(0.5431 -0.932876 0)
(0.339712 -1.09546 0)
(0.178918 -1.10206 0)
(0.0475374 -0.999808 0)
(-0.0547878 -0.858431 0)
(-0.130844 -0.742348 0)
(-0.187436 -0.67886 0)
(-0.22197 -0.643433 0)
(-0.235543 -0.587906 0)
(-0.243939 -0.481442 0)
(-0.269674 -0.33788 0)
(-0.314788 -0.193514 0)
(-0.350623 -0.0799222 0)
(-0.347434 -0.0128362 0)
(-0.297428 0.0138669 0)
(-0.228797 0.012745 0)
(-0.178601 0.0133738 0)
(-0.159135 0.0259764 0)
(-0.160711 0.0352493 0)
(-0.162016 0.0247608 0)
(-0.148516 -0.0037952 0)
(-0.123384 -0.0235176 0)
(-0.105149 -0.0212393 0)
(-0.115558 -0.00192762 0)
(-0.154361 0.0170887 0)
(-0.191729 0.0237383 0)
(-0.199311 0.00995877 0)
(-0.176733 -0.0138556 0)
(-0.146032 -0.0193192 0)
(-0.129931 0.0203333 0)
(-0.127263 0.0930652 0)
(-0.119651 0.147395 0)
(-0.0932837 0.141939 0)
(-0.0476952 0.0921659 0)
(0.00221434 0.0497412 0)
(0.0217608 0.0448728 0)
(0.0176565 0.0522012 0)
(0.270821 1.83651 0)
(0.679769 1.89405 0)
(0.988564 1.538 0)
(1.11799 1.10307 0)
(1.10596 0.62711 0)
(0.991275 0.148712 0)
(0.802972 -0.272391 0)
(0.581691 -0.59034 0)
(0.369766 -0.779862 0)
(0.186417 -0.843469 0)
(0.0433533 -0.814588 0)
(-0.0533901 -0.743075 0)
(-0.112689 -0.673803 0)
(-0.152314 -0.626412 0)
(-0.185737 -0.588133 0)
(-0.218628 -0.529858 0)
(-0.248422 -0.433545 0)
(-0.268437 -0.31044 0)
(-0.271691 -0.192055 0)
(-0.255383 -0.106766 0)
(-0.225451 -0.0625414 0)
(-0.189767 -0.0462115 0)
(-0.158081 -0.0375249 0)
(-0.136699 -0.0199515 0)
(-0.120601 0.00276608 0)
(-0.104595 0.0151887 0)
(-0.0900862 0.00662132 0)
(-0.0819434 -0.0128791 0)
(-0.0820487 -0.0240169 0)
(-0.0875287 -0.0130759 0)
(-0.0932174 0.0121252 0)
(-0.094925 0.0306079 0)
(-0.091844 0.0263298 0)
(-0.0876444 0.00270692 0)
(-0.0866513 -0.0198249 0)
(-0.0893914 -0.0169916 0)
(-0.0897167 0.0178836 0)
(-0.0788126 0.0671316 0)
(-0.055875 0.0980647 0)
(-0.0296626 0.0912819 0)
(-0.0116973 0.0609676 0)
(-0.00430972 0.0400567 0)
(-0.00329497 0.0433058 0)
(0.00160409 0.0506194 0)
(0.157936 1.27613 0)
(0.432759 1.37295 0)
(0.672471 1.19009 0)
(0.821946 0.937064 0)
(0.880103 0.631109 0)
(0.853375 0.300018 0)
(0.761765 -0.0204934 0)
(0.623061 -0.285375 0)
(0.460656 -0.471702 0)
(0.302506 -0.574055 0)
(0.165952 -0.608576 0)
(0.0589365 -0.602076 0)
(-0.0201596 -0.578597 0)
(-0.0798508 -0.549776 0)
(-0.128412 -0.51315 0)
(-0.168824 -0.459436 0)
(-0.198584 -0.384462 0)
(-0.212614 -0.297165 0)
(-0.208321 -0.214829 0)
(-0.188836 -0.152081 0)
(-0.162115 -0.112225 0)
(-0.135983 -0.0869609 0)
(-0.114676 -0.0670992 0)
(-0.098007 -0.0461635 0)
(-0.083037 -0.0265384 0)
(-0.0681632 -0.0145725 0)
(-0.0551294 -0.0127931 0)
(-0.0474492 -0.0158192 0)
(-0.0460947 -0.0149743 0)
(-0.0476783 -0.00545362 0)
(-0.0471202 0.0085085 0)
(-0.0421621 0.0168035 0)
(-0.035371 0.0133645 0)
(-0.0316347 0.00148231 0)
(-0.0337066 -0.0078799 0)
(-0.0388366 -0.00393846 0)
(-0.0408943 0.0156085 0)
(-0.0351274 0.0412526 0)
(-0.0219382 0.0588327 0)
(-0.00783031 0.0600152 0)
(1.93324e-05 0.0505543 0)
(0.000742878 0.0438458 0)
(-0.00131378 0.0460685 0)
(0.000902642 0.0451014 0)
(0.0901413 0.87779 0)
(0.262876 0.967877 0)
(0.426555 0.874058 0)
(0.55211 0.732142 0)
(0.631779 0.548149 0)
(0.65845 0.337393 0)
(0.634964 0.122392 0)
(0.570485 -0.0733166 0)
(0.479548 -0.228694 0)
(0.377154 -0.337714 0)
(0.275266 -0.403605 0)
(0.182359 -0.436442 0)
(0.102025 -0.446521 0)
(0.0339987 -0.440156 0)
(-0.0225579 -0.419074 0)
(-0.0675308 -0.383264 0)
(-0.100337 -0.334778 0)
(-0.119505 -0.279651 0)
(-0.124831 -0.226372 0)
(-0.119298 -0.181138 0)
(-0.107698 -0.145539 0)
(-0.0944119 -0.117073 0)
(-0.0818091 -0.0925198 0)
(-0.0701702 -0.0704784 0)
(-0.0589503 -0.0519865 0)
(-0.048198 -0.0384081 0)
(-0.0387019 -0.0295054 0)
(-0.0316755 -0.0230717 0)
(-0.0274702 -0.016212 0)
(-0.0245966 -0.00787561 0)
(-0.0213666 0.000102916 0)
(-0.0171471 0.00459904 0)
(-0.0130132 0.00432986 0)
(-0.0110996 0.00144465 0)
(-0.01219 0.000312692 0)
(-0.0148865 0.00476839 0)
(-0.016453 0.014944 0)
(-0.0145725 0.0276879 0)
(-0.00940314 0.038169 0)
(-0.00365924 0.0432484 0)
(-0.000129929 0.0441415 0)
(0.000764574 0.0444938 0)
(-0.000268221 0.046289 0)
(0.00125537 0.042048 0)
(0.0526344 0.597295 0)
(0.160624 0.666768 0)
(0.265872 0.615936 0)
(0.354964 0.536288 0)
(0.422813 0.429785 0)
(0.46232 0.303688 0)
(0.471753 0.169225 0)
(0.454299 0.0389435 0)
(0.415118 -0.0747768 0)
(0.361308 -0.166194 0)
(0.300548 -0.234009 0)
(0.238117 -0.279996 0)
(0.177935 -0.307236 0)
(0.122482 -0.318407 0)
(0.0733134 -0.315434 0)
(0.0317647 -0.300254 0)
(-0.000683165 -0.27577 0)
(-0.0241827 -0.24557 0)
(-0.0394006 -0.213791 0)
(-0.0471411 -0.183385 0)
(-0.0496847 -0.155593 0)
(-0.0490475 -0.130343 0)
(-0.0465148 -0.107299 0)
(-0.0427346 -0.0865925 0)
(-0.0381035 -0.0687503 0)
(-0.033096 -0.0540592 0)
(-0.0282702 -0.0421066 0)
(-0.024101 -0.0319637 0)
(-0.0206946 -0.0228224 0)
(-0.0177212 -0.0145727 0)
(-0.0148864 -0.00784469 0)
(-0.0122641 -0.00320959 0)
(-0.0102795 -0.000523446 0)
(-0.00944713 0.00135378 0)
(-0.00983586 0.00397846 0)
(-0.0108388 0.00845632 0)
(-0.0114553 0.0148556 0)
(-0.010849 0.0222449 0)
(-0.00895673 0.0292193 0)
(-0.00651916 0.034743 0)
(-0.00437062 0.0387329 0)
(-0.00264101 0.0417054 0)
(-0.00201665 0.0439773 0)
(0.000482573 0.0394155 0)
(0.031593 0.398135 0)
(0.0998995 0.447203 0)
(0.166467 0.418277 0)
(0.225516 0.373064 0)
(0.27434 0.312475 0)
(0.308838 0.239867 0)
(0.327292 0.160385 0)
(0.329643 0.0801597 0)
(0.317872 0.00404492 0)
(0.294924 -0.062324 0)
(0.264208 -0.117296 0)
(0.228945 -0.159967 0)
(0.19174 -0.19053 0)
(0.154766 -0.209664 0)
(0.119759 -0.218325 0)
(0.0880722 -0.217826 0)
(0.0607262 -0.209933 0)
(0.0381678 -0.196812 0)
(0.0203143 -0.180294 0)
(0.00679339 -0.162123 0)
(-0.0030384 -0.143367 0)
(-0.00992682 -0.124666 0)
(-0.0144796 -0.106533 0)
(-0.0171489 -0.0894817 0)
(-0.0183699 -0.0739726 0)
(-0.018583 -0.0602303 0)
(-0.0181813 -0.0481707 0)
(-0.0174537 -0.0375342 0)
(-0.0165488 -0.0281171 0)
(-0.0155242 -0.0199089 0)
(-0.0144427 -0.0130253 0)
(-0.0134482 -0.00746345 0)
(-0.0127507 -0.00295728 0)
(-0.0124769 0.00102042 0)
(-0.0125699 0.00504665 0)
(-0.0127795 0.00949429 0)
(-0.0127576 0.0144206 0)
(-0.0122262 0.0196096 0)
(-0.0110926 0.0246987 0)
(-0.00946759 0.0293396 0)
(-0.00753213 0.0333132 0)
(-0.00526632 0.0365085 0)
(-0.00340146 0.0387941 0)
(-0.000326718 0.0347828 0)
(0.0192435 0.255445 0)
(0.0626655 0.28792 0)
(0.104624 0.27133 0)
(0.142923 0.245806 0)
(0.176148 0.211898 0)
(0.202048 0.171165 0)
(0.219659 0.125833 0)
(0.228572 0.0785867 0)
(0.229139 0.0321318 0)
(0.222104 -0.0114458 0)
(0.209051 -0.0498869 0)
(0.191756 -0.0822752 0)
(0.171464 -0.108033 0)
(0.149531 -0.126994 0)
(0.127196 -0.139347 0)
(0.105484 -0.145593 0)
(0.0851863 -0.14651 0)
(0.0668424 -0.14306 0)
(0.0507344 -0.136244 0)
(0.0369414 -0.126981 0)
(0.025403 -0.116048 0)
(0.0158947 -0.104098 0)
(0.00817111 -0.0917024 0)
(0.00220455 -0.0793471 0)
(-0.00226543 -0.0674847 0)
(-0.0056454 -0.0563697 0)
(-0.008125 -0.046131 0)
(-0.0098934 -0.0367997 0)
(-0.0111088 -0.028377 0)
(-0.0118993 -0.0208734 0)
(-0.0123861 -0.0142915 0)
(-0.0126826 -0.00857644 0)
(-0.0128841 -0.00357651 0)
(-0.0130378 0.000925524 0)
(-0.0131288 0.00515118 0)
(-0.0130791 0.0092552 0)
(-0.0127783 0.0132971 0)
(-0.0121379 0.0172504 0)
(-0.0111071 0.0210283 0)
(-0.00968158 0.0245096 0)
(-0.00788392 0.0275623 0)
(-0.00568384 0.030061 0)
(-0.00350716 0.0318537 0)
(-0.000747552 0.0284507 0)
(0.0123738 0.156495 0)
(0.0413378 0.17661 0)
(0.0690094 0.167196 0)
(0.0947953 0.152933 0)
(0.117917 0.134162 0)
(0.137059 0.111622 0)
(0.15167 0.0863043 0)
(0.161382 0.0594046 0)
(0.166159 0.0321796 0)
(0.166467 0.00577369 0)
(0.162606 -0.0186098 0)
(0.15505 -0.0402556 0)
(0.144749 -0.0585873 0)
(0.132466 -0.0732601 0)
(0.11892 -0.0841513 0)
(0.104785 -0.0913382 0)
(0.0906408 -0.0950715 0)
(0.0769537 -0.0957324 0)
(0.0640695 -0.093779 0)
(0.0522217 -0.0896955 0)
(0.0415495 -0.0839589 0)
(0.0321246 -0.0770241 0)
(0.0239981 -0.0693033 0)
(0.0170172 -0.0611793 0)
(0.0110786 -0.0529652 0)
(0.00617859 -0.044925 0)
(0.00218554 -0.0372298 0)
(-0.00103331 -0.029996 0)
(-0.00361522 -0.0232958 0)
(-0.00565634 -0.0171716 0)
(-0.0072396 -0.0116375 0)
(-0.00845065 -0.00667229 0)
(-0.00935107 -0.00222003 0)
(-0.00995928 0.0018004 0)
(-0.0103043 0.00547577 0)
(-0.0103985 0.00887696 0)
(-0.0102098 0.0120459 0)
(-0.00971425 0.0149936 0)
(-0.008902 0.0177031 0)
(-0.0077766 0.0201337 0)
(-0.00634857 0.0222271 0)
(-0.00461703 0.0239163 0)
(-0.0027821 0.0251134 0)
(-0.000764052 0.022295 0)
(0.00881106 0.0928339 0)
(0.0301518 0.10466 0)
(0.0502562 0.0992256 0)
(0.0693004 0.0910896 0)
(0.0867831 0.0804547 0)
(0.101823 0.0676973 0)
(0.114076 0.0533066 0)
(0.123286 0.0378695 0)
(0.129339 0.0220274 0)
(0.132271 0.00642073 0)
(0.132245 -0.00851991 0)
(0.129558 -0.0221339 0)
(0.124609 -0.0340312 0)
(0.117809 -0.0439362 0)
(0.109591 -0.0516874 0)
(0.100387 -0.0572384 0)
(0.0906016 -0.060647 0)
(0.0805931 -0.0620579 0)
(0.0706637 -0.061681 0)
(0.0610587 -0.0597679 0)
(0.0519664 -0.0565916 0)
(0.0435216 -0.0524303 0)
(0.0358183 -0.0475561 0)
(0.0289083 -0.0422457 0)
(0.0227367 -0.0366834 0)
(0.0172922 -0.0310815 0)
(0.0125938 -0.0255918 0)
(0.00856675 -0.0203268 0)
(0.0051402 -0.0153665 0)
(0.00224323 -0.0107627 0)
(-0.000122171 -0.00654393 0)
(-0.00201626 -0.00271205 0)
(-0.00353324 0.000749338 0)
(-0.00467897 0.00386821 0)
(-0.00549221 0.006682 0)
(-0.00600095 0.00922689 0)
(-0.00620778 0.0115304 0)
(-0.00611751 0.0136078 0)
(-0.00574243 0.0154609 0)
(-0.0051008 0.0170792 0)
(-0.00421313 0.0184411 0)
(-0.00310083 0.0195175 0)
(-0.00185338 0.0202667 0)
(-0.000584422 0.017891 0)
(0.00682944 0.0516204 0)
(0.023924 0.0579928 0)
(0.0397372 0.054805 0)
(0.0549262 0.0500965 0)
(0.0691165 0.0439807 0)
(0.0816173 0.0366521 0)
(0.0921803 0.0283722 0)
(0.100609 0.0194586 0)
(0.106802 0.0102606 0)
(0.110724 0.00110792 0)
(0.112437 -0.00768072 0)
(0.112103 -0.0157789 0)
(0.109921 -0.0229293 0)
(0.106123 -0.0289395 0)
(0.100976 -0.0336833 0)
(0.094767 -0.0371013 0)
(0.0877813 -0.0391975 0)
(0.0802871 -0.0400317 0)
(0.0725279 -0.0397094 0)
(0.0647185 -0.0383707 0)
(0.0570411 -0.0361768 0)
(0.0496424 -0.0333004 0)
(0.0426356 -0.0299154 0)
(0.0361036 -0.0261896 0)
(0.0300834 -0.0222819 0)
(0.0246045 -0.0183124 0)
(0.0196933 -0.0144013 0)
(0.0153388 -0.0106405 0)
(0.0115217 -0.00709335 0)
(0.00821615 -0.00378601 0)
(0.00539719 -0.000753089 0)
(0.00302822 0.00198795 0)
(0.00106587 0.00444386 0)
(-0.000501169 0.00663353 0)
(-0.00170454 0.00857817 0)
(-0.00258271 0.010302 0)
(-0.00314534 0.0118273 0)
(-0.00340942 0.0131709 0)
(-0.00339863 0.0143427 0)
(-0.00314061 0.0153448 0)
(-0.00266453 0.0161728 0)
(-0.00200562 0.0168163 0)
(-0.00120232 0.0172584 0)
(-0.000423013 0.0151642 0)
(0.0053943 0.0232929 0)
(0.0193465 0.0259373 0)
(0.0318678 0.0241431 0)
(0.0440391 0.0215498 0)
(0.0555901 0.0182051 0)
(0.0659052 0.0142066 0)
(0.0747738 0.00970529 0)
(0.0820215 0.00487455 0)
(0.0875706 -0.000104033 0)
(0.0913929 -0.00501479 0)
(0.0935401 -0.0096602 0)
(0.094082 -0.0138946 0)
(0.0930806 -0.017571 0)
(0.0906781 -0.0205742 0)
(0.0870594 -0.0228274 0)
(0.0824304 -0.0242924 0)
(0.0770049 -0.0249676 0)
(0.0709933 -0.0248852 0)
(0.0645943 -0.024107 0)
(0.0579934 -0.0227204 0)
(0.0513572 -0.0208237 0)
(0.044827 -0.0185253 0)
(0.0385184 -0.0159365 0)
(0.0325232 -0.0131662 0)
(0.0269097 -0.0103148 0)
(0.0217305 -0.00746767 0)
(0.0170373 -0.00469994 0)
(0.0128524 -0.00206467 0)
(0.00919806 0.000392738 0)
(0.0060365 0.00261602 0)
(0.00328333 0.00460491 0)
(0.000934593 0.00636358 0)
(-0.000957372 0.00789975 0)
(-0.00240827 0.00922407 0)
(-0.00348249 0.0103598 0)
(-0.00419737 0.0113298 0)
(-0.00457169 0.0121569 0)
(-0.00463245 0.0128612 0)
(-0.00441102 0.0134583 0)
(-0.00394199 0.0139583 0)
(-0.0032607 0.014365 0)
(-0.00240613 0.0146768 0)
(-0.00140875 0.0148904 0)
(-0.000485976 0.0130399 0)
(0.00391395 0.00393535 0)
(0.0146114 0.00407766 0)
(0.0235894 0.00317568 0)
(0.0324377 0.00195791 0)
(0.0409156 0.000441996 0)
(0.0484863 -0.00132806 0)
(0.0550335 -0.00329069 0)
(0.0604151 -0.00535974 0)
(0.0644869 -0.00744211 0)
(0.0671808 -0.0094186 0)
(0.0684406 -0.0111934 0)
(0.0682841 -0.0127015 0)
(0.0668496 -0.0138725 0)
(0.0642687 -0.0146541 0)
(0.0606844 -0.0150147 0)
(0.0562582 -0.0149432 0)
(0.0511627 -0.0144484 0)
(0.0455738 -0.0135538 0)
(0.0396628 -0.0122966 0)
(0.0336164 -0.0107724 0)
(0.0276016 -0.00901212 0)
(0.0217364 -0.00708094 0)
(0.016128 -0.00505338 0)
(0.0108743 -0.00299767 0)
(0.00604176 -0.000975812 0)
(0.00165934 0.000958863 0)
(-0.00222505 0.00276504 0)
(-0.00559159 0.00441529 0)
(-0.00848457 0.00588654 0)
(-0.0108569 0.00714723 0)
(-0.0126504 0.00820425 0)
(-0.013919 0.0090738 0)
(-0.014716 0.00977015 0)
(-0.0150563 0.0103095 0)
(-0.014966 0.0107148 0)
(-0.0144826 0.0110107 0)
(-0.0136396 0.0112221 0)
(-0.012471 0.0113726 0)
(-0.0110127 0.0114816 0)
(-0.00930414 0.0115639 0)
(-0.00738298 0.0116284 0)
(-0.00528127 0.0116773 0)
(-0.00304303 0.0117133 0)
(-0.000980225 0.0102337 0)
(0.00211134 -0.00731117 0)
(0.00896587 -0.00851585 0)
(0.0138632 -0.00884847 0)
(0.0188927 -0.00916551 0)
(0.0236947 -0.00948112 0)
(0.0276824 -0.00978085 0)
(0.0307531 -0.0100427 0)
(0.0328156 -0.0102303 0)
(0.033809 -0.0103094 0)
(0.0337124 -0.0102709 0)
(0.0325033 -0.0101014 0)
(0.0302109 -0.00976065 0)
(0.0269409 -0.00923786 0)
(0.0228369 -0.00852908 0)
(0.0180396 -0.00763743 0)
(0.0126829 -0.0065735 0)
(0.00691442 -0.0053567 0)
(0.000885548 -0.00401984 0)
(-0.00527368 -0.00262235 0)
(-0.0113229 -0.00112685 0)
(-0.0170565 0.000378187 0)
(-0.0224264 0.00184115 0)
(-0.0273647 0.00322683 0)
(-0.0317875 0.00450347 0)
(-0.0356133 0.00564231 0)
(-0.0387849 0.00661978 0)
(-0.0412725 0.00742139 0)
(-0.0430655 0.00803508 0)
(-0.0441738 0.00846397 0)
(-0.0445993 0.00874087 0)
(-0.0443506 0.00886511 0)
(-0.0434622 0.00884666 0)
(-0.0419723 0.00871024 0)
(-0.0399339 0.00848782 0)
(-0.0374149 0.00820304 0)
(-0.0344787 0.00788079 0)
(-0.0311852 0.00754489 0)
(-0.0275843 0.00721684 0)
(-0.0237151 0.00691401 0)
(-0.0196171 0.00665056 0)
(-0.0153243 0.00643645 0)
(-0.0108513 0.00627526 0)
(-0.00625425 0.0061725 0)
(-0.00197638 0.00537277 0)
(-1.1474e-05 -0.0112406 0)
(0.00212226 -0.0127949 0)
(0.00193547 -0.0127857 0)
(0.00211019 -0.0125168 0)
(0.0021511 -0.0120373 0)
(0.00151433 -0.0113594 0)
(0.000123346 -0.0104865 0)
(-0.00215827 -0.00943458 0)
(-0.00530674 -0.00822832 0)
(-0.00919811 -0.00689916 0)
(-0.0138474 -0.00547652 0)
(-0.0192365 -0.00398814 0)
(-0.0252411 -0.002463 0)
(-0.0316644 -0.000927763 0)
(-0.0383599 0.000594967 0)
(-0.0452211 0.00208134 0)
(-0.052115 0.00350384 0)
(-0.0589117 0.00482972 0)
(-0.0654113 0.00604597 0)
(-0.0715172 0.00715428 0)
(-0.0771838 0.00808979 0)
(-0.0822389 0.00882717 0)
(-0.0865571 0.00935458 0)
(-0.0900625 0.00966327 0)
(-0.0926964 0.00975063 0)
(-0.0944139 0.00961931 0)
(-0.0951894 0.0092777 0)
(-0.0950153 0.00874215 0)
(-0.0938982 0.00803688 0)
(-0.0918531 0.00719244 0)
(-0.0889197 0.00624004 0)
(-0.0851472 0.00521378 0)
(-0.0805597 0.00415023 0)
(-0.075241 0.00308815 0)
(-0.0693188 0.00206217 0)
(-0.0628953 0.00110244 0)
(-0.0560861 0.000231848 0)
(-0.0489827 -0.000534676 0)
(-0.0416444 -0.00118861 0)
(-0.0341295 -0.00172715 0)
(-0.0264793 -0.00215088 0)
(-0.0186856 -0.0024652 0)
(-0.0107945 -0.00266942 0)
(-0.00340161 -0.00241284 0)
(-0.00239341 -0.00925369 0)
(-0.00564007 -0.0104729 0)
(-0.0116016 -0.0102844 0)
(-0.0169997 -0.00960167 0)
(-0.0224404 -0.00851801 0)
(-0.0284381 -0.0071086 0)
(-0.0350587 -0.00544971 0)
(-0.0422879 -0.0036123 0)
(-0.049992 -0.00165638 0)
(-0.0580104 0.000355346 0)
(-0.0662387 0.00236788 0)
(-0.0745928 0.00433326 0)
(-0.0830037 0.0062066 0)
(-0.0914385 0.00795007 0)
(-0.0997848 0.00953491 0)
(-0.107879 0.0109346 0)
(-0.115589 0.0121222 0)
(-0.122779 0.0130758 0)
(-0.129388 0.0138045 0)
(-0.135391 0.0142171 0)
(-0.140688 0.0143396 0)
(-0.145158 0.0141711 0)
(-0.148713 0.0137038 0)
(-0.151286 0.0129379 0)
(-0.152822 0.0118828 0)
(-0.153273 0.0105559 0)
(-0.152603 0.00898175 0)
(-0.150787 0.00719328 0)
(-0.147809 0.00523089 0)
(-0.143646 0.00314079 0)
(-0.138323 0.00096986 0)
(-0.13191 -0.00122597 0)
(-0.124498 -0.00338916 0)
(-0.116143 -0.00546132 0)
(-0.106892 -0.00738793 0)
(-0.0968618 -0.00912064 0)
(-0.0861686 -0.0106225 0)
(-0.0749652 -0.0118721 0)
(-0.0634304 -0.0128653 0)
(-0.0517192 -0.0136172 0)
(-0.0399451 -0.0141569 0)
(-0.0281132 -0.0145279 0)
(-0.016255 -0.0147649 0)
(-0.00512428 -0.0131464 0)
(-0.00495943 -0.00203523 0)
(-0.0140467 -0.00236266 0)
(-0.0262033 -0.00206849 0)
(-0.0376537 -0.00108425 0)
(-0.0490644 0.000386204 0)
(-0.0607626 0.00216181 0)
(-0.0725436 0.00410629 0)
(-0.0842459 0.00611968 0)
(-0.0957639 0.0081317 0)
(-0.106992 0.0100991 0)
(-0.1178 0.0119885 0)
(-0.128055 0.0137617 0)
(-0.137733 0.0153756 0)
(-0.146855 0.0167942 0)
(-0.155406 0.0179895 0)
(-0.16334 0.0189349 0)
(-0.170616 0.019605 0)
(-0.177184 0.0199752 0)
(-0.183037 0.0200073 0)
(-0.18817 0.019688 0)
(-0.19253 0.0190127 0)
(-0.196057 0.0179738 0)
(-0.198699 0.0165701 0)
(-0.200405 0.0148072 0)
(-0.201127 0.0126992 0)
(-0.200811 0.0102685 0)
(-0.199408 0.00754559 0)
(-0.196874 0.00456836 0)
(-0.193152 0.00138104 0)
(-0.188209 -0.00196002 0)
(-0.181996 -0.00539559 0)
(-0.174464 -0.00885904 0)
(-0.165627 -0.0122756 0)
(-0.155477 -0.0155639 0)
(-0.144012 -0.0186416 0)
(-0.131282 -0.0214271 0)
(-0.117387 -0.0238435 0)
(-0.102499 -0.0258285 0)
(-0.0868626 -0.0273463 0)
(-0.0707655 -0.0284009 0)
(-0.0545099 -0.0290375 0)
(-0.0382388 -0.0293692 0)
(-0.022075 -0.029517 0)
(-0.00695753 -0.0263316 0)
(-0.00770856 0.00962335 0)
(-0.0231027 0.0106055 0)
(-0.0418354 0.0109417 0)
(-0.0595977 0.0119519 0)
(-0.0769141 0.0133345 0)
(-0.0938017 0.01481 0)
(-0.109776 0.0162621 0)
(-0.124556 0.0176299 0)
(-0.138041 0.0189028 0)
(-0.150237 0.0200975 0)
(-0.16118 0.0212298 0)
(-0.17093 0.0222826 0)
(-0.179597 0.0232194 0)
(-0.187304 0.023999 0)
(-0.194154 0.0245836 0)
(-0.200226 0.0249351 0)
(-0.205579 0.0250189 0)
(-0.210254 0.0248002 0)
(-0.214289 0.0242412 0)
(-0.217715 0.0233162 0)
(-0.22053 0.0220099 0)
(-0.222721 0.0203076 0)
(-0.22427 0.0182049 0)
(-0.22515 0.0157039 0)
(-0.225325 0.012816 0)
(-0.224748 0.00956008 0)
(-0.223368 0.0059627 0)
(-0.221136 0.00205599 0)
(-0.217959 -0.00211876 0)
(-0.213742 -0.00651279 0)
(-0.208389 -0.0110638 0)
(-0.201769 -0.0157096 0)
(-0.193758 -0.0203769 0)
(-0.184221 -0.0249797 0)
(-0.173017 -0.02942 0)
(-0.16003 -0.0335851 0)
(-0.145192 -0.0373463 0)
(-0.128526 -0.0405678 0)
(-0.110191 -0.0431218 0)
(-0.0904912 -0.0449247 0)
(-0.0699694 -0.0459369 0)
(-0.0490133 -0.0463184 0)
(-0.028205 -0.0462486 0)
(-0.00887456 -0.0413591 0)
(-0.0108696 0.0249369 0)
(-0.033478 0.0274359 0)
(-0.0594868 0.0275888 0)
(-0.0836393 0.0279028 0)
(-0.105693 0.0282902 0)
(-0.125665 0.0284411 0)
(-0.143033 0.0284262 0)
(-0.15776 0.028305 0)
(-0.170007 0.0281691 0)
(-0.18007 0.0280904 0)
(-0.188265 0.0281069 0)
(-0.1949 0.0282002 0)
(-0.200257 0.0283221 0)
(-0.204575 0.0284086 0)
(-0.208053 0.028398 0)
(-0.210849 0.0282308 0)
(-0.213088 0.027856 0)
(-0.214867 0.0272209 0)
(-0.216262 0.0262797 0)
(-0.21733 0.0249898 0)
(-0.218106 0.0233277 0)
(-0.218615 0.0212684 0)
(-0.218868 0.0188002 0)
(-0.218866 0.0159173 0)
(-0.218596 0.0126243 0)
(-0.218034 0.00893149 0)
(-0.21714 0.00485638 0)
(-0.215867 0.000418157 0)
(-0.214128 -0.0043493 0)
(-0.211819 -0.00941875 0)
(-0.208811 -0.0147446 0)
(-0.204927 -0.0202825 0)
(-0.199955 -0.0259791 0)
(-0.19364 -0.0317719 0)
(-0.185675 -0.0375768 0)
(-0.175717 -0.0432832 0)
(-0.163407 -0.0487407 0)
(-0.148407 -0.0537555 0)
(-0.130507 -0.0580852 0)
(-0.109646 -0.0614944 0)
(-0.0863899 -0.0636658 0)
(-0.0610266 -0.0647043 0)
(-0.0352423 -0.0644747 0)
(-0.0111221 -0.0578376 0)
(-0.0151777 0.0435078 0)
(-0.0464526 0.0471605 0)
(-0.0795847 0.0464244 0)
(-0.108777 0.0445864 0)
(-0.132333 0.042686 0)
(-0.151481 0.0403762 0)
(-0.166068 0.0380702 0)
(-0.176809 0.0359086 0)
(-0.18435 0.0340479 0)
(-0.189372 0.0325573 0)
(-0.192444 0.0314469 0)
(-0.194048 0.0306538 0)
(-0.194568 0.0300846 0)
(-0.194297 0.0296332 0)
(-0.193463 0.0292086 0)
(-0.192241 0.0287243 0)
(-0.190773 0.028111 0)
(-0.18917 0.0272956 0)
(-0.187522 0.0262236 0)
(-0.185898 0.0248396 0)
(-0.184356 0.0231102 0)
(-0.182948 0.021002 0)
(-0.181712 0.0184979 0)
(-0.180678 0.0155842 0)
(-0.179867 0.0122594 0)
(-0.179288 0.00852474 0)
(-0.178938 0.00438868 0)
(-0.178777 -0.000143461 0)
(-0.178775 -0.00505583 0)
(-0.178875 -0.0103394 0)
(-0.17895 -0.0159746 0)
(-0.178838 -0.0219477 0)
(-0.178322 -0.0282408 0)
(-0.177105 -0.0348349 0)
(-0.174795 -0.0416956 0)
(-0.170883 -0.0487645 0)
(-0.164741 -0.055933 0)
(-0.155595 -0.0630302 0)
(-0.142672 -0.0697606 0)
(-0.125006 -0.0758028 0)
(-0.102762 -0.0803848 0)
(-0.0747574 -0.0835296 0)
(-0.0445643 -0.0837524 0)
(-0.0144683 -0.0758337 0)
(-0.0218804 0.0656619 0)
(-0.0635128 0.0686345 0)
(-0.100884 0.0655212 0)
(-0.131337 0.0593461 0)
(-0.15079 0.0538428 0)
(-0.164003 0.0482529 0)
(-0.171361 0.0433413 0)
(-0.174665 0.0391177 0)
(-0.174955 0.0356951 0)
(-0.173169 0.0330462 0)
(-0.169957 0.0311037 0)
(-0.165809 0.0297241 0)
(-0.16108 0.0287508 0)
(-0.156017 0.0280275 0)
(-0.150802 0.0274355 0)
(-0.14557 0.0268636 0)
(-0.140434 0.0262311 0)
(-0.135489 0.0254486 0)
(-0.130816 0.0244593 0)
(-0.12649 0.0231978 0)
(-0.122579 0.0216267 0)
(-0.119156 0.0197076 0)
(-0.116283 0.0174217 0)
(-0.114025 0.0147507 0)
(-0.112437 0.0116893 0)
(-0.111573 0.00823202 0)
(-0.111476 0.00438141 0)
(-0.112149 0.000132511 0)
(-0.113627 -0.0045183 0)
(-0.115925 -0.00957378 0)
(-0.118973 -0.0150375 0)
(-0.122687 -0.020928 0)
(-0.126919 -0.0272667 0)
(-0.131442 -0.0340878 0)
(-0.13591 -0.0414267 0)
(-0.139813 -0.0493165 0)
(-0.142444 -0.0577543 0)
(-0.142744 -0.0667013 0)
(-0.139515 -0.0759394 0)
(-0.130546 -0.0853046 0)
(-0.115466 -0.0935591 0)
(-0.0890731 -0.101039 0)
(-0.057906 -0.103206 0)
(-0.0202463 -0.0960316 0)
(-0.0321612 0.0921084 0)
(-0.0851244 0.0897561 0)
(-0.118852 0.082094 0)
(-0.144234 0.0693419 0)
(-0.152637 0.059567 0)
(-0.155148 0.0506594 0)
(-0.152023 0.043545 0)
(-0.146062 0.0378062 0)
(-0.138251 0.0333969 0)
(-0.129496 0.0301207 0)
(-0.120263 0.0278053 0)
(-0.110874 0.0262218 0)
(-0.101528 0.0251588 0)
(-0.092339 0.0244207 0)
(-0.0833945 0.0238726 0)
(-0.074754 0.0233902 0)
(-0.0664772 0.022892 0)
(-0.0586292 0.0222871 0)
(-0.0512753 0.021505 0)
(-0.0444888 0.020493 0)
(-0.0383488 0.0192116 0)
(-0.0329458 0.0176214 0)
(-0.0283686 0.0157054 0)
(-0.0247135 0.0134438 0)
(-0.0220756 0.010831 0)
(-0.0205508 0.00785787 0)
(-0.0202363 0.00452406 0)
(-0.0211929 0.000819092 0)
(-0.0235207 -0.00326998 0)
(-0.0273086 -0.00775555 0)
(-0.0325792 -0.0126566 0)
(-0.0393568 -0.0180145 0)
(-0.0476208 -0.0238796 0)
(-0.0572903 -0.0303313 0)
(-0.0681919 -0.0374696 0)
(-0.07999 -0.0454251 0)
(-0.0921691 -0.0543254 0)
(-0.103701 -0.0643439 0)
(-0.113472 -0.0754625 0)
(-0.118129 -0.0880105 0)
(-0.117568 -0.100491 0)
(-0.0995403 -0.114578 0)
(-0.0759581 -0.120939 0)
(-0.0296584 -0.11952 0)
(-0.0455187 0.123147 0)
(-0.108636 0.107162 0)
(-0.124827 0.0928399 0)
(-0.13766 0.0723926 0)
(-0.128939 0.0588689 0)
(-0.118085 0.0475731 0)
(-0.103553 0.0392781 0)
(-0.0886653 0.0329328 0)
(-0.0737395 0.0282885 0)
(-0.0593351 0.0249728 0)
(-0.0455181 0.0227277 0)
(-0.0323129 0.0212665 0)
(-0.0196897 0.0203505 0)
(-0.00759942 0.0197688 0)
(0.00398493 0.0193872 0)
(0.0150826 0.0190836 0)
(0.0256881 0.0187847 0)
(0.0357596 0.0184015 0)
(0.0452493 0.017877 0)
(0.0540832 0.0171557 0)
(0.0621664 0.0162066 0)
(0.0693886 0.0149938 0)
(0.0756349 0.0135038 0)
(0.080777 0.0117187 0)
(0.0846831 0.00963436 0)
(0.0872173 0.00724121 0)
(0.0882355 0.00453833 0)
(0.0876164 0.00151341 0)
(0.0852058 -0.00184579 0)
(0.0808502 -0.00555875 0)
(0.0744307 -0.00965025 0)
(0.0658128 -0.0141708 0)
(0.0548791 -0.0191847 0)
(0.0415312 -0.0247954 0)
(0.0257085 -0.0311422 0)
(0.00745819 -0.0384248 0)
(-0.0131155 -0.046877 0)
(-0.035329 -0.0568812 0)
(-0.0588228 -0.0686587 0)
(-0.079608 -0.0832642 0)
(-0.0997266 -0.0992772 0)
(-0.0977041 -0.121072 0)
(-0.0961556 -0.133843 0)
(-0.0420153 -0.146977 0)
(-0.0573642 0.157496 0)
(-0.126143 0.116856 0)
(-0.106943 0.0949524 0)
(-0.101248 0.0678892 0)
(-0.0726511 0.0523244 0)
(-0.0489415 0.0402624 0)
(-0.024712 0.0320492 0)
(-0.00318019 0.0260386 0)
(0.0164831 0.0218297 0)
(0.0342508 0.0189356 0)
(0.0505571 0.0170651 0)
(0.065706 0.015919 0)
(0.0799579 0.0152651 0)
(0.0935088 0.014904 0)
(0.106481 0.0147179 0)
(0.118954 0.0145994 0)
(0.130957 0.0144895 0)
(0.142467 0.0143064 0)
(0.153439 0.0140186 0)
(0.163789 0.0135647 0)
(0.173407 0.0129254 0)
(0.18216 0.0120712 0)
(0.189907 0.010993 0)
(0.196491 0.00967613 0)
(0.201747 0.00811916 0)
(0.205509 0.00631356 0)
(0.207594 0.00425954 0)
(0.207836 0.00194535 0)
(0.206039 -0.000636238 0)
(0.202001 -0.00350715 0)
(0.195529 -0.00669023 0)
(0.186401 -0.0102341 0)
(0.174383 -0.0142024 0)
(0.159219 -0.0186997 0)
(0.140621 -0.0238731 0)
(0.118334 -0.0299467 0)
(0.0919636 -0.0372008 0)
(0.0616818 -0.0461507 0)
(0.0265806 -0.0571932 0)
(-0.00934513 -0.072054 0)
(-0.0525687 -0.0896992 0)
(-0.072237 -0.11807 0)
(-0.110593 -0.138279 0)
(-0.052315 -0.177375 0)
(-0.0568908 0.191091 0)
(-0.123549 0.115618 0)
(-0.0528875 0.0872545 0)
(-0.0268296 0.0570786 0)
(0.0195979 0.0418043 0)
(0.0525779 0.030724 0)
(0.0827556 0.0236677 0)
(0.107483 0.0186902 0)
(0.128865 0.0153412 0)
(0.147407 0.013118 0)
(0.163996 0.0117507 0)
(0.179207 0.0109713 0)
(0.193475 0.0105835 0)
(0.207092 0.0104205 0)
(0.220237 0.0103906 0)
(0.233017 0.010408 0)
(0.245476 0.0104307 0)
(0.257595 0.0103948 0)
(0.269323 0.0102766 0)
(0.280558 0.0100296 0)
(0.291174 0.00964066 0)
(0.301016 0.00908707 0)
(0.309921 0.00836394 0)
(0.317709 0.00746036 0)
(0.324194 0.00637693 0)
(0.329185 0.00510712 0)
(0.332479 0.00365256 0)
(0.33388 0.00200359 0)
(0.33317 0.000157428 0)
(0.330119 -0.00190529 0)
(0.324493 -0.00420195 0)
(0.316016 -0.00677233 0)
(0.304384 -0.00966949 0)
(0.289235 -0.0129825 0)
(0.270116 -0.0168403 0)
(0.246537 -0.021449 0)
(0.217667 -0.0270735 0)
(0.183187 -0.0342506 0)
(0.140801 -0.043433 0)
(0.0940346 -0.0566897 0)
(0.0305233 -0.073594 0)
(-0.0118287 -0.104783 0)
(-0.105331 -0.131482 0)
(-0.0493771 -0.206795 0)
(-0.0266573 0.216614 0)
(-0.0818496 0.102452 0)
(0.0465726 0.0709999 0)
(0.0893613 0.0426153 0)
(0.147016 0.029767 0)
(0.183762 0.0209869 0)
(0.215228 0.0157023 0)
(0.239511 0.0120888 0)
(0.259718 0.00974122 0)
(0.276726 0.00823237 0)
(0.291715 0.00734992 0)
(0.305415 0.00688741 0)
(0.318349 0.00670038 0)
(0.330844 0.00666579 0)
(0.343087 0.00672075 0)
(0.355187 0.00680336 0)
(0.367183 0.00688457 0)
(0.379049 0.00692748 0)
(0.390723 0.00690811 0)
(0.402083 0.00679704 0)
(0.412994 0.00658625 0)
(0.423285 0.00626008 0)
(0.432779 0.00581636 0)
(0.441285 0.00524777 0)
(0.448605 0.00455596 0)
(0.454542 0.00373637 0)
(0.458886 0.00279142 0)
(0.461433 0.00171411 0)
(0.461962 0.000504196 0)
(0.46024 -0.000852497 0)
(0.456021 -0.00236743 0)
(0.449019 -0.00406888 0)
(0.438908 -0.0059951 0)
(0.425284 -0.00821136 0)
(0.407619 -0.0108146 0)
(0.3853 -0.0139649 0)
(0.357228 -0.0178721 0)
(0.32275 -0.022991 0)
(0.278499 -0.029726 0)
(0.227323 -0.0400278 0)
(0.151381 -0.0540091 0)
(0.091323 -0.0830135 0)
(-0.0619289 -0.113103 0)
(-0.0159431 -0.228068 0)
(0.055115 0.224295 0)
(0.0191474 0.0794568 0)
(0.194746 0.0497058 0)
(0.245916 0.027649 0)
(0.305447 0.0184857 0)
(0.340153 0.012582 0)
(0.368553 0.00917578 0)
(0.389405 0.00691129 0)
(0.406245 0.00548106 0)
(0.420088 0.00458637 0)
(0.432186 0.00408539 0)
(0.44329 0.00384341 0)
(0.453915 0.00377025 0)
(0.464364 0.00378778 0)
(0.474803 0.00385862 0)
(0.485321 0.00394342 0)
(0.495944 0.00402577 0)
(0.506634 0.0040839 0)
(0.517318 0.00410247 0)
(0.527873 0.00406395 0)
(0.538158 0.00396411 0)
(0.548002 0.00379339 0)
(0.557232 0.00355106 0)
(0.56566 0.00323272 0)
(0.573097 0.00284 0)
(0.579355 0.00236997 0)
(0.584236 0.0018249 0)
(0.587551 0.00120022 0)
(0.589095 0.000496779 0)
(0.588655 -0.000294388 0)
(0.586004 -0.00117989 0)
(0.580879 -0.00217709 0)
(0.572978 -0.00330978 0)
(0.561919 -0.00461883 0)
(0.547188 -0.00616653 0)
(0.52817 -0.00805718 0)
(0.503706 -0.0104316 0)
(0.473028 -0.0136039 0)
(0.432319 -0.0178773 0)
(0.383781 -0.0246932 0)
(0.306474 -0.0344885 0)
(0.238874 -0.0568962 0)
(0.0389396 -0.0857801 0)
(0.0686188 -0.231614 0)
(0.209582 0.204437 0)
(0.195568 0.0511828 0)
(0.388047 0.0281711 0)
(0.436965 0.0148446 0)
(0.48886 0.00952081 0)
(0.516903 0.0063201 0)
(0.539102 0.00451102 0)
(0.554711 0.00334252 0)
(0.567015 0.0026166 0)
(0.576927 0.00216993 0)
(0.585545 0.00192445 0)
(0.593506 0.00180991 0)
(0.601237 0.00178136 0)
(0.608983 0.00179838 0)
(0.616871 0.00184284 0)
(0.624963 0.00189377 0)
(0.633273 0.0019449 0)
(0.641762 0.00198118 0)
(0.65036 0.00199904 0)
(0.658957 0.00198856 0)
(0.667431 0.00194767 0)
(0.675636 0.00187164 0)
(0.683421 0.00176015 0)
(0.690631 0.00161097 0)
(0.697105 0.00142514 0)
(0.702688 0.00120091 0)
(0.707215 0.000939754 0)
(0.710532 0.000639046 0)
(0.712473 0.000299701 0)
(0.712865 -8.31427e-05 0)
(0.711527 -0.000512755 0)
(0.708247 -0.000997956 0)
(0.702781 -0.00155114 0)
(0.69482 -0.00219306 0)
(0.683937 -0.00295676 0)
(0.669617 -0.00389631 0)
(0.650848 -0.00509012 0)
(0.62694 -0.00670536 0)
(0.594367 -0.00893672 0)
(0.554779 -0.0125682 0)
(0.487963 -0.0181644 0)
(0.425747 -0.0316414 0)
(0.212567 -0.0542765 0)
(0.223571 -0.208215 0)
(0.451054 0.159109 0)
(0.454491 0.0251099 0)
(0.616965 0.0116696 0)
(0.653369 0.00602384 0)
(0.689838 0.00370193 0)
(0.708457 0.00243224 0)
(0.722889 0.00170736 0)
(0.732721 0.0012548 0)
(0.740344 0.000973216 0)
(0.746384 0.000799989 0)
(0.751589 0.000702392 0)
(0.756381 0.000654089 0)
(0.761042 0.000639001 0)
(0.765735 0.000641658 0)
(0.770547 0.00065547 0)
(0.77552 0.000672117 0)
(0.780664 0.000689596 0)
(0.785952 0.000701798 0)
(0.79134 0.000707801 0)
(0.796758 0.000704165 0)
(0.802127 0.000689733 0)
(0.807353 0.000663082 0)
(0.81234 0.000623784 0)
(0.816988 0.000571112 0)
(0.821194 0.000505388 0)
(0.824857 0.000425809 0)
(0.827873 0.00033297 0)
(0.830142 0.000225669 0)
(0.831556 0.000104376 0)
(0.832006 -3.29252e-05 0)
(0.831373 -0.000187642 0)
(0.829521 -0.000363018 0)
(0.826291 -0.000564212 0)
(0.821477 -0.0007988 0)
(0.814797 -0.00108028 0)
(0.805906 -0.00142863 0)
(0.794105 -0.00187762 0)
(0.778924 -0.00248836 0)
(0.75781 -0.00336238 0)
(0.731879 -0.00477152 0)
(0.685937 -0.00717278 0)
(0.641634 -0.0128445 0)
(0.46556 -0.0262223 0)
(0.461602 -0.160504 0)
(0.781478 0.0411898 0)
(0.789517 0.0045259 0)
(0.865684 0.00178437 0)
(0.880623 0.000927919 0)
(0.895236 0.0005493 0)
(0.902435 0.000361726 0)
(0.907985 0.000251281 0)
(0.911717 0.00018457 0)
(0.914596 0.000142436 0)
(0.91685 0.000116226 0)
(0.91876 0.000100726 0)
(0.920474 9.22938e-05 0)
(0.922099 8.87846e-05 0)
(0.923698 8.79543e-05 0)
(0.925308 8.88698e-05 0)
(0.926947 9.03142e-05 0)
(0.928624 9.20151e-05 0)
(0.930332 9.3125e-05 0)
(0.93206 9.34494e-05 0)
(0.933788 9.26417e-05 0)
(0.935493 9.0403e-05 0)
(0.937144 8.66473e-05 0)
(0.938714 8.12118e-05 0)
(0.94017 7.40379e-05 0)
(0.941478 6.51386e-05 0)
(0.942608 5.43815e-05 0)
(0.943524 4.18446e-05 0)
(0.944193 2.73238e-05 0)
(0.944578 1.08865e-05 0)
(0.944642 -7.77297e-06 0)
(0.944343 -2.89161e-05 0)
(0.943632 -5.29666e-05 0)
(0.942451 -8.07858e-05 0)
(0.940725 -0.000113378 0)
(0.938346 -0.000152884 0)
(0.935189 -0.000202003 0)
(0.930982 -0.000266299 0)
(0.925552 -0.000353705 0)
(0.917871 -0.000483894 0)
(0.908407 -0.000687456 0)
(0.890822 -0.00107435 0)
(0.873707 -0.00192801 0)
(0.792949 -0.00467851 0)
(0.785094 -0.0413912 0)
)
;

boundaryField
{
    movingWall
    {
        type            fixedValue;
        value           uniform (1 0 0);
    }
    fixedWalls
    {
        type            noSlip;
    }
    frontAndBack
    {
        type            empty;
    }
    defaultFaces
    {
        type            empty;
    }
}


// ************************************************************************* //
