/*--------------------------------*- C++ -*----------------------------------*\
  =========                 |
  \\      /  F ield         | OpenFOAM: The Open Source CFD Toolbox
   \\    /   O peration     | Website:  https://openfoam.org
    \\  /    A nd           | Version:  7
     \\/     M anipulation  |
\*---------------------------------------------------------------------------*/
FoamFile
{
    version     2.0;
    format      ascii;
    class       surfaceScalarField;
    location    "0.02";
    object      phi;
}
// * * * * * * * * * * * * * * * * * * * * * * * * * * * * * * * * * * * * * //

dimensions      [0 3 -1 0 0 0 0];

internalField   nonuniform List<scalar> 
3784
(
-0.00128605
0.00128605
-0.00101472
-0.000271325
0.000220946
-0.00123567
0.000663712
-0.000442767
-0.000161365
0.000825077
-0.00116454
0.00100318
-0.00128675
0.000122203
-0.000458833
-0.000827913
0.000371773
-0.000830606
0.000549669
-0.000177896
0.000129517
0.000420151
-0.000513904
0.000643422
-0.000962687
0.000448784
-0.000975152
1.24649e-05
-0.000605505
-0.000369648
-0.000114288
-0.000491216
0.000218378
-0.000332667
0.000281556
-6.31781e-05
0.000141598
0.000139958
-6.86667e-05
0.000210264
-0.0002292
0.000160533
-0.000260574
3.13736e-05
-0.000135981
-0.000124592
0.000116236
-0.000252217
0.000404039
-0.000287803
0.000599568
-0.000195528
0.000599383
1.84719e-07
0.000377941
0.000221442
1.93588e-05
0.000358582
-0.000281656
0.000301015
-0.000283579
1.923e-06
0.000185287
-0.000468867
0.000962918
-0.000777631
0.00146899
-0.000506071
0.00116331
0.000305678
0.00023124
0.000932071
-0.000562871
0.000794111
-0.000496697
-6.61743e-05
0.000419315
-0.000916012
0.00122426
-0.000804943
0.000728842
0.000495417
-0.000563984
0.00129283
-0.000902529
0.000338545
-0.00090253
-0.00128703
0.00257307
-0.00139729
-0.000161063
0.000480985
-0.00311394
0.000796387
-0.000758167
-0.000279895
0.00190136
-0.00121369
0.00193697
-0.00151781
0.000426327
-0.000487165
-0.00185856
0.000571308
-0.00188908
0.000609779
-0.000216367
6.38014e-05
0.000966129
-0.000568162
0.00127538
-0.00103937
0.000919986
-0.00108985
6.29509e-05
-0.000684477
-0.000775022
-0.000117341
-0.00105835
0.000248734
-0.000698743
0.000303469
-0.000117913
0.000149186
0.000294241
-7.08221e-05
0.000430272
-0.000244093
0.000333803
-0.000285555
7.2837e-05
-0.000151668
-0.00025848
0.000128808
-0.000532693
0.000452617
-0.000611613
0.00066625
-0.00040916
0.000655967
1.04672e-05
0.000421122
0.000456287
5.47452e-05
0.000724958
-0.000283061
0.000638821
-0.000353204
7.20664e-05
0.000144408
-0.000966479
0.00109967
-0.00173289
0.00165393
-0.00106033
0.00124241
0.0007172
0.000355441
0.00181904
-0.000569459
0.00171901
-0.000800865
0.000165232
0.00047205
-0.00218893
0.00143601
-0.00176891
0.000753551
0.00117788
-0.000536895
0.00258327
-0.00118568
0.000987334
-0.00208821
-0.00173404
0.00430711
-0.00182281
-7.22972e-05
0.000333136
-0.00526988
0.000955501
-0.00138053
-0.000130159
0.00298702
-0.00130259
0.0031094
-0.00173842
0.000862155
-0.000646576
-0.0029504
0.000630296
-0.00316595
0.00081282
-0.00039889
0.000249684
0.00152927
-0.000484661
0.00200973
-0.00107124
0.00150656
-0.00118414
0.000175851
-0.000758656
-0.0012005
-0.00012815
-0.00168886
0.000288445
-0.00111534
0.000354659
-0.000184127
0.000180751
0.000468149
-7.09799e-05
0.000682003
-0.000270223
0.000533045
-0.000319234
0.000121849
-0.000170538
-0.000407176
0.000143223
-0.000846453
0.000500695
-0.000969085
0.000727809
-0.000636273
0.00069666
4.16156e-05
0.000408608
0.000744339
-1.84626e-05
0.00115203
-0.000391591
0.00101195
-0.000425215
0.000105691
0.000196352
-0.00158805
0.00126895
-0.00280549
0.00180855
-0.00159994
0.00124183
0.00128393
0.00016849
0.00289238
-0.00083921
0.00272671
-0.000915701
0.000241723
0.000604442
-0.00370907
0.00163575
-0.00280022
0.000803131
0.0020105
-0.000680849
0.00406725
-0.00134761
0.0016541
-0.00343583
-0.00127791
0.00558503
-0.00147058
0.000120369
-0.00010258
-0.00663788
0.000424112
-0.00190723
-0.000132923
0.00354406
-0.000895626
0.00387211
-0.0012824
0.00124893
-0.000596676
-0.00363613
0.000336917
-0.00409955
0.000558034
-0.000620007
0.000230861
0.00185644
-0.00027463
0.00251522
-0.000735087
0.00196702
-0.000893509
0.000334274
-0.000631908
-0.0014621
-0.000180697
-0.00214007
0.000148286
-0.00144432
0.000232851
-0.000268692
0.000133525
0.000567475
-3.71862e-05
0.000852713
-0.000179222
0.000675081
-0.00021048
0.000153107
-8.9648e-05
-0.000528009
0.000153829
-0.00108993
0.000420231
-0.00123549
0.000575447
-0.000791489
0.000526331
9.07313e-05
0.000299965
0.000970704
-5.05914e-06
0.00145705
-0.000236905
0.0012438
-0.000194747
6.35337e-05
0.000307341
-0.00209013
0.00105505
-0.0035532
0.00133345
-0.00187834
0.000826155
0.00179122
7.25135e-05
0.00364602
-0.000561679
0.0033609
-0.000557528
0.000237572
0.000470038
-0.00473664
0.00106082
-0.003391
0.000469154
0.00260217
-0.000371126
0.00490753
-0.000814648
0.00209762
-0.00425047
-0.000804304
0.00638933
-0.0011223
0.000438363
-0.000537729
-0.00722245
-0.000150836
-0.00229412
-0.000179591
0.00357281
-0.000469523
0.00416204
-0.00074718
0.00152659
-0.000502306
-0.003881
2.52928e-05
-0.00462714
0.000290697
-0.000885412
0.000228382
0.00191875
-1.77427e-05
0.00276134
-0.000315755
0.00226503
-0.000501249
0.000519769
-0.000433345
-0.00153001
-0.000212414
-0.002361
-3.63565e-06
-0.0016531
9.35528e-05
-0.000365881
7.89527e-05
0.000582074
4.08471e-06
0.000927581
-6.72011e-05
0.000746367
-7.68375e-05
0.000162744
5.33366e-06
-0.00061018
0.00015315
-0.00123775
0.000299031
-0.00138137
0.000362072
-0.000854529
0.000302797
0.000150005
0.00014904
0.00112446
-1.18857e-05
0.00161798
-7.95829e-05
0.00131149
4.60698e-05
-6.21188e-05
0.000386884
-0.00243095
0.000736534
-0.00390285
0.000723826
-0.00186563
0.000346795
0.00216825
-4.83194e-05
0.00404113
-0.000288087
0.00360067
-0.000201627
0.000151112
0.000301728
-0.00523999
0.000437812
-0.00352708
0.000153861
0.00288612
-7.94541e-05
0.00514085
-0.000271472
0.00228964
-0.00452195
-0.000316768
0.0067061
-0.000747647
0.000869243
-0.000913649
-0.00705645
-0.000695167
-0.0025126
-0.000290849
0.00316849
-8.67107e-05
0.0039579
-0.000172141
0.00161202
-0.000359475
-0.00369367
-0.000272045
-0.00471458
-1.91918e-05
-0.00113827
0.000155745
0.00174382
0.000204213
0.00271288
0.000115154
0.00235409
-4.63174e-05
0.000681242
-0.000173813
-0.00140252
-0.000201393
-0.00233342
-0.000142246
-0.00171224
-5.26395e-05
-0.000455489
1.57609e-05
0.000513674
4.46361e-05
0.000898706
5.42354e-05
0.000736766
6.88593e-05
0.000148121
0.00010126
-0.000642581
0.000135877
-0.00127236
0.000145867
-0.00139136
0.000115559
-0.00082422
5.07178e-05
0.000214845
-9.56101e-06
0.00118474
-1.01604e-05
0.00161858
9.4652e-05
0.00120668
0.000267585
-0.000235051
0.000401212
-0.00256457
0.000328561
-0.0038302
5.6211e-05
-0.00159328
-0.000118364
0.00234283
-0.000101659
0.00402443
1.53259e-05
0.00348369
0.000127916
3.85214e-05
0.000116156
-0.00522823
-0.000136654
-0.00327427
-0.00012018
0.00286965
0.000178816
0.00484185
0.000207208
0.00226124
-0.00431474
0.000162229
0.00654387
-0.000314515
0.00134599
-0.00113886
-0.00623211
-0.00107068
-0.00258077
-0.000402804
0.00250062
0.000216152
0.00333895
0.000365644
0.00146253
-0.000167086
-0.00316094
-0.000505591
-0.00437607
-0.00029886
-0.001345
4.79252e-05
0.00139703
0.000338778
0.00242202
0.000475777
0.00221709
0.000381539
0.000775482
0.000112526
-0.0011335
-0.000142482
-0.00207841
-0.000234329
-0.0016204
-0.000168945
-0.000520876
-4.29225e-05
0.000387653
7.50901e-05
0.000780694
0.000156819
0.000655036
0.000193658
0.000111282
0.000176472
-0.000625395
9.85652e-05
-0.00119445
-2.15668e-05
-0.00127123
-0.000134507
-0.000711279
-0.000186092
0.000266429
-0.000138594
0.00113724
1.9668e-05
0.00146032
0.000236195
0.000990151
0.000418205
-0.000417061
0.000325867
-0.00247224
-0.000125249
-0.00337908
-0.000549156
-0.00116937
-0.000478274
0.00227195
-9.05417e-05
0.0036367
0.000281269
0.00311188
0.000420324
-0.000100534
-6.3815e-05
-0.00474409
-0.000608371
-0.00272972
-0.000324881
0.00258616
0.000372211
0.00414476
0.000568614
0.00206484
-0.00374612
0.000632091
0.00591178
0.000249529
0.00172855
-0.00109546
-0.00488711
-0.00124298
-0.00243325
-0.000440549
0.00169818
0.000424384
0.00247401
0.000764277
0.00112263
5.84792e-05
-0.00245514
-0.000624322
-0.00369327
-0.000548625
-0.00142069
-9.75196e-05
0.000945926
0.000365873
0.00195863
0.000703875
0.00187909
0.000711849
0.000767509
0.000375516
-0.000797171
-4.06806e-05
-0.00166221
-0.000265558
-0.00139552
-0.000247561
-0.000538873
-9.40113e-05
0.000234104
8.77128e-05
0.00059897
0.000227409
0.000515339
0.000279408
5.92835e-05
0.000214798
-0.000560784
4.21622e-05
-0.00102182
-0.000178643
-0.00105042
-0.000343832
-0.00054609
-0.000363939
0.000286536
-0.000219475
0.000992778
5.26423e-05
0.0011882
0.000342423
0.00070037
0.000472724
-0.000547362
0.000162676
-0.00216219
-0.000551046
-0.00266536
-0.000996053
-0.000724363
-0.000695238
0.00197113
-6.11471e-05
0.0030026
0.000501495
0.00254924
0.00062823
-0.000227269
-0.000214793
-0.00390107
-0.000884323
-0.00206019
-0.000439945
0.00214178
0.000477881
0.00322693
0.000810176
0.00173255
-0.00293595
0.00104711
0.00486466
0.000911319
0.00186434
-0.000693355
-0.00328244
-0.00110272
-0.00202388
-0.000345862
0.000941322
0.000550438
0.00157771
0.000975801
0.00069727
0.000282696
-0.00176204
-0.000591767
-0.00281881
-0.000682397
-0.00133006
-0.000235629
0.000499155
0.000319395
0.00140361
0.000774326
0.00142416
0.000878216
0.000663622
0.000556905
-0.000475862
7.80496e-05
-0.00118336
-0.000232182
-0.00108529
-0.000271024
-0.000500032
-0.000125223
8.83021e-05
8.13385e-05
0.000392409
0.000251488
0.000345189
0.0003064
4.37273e-06
0.00020573
-0.000460115
-2.63225e-05
-0.000789767
-0.00029974
-0.000777007
-0.000478075
-0.000367754
-0.000458999
0.000267459
-0.000240926
0.000774704
8.48384e-05
0.000862436
0.000376967
0.000408241
0.000413012
-0.000583407
-5.23057e-05
-0.00169687
-0.000852363
-0.0018653
-0.00121579
-0.000360931
-0.000768553
0.00152389
-2.38723e-05
0.00225792
0.000656251
0.00186911
0.000719312
-0.000290328
-0.000328629
-0.00285313
-0.000998855
-0.00138996
-0.000455494
0.00159841
0.000477891
0.00229355
0.000913858
0.00129658
-0.00202209
0.00131112
0.00355354
0.00147604
0.00169943
-4.09448e-05
-0.00176545
-0.00067156
-0.00139327
-0.000122536
0.000392296
0.00062004
0.000835137
0.00102165
0.000295658
0.000458449
-0.00119883
-0.000421028
-0.00193933
-0.00065665
-0.00109444
-0.000304602
0.000147106
0.000235898
0.000863105
0.000714626
0.000945427
0.000872609
0.00050564
0.000624487
-0.000227742
0.000180879
-0.000739747
-0.000152737
-0.000751669
-0.000240535
-0.000412233
-0.000129961
-2.22724e-05
6.32359e-05
0.000199213
0.000227503
0.000180923
0.000271237
-3.93626e-05
0.000151972
-0.000340852
-9.59319e-05
-0.000541862
-0.000367546
-0.000505394
-0.000525261
-0.000210039
-0.000477922
0.000220118
-0.000233855
0.000530637
8.60976e-05
0.000542484
0.000323986
0.000170353
0.00025947
-0.000518893
-0.00025904
-0.00117836
-0.000977949
-0.00114639
-0.00121276
-0.00012612
-0.000740509
0.00105164
2.08502e-06
0.00151533
0.000670043
0.00120115
0.00064878
-0.000269063
-0.000400804
-0.00180354
-0.00096955
-0.000821218
-0.000417531
0.0010464
0.000389043
0.00148697
0.000840533
0.000845091
-0.00118156
0.00122949
0.00232405
0.00165447
0.00127445
0.000538031
-0.000649012
-0.000133306
-0.000721931
0.00014796
0.000111027
0.000648412
0.000334684
0.000938866
5.20449e-06
0.000535672
-0.000795639
-0.000192919
-0.00121074
-0.000496931
-0.000790431
-0.000285925
-6.38988e-05
0.000150374
0.000426808
0.000555609
0.00054019
0.000734832
0.000326417
0.000582528
-7.54373e-05
0.000237318
-0.000394536
-6.05128e-05
-0.000453839
-0.000173711
-0.000299036
-0.000110438
-8.55441e-05
3.80016e-05
5.07759e-05
0.000166169
5.27553e-05
0.000188712
-6.19079e-05
7.02281e-05
-0.000222369
-0.000151436
-0.000320197
-0.000378864
-0.000277967
-0.000496068
-9.28365e-05
-0.000429148
0.000153199
-0.000212765
0.000314253
4.848e-05
0.00028124
0.000201921
1.69111e-05
7.3914e-05
-0.000390888
-0.000396406
-0.000708044
-0.000935885
-0.000606913
-0.00104934
-1.26629e-05
-0.000630799
0.000633103
-1.30254e-05
0.00089756
0.000523264
0.000664865
0.000435644
-0.000181444
-0.000418578
-0.000949322
-0.000827434
-0.000412361
-0.000368023
0.000586984
0.000261751
0.000857197
0.000625977
0.000480867
-0.00055558
0.0009507
0.00137335
0.00138157
0.000843583
0.000768781
-3.62253e-05
0.000277475
-0.000230625
0.000358917
2.95846e-05
0.000635594
5.80071e-05
0.000777397
-0.0001366
0.000499835
-0.000518078
-1.28428e-05
-0.000698063
-0.000293218
-0.000510057
-0.00021021
-0.000146907
8.32112e-05
0.000133387
0.000381045
0.000242355
0.000535397
0.000172066
0.00046214
-2.1811e-06
0.000235888
-0.000168286
1.25377e-05
-0.000230487
-9.70983e-05
-0.000189398
-7.76771e-05
-0.000104964
1.07284e-05
-3.76288e-05
8.70807e-05
-2.35982e-05
8.66627e-05
-6.14914e-05
-1.43314e-05
-0.000121376
-0.000182686
-0.000151842
-0.000345728
-0.000114928
-0.000416234
-2.23312e-05
-0.00035392
9.08851e-05
-0.000190226
0.00015056
-1.24071e-05
0.00010342
5.57864e-05
-5.12838e-05
-8.83021e-05
-0.000246799
-0.000437464
-0.000358882
-0.000778841
-0.000265534
-0.000816731
2.52275e-05
-0.000510147
0.000326519
-6.41054e-05
0.000451519
0.000287134
0.000313625
0.000185862
-8.01717e-05
-0.000367306
-0.000396155
-0.000616097
-0.00016357
-0.000307062
0.000277951
0.000125904
0.00042423
0.000366233
0.000240537
-0.000189347
0.000609793
0.000763558
0.000919459
0.000533917
0.000706572
0.000176661
0.000449989
2.59562e-05
0.000459937
1.96355e-05
0.000556517
-3.85703e-05
0.00058837
-0.000168453
0.000392992
-0.000322701
7.55544e-05
-0.000380626
-0.000130445
-0.000304056
-0.000122733
-0.000154618
3.01645e-05
-1.95111e-05
0.000218139
5.43798e-05
0.000329428
6.07761e-05
0.000308768
1.84781e-05
0.000187246
-4.6766e-05
4.91728e-05
-9.2412e-05
-3.44443e-05
-0.000105777
-4.72739e-05
-9.21335e-05
-1.47189e-05
-7.01848e-05
1.18935e-05
-5.02111e-05
-4.73859e-06
-4.48591e-05
-7.82043e-05
-4.79104e-05
-0.000185512
-4.45352e-05
-0.000278622
-2.18188e-05
-0.000314351
1.3398e-05
-0.000268922
4.54575e-05
-0.000166755
4.83933e-05
-7.0775e-05
7.43761e-06
-6.03833e-05
-6.16761e-05
-0.000179116
-0.000128065
-0.000393927
-0.00014407
-0.000574875
-8.4586e-05
-0.000576878
2.72314e-05
-0.000386707
0.000136348
-0.0001132
0.000178013
7.75848e-05
0.000122841
1.03865e-05
-1.29737e-05
-0.000274343
-0.000111426
-0.000397633
-4.02795e-05
-0.000230706
0.000111026
2.36129e-05
0.000169911
0.000158237
0.000105911
-3.11109e-05
0.000346294
0.000417264
0.000541698
0.000338513
0.000516601
0.000201757
0.000439352
0.000103207
0.000430096
2.88896e-05
0.000442667
-5.11432e-05
0.000406146
-0.000131931
0.000270175
-0.00018673
8.94745e-05
-0.000199926
-3.92842e-05
-0.000175296
-6.33118e-05
-0.000130588
-1.0393e-06
-8.17843e-05
9.11822e-05
-3.78453e-05
0.000155668
-3.71197e-06
0.000163249
1.08963e-05
0.000116942
-4.58089e-07
5.18971e-05
-2.73651e-05
-3.78611e-07
-5.34999e-05
-2.68212e-05
-6.5691e-05
-3.61185e-05
-6.08878e-05
-4.28339e-05
-4.3495e-05
-6.51134e-05
-2.25792e-05
-0.000108533
-4.49156e-06
-0.000162581
9.51253e-06
-0.000204779
2.03798e-05
-0.000214927
2.35468e-05
-0.000187118
1.76484e-05
-0.000136978
-1.74705e-06
-0.000102516
-2.70259e-05
-0.000118046
-4.61458e-05
-0.000193929
-5.21799e-05
-0.000302387
-3.56113e-05
-0.000377783
-9.19113e-06
-0.000367418
1.6866e-05
-0.000265998
3.49293e-05
-0.00012762
3.96363e-05
-3.88464e-05
3.40656e-05
-6.47814e-05
1.296e-05
-0.00017202
-4.18658e-06
-0.000219875
7.57587e-06
-0.000145315
3.64663e-05
-2.47618e-05
4.93592e-05
4.28201e-05
3.83285e-05
1.17077e-05
0.000185845
0.000231419
0.000306234
0.000218124
0.000344873
0.000163116
0.000343531
0.000104551
0.00033523
3.71921e-05
0.00031265
-2.85669e-05
0.000257217
-7.64998e-05
0.000168934
-9.84442e-05
7.20688e-05
-0.000103057
-8.94649e-07
-0.000102333
-3.09752e-05
-0.000100509
-2.22612e-05
-9.05001e-05
6.73113e-06
-6.68402e-05
3.65393e-05
-3.35218e-05
5.31035e-05
-5.66734e-06
5.02565e-05
2.39001e-06
3.17086e-05
-8.81686e-06
4.77072e-06
-2.65618e-05
-2.35225e-05
-3.73973e-05
-4.85401e-05
-3.58693e-05
-6.86141e-05
-2.34203e-05
-8.67055e-05
-4.48767e-06
-0.000105473
1.42757e-05
-0.000122618
2.66583e-05
-0.000131537
2.93e-05
-0.000128989
2.09986e-05
-0.000115466
4.12545e-06
-0.000101614
-1.56002e-05
-0.000100556
-2.80827e-05
-0.000119555
-2.71464e-05
-0.00015831
-1.34245e-05
-0.000196376
2.45533e-06
-0.000215816
1.02481e-05
-0.000203729
4.77926e-06
-0.000160468
-8.33179e-06
-0.000109443
-1.1389e-05
-7.39883e-05
-1.39009e-06
-7.25221e-05
1.1492e-05
-9.37868e-05
1.70777e-05
-0.000100821
1.46126e-05
-7.38636e-05
9.50813e-06
-3.08554e-05
6.34971e-06
-5.40839e-07
8.01409e-06
1.11668e-05
9.69999e-05
0.00013442
0.000172906
0.000142223
0.00021662
0.000119401
0.000235332
8.58372e-05
0.000230689
4.18357e-05
0.000202044
7.92111e-08
0.000156374
-3.08301e-05
0.000104009
-4.60765e-05
5.38444e-05
-5.28907e-05
1.3939e-05
-6.24287e-05
-1.46645e-05
-7.19089e-05
-3.06006e-05
-7.45654e-05
-3.37204e-05
-6.37204e-05
-2.51333e-05
-4.21097e-05
-9.64529e-06
-2.11564e-05
3.25852e-06
-1.05138e-05
4.8799e-06
-1.04375e-05
-7.38849e-06
-1.42925e-05
-2.84945e-05
-1.62904e-05
-5.05605e-05
-1.38027e-05
-6.73812e-05
-6.59911e-06
-7.67093e-05
4.84095e-06
-7.97431e-05
1.73104e-05
-7.7686e-05
2.46021e-05
-7.16187e-05
2.32332e-05
-6.43578e-05
1.37374e-05
-5.97789e-05
-4.54555e-07
-6.17569e-05
-1.36224e-05
-7.09855e-05
-1.88525e-05
-8.53311e-05
-1.27999e-05
-9.80131e-05
-7.43143e-07
-0.000104323
8.76497e-06
-0.000101851
7.77535e-06
-9.28334e-05
-4.23791e-06
-8.26237e-05
-1.85428e-05
-7.15216e-05
-2.24921e-05
-6.0201e-05
-1.27112e-05
-5.13156e-05
2.60663e-06
-4.55802e-05
1.13404e-05
-3.94879e-05
8.52043e-06
-3.01838e-05
2.04841e-07
-1.92717e-05
-4.56406e-06
-8.76702e-06
-2.49178e-06
2.40052e-06
4.91444e-05
8.52742e-05
9.54662e-05
9.59011e-05
0.000128922
8.59451e-05
0.000147239
6.75185e-05
0.000146864
4.22091e-05
0.000130277
1.66681e-05
0.000100877
-1.42827e-06
7.09728e-05
-1.61728e-05
4.44506e-05
-2.63702e-05
2.02653e-05
-3.82452e-05
-3.58711e-06
-4.80571e-05
-2.45535e-05
-5.35989e-05
-3.75693e-05
-5.07055e-05
-3.8264e-05
-4.14172e-05
-2.88924e-05
-3.0529e-05
-1.82905e-05
-2.11145e-05
-1.43888e-05
-1.43377e-05
-1.94956e-05
-9.18551e-06
-3.03242e-05
-5.46158e-06
-4.14511e-05
-2.6752e-06
-4.87899e-05
7.4039e-07
-5.03716e-05
6.42359e-06
-4.59765e-05
1.29166e-05
-3.75599e-05
1.61859e-05
-2.80819e-05
1.37544e-05
-2.12344e-05
6.889e-06
-2.0094e-05
-1.59512e-06
-2.52621e-05
-8.45404e-06
-3.37906e-05
-1.03232e-05
-4.07329e-05
-5.85706e-06
-4.23226e-05
8.46038e-07
-3.80383e-05
4.47991e-06
-3.14158e-05
1.15226e-06
-2.77609e-05
-7.89224e-06
-2.99421e-05
-1.63622e-05
-3.31661e-05
-1.92692e-05
-3.24695e-05
-1.34097e-05
-2.61766e-05
-3.68532e-06
-1.74604e-05
2.62414e-06
-1.10546e-05
2.11224e-06
-8.52997e-06
-2.32005e-06
-7.60434e-06
-5.48909e-06
-4.95035e-06
-5.14609e-06
-2.54967e-06
2.53703e-05
5.99033e-05
5.29583e-05
6.83113e-05
7.60653e-05
6.2838e-05
9.11205e-05
5.24633e-05
9.4951e-05
3.83784e-05
8.80312e-05
2.35882e-05
7.59122e-05
1.06909e-05
6.01888e-05
-4.50736e-07
4.48598e-05
-1.10427e-05
2.80251e-05
-2.14104e-05
1.07292e-05
-3.07602e-05
-6.12225e-06
-3.67483e-05
-1.84815e-05
-3.83491e-05
-2.38067e-05
-3.60936e-05
-2.3498e-05
-3.08364e-05
-2.0672e-05
-2.39385e-05
-1.96128e-05
-1.5397e-05
-2.09993e-05
-7.79967e-06
-2.33665e-05
-3.09385e-06
-2.49952e-05
-1.04531e-06
-2.47989e-05
5.44779e-07
-2.18438e-05
3.46934e-06
-1.57869e-05
6.86087e-06
-7.57211e-06
7.97102e-06
2.19305e-07
5.96179e-06
5.15186e-06
1.95573e-06
5.71236e-06
-2.15542e-06
2.2486e-06
-4.98956e-06
-2.39969e-06
-5.67462e-06
-4.33043e-06
-3.92685e-06
-2.23769e-06
-1.24675e-06
2.53628e-06
-2.93806e-07
6.51907e-06
-2.83069e-06
6.34673e-06
-7.71995e-06
1.91156e-06
-1.19274e-05
-4.45507e-06
-1.29019e-05
-7.6934e-06
-1.01736e-05
-5.73876e-06
-5.64164e-06
-1.32913e-06
-1.78405e-06
1.49803e-06
-7.14875e-07
1.2169e-06
-2.0399e-06
-5.1534e-07
-3.75628e-06
-1.1734e-06
-4.48684e-06
-3.72285e-06
1.54946e-05
4.44087e-05
3.36824e-05
5.01233e-05
5.01871e-05
4.63331e-05
6.25615e-05
4.0089e-05
6.86335e-05
3.23066e-05
6.85633e-05
2.36579e-05
6.44201e-05
1.48333e-05
5.78121e-05
6.1567e-06
4.9387e-05
-2.61727e-06
3.9065e-05
-1.10877e-05
2.68926e-05
-1.85887e-05
1.45103e-05
-2.43684e-05
4.81864e-06
-2.86589e-05
-2.98764e-06
-2.8286e-05
-8.40721e-06
-2.5415e-05
-1.23204e-05
-2.00257e-05
-1.40236e-05
-1.36952e-05
-1.3519e-05
-8.30377e-06
-1.14208e-05
-5.19059e-06
-8.64487e-06
-3.8208e-06
-5.55647e-06
-2.54339e-06
-1.42179e-06
-6.63808e-07
4.36391e-06
1.07615e-06
1.08017e-05
1.53252e-06
1.63485e-05
4.14544e-07
1.98448e-05
-1.54029e-06
2.08378e-05
-3.14856e-06
1.98584e-05
-4.00976e-06
1.83562e-05
-4.17164e-06
1.81502e-05
-3.72113e-06
1.99107e-05
-3.00737e-06
2.26082e-05
-2.99095e-06
2.4127e-05
-4.34819e-06
2.29028e-05
-6.49505e-06
1.91271e-05
-8.1536e-06
1.43995e-05
-8.17357e-06
1.05818e-05
-6.3552e-06
8.67971e-06
-3.74181e-06
8.4159e-06
-1.52098e-06
8.09126e-06
-3.88801e-07
6.52368e-06
-4.71713e-07
4.03573e-06
-1.26856e-06
1.61674e-06
-2.06783e-06
-2.10628e-06
1.21034e-05
3.23053e-05
2.5994e-05
3.62335e-05
3.87537e-05
3.3574e-05
4.88762e-05
2.99667e-05
5.55614e-05
2.56216e-05
5.877e-05
2.04494e-05
5.9123e-05
1.44805e-05
5.7323e-05
7.95734e-06
5.29655e-05
1.74089e-06
4.6901e-05
-5.02376e-06
3.89267e-05
-1.06163e-05
2.97131e-05
-1.51561e-05
1.93047e-05
-1.82494e-05
1.04485e-05
-1.94278e-05
2.92289e-06
-1.78898e-05
-2.42068e-06
-1.46842e-05
-4.7243e-06
-1.13914e-05
-3.99859e-06
-9.02699e-06
-1.40429e-06
-7.78381e-06
1.64287e-06
-6.86885e-06
4.74952e-06
-5.64917e-06
8.60192e-06
-4.51336e-06
1.33912e-05
-3.71236e-06
1.8312e-05
-3.38943e-06
2.23571e-05
-3.63011e-06
2.49161e-05
-4.09787e-06
2.62702e-05
-4.50261e-06
2.67435e-05
-4.48315e-06
2.67616e-05
-4.18913e-06
2.70163e-05
-3.97502e-06
2.79627e-05
-3.9528e-06
2.8895e-05
-3.92373e-06
2.90525e-05
-4.50528e-06
2.75617e-05
-5.00159e-06
2.45863e-05
-5.17878e-06
2.09815e-05
-4.57039e-06
1.76544e-05
-3.02685e-06
1.50331e-05
-1.12019e-06
1.30818e-05
4.28769e-07
1.13464e-05
1.34572e-06
9.22086e-06
1.65389e-06
6.4289e-06
1.52326e-06
3.13043e-06
1.23007e-06
1.0235e-06
1.04197e-05
2.18858e-05
2.1756e-05
2.48984e-05
3.17857e-05
2.35452e-05
4.00675e-05
2.16858e-05
4.6486e-05
1.92038e-05
5.09187e-05
1.60175e-05
5.32338e-05
1.21659e-05
5.33533e-05
7.83805e-06
5.16805e-05
3.41299e-06
4.74573e-05
-8.02008e-07
4.14454e-05
-4.60559e-06
3.39539e-05
-7.66415e-06
2.54403e-05
-9.73437e-06
1.66736e-05
-1.06613e-05
9.47076e-06
-1.06888e-05
4.59713e-06
-9.81148e-06
2.22524e-06
-9.01785e-06
1.95981e-06
-8.75969e-06
2.77663e-06
-8.60082e-06
4.10197e-06
-8.19446e-06
6.18975e-06
-7.73503e-06
9.06364e-06
-7.38522e-06
1.26874e-05
-7.33624e-06
1.63511e-05
-7.05331e-06
1.92896e-05
-6.56752e-06
2.12907e-05
-6.09848e-06
2.26384e-05
-5.85014e-06
2.36259e-05
-5.46965e-06
2.43445e-05
-4.90807e-06
2.48498e-05
-4.48076e-06
2.52261e-05
-4.32678e-06
2.5534e-05
-4.23095e-06
2.50397e-05
-4.01268e-06
2.36501e-05
-3.6107e-06
2.14215e-05
-2.94834e-06
1.88362e-05
-1.9863e-06
1.64535e-05
-6.45235e-07
1.44456e-05
8.88098e-07
1.26385e-05
2.23545e-06
1.07802e-05
3.20265e-06
8.62199e-06
3.81077e-06
5.9926e-06
4.15183e-06
2.91336e-06
4.30866e-06
3.93639e-06
7.9011e-06
1.39854e-05
1.66419e-05
1.61593e-05
2.44983e-05
1.56903e-05
3.13752e-05
1.48103e-05
3.71669e-05
1.34133e-05
4.16468e-05
1.15383e-05
4.45251e-05
9.2879e-06
4.55396e-05
6.82331e-06
4.46335e-05
4.31826e-06
4.17539e-05
2.07702e-06
3.7334e-05
-1.85421e-07
3.16468e-05
-1.97616e-06
2.52106e-05
-3.29785e-06
1.87125e-05
-4.16402e-06
1.28174e-05
-4.79419e-06
8.78892e-06
-5.782e-06
6.09757e-06
-6.32499e-06
4.42814e-06
-7.09003e-06
3.53222e-06
-7.70495e-06
3.36335e-06
-8.02393e-06
3.91609e-06
-8.28582e-06
5.21866e-06
-8.68805e-06
6.81796e-06
-8.93621e-06
8.56057e-06
-8.79417e-06
1.01442e-05
-8.1496e-06
1.14648e-05
-7.42037e-06
1.24614e-05
-6.8472e-06
1.32624e-05
-6.26805e-06
1.39803e-05
-5.6257e-06
1.44662e-05
-4.96876e-06
1.46307e-05
-4.49011e-06
1.45231e-05
-4.1211e-06
1.40844e-05
-3.57506e-06
1.32583e-05
-2.78574e-06
1.20654e-05
-1.75428e-06
1.06739e-05
-5.94629e-07
9.34979e-06
6.77652e-07
8.21684e-06
2.02017e-06
7.15335e-06
3.29858e-06
5.98135e-06
4.37404e-06
4.61294e-06
5.17822e-06
3.07206e-06
5.69167e-06
1.42237e-06
5.95744e-06
5.35851e-06
4.54136e-06
9.44501e-06
9.76659e-06
1.09352e-05
1.47802e-05
1.06774e-05
1.94714e-05
1.01196e-05
2.36472e-05
9.23768e-06
2.70423e-05
8.14296e-06
2.93942e-05
6.93542e-06
3.05248e-05
5.69173e-06
3.03798e-05
4.46256e-06
2.9176e-05
3.2807e-06
2.68418e-05
2.14904e-06
2.37774e-05
1.08829e-06
2.03514e-05
1.27472e-07
1.69797e-05
-7.93103e-07
1.39834e-05
-1.79762e-06
1.12239e-05
-3.02133e-06
9.27011e-06
-4.371e-06
7.69559e-06
-5.5166e-06
6.40715e-06
-6.41658e-06
5.44238e-06
-7.05737e-06
4.76101e-06
-7.60364e-06
4.22125e-06
-8.15014e-06
3.79014e-06
-8.5063e-06
3.40311e-06
-8.4052e-06
3.10366e-06
-7.84862e-06
2.83056e-06
-7.14904e-06
2.54802e-06
-6.56577e-06
2.41497e-06
-6.13281e-06
2.44506e-06
-5.65477e-06
2.47695e-06
-5.00261e-06
2.4389e-06
-4.45251e-06
2.24971e-06
-3.93027e-06
1.96706e-06
-3.29241e-06
1.62586e-06
-2.44587e-06
1.2409e-06
-1.36966e-06
8.11651e-07
-1.65263e-07
4.00006e-07
1.08873e-06
7.82954e-08
2.34095e-06
-1.42897e-07
3.51912e-06
-2.96222e-07
4.527e-06
-3.91805e-07
5.27347e-06
-3.87666e-07
5.68714e-06
-2.51912e-07
5.82128e-06
5.10676e-06
1.98724e-06
7.45878e-06
4.49735e-06
8.42581e-06
7.23512e-06
7.93997e-06
1.01363e-05
7.21875e-06
1.30059e-05
6.36818e-06
1.56216e-05
5.52708e-06
1.77957e-05
4.76098e-06
1.94073e-05
4.07966e-06
2.04216e-05
3.44811e-06
2.08829e-05
2.81989e-06
2.09166e-05
2.11583e-06
2.07219e-05
1.28291e-06
2.04735e-05
3.75179e-07
2.03064e-05
-6.26453e-07
2.02481e-05
-1.73874e-06
2.01613e-05
-2.93364e-06
1.98888e-05
-4.09897e-06
1.93723e-05
-5.00162e-06
1.85008e-05
-5.54551e-06
1.72296e-05
-5.785e-06
1.55444e-05
-5.91827e-06
1.34622e-05
-6.06972e-06
1.11103e-05
-6.15552e-06
8.71156e-06
-6.00494e-06
6.44572e-06
-5.58122e-06
4.36666e-06
-5.07083e-06
2.50901e-06
-4.70896e-06
9.00666e-07
-4.52302e-06
-3.84867e-07
-4.36802e-06
-1.24237e-06
-4.14606e-06
-1.88795e-06
-3.80772e-06
-2.44359e-06
-3.37391e-06
-2.91946e-06
-2.81604e-06
-3.30936e-06
-2.0564e-06
-3.58588e-06
-1.09344e-06
-3.75619e-06
5.21899e-09
-3.81558e-06
1.14823e-06
-3.73131e-06
2.2565e-06
-3.4723e-06
3.25987e-06
-3.0317e-06
4.08631e-06
-2.42425e-06
4.66614e-06
-1.67699e-06
4.94017e-06
-8.21669e-07
4.9664e-06
4.28582e-06
1.09099e-06
6.36783e-06
2.55246e-06
6.96379e-06
4.27351e-06
6.21846e-06
6.27183e-06
5.22022e-06
8.49228e-06
4.14739e-06
1.08539e-05
3.16497e-06
1.32509e-05
2.36344e-06
1.55769e-05
1.75316e-06
1.77743e-05
1.25041e-06
1.96711e-05
9.23197e-07
2.15905e-05
1.96562e-07
2.35143e-05
-6.41447e-07
2.54091e-05
-1.52083e-06
2.72193e-05
-2.43751e-06
2.88166e-05
-3.33597e-06
3.00168e-05
-4.1338e-06
3.06251e-05
-4.70839e-06
3.0523e-05
-4.90136e-06
2.96377e-05
-4.66104e-06
2.79633e-05
-4.11007e-06
2.55404e-05
-3.49527e-06
2.24943e-05
-3.02492e-06
1.90663e-05
-2.72834e-06
1.55546e-05
-2.49205e-06
1.22226e-05
-2.24762e-06
9.21356e-06
-2.06191e-06
6.54892e-06
-2.04489e-06
4.22274e-06
-2.19609e-06
2.24708e-06
-2.39142e-06
5.98567e-07
-2.49791e-06
-7.53844e-07
-2.45597e-06
-1.78286e-06
-2.3446e-06
-2.74835e-06
-1.8499e-06
-3.58669e-06
-1.21777e-06
-4.2215e-06
-4.58503e-07
-4.62285e-06
4.06863e-07
-4.77418e-06
1.29989e-06
-4.66282e-06
2.14533e-06
-4.28499e-06
2.88214e-06
-3.65912e-06
3.46065e-06
-2.83345e-06
3.84096e-06
-1.8923e-06
3.99985e-06
-9.0074e-07
3.97594e-06
3.38592e-06
8.52817e-07
5.51475e-06
1.92139e-06
5.89495e-06
3.06298e-06
5.07691e-06
4.37047e-06
3.91287e-06
5.92303e-06
2.59474e-06
7.76361e-06
1.32423e-06
9.83221e-06
2.94489e-07
1.20345e-05
-4.49611e-07
1.44244e-05
-1.13983e-06
1.71582e-05
-1.81061e-06
1.99507e-05
-2.59604e-06
2.2628e-05
-3.31954e-06
2.50708e-05
-3.96487e-06
2.71253e-05
-4.49305e-06
2.86546e-05
-4.86546e-06
2.95458e-05
-5.02498e-06
2.97476e-05
-4.91104e-06
2.92477e-05
-4.40275e-06
2.80472e-05
-3.461e-06
2.61883e-05
-2.25045e-06
2.37314e-05
-1.03774e-06
2.07923e-05
-8.63e-08
1.75721e-05
4.91534e-07
1.43291e-05
7.52107e-07
1.12615e-05
8.21333e-07
8.47862e-06
7.21219e-07
5.98842e-06
4.44782e-07
3.74743e-06
4.49833e-08
1.7243e-06
-3.67891e-07
-5.13577e-08
-7.22472e-07
-1.55866e-06
-9.49167e-07
-3.09031e-06
-8.12912e-07
-4.40362e-06
-5.36107e-07
-5.43431e-06
-1.8669e-07
-6.18837e-06
2.95688e-07
-6.60882e-06
8.2738e-07
-6.66123e-06
1.35239e-06
-6.34973e-06
1.83396e-06
-5.7074e-06
2.24005e-06
-4.79356e-06
2.54729e-06
-3.68773e-06
2.73593e-06
-2.4685e-06
2.78171e-06
-1.19421e-06
2.7029e-06
2.1921e-06
4.5581e-07
5.05861e-06
1.03565e-06
5.31504e-06
1.59268e-06
4.51991e-06
2.07894e-06
3.42652e-06
2.49342e-06
2.17989e-06
2.94152e-06
8.75732e-07
3.62598e-06
-3.90599e-07
4.77935e-06
-1.60381e-06
6.34835e-06
-2.70945e-06
8.22402e-06
-3.68656e-06
1.01168e-05
-4.48914e-06
1.18366e-05
-5.04017e-06
1.31778e-05
-5.30737e-06
1.39912e-05
-5.30734e-06
1.42136e-05
-5.08788e-06
1.38501e-05
-4.66111e-06
1.29807e-05
-4.04165e-06
1.17772e-05
-3.19971e-06
1.03068e-05
-1.99057e-06
8.58271e-06
-5.25527e-07
6.66902e-06
8.7673e-07
4.5933e-06
1.9893e-06
2.42396e-06
2.66055e-06
2.58969e-07
2.91756e-06
-1.78816e-06
2.8692e-06
-3.63752e-06
2.57044e-06
-5.21679e-06
2.02315e-06
-6.63002e-06
1.45751e-06
-7.96949e-06
9.7129e-07
-9.27607e-06
5.83714e-07
-1.05657e-05
3.39964e-07
-1.16462e-05
2.67446e-07
-1.24767e-05
2.94626e-07
-1.30206e-05
3.5738e-07
-1.31825e-05
4.57425e-07
-1.29087e-05
5.53244e-07
-1.21852e-05
6.28576e-07
-1.10366e-05
6.85261e-07
-9.5265e-06
7.30115e-07
-7.74875e-06
7.70002e-07
-5.813e-06
8.0091e-07
-3.81013e-06
7.7967e-07
-1.79098e-06
6.84463e-07
4.01041e-07
-7.66547e-08
5.13534e-06
-8.55805e-08
5.32395e-06
-3.37217e-07
4.77129e-06
-1.09471e-06
4.18353e-06
-2.37391e-06
3.45855e-06
-3.98082e-06
2.48217e-06
-5.52294e-06
1.15088e-06
-6.76076e-06
-3.6674e-07
-7.57712e-06
-1.89362e-06
-8.03487e-06
-3.22903e-06
-8.33439e-06
-4.18979e-06
-8.70341e-06
-4.67156e-06
-9.3361e-06
-4.6753e-06
-1.03437e-05
-4.30001e-06
-1.17306e-05
-3.70061e-06
-1.33937e-05
-2.99699e-06
-1.52783e-05
-2.15645e-06
-1.70972e-05
-1.38064e-06
-1.87671e-05
-3.2053e-07
-2.02599e-05
9.67849e-07
-2.16118e-05
2.22902e-06
-2.29183e-05
3.29546e-06
-2.41088e-05
3.85045e-06
-2.51735e-05
3.98211e-06
-2.60433e-05
3.73909e-06
-2.67057e-05
3.23251e-06
-2.72588e-05
2.57514e-06
-2.76805e-05
1.8783e-06
-2.7936e-05
1.22632e-06
-2.80321e-05
6.79612e-07
-2.79573e-05
2.65006e-07
-2.76525e-05
-3.73488e-08
-2.70647e-05
-2.93009e-07
-2.61484e-05
-5.58897e-07
-2.48264e-05
-8.64888e-07
-2.30644e-05
-1.20921e-06
-2.08655e-05
-1.57087e-06
-1.8264e-05
-1.91661e-06
-1.53278e-05
-2.20621e-06
-1.21546e-05
-2.40301e-06
-8.87073e-06
-2.48267e-06
-5.63665e-06
-2.45417e-06
-2.56651e-06
-2.3856e-06
-2.16568e-06
-6.58878e-07
5.79417e-06
-1.62543e-06
6.29004e-06
-3.21218e-06
6.35735e-06
-5.73529e-06
6.70584e-06
-9.14281e-06
6.86558e-06
-1.30543e-05
6.39352e-06
-1.71112e-05
5.20751e-06
-2.09748e-05
3.4965e-06
-2.44799e-05
1.61132e-06
-2.7607e-05
-1.01907e-07
-3.0439e-05
-1.3575e-06
-3.30907e-05
-2.01955e-06
-3.56705e-05
-2.09537e-06
-3.82462e-05
-1.72417e-06
-4.08226e-05
-1.12361e-06
-4.3347e-05
-4.71668e-07
-4.56486e-05
1.45787e-07
-4.78676e-05
8.3844e-07
-4.97186e-05
1.53022e-06
-5.12143e-05
2.4635e-06
-5.24575e-05
3.47214e-06
-5.3415e-05
4.25253e-06
-5.4189e-05
4.62388e-06
-5.47048e-05
4.49778e-06
-5.48934e-05
3.92784e-06
-5.47239e-05
3.06279e-06
-5.42063e-05
2.05683e-06
-5.3358e-05
1.0292e-06
-5.21921e-05
6.00917e-08
-5.07164e-05
-7.96149e-07
-4.89208e-05
-1.53047e-06
-4.67847e-05
-2.17327e-06
-4.42927e-05
-2.78496e-06
-4.14337e-05
-3.41801e-06
-3.82032e-05
-4.09579e-06
-3.4609e-05
-4.80392e-06
-3.06741e-05
-5.50643e-06
-2.64332e-05
-6.1579e-06
-2.19405e-05
-6.69911e-06
-1.72699e-05
-7.07367e-06
-1.25367e-05
-7.21589e-06
-7.92252e-06
-7.06849e-06
-3.57813e-06
-6.73014e-06
-5.74388e-06
-1.6144e-06
7.40817e-06
-4.10649e-06
8.78151e-06
-7.56791e-06
9.81805e-06
-1.20779e-05
1.12152e-05
-1.73605e-05
1.21482e-05
-2.30497e-05
1.20831e-05
-2.88662e-05
1.10244e-05
-3.45856e-05
9.21596e-06
-4.00722e-05
7.09805e-06
-4.5191e-05
5.0172e-06
-4.98697e-05
3.32199e-06
-5.40691e-05
2.18061e-06
-5.78006e-05
1.63659e-06
-6.11196e-05
1.5949e-06
-6.40781e-05
1.83514e-06
-6.67417e-05
2.19237e-06
-6.9139e-05
2.5433e-06
-7.12458e-05
2.94502e-06
-7.31565e-05
3.44044e-06
-7.48125e-05
4.11915e-06
-7.61649e-05
4.82455e-06
-7.72465e-05
5.33409e-06
-7.8018e-05
5.39538e-06
-7.83954e-05
4.87553e-06
-7.82955e-05
3.82844e-06
-7.76567e-05
2.42411e-06
-7.64648e-05
8.64564e-07
-7.47431e-05
-6.93088e-07
-7.25309e-05
-2.15245e-06
-6.98588e-05
-3.4683e-06
-6.67416e-05
-4.64766e-06
-6.31916e-05
-5.72342e-06
-5.9218e-05
-6.75889e-06
-5.48454e-05
-7.79102e-06
-5.01023e-05
-8.83941e-06
-4.50237e-05
-9.88311e-06
-3.96545e-05
-1.0876e-05
-3.40387e-05
-1.1774e-05
-2.82376e-05
-1.25003e-05
-2.23125e-05
-1.29988e-05
-1.63615e-05
-1.31669e-05
-1.05091e-05
-1.2921e-05
-4.86038e-06
-1.23789e-05
-1.06042e-05
-3.10407e-06
1.05118e-05
-7.66184e-06
1.33389e-05
-1.31575e-05
1.53133e-05
-1.92684e-05
1.73259e-05
-2.55724e-05
1.84528e-05
-3.18886e-05
1.84002e-05
-3.82336e-05
1.73699e-05
-4.45305e-05
1.55131e-05
-5.07032e-05
1.32709e-05
-5.65004e-05
1.08149e-05
-6.17445e-05
8.56696e-06
-6.62962e-05
6.73313e-06
-7.01112e-05
5.45182e-06
-7.32689e-05
4.75232e-06
-7.58562e-05
4.42215e-06
-7.80606e-05
4.39687e-06
-8.00041e-05
4.48682e-06
-8.18028e-05
4.74361e-06
-8.3519e-05
5.15636e-06
-8.51093e-05
5.7095e-06
-8.65391e-05
6.2549e-06
-8.7717e-05
6.51264e-06
-8.85593e-05
6.23859e-06
-8.89548e-05
5.27189e-06
-8.88131e-05
3.68752e-06
-8.80684e-05
1.6798e-06
-8.6709e-05
-4.95036e-07
-8.47692e-05
-2.63341e-06
-8.22981e-05
-4.6239e-06
-7.93477e-05
-6.41905e-06
-7.59366e-05
-8.05915e-06
-7.20829e-05
-9.57774e-06
-6.77792e-05
-1.10634e-05
-6.3035e-05
-1.25361e-05
-5.78564e-05
-1.40188e-05
-5.22552e-05
-1.5485e-05
-4.62699e-05
-1.68617e-05
-3.99297e-05
-1.81142e-05
-3.33211e-05
-1.91089e-05
-2.65184e-05
-1.98015e-05
-1.96523e-05
-2.0033e-05
-1.28259e-05
-1.97473e-05
-6.09214e-06
-1.91126e-05
-1.66962e-05
-4.94465e-06
1.54562e-05
-1.16249e-05
2.00191e-05
-1.87645e-05
2.24526e-05
-2.56751e-05
2.42367e-05
-3.20151e-05
2.47935e-05
-3.78321e-05
2.42178e-05
-4.34796e-05
2.30176e-05
-4.89769e-05
2.10103e-05
-5.43742e-05
1.86682e-05
-5.9377e-05
1.58181e-05
-6.38281e-05
1.30186e-05
-6.75957e-05
1.05013e-05
-7.0611e-05
8.46685e-06
-7.29965e-05
7.13749e-06
-7.47943e-05
6.21944e-06
-7.62525e-05
5.85521e-06
-7.74989e-05
5.73356e-06
-7.87166e-05
5.96164e-06
-7.9965e-05
6.40503e-06
-8.12152e-05
6.96022e-06
-8.24074e-05
7.44792e-06
-8.34076e-05
7.51391e-06
-8.41294e-05
6.96139e-06
-8.44572e-05
5.60056e-06
-8.43308e-05
3.5617e-06
-8.3707e-05
1.05596e-06
-8.25914e-05
-1.61103e-06
-8.10307e-05
-4.19483e-06
-7.907e-05
-6.58503e-06
-7.67682e-05
-8.72159e-06
-7.41196e-05
-1.07083e-05
-7.11312e-05
-1.25671e-05
-6.77465e-05
-1.44492e-05
-6.39279e-05
-1.63559e-05
-5.96198e-05
-1.8328e-05
-5.47504e-05
-2.0355e-05
-4.93037e-05
-2.23089e-05
-4.32212e-05
-2.41969e-05
-3.65793e-05
-2.57509e-05
-2.9439e-05
-2.69418e-05
-2.20055e-05
-2.74662e-05
-1.44708e-05
-2.72818e-05
-6.97386e-06
-2.66093e-05
-2.36697e-05
-6.71997e-06
2.21762e-05
-1.5151e-05
2.84503e-05
-2.3246e-05
3.05476e-05
-3.00856e-05
3.10767e-05
-3.559e-05
3.02983e-05
-3.99631e-05
2.85908e-05
-4.3891e-05
2.69452e-05
-4.74368e-05
2.45558e-05
-5.08626e-05
2.20938e-05
-5.39307e-05
1.88865e-05
-5.66052e-05
1.56931e-05
-5.88592e-05
1.27557e-05
-6.05936e-05
1.02008e-05
-6.19775e-05
8.52132e-06
-6.29181e-05
7.15976e-06
-6.36511e-05
6.58862e-06
-6.42132e-05
6.29637e-06
-6.47787e-05
6.52792e-06
-6.54061e-05
7.0331e-06
-6.60633e-05
7.61806e-06
-6.67203e-05
8.10579e-06
-6.72404e-05
8.03498e-06
-6.75877e-05
7.3094e-06
-6.76775e-05
5.69079e-06
-6.75084e-05
3.39269e-06
-6.70761e-05
6.23247e-07
-6.64059e-05
-2.28172e-06
-6.5555e-05
-5.04677e-06
-6.45439e-05
-7.59668e-06
-6.34312e-05
-9.83547e-06
-6.21694e-05
-1.19709e-05
-6.07578e-05
-1.398e-05
-5.90926e-05
-1.61156e-05
-5.70926e-05
-1.8357e-05
-5.46511e-05
-2.07707e-05
-5.15907e-05
-2.34162e-05
-4.78258e-05
-2.60744e-05
-4.31365e-05
-2.88866e-05
-3.751e-05
-3.13773e-05
-3.08798e-05
-3.35721e-05
-2.34535e-05
-3.48921e-05
-1.55081e-05
-3.52268e-05
-7.50818e-06
-3.46088e-05
-3.11774e-05
-8.28579e-06
3.04621e-05
-1.77726e-05
3.79373e-05
-2.59714e-05
3.87465e-05
-3.1833e-05
3.69383e-05
-3.57298e-05
3.41949e-05
-3.79616e-05
3.08219e-05
-3.95233e-05
2.85063e-05
-4.04991e-05
2.55312e-05
-4.13734e-05
2.29678e-05
-4.20346e-05
1.95478e-05
-4.25719e-05
1.623e-05
-4.31028e-05
1.32868e-05
-4.34739e-05
1.05716e-05
-4.38914e-05
8.93917e-06
-4.40972e-05
7.36548e-06
-4.42611e-05
6.75322e-06
-4.42878e-05
6.32394e-06
-4.42831e-05
6.52415e-06
-4.42918e-05
7.04244e-06
-4.42734e-05
7.60019e-06
-4.42615e-05
8.09434e-06
-4.41518e-05
7.92602e-06
-4.3985e-05
7.14292e-06
-4.3735e-05
5.44103e-06
-4.34609e-05
3.11862e-06
-4.32008e-05
3.62569e-07
-4.29896e-05
-2.49305e-06
-4.28901e-05
-5.14726e-06
-4.28836e-05
-7.60339e-06
-4.30261e-05
-9.69412e-06
-4.32287e-05
-1.17691e-05
-4.34945e-05
-1.37155e-05
-4.37031e-05
-1.59083e-05
-4.37561e-05
-1.83051e-05
-4.35488e-05
-2.09791e-05
-4.28314e-05
-2.41342e-05
-4.14889e-05
-2.74174e-05
-3.91391e-05
-3.12368e-05
-3.56267e-05
-3.48895e-05
-3.06288e-05
-3.857e-05
-2.41655e-05
-4.13548e-05
-1.63272e-05
-4.30645e-05
-8.04807e-06
-4.28876e-05
-3.92247e-05
-9.85374e-06
4.0316e-05
-1.93918e-05
4.74756e-05
-2.66299e-05
4.59847e-05
-3.05222e-05
4.08304e-05
-3.21446e-05
3.58167e-05
-3.18936e-05
3.057e-05
-3.09537e-05
2.75659e-05
-2.94243e-05
2.40017e-05
-2.78921e-05
2.14352e-05
-2.63843e-05
1.80399e-05
-2.50357e-05
1.48807e-05
-2.40753e-05
1.23269e-05
-2.32946e-05
9.79056e-06
-2.29009e-05
8.54612e-06
-2.25315e-05
6.99615e-06
-2.22629e-05
6.48528e-06
-2.19035e-05
5.96524e-06
-2.1461e-05
6.08236e-06
-2.09605e-05
6.54234e-06
-2.03529e-05
6.99287e-06
-1.97285e-05
7.46996e-06
-1.90382e-05
7.23608e-06
-1.83938e-05
6.49856e-06
-1.7828e-05
4.87525e-06
-1.74454e-05
2.73602e-06
-1.73164e-05
2.32906e-07
-1.74711e-05
-2.3379e-06
-1.79698e-05
-4.64953e-06
-1.87544e-05
-6.81853e-06
-1.98737e-05
-8.57585e-06
-2.12169e-05
-1.04264e-05
-2.27951e-05
-1.21383e-05
-2.45117e-05
-1.41928e-05
-2.6279e-05
-1.65384e-05
-2.8049e-05
-1.921e-05
-2.95684e-05
-2.26153e-05
-3.07555e-05
-2.62305e-05
-3.11619e-05
-3.08307e-05
-3.05186e-05
-3.55323e-05
-2.82297e-05
-4.08587e-05
-2.39626e-05
-4.56212e-05
-1.7162e-05
-4.98642e-05
-9.06436e-06
-5.09851e-05
-4.82883e-05
-1.16883e-05
5.20046e-05
-1.98914e-05
5.56788e-05
-2.48674e-05
5.09608e-05
-2.58766e-05
4.18393e-05
-2.48294e-05
3.4769e-05
-2.22146e-05
2.79545e-05
-1.91494e-05
2.45004e-05
-1.5746e-05
2.05982e-05
-1.24971e-05
1.81857e-05
-9.53539e-06
1.50782e-05
-6.95136e-06
1.22957e-05
-4.99338e-06
1.03695e-05
-3.43987e-06
8.23674e-06
-2.4335e-06
7.54041e-06
-1.63719e-06
6.19981e-06
-1.01713e-06
5.86567e-06
-3.70533e-07
5.31909e-06
3.83786e-07
5.32847e-06
1.24119e-06
5.68504e-06
2.25294e-06
5.9812e-06
3.30714e-06
6.41553e-06
4.39203e-06
6.15136e-06
5.3607e-06
5.5299e-06
6.12688e-06
4.10892e-06
6.57205e-06
2.29116e-06
6.60841e-06
1.95865e-07
6.21992e-06
-1.94865e-06
5.36116e-06
-3.79162e-06
4.11226e-06
-5.56902e-06
2.44299e-06
-6.90739e-06
4.54259e-07
-8.43789e-06
-1.86541e-06
-9.81918e-06
-4.47296e-06
-1.15859e-05
-7.30974e-06
-1.37018e-05
-1.04049e-05
-1.61152e-05
-1.3574e-05
-1.94464e-05
-1.68066e-05
-2.29978e-05
-1.97322e-05
-2.79052e-05
-2.20629e-05
-3.3201e-05
-2.30789e-05
-3.98424e-05
-2.21181e-05
-4.65814e-05
-1.76674e-05
-5.43139e-05
-1.07582e-05
-5.78944e-05
-5.90457e-05
-1.3627e-05
6.56318e-05
-1.87925e-05
6.08444e-05
-2.01975e-05
5.23661e-05
-1.7849e-05
3.94905e-05
-1.42139e-05
3.11336e-05
-9.80094e-06
2.35412e-05
-5.34522e-06
2.00445e-05
-9.66687e-07
1.62198e-05
3.09817e-06
1.412e-05
6.66347e-06
1.1513e-05
9.72883e-06
9.22941e-06
1.21238e-05
7.97525e-06
1.40245e-05
6.33576e-06
1.54078e-05
6.15769e-06
1.64905e-05
5.11688e-06
1.73896e-05
4.9668e-06
1.82468e-05
4.46201e-06
1.91968e-05
4.37873e-06
2.02551e-05
4.62661e-06
2.14617e-05
4.77463e-06
2.27281e-05
5.14885e-06
2.39853e-05
4.89425e-06
2.5095e-05
4.42026e-06
2.59309e-05
3.27285e-06
2.63854e-05
1.83719e-06
2.63702e-05
2.10373e-07
2.58827e-05
-1.46014e-06
2.49037e-05
-2.81342e-06
2.35103e-05
-4.17484e-06
2.17036e-05
-5.10127e-06
1.95459e-05
-6.28015e-06
1.70365e-05
-7.30984e-06
1.41578e-05
-8.70758e-06
1.09306e-05
-1.04743e-05
7.26855e-06
-1.24533e-05
3.23917e-06
-1.54169e-05
-1.2095e-06
-1.85487e-05
-5.90371e-06
-2.3211e-05
-1.06369e-05
-2.8467e-05
-1.48106e-05
-3.56684e-05
-1.76552e-05
-4.37363e-05
-1.68897e-05
-5.50783e-05
-1.27272e-05
-6.20571e-05
-7.17721e-05
-1.47677e-05
8.03998e-05
-1.52798e-05
6.13566e-05
-1.22622e-05
4.93488e-05
-6.82211e-06
3.40503e-05
-1.21359e-06
2.5525e-05
4.1506e-06
1.81769e-05
9.13573e-06
1.50593e-05
1.36349e-05
1.17209e-05
1.77066e-05
1.00475e-05
2.1168e-05
8.05192e-06
2.40908e-05
6.30578e-06
2.64487e-05
5.6181e-06
2.83255e-05
4.45865e-06
2.98471e-05
4.63657e-06
3.10534e-05
3.91036e-06
3.21231e-05
3.89704e-06
3.30997e-05
3.48543e-06
3.41277e-05
3.35078e-06
3.52431e-05
3.51111e-06
3.64638e-05
3.55394e-06
3.77535e-05
3.85885e-06
3.90015e-05
3.64637e-06
4.01048e-05
3.31716e-06
4.09154e-05
2.46196e-06
4.13478e-05
1.40547e-06
4.13262e-05
2.31289e-07
4.08536e-05
-9.8651e-07
3.99435e-05
-1.90403e-06
3.86491e-05
-2.87959e-06
3.70089e-05
-3.46143e-06
3.50339e-05
-4.30496e-06
3.27394e-05
-5.01522e-06
3.00615e-05
-6.02978e-06
2.69814e-05
-7.39368e-06
2.33964e-05
-8.86815e-06
1.92472e-05
-1.12676e-05
1.44558e-05
-1.37568e-05
8.96398e-06
-1.77193e-05
2.8385e-06
-2.23409e-05
-3.65924e-06
-2.91703e-05
-9.91177e-06
-3.74835e-05
-1.3645e-05
-5.13441e-05
-1.38511e-05
-6.18513e-05
-8.56225e-05
-1.36098e-05
9.40097e-05
-8.58922e-06
5.63362e-05
-1.20243e-06
4.19623e-05
6.35484e-06
2.64931e-05
1.29253e-05
1.89546e-05
1.83476e-05
1.27546e-05
2.31011e-05
1.03057e-05
2.70965e-05
7.72584e-06
3.06287e-05
6.51468e-06
3.35456e-05
5.13549e-06
3.59471e-05
3.90357e-06
3.79566e-05
3.6094e-06
3.95569e-05
2.85797e-06
4.10015e-05
3.1923e-06
4.21729e-05
2.73861e-06
4.32746e-05
2.79534e-06
4.42597e-05
2.50015e-06
4.52516e-05
2.35902e-06
4.63033e-05
2.45919e-06
4.74101e-05
2.44728e-06
4.85913e-05
2.67756e-06
4.97153e-05
2.52249e-06
5.07201e-05
2.31256e-06
5.14545e-05
1.7273e-06
5.1855e-05
1.00574e-06
5.18632e-05
2.22329e-07
5.1481e-05
-6.03319e-07
5.07519e-05
-1.17554e-06
4.96974e-05
-1.82436e-06
4.83887e-05
-2.15295e-06
4.67913e-05
-2.70746e-06
4.49343e-05
-3.15783e-06
4.27311e-05
-3.82665e-06
4.01292e-05
-4.79136e-06
3.70456e-05
-5.78439e-06
3.33201e-05
-7.54203e-06
2.88861e-05
-9.3223e-06
2.34944e-05
-1.23278e-05
1.70819e-05
-1.59279e-05
9.51302e-06
-2.16012e-05
1.02182e-06
-2.89923e-05
-7.06615e-06
-4.32552e-05
-1.25583e-05
-5.63596e-05
-9.81802e-05
-8.57608e-06
0.000102586
1.60195e-06
4.61583e-05
1.21652e-05
3.13994e-05
2.04348e-05
1.82236e-05
2.68954e-05
1.24942e-05
3.16567e-05
7.99358e-06
3.56534e-05
6.30897e-06
3.88101e-05
4.56952e-06
4.15416e-05
3.78271e-06
4.37351e-05
2.9425e-06
4.54775e-05
2.16061e-06
4.69993e-05
2.08815e-06
4.82053e-05
1.65157e-06
4.9422e-05
1.97572e-06
5.04333e-05
1.72708e-06
5.14341e-05
1.79443e-06
5.23216e-05
1.61249e-06
5.31837e-05
1.49699e-06
5.40852e-05
1.55754e-06
5.50042e-05
1.52854e-06
5.60004e-05
1.68131e-06
5.69418e-05
1.58116e-06
5.77989e-05
1.45582e-06
5.84317e-05
1.09414e-06
5.87935e-05
6.44653e-07
5.88443e-05
1.70864e-07
5.85804e-05
-3.38577e-07
5.80659e-05
-6.61619e-07
5.72953e-05
-1.05317e-06
5.63593e-05
-1.21718e-06
5.51958e-05
-1.5438e-06
5.38401e-05
-1.80186e-06
5.22066e-05
-2.19312e-06
5.02206e-05
-2.80509e-06
4.78365e-05
-3.40011e-06
4.48386e-05
-4.54422e-06
4.1193e-05
-5.67636e-06
3.65461e-05
-7.68106e-06
3.07572e-05
-1.01387e-05
2.33618e-05
-1.42056e-05
1.42012e-05
-1.98318e-05
3.05415e-06
-3.21073e-05
-7.35303e-06
-4.59528e-05
-0.000105533
1.29694e-06
0.000101289
1.48702e-05
3.2585e-05
2.65436e-05
1.97262e-05
3.41079e-05
1.06594e-05
3.95856e-05
7.01677e-06
4.32607e-05
4.31875e-06
4.62521e-05
3.31762e-06
4.84837e-05
2.33831e-06
5.03792e-05
1.88679e-06
5.18606e-05
1.46153e-06
5.29805e-05
1.04033e-06
5.40145e-05
1.0545e-06
5.4822e-05
8.43686e-07
5.57413e-05
1.05644e-06
5.65208e-05
9.4729e-07
5.73279e-05
9.87209e-07
5.80418e-05
8.98493e-07
5.87163e-05
8.2252e-07
5.94197e-05
8.54138e-07
6.01201e-05
8.28303e-07
6.08956e-05
9.05871e-07
6.1628e-05
8.48815e-07
6.2308e-05
7.76114e-07
6.28182e-05
5.83669e-07
6.31233e-05
3.40141e-07
6.31999e-05
9.37017e-08
6.30387e-05
-1.7669e-07
6.27118e-05
-3.35273e-07
6.21968e-05
-5.3773e-07
6.15892e-05
-6.09687e-07
6.08179e-05
-7.72451e-07
5.99189e-05
-9.02654e-07
5.88221e-05
-1.09631e-06
5.74459e-05
-1.42873e-06
5.57821e-05
-1.73619e-06
5.3606e-05
-2.36821e-06
5.09204e-05
-2.99054e-06
4.73574e-05
-4.11831e-06
4.2762e-05
-5.54314e-06
3.6518e-05
-7.96149e-06
2.82218e-05
-1.15358e-05
1.61504e-05
-2.00352e-05
2.57491e-06
-3.23776e-05
-0.000102957
1.54091e-05
8.58799e-05
3.00012e-05
1.79929e-05
4.0414e-05
9.31361e-06
4.62433e-05
4.83022e-06
5.02319e-05
3.02847e-06
5.26995e-05
1.85153e-06
5.46751e-05
1.34206e-06
5.60643e-05
9.49444e-07
5.7228e-05
7.22765e-07
5.81169e-05
5.72936e-07
5.8747e-05
4.09826e-07
5.93827e-05
4.19095e-07
5.98626e-05
3.63418e-07
6.04877e-05
4.31253e-07
6.10187e-05
4.16063e-07
6.15909e-05
4.14932e-07
6.20962e-05
3.93104e-07
6.25637e-05
3.55155e-07
6.30559e-05
3.61869e-07
6.35357e-05
3.487e-07
6.40785e-05
3.63152e-07
6.45877e-05
3.39612e-07
6.50659e-05
2.9823e-07
6.54252e-05
2.24129e-07
6.56409e-05
1.2485e-07
6.57036e-05
3.0487e-08
6.56005e-05
-7.30998e-08
6.54003e-05
-1.35441e-07
6.50724e-05
-2.09554e-07
6.47049e-05
-2.4231e-07
6.42323e-05
-2.99818e-07
6.3688e-05
-3.58182e-07
6.30238e-05
-4.32168e-07
6.21649e-05
-5.69689e-07
6.11313e-05
-7.02489e-07
5.97231e-05
-9.60209e-07
5.79743e-05
-1.24159e-06
5.55701e-05
-1.71431e-06
5.23897e-05
-2.36265e-06
4.78628e-05
-3.43446e-06
4.15118e-05
-5.18502e-06
3.08885e-05
-9.41147e-06
1.6472e-05
-1.79613e-05
-8.64852e-05
3.31128e-05
5.27671e-05
4.52751e-05
5.83052e-06
5.22135e-05
2.37523e-06
5.58024e-05
1.24144e-06
5.81113e-05
7.19871e-07
5.94969e-05
4.66395e-07
6.05477e-05
2.91224e-07
6.12731e-05
2.24257e-07
6.18488e-05
1.46812e-07
6.22952e-05
1.26775e-07
6.26044e-05
1.00356e-07
6.29333e-05
9.03011e-08
6.31958e-05
1.00641e-07
6.35369e-05
9.01079e-08
6.38447e-05
1.08011e-07
6.41664e-05
9.31598e-08
6.44612e-05
9.83301e-08
6.47286e-05
8.77835e-08
6.50073e-05
8.31213e-08
6.52753e-05
8.08978e-08
6.55678e-05
7.07059e-08
6.58401e-05
6.73198e-08
6.60876e-05
5.09897e-08
6.6272e-05
3.94551e-08
6.63772e-05
2.00349e-08
6.64035e-05
3.76531e-09
6.63431e-05
-1.23437e-08
6.62345e-05
-2.71476e-08
6.60619e-05
-3.67916e-08
6.58704e-05
-5.08145e-08
6.56291e-05
-5.85512e-08
6.53489e-05
-7.78529e-08
6.5011e-05
-9.43622e-08
6.45658e-05
-1.24363e-07
6.40268e-05
-1.63434e-07
6.32801e-05
-2.13721e-07
6.23338e-05
-2.95187e-07
6.10151e-05
-3.95713e-07
5.92209e-05
-5.68413e-07
5.66081e-05
-8.21526e-07
5.27357e-05
-1.31281e-06
4.5721e-05
-2.39642e-06
3.36675e-05
-5.90796e-06
-5.28176e-05
5.27671e-05
5.85975e-05
6.09729e-05
6.22145e-05
6.29345e-05
6.34011e-05
6.36922e-05
6.39165e-05
6.40631e-05
6.41901e-05
6.42903e-05
6.43806e-05
6.44811e-05
6.45712e-05
6.46791e-05
6.47723e-05
6.48706e-05
6.49585e-05
6.50416e-05
6.51225e-05
6.51933e-05
6.52606e-05
6.53117e-05
6.5351e-05
6.53712e-05
6.53748e-05
6.53626e-05
6.53353e-05
6.52986e-05
6.52478e-05
6.51892e-05
6.51114e-05
6.5017e-05
6.48927e-05
6.47293e-05
6.45155e-05
6.42203e-05
6.38246e-05
6.32561e-05
6.24347e-05
6.11218e-05
5.87256e-05
5.28176e-05
)
;

boundaryField
{
    movingWall
    {
        type            calculated;
        value           uniform 0;
    }
    fixedWalls
    {
        type            calculated;
        value           uniform 0;
    }
    frontAndBack
    {
        type            empty;
        value           nonuniform 0();
    }
    defaultFaces
    {
        type            empty;
        value           nonuniform 0();
    }
}


// ************************************************************************* //
