/*--------------------------------*- C++ -*----------------------------------*\
  =========                 |
  \\      /  F ield         | OpenFOAM: The Open Source CFD Toolbox
   \\    /   O peration     | Website:  https://openfoam.org
    \\  /    A nd           | Version:  7
     \\/     M anipulation  |
\*---------------------------------------------------------------------------*/
FoamFile
{
    version     2.0;
    format      ascii;
    class       surfaceScalarField;
    location    "1.48";
    object      phi;
}
// * * * * * * * * * * * * * * * * * * * * * * * * * * * * * * * * * * * * * //

dimensions      [0 3 -1 0 0 0 0];

internalField   nonuniform List<scalar> 
3784
(
-0.00193747
0.00193747
-0.000837614
-0.00109986
0.000557951
-0.00139556
0.000643551
-8.5599e-05
0.000160037
0.000483514
-0.000750793
0.00091083
-0.00172985
0.000979056
-0.00181053
8.06747e-05
-0.000676904
-0.00113362
0.0010118
-0.00168871
0.0020688
-0.001057
0.00186467
0.00020413
0.000723767
0.0011409
-0.000525307
0.00124907
-0.00106791
0.0005426
-0.000577479
-0.000490429
0.000532149
-0.00110963
0.00109355
-0.0005614
0.000500845
0.000592704
-0.00082176
0.00132261
-0.00195326
0.0011315
-0.00196144
8.17218e-06
-0.000597845
-0.00136359
0.00115788
-0.00175572
0.00212228
-0.000964399
0.00192751
0.000194763
0.000793441
0.00113407
-0.000507658
0.0013011
-0.00113983
0.00063217
-0.00078434
-0.000355489
0.000350406
-0.00113475
0.00109819
-0.000747787
0.000584146
0.000514048
-0.000796494
0.00138064
-0.00194597
0.00114947
-0.00181751
-0.000128459
-0.000310268
-0.00150724
0.00138325
-0.00169351
0.00211755
-0.000734298
0.00156632
0.000551221
0.000223096
0.00134323
-0.000975888
0.00119898
-0.00103257
5.66768e-05
-0.00103257
-0.00288786
0.00482534
-0.00170399
-0.00228373
0.00086955
-0.0039691
0.000912089
-0.000128142
7.47252e-05
0.00132088
-0.000748393
0.00173395
-0.00157971
0.00181037
-0.00205017
0.000551139
-0.00098374
-0.00220005
0.00134047
-0.00401292
0.00224754
-0.00196406
0.0016677
0.000783966
0.000762949
0.00204566
-0.000405676
0.0024177
-0.00135221
0.00148913
-0.000866514
-0.000976121
0.000799235
-0.00277538
0.00133864
-0.00110081
0.000362922
0.00156842
-0.00081324
0.00249877
-0.00175466
0.00207292
-0.0021963
0.000449811
-0.000847039
-0.00271285
0.00157148
-0.00417425
0.00235331
-0.00174622
0.00172303
0.000825037
0.000799669
0.00205744
-0.000379852
0.00248062
-0.00142736
0.00167968
-0.0011629
-0.000619955
0.000549876
-0.00284752
0.00136143
-0.00155934
0.000439048
0.00143643
-0.000770713
0.0025904
-0.00175652
0.00213528
-0.0021201
0.000235123
-0.000458673
-0.00316867
0.00188181
-0.004034
0.00223393
-0.00108641
0.0013628
0.00142235
0.000365703
0.00234032
-0.000942976
0.00250766
-0.00148553
0.000599236
-0.0025181
-0.00277415
0.00759948
-0.0023965
-0.00266138
0.000313615
-0.00667922
0.0012154
-0.00102992
0.000737414
0.00179886
-0.000112017
0.00258338
-0.00124845
0.0029468
-0.00209604
0.00139873
-0.00102162
-0.00327447
0.00151147
-0.00654601
0.00239168
-0.00284427
0.00142301
0.00175263
0.000157102
0.00331156
-0.00105517
0.00362997
-0.00181341
0.00224737
-0.000983277
-0.00180626
0.00104495
-0.00480361
0.00183647
-0.00189233
0.000989575
0.00241532
-0.000254645
0.00374299
-0.00154589
0.00336417
-0.00236124
0.00126516
-0.00104425
-0.00402985
0.00164296
-0.00686146
0.00252328
-0.00262654
0.00153306
0.00181525
0.000197124
0.00339338
-0.00106395
0.00374169
-0.0019277
0.00254344
-0.00127307
-0.00127459
0.000830208
-0.0049508
0.00186462
-0.00259376
0.00105083
0.00225022
-0.000249627
0.00389086
-0.00160189
0.00348754
-0.00229945
0.000932678
-0.000606159
-0.00486196
0.00201822
-0.00665837
0.00241032
-0.00147851
0.00115454
0.00267812
-0.000237075
0.00373194
-0.00159228
0.00386287
-0.00188111
0.000888071
-0.00439921
-0.00204124
0.00964073
-0.00259638
-0.00210624
-0.000668885
-0.00860672
0.000653442
-0.00235225
0.000748706
0.0017036
0.000328142
0.00300394
-0.000479297
0.00375424
-0.00127737
0.00219681
-0.000650579
-0.00390126
0.00106067
-0.00825726
0.00151237
-0.00329597
0.000571287
0.00269371
-0.00045172
0.00433457
-0.00116752
0.00434576
-0.00146247
0.00254233
-0.000698488
-0.00257024
0.000834635
-0.00633673
0.00150038
-0.00255807
0.00111742
0.00279828
0.000377784
0.00448262
-0.000638361
0.00438032
-0.0014722
0.002099
-0.000758504
-0.00474355
0.00110356
-0.00872352
0.00166428
-0.00318726
0.000713958
0.00276557
-0.000418103
0.00452544
-0.00121082
0.0045344
-0.00158655
0.00291917
-0.000895598
-0.00196554
0.000705437
-0.00655183
0.00149169
-0.00338001
0.00111596
0.00262595
0.000352836
0.00465398
-0.000689266
0.00452964
-0.00142569
0.0016691
-0.000435744
-0.0058519
0.00137574
-0.00846986
0.00156944
-0.00167221
0.000458641
0.00378893
-0.000648242
0.00483882
-0.00144041
0.00465503
-0.00142048
0.000868148
-0.0058197
-0.0013313
0.010972
-0.00267473
-0.000762811
-0.00180303
-0.00947842
-0.000256763
-0.00389852
0.000322782
0.00112405
0.000322212
0.00300451
-3.83567e-05
0.00411481
-0.000533386
0.00269183
-0.000285366
-0.00414928
0.000552057
-0.00909468
0.000629856
-0.00337377
-0.000115284
0.00343885
-0.000807387
0.00502668
-0.00113422
0.0046726
-0.00107147
0.00247958
-0.000390002
-0.00325171
0.00060795
-0.00733468
0.00114791
-0.00309803
0.00112013
0.00282606
0.00077157
0.00483118
0.000109677
0.00504221
-0.000583562
0.00279224
-0.000436108
-0.004891
0.000500617
-0.00966024
0.00077924
-0.00346588
2.99754e-05
0.00351484
-0.000760432
0.00531585
-0.00117794
0.00495191
-0.00119132
0.00293255
-0.000485045
-0.00267181
0.000563426
-0.0076003
0.00109971
-0.00391629
0.00104355
0.00268211
0.000718932
0.0049786
8.05896e-05
0.00516799
-0.000554104
0.00230379
-0.00025203
-0.00615397
0.000671306
-0.0093932
0.00070345
-0.00170436
-9.57701e-05
0.00458815
-0.000837691
0.00558074
-0.00117142
0.00498876
-0.000927159
0.000623885
-0.00674685
-0.000585126
0.0115572
-0.00239758
0.00104964
-0.00276278
-0.00911322
-0.00142594
-0.00523536
-0.000495516
0.000193627
-0.000170126
0.00267912
3.71344e-05
0.00390755
4.53789e-05
0.00268359
1.76298e-05
-0.00412153
7.2166e-06
-0.00908427
-0.000213028
-0.00315352
-0.000566802
0.00379262
-0.000811235
0.00527111
-0.000785428
0.00464679
-0.000538204
0.00223236
-5.02333e-05
-0.00373968
0.000367767
-0.00775269
0.000681532
-0.0034118
0.00082267
0.00268492
0.00080926
0.00484459
0.00060953
0.00524194
0.000232779
0.00316899
-0.000107106
-0.00455112
-0.000103121
-0.00966423
-8.96328e-05
-0.00347937
-0.000428793
0.003854
-0.000753588
0.00564064
-0.000823105
0.00502143
-0.0006232
0.00273265
-4.50769e-05
-0.00324994
0.000390832
-0.00803621
0.000606717
-0.00413218
0.000708641
0.00258019
0.000734871
0.00495237
0.000596215
0.00530664
0.000237484
0.00266252
-6.89714e-05
-0.00584751
-4.31425e-05
-0.00941902
-0.000127865
-0.00161963
-0.000453704
0.00491398
-0.000697633
0.00582467
-0.0006285
0.00491963
-0.000390748
0.000386133
-0.0071376
0.000140763
0.0114164
-0.00171935
0.00290976
-0.0032243
-0.00760827
-0.00254049
-0.00591917
-0.00151297
-0.000833897
-0.000860404
0.00202656
-0.000133911
0.00318106
0.000375456
0.00217422
0.000202186
-0.00394826
-0.000548001
-0.00833408
-0.00092151
-0.00278001
-0.00081634
0.00368745
-0.000543682
0.00499845
-0.000240323
0.00434343
9.11088e-05
0.00190092
0.00030504
-0.00395361
9.88912e-05
-0.00754654
7.55331e-05
-0.00338844
0.00030939
0.00245107
0.000590153
0.00456383
0.000871618
0.00496048
0.000871833
0.00316878
0.000231475
-0.00391076
-0.000631652
-0.0088011
-0.000834143
-0.00327688
-0.000716885
0.00373674
-0.000489459
0.00541322
-0.000249582
0.00478155
6.06781e-05
0.00242239
0.00038712
-0.00357638
0.000170989
-0.00782008
-9.60134e-06
-0.00395159
0.00018749
0.0023831
0.00052069
0.00461917
0.000876143
0.00495119
0.000864639
0.00267403
0.000134534
-0.00511741
-0.000682035
-0.00860246
-0.000816746
-0.00148492
-0.000637514
0.00473475
-0.000343944
0.0055311
4.16724e-05
0.00453401
0.000192597
0.000235209
-0.006945
0.000821141
0.0105953
-0.000684857
0.00441575
-0.00295952
-0.00533361
-0.00317596
-0.00570273
-0.00229012
-0.00171973
-0.00135894
0.00109538
-0.000297184
0.0021193
0.000539851
0.00133719
0.000213322
-0.00362173
-0.00109983
-0.00702093
-0.00153232
-0.00234753
-0.000972421
0.00312755
-0.000227984
0.00425402
0.000332634
0.00378281
0.000773258
0.0014603
0.00060107
-0.00378142
-0.000212743
-0.00673272
-0.000555345
-0.00304584
-0.000219741
0.00211546
0.000304461
0.00403963
0.00100266
0.00426228
0.00137362
0.00279781
0.000557046
-0.00309418
-0.000990759
-0.0072533
-0.0014392
-0.00282844
-0.000901375
0.00319892
-0.000177076
0.00468892
0.000345377
0.0042591
0.000810976
0.00195679
0.000733508
-0.00349891
-0.000125459
-0.00696112
-0.000632395
-0.00344465
-0.000318089
0.00206879
0.000261712
0.00403936
0.00102211
0.00419079
0.00135722
0.00233892
0.00034496
-0.00410515
-0.00113948
-0.00711802
-0.00134741
-0.001277
-0.000710833
0.00409818
2.55677e-05
0.0047947
0.000599342
0.00396024
0.000732492
0.000102059
-0.00621251
0.00140733
0.00918792
0.000584559
0.00523852
-0.0019181
-0.00283095
-0.00296633
-0.00465451
-0.00245168
-0.00223438
-0.00145617
9.98731e-05
-0.000355829
0.00101896
0.000563805
0.000417553
8.63512e-05
-0.00314428
-0.00152593
-0.00540864
-0.00196745
-0.001906
-0.00106387
0.00222397
-2.28212e-05
0.00321297
0.000811953
0.00294804
0.0013073
0.000964954
0.000763717
-0.00323784
-0.000539487
-0.00542952
-0.00113929
-0.00244603
-0.000701948
0.00167812
7.99369e-05
0.00325774
0.00101463
0.00332759
0.00168344
0.002129
0.000806918
-0.00221767
-0.00114165
-0.00530473
-0.00180561
-0.00216448
-0.000968856
0.00236216
4.87378e-05
0.00367133
0.000880889
0.00342695
0.0014206
0.00141708
0.000931096
-0.00300941
-0.000437451
-0.00559257
-0.00117313
-0.00270897
-0.000732479
0.00162814
8.71701e-05
0.00321971
0.00105343
0.00322453
0.00165834
0.00173401
0.000521097
-0.00296791
-0.0013611
-0.00523582
-0.00166254
-0.000975563
-0.000742507
0.00317815
0.000272457
0.00377974
0.00102962
0.00320308
0.00118076
-4.90827e-05
-0.00503176
0.00180219
0.00738573
0.00182015
0.00522056
-0.00034867
-0.000662122
-0.00189726
-0.00310593
-0.00193145
-0.00220019
-0.00119442
-0.000637162
-0.000266724
9.12692e-05
0.00050391
-0.000353082
-7.59372e-05
-0.00256443
-0.00168944
-0.00379514
-0.00208976
-0.00150568
-0.00109736
0.00123156
4.02203e-05
0.00207539
0.00102796
0.0019603
0.00151047
0.000482437
0.000736845
-0.00246421
-0.000796516
-0.00389616
-0.00149021
-0.00175234
-0.000975715
0.00116362
-4.18408e-05
0.00232387
0.000959754
0.00232599
0.00169508
0.00139368
0.000872768
-0.00139535
-0.00108328
-0.00334868
-0.00182625
-0.00142151
-0.000970651
0.00150657
0.000156604
0.00254407
0.00116511
0.00241844
0.00170266
0.000879529
0.000952075
-0.00225882
-0.000657869
-0.00398263
-0.001456
-0.00191084
-0.00093765
0.00110979
2.15366e-05
0.00226052
0.00101535
0.00223071
0.00166455
0.00108481
0.000582862
-0.00188622
-0.00133465
-0.0033183
-0.00168399
-0.000626225
-0.000666312
0.00216047
0.000411392
0.00270204
0.00131325
0.00230122
0.00142659
-0.000162415
-0.00360517
0.00183906
0.00554667
0.0025526
0.00450702
0.00115811
0.000732367
-0.000381819
-0.00156599
-0.000931774
-0.00165023
-0.000652725
-0.000916213
-2.94174e-05
-0.00053204
0.000454239
-0.000836737
-0.000158913
-0.00195128
-0.00151641
-0.00243765
-0.00185209
-0.00116999
-0.00101681
0.000396272
2.62721e-05
0.00103232
0.000961577
0.001025
0.00135321
9.08042e-05
0.000548158
-0.00165916
-0.000907391
-0.00244061
-0.00153092
-0.00112881
-0.00102078
0.00065349
-0.00011424
0.00141732
0.000788268
0.00142349
0.00139685
0.000785097
0.000731948
-0.000730449
-0.000869221
-0.00174751
-0.00152423
-0.000766497
-0.000837049
0.000819382
0.000193099
0.00151393
0.00115998
0.00145156
0.00160359
0.000435912
0.000809784
-0.00146501
-0.000723372
-0.00244947
-0.00143173
-0.00120249
-0.000939432
0.000617499
-4.61159e-05
0.0013672
0.000850809
0.00133379
0.00136841
0.000567208
0.000496151
-0.00101396
-0.00109198
-0.00173016
-0.00141806
-0.000300151
-0.000540405
0.00128281
0.000468294
0.00169334
0.00136458
0.00140493
0.00139614
-0.00019397
-0.00220903
0.00159857
0.00394809
0.00263923
0.00346636
0.00203727
0.00133433
0.000918913
-0.000447639
0.000189782
-0.000921098
8.34726e-05
-0.000809903
0.000312415
-0.000760984
0.000452287
-0.000976609
-0.000115155
-0.00138384
-0.00107805
-0.00147475
-0.00134641
-0.000901636
-0.000794062
-0.000156077
-7.93064e-06
0.000246187
0.000718943
0.000298123
0.00096686
-0.000157115
0.00030027
-0.00099257
-0.000820888
-0.00131945
-0.00129158
-0.000658123
-0.00089755
0.000259459
-0.000188551
0.000708323
0.000506003
0.000728933
0.000908623
0.000382477
0.000458175
-0.000280001
-0.000592597
-0.000696735
-0.00104317
-0.000315927
-0.000587387
0.000363602
0.000194009
0.000732529
0.000939754
0.000705811
0.00122838
0.00014729
0.000566102
-0.000802732
-0.000621495
-0.00126187
-0.00116343
-0.000660552
-0.000801596
0.000255662
-0.000116359
0.000681964
0.000562579
0.000654846
0.000885372
0.000244415
0.000298538
-0.000427133
-0.000749458
-0.000682168
-0.000982799
-6.68081e-05
-0.000358965
0.000658981
0.000438803
0.000895569
0.00114513
0.000698599
0.00110237
-0.000151201
-0.00110667
0.0010852
0.0028629
0.00210163
0.00244993
0.00215008
0.00128588
0.00150665
0.000195796
0.000937529
-0.000351979
0.000687331
-0.000559707
0.000625981
-0.000699632
0.000482494
-0.000833119
2.33923e-05
-0.000924739
-0.000558235
-0.000893118
-0.000761996
-0.000697872
-0.000492636
-0.000425439
-1.64808e-05
-0.000229971
0.000437112
-0.000155468
0.000551605
-0.000271608
0.000101735
-0.000542702
-0.00059351
-0.00062421
-0.0009046
-0.000347033
-0.000680058
3.49151e-05
-0.0002264
0.000254666
0.000219584
0.00028295
0.000437945
0.000164118
0.000196073
-3.81276e-05
-0.000334841
-0.000165818
-0.000572793
-7.79757e-05
-0.000325496
0.000116301
0.000158308
0.000248723
0.000622514
0.000241606
0.000757748
1.2057e-05
0.00030704
-0.000352021
-0.000432368
-0.000522462
-0.000791675
-0.000301246
-0.000595224
5.92121e-05
-0.000161576
0.000248316
0.000257108
0.000236159
0.000415305
8.62188e-05
9.73229e-05
-0.000109151
-0.000431137
-0.000153707
-0.000551393
5.34481e-05
-0.000185632
0.000293222
0.000334057
0.000375881
0.000764528
0.000268124
0.000689927
-7.66006e-05
-0.000416736
0.000771688
0.00209121
0.00144071
0.00178091
0.00165761
0.00106898
0.00142125
0.00043216
0.00110434
-3.50701e-05
0.000872394
-0.000327764
0.000687609
-0.000514847
0.000458116
-0.00060362
0.000151851
-0.000618473
-0.000142355
-0.000598917
-0.000273189
-0.000567038
-0.000187686
-0.000510939
1.51875e-05
-0.000432845
0.000207703
-0.000347984
0.000238869
-0.000302772
-1.95892e-06
-0.000301876
-0.000355435
-0.000270738
-0.000529838
-0.000172631
-0.000438298
-5.66234e-05
-0.000204796
2.1165e-05
2.42574e-05
5.38979e-05
0.000128631
5.97472e-05
4.41349e-05
4.63702e-05
-0.000143425
2.17412e-05
-0.00023147
1.00664e-05
-0.000125707
1.05354e-05
0.000107693
1.53226e-05
0.000328032
2.12676e-05
0.000363063
-2.29714e-05
0.000116479
-0.000105435
-0.000257352
-0.00014863
-0.000457976
-0.000100624
-0.000383711
-1.50525e-05
-0.000167011
3.16164e-05
3.62174e-05
3.29304e-05
9.8961e-05
2.34754e-05
-2.3378e-05
1.31871e-05
-0.000211439
3.43542e-05
-0.000241044
8.30531e-05
-6.13425e-05
0.000113522
0.00020532
0.00010922
0.000402192
7.12534e-05
0.000336804
-1.12148e-05
-7.99329e-05
0.000578136
0.00151307
0.000996146
0.0013629
0.00116188
0.000903241
0.00111292
0.000481123
0.000943109
0.000134744
0.000759881
-0.000144534
0.000571055
-0.000326023
0.000383827
-0.000416391
0.000213821
-0.000448466
8.34506e-05
-0.00046855
1.03215e-05
-0.000493911
1.51217e-06
-0.000502125
3.61024e-05
-0.000467432
7.26453e-05
-0.000384529
5.23806e-05
-0.00028251
-5.30617e-05
-0.000196433
-0.000187389
-0.00013641
-0.000259029
-0.000100991
-0.000234913
-8.0739e-05
-0.000148309
-6.54363e-05
-5.81657e-05
-3.6245e-05
-6.08817e-06
7.6694e-06
-5.0874e-06
4.53692e-05
-3.22448e-05
4.8897e-05
-4.06061e-05
1.84252e-05
-3.56411e-06
-2.65079e-05
6.31185e-05
-5.13589e-05
0.000128134
-4.37465e-05
0.000120373
-1.52103e-05
1.72109e-05
-2.27349e-06
-0.000125526
-5.89097e-06
-0.000212051
-1.40986e-05
-0.000201523
-2.55794e-05
-0.000131279
-3.86271e-05
-6.76458e-05
-3.0704e-05
-4.0864e-05
-3.30671e-06
-6.27864e-05
3.5109e-05
-8.726e-05
5.88262e-05
-6.36225e-05
5.94175e-05
8.4933e-06
4.14079e-05
0.000101018
1.66973e-05
0.000156998
1.52753e-05
0.000118768
2.70155e-05
3.88322e-05
0.000443302
0.00106977
0.000763168
0.00104304
0.000895499
0.000770913
0.000889424
0.000487197
0.000799121
0.000225048
0.000641372
1.32195e-05
0.000481766
-0.000166417
0.000340675
-0.000275305
0.000235677
-0.000343469
0.000161045
-0.000393916
0.000100836
-0.000433701
5.00354e-05
-0.000451325
7.80634e-06
-0.000425202
-2.35989e-05
-0.000353124
-5.02319e-05
-0.000255876
-7.92124e-05
-0.00016745
-0.000105011
-0.000110609
-0.000116838
-8.91649e-05
-0.000109698
-8.78798e-05
-9.12738e-05
-8.3859e-05
-6.78261e-05
-5.96931e-05
-3.99432e-05
-2.02159e-05
-7.5166e-06
1.29412e-05
1.98008e-05
2.158e-05
3.65685e-05
1.65697e-06
4.06672e-05
-3.06083e-05
3.6782e-05
-4.74741e-05
2.81482e-05
-3.51118e-05
1.62772e-05
-3.33949e-06
-9.90616e-06
2.39094e-05
-4.64563e-05
3.06611e-05
-7.25787e-05
1.20257e-05
-8.06556e-05
-1.75024e-05
-8.02179e-05
-3.90655e-05
-7.35657e-05
-3.73582e-05
-6.44385e-05
-1.24345e-05
-4.83184e-05
1.8991e-05
-2.6519e-05
3.70266e-05
-5.04209e-07
3.34034e-05
2.46865e-05
1.622e-05
3.66961e-05
4.68927e-06
3.64707e-05
1.54997e-05
2.07457e-05
4.27411e-05
5.95777e-05
0.000328791
0.000740976
0.000602802
0.000769034
0.000747799
0.000625921
0.000782646
0.000452351
0.00073533
0.000272362
0.000642707
0.000105843
0.000508949
-3.26596e-05
0.000386788
-0.000153146
0.000284167
-0.000240849
0.000197782
-0.000307529
0.000117411
-0.000353329
3.70606e-05
-0.000370977
-3.41695e-05
-0.000353972
-8.38496e-05
-0.000303438
-0.000104992
-0.000234727
-0.000102809
-0.000169632
-8.86325e-05
-0.000124788
-7.41649e-05
-0.000103633
-6.6185e-05
-9.58599e-05
-6.32727e-05
-8.67728e-05
-5.57505e-05
-6.72165e-05
-3.6051e-05
-3.99156e-05
-6.78306e-06
-1.63269e-05
2.29429e-05
-8.14653e-06
3.94551e-05
-1.48559e-05
3.72949e-05
-2.84494e-05
2.20993e-05
-3.22797e-05
6.98456e-06
-1.99964e-05
6.78369e-07
2.96804e-06
1.55788e-06
2.30306e-05
4.80871e-06
2.74114e-05
2.73537e-06
1.40995e-05
-7.42054e-06
-7.34752e-06
-2.33477e-05
-2.31389e-05
-3.66772e-05
-2.40293e-05
-3.76762e-05
-1.14362e-05
-2.37042e-05
5.02123e-06
-2.92698e-06
1.62516e-05
1.30063e-05
1.74696e-05
1.59967e-05
1.32287e-05
6.79389e-06
1.38942e-05
-3.62546e-06
2.59184e-05
-5.99635e-06
4.51103e-05
5.35818e-05
0.000235384
0.000505596
0.000459305
0.000545114
0.00061197
0.000473254
0.00068799
0.000376331
0.000695327
0.000265024
0.000650324
0.000150845
0.000574488
4.31771e-05
0.000473935
-5.2592e-05
0.000369704
-0.000136619
0.000265414
-0.000203241
0.000162213
-0.000250128
6.4444e-05
-0.000273205
-1.88197e-05
-0.000270704
-7.61913e-05
-0.000246061
-0.000102875
-0.00020804
-0.000103579
-0.000168931
-9.0292e-05
-0.000138078
-7.59181e-05
-0.000118005
-6.73332e-05
-0.000104444
-6.31407e-05
-9.09676e-05
-5.65164e-05
-7.38419e-05
-4.17901e-05
-5.46396e-05
-1.96879e-05
-3.84284e-05
1.6637e-06
-2.95011e-05
1.41335e-05
-2.73273e-05
1.31365e-05
-2.74517e-05
4.195e-06
-2.33378e-05
-3.05037e-06
-1.27504e-05
-7.44536e-07
6.63597e-07
1.03301e-05
1.19561e-05
2.32507e-05
1.44905e-05
2.94995e-05
7.85094e-06
2.39317e-05
-1.78005e-06
1.06399e-05
-9.84699e-06
-2.41363e-06
-1.09751e-05
-7.90342e-06
-5.94684e-06
-5.01706e-06
2.13316e-06
2.23365e-06
9.00182e-06
6.48235e-06
1.32238e-05
3.29273e-06
1.64169e-05
-4.78361e-06
2.19705e-05
-1.06157e-05
3.1752e-05
-8.55428e-06
4.30476e-05
4.50265e-05
0.000165269
0.000340328
0.00033565
0.000374732
0.000470783
0.000338119
0.000561505
0.000285609
0.000605291
0.000221239
0.000606013
0.000150122
0.000571857
7.7331e-05
0.000511725
7.539e-06
0.000431096
-5.59897e-05
0.000338359
-0.000110505
0.000240287
-0.000152055
0.000145092
-0.000178006
6.1993e-05
-0.0001876
-1.14232e-06
-0.000182924
-4.04387e-05
-0.000168746
-5.88117e-05
-0.000150559
-6.38757e-05
-0.000133014
-6.37629e-05
-0.000118118
-6.32061e-05
-0.000105002
-6.23625e-05
-9.18123e-05
-5.85841e-05
-7.76192e-05
-4.99288e-05
-6.32936e-05
-3.75919e-05
-5.07671e-05
-2.56847e-05
-4.14113e-05
-1.82573e-05
-3.47544e-05
-1.64486e-05
-2.92588e-05
-1.72378e-05
-2.25488e-05
-1.58753e-05
-1.41129e-05
-9.8104e-06
-5.40032e-06
1.22117e-06
9.24093e-07
1.26008e-05
3.11027e-06
1.83109e-05
2.14192e-06
1.71671e-05
-6.35254e-07
1.01781e-05
-2.85911e-06
1.95781e-06
-2.75697e-06
-4.04532e-06
5.64306e-08
-6.44503e-06
4.53059e-06
-6.78242e-06
9.33611e-06
-7.61202e-06
1.40576e-05
-1.02561e-05
1.90651e-05
-1.3269e-05
2.49831e-05
-1.32914e-05
3.1774e-05
-8.39357e-06
3.81494e-05
3.66321e-05
0.000114702
0.000225625
0.000238003
0.000251429
0.000343992
0.00023213
0.00042608
0.000203522
0.000480221
0.000167098
0.000505224
0.000125118
0.000502594
7.99592e-05
0.000475987
3.4145e-05
0.000427593
-7.59408e-06
0.000365424
-4.83335e-05
0.000293825
-8.04534e-05
0.000219876
-0.000104054
0.000150725
-0.000118447
9.21249e-05
-0.000124326
4.69723e-05
-0.000123595
1.49284e-05
-0.000118514
-6.85901e-06
-0.000111224
-2.21032e-05
-0.000102874
-3.32929e-05
-9.38144e-05
-4.1116e-05
-8.39874e-05
-4.52031e-05
-7.35289e-05
-4.54875e-05
-6.30104e-05
-4.30196e-05
-5.32383e-05
-3.96996e-05
-4.4731e-05
-3.70409e-05
-3.74105e-05
-3.56082e-05
-3.06914e-05
-3.40697e-05
-2.40885e-05
-3.07202e-05
-1.74618e-05
-2.47918e-05
-1.13276e-05
-1.73589e-05
-6.50831e-06
-1.08012e-05
-3.44704e-06
-6.79038e-06
-1.86876e-06
-6.20899e-06
-1.21563e-06
-8.76189e-06
-3.06616e-07
-1.28641e-05
1.33983e-06
-1.66999e-05
3.89092e-06
-1.92855e-05
7.11861e-06
-2.06995e-05
1.07481e-05
-2.13162e-05
1.46741e-05
-2.11183e-05
1.88711e-05
-1.93949e-05
2.32617e-05
-1.51529e-05
2.75309e-05
-8.02855e-06
3.10236e-05
2.86032e-05
7.93988e-05
0.000146226
0.000166656
0.00016417
0.000245056
0.000153728
0.000310552
0.000138023
0.000360012
0.000117633
0.000391556
9.3571e-05
0.000404491
6.70215e-05
0.000399333
3.93029e-05
0.000379827
1.19124e-05
0.000345184
-1.36887e-05
0.000301255
-3.65243e-05
0.000252212
-5.50136e-05
0.000202511
-6.87484e-05
0.000155934
-7.77487e-05
0.00011487
-8.25314e-05
8.02425e-05
-8.38865e-05
5.16527e-05
-8.26336e-05
2.82008e-05
-7.9424e-05
9.08784e-06
-7.47028e-05
-6.0877e-06
-6.88101e-05
-1.75077e-05
-6.21083e-05
-2.55242e-05
-5.49976e-05
-3.07955e-05
-4.79689e-05
-3.42326e-05
-4.12913e-05
-3.6579e-05
-3.50636e-05
-3.80435e-05
-2.92301e-05
-3.84214e-05
-2.37108e-05
-3.73613e-05
-1.852e-05
-3.48792e-05
-1.381e-05
-3.16091e-05
-9.77772e-06
-2.85462e-05
-6.50769e-06
-2.65161e-05
-3.9011e-06
-2.60228e-05
-1.71091e-06
-2.67549e-05
4.27537e-07
-2.80853e-05
2.66733e-06
-2.93088e-05
5.1104e-06
-2.99223e-05
7.73462e-06
-2.96577e-05
1.04857e-05
-2.83048e-05
1.33195e-05
-2.56148e-05
1.61799e-05
-2.1304e-05
1.8951e-05
-1.52067e-05
2.14336e-05
-7.51836e-06
2.3335e-05
2.10855e-05
5.56097e-05
9.0616e-05
0.000117579
0.000102197
0.000174788
9.65196e-05
0.000224841
8.79691e-05
0.000265675
7.67959e-05
0.00029579
6.34541e-05
0.000314313
4.84994e-05
0.000321043
3.25753e-05
0.000316585
1.63721e-05
0.00030152
1.37761e-06
0.000278708
-1.37112e-05
0.000250015
-2.63221e-05
0.000217976
-3.67095e-05
0.000184913
-4.46847e-05
0.00015265
-5.02665e-05
0.000122394
-5.3629e-05
9.47896e-05
-5.50293e-05
7.01135e-05
-5.47478e-05
4.84733e-05
-5.30616e-05
2.99107e-05
-5.02462e-05
1.43878e-05
-4.65865e-05
1.79185e-06
-4.24039e-05
-8.26865e-06
-3.79072e-05
-1.62168e-05
-3.33401e-05
-2.24297e-05
-2.88523e-05
-2.7155e-05
-2.45076e-05
-3.05046e-05
-2.03584e-05
-3.25733e-05
-1.64481e-05
-3.35508e-05
-1.28344e-05
-3.37654e-05
-9.56262e-06
-3.36233e-05
-6.64521e-06
-3.34807e-05
-4.0448e-06
-3.35096e-05
-1.68596e-06
-3.36104e-05
5.3033e-07
-3.35929e-05
2.65159e-06
-3.32134e-05
4.72824e-06
-3.22418e-05
6.76254e-06
-3.04962e-05
8.74229e-06
-2.78231e-05
1.06471e-05
-2.40873e-05
1.24431e-05
-1.9209e-05
1.40718e-05
-1.32254e-05
1.54499e-05
-6.35061e-06
1.64607e-05
1.47355e-05
3.59281e-05
5.46852e-05
7.63504e-05
6.17702e-05
0.000114284
5.85833e-05
0.00014844
5.38101e-05
0.000177652
4.7579e-05
0.00020099
4.01122e-05
0.000217805
3.16849e-05
0.000227757
2.26236e-05
0.000230852
1.32764e-05
0.000228278
3.9495e-06
0.000219349
-4.7834e-06
0.000205798
-1.27726e-05
0.000188791
-1.97026e-05
0.000169508
-2.54027e-05
0.000149033
-2.97914e-05
0.000128271
-3.28685e-05
0.000107937
-3.46958e-05
8.85674e-05
-3.53783e-05
7.05575e-05
-3.50515e-05
5.41818e-05
-3.38715e-05
3.96015e-05
-3.20086e-05
2.68395e-05
-2.96432e-05
1.58642e-05
-2.69303e-05
6.54625e-06
-2.40211e-05
-1.28813e-06
-2.10207e-05
-7.76842e-06
-1.80295e-05
-1.3018e-05
-1.51058e-05
-1.71562e-05
-1.23074e-05
-2.03355e-05
-9.6574e-06
-2.27101e-05
-7.18843e-06
-2.44405e-05
-4.91078e-06
-2.56796e-05
-2.80495e-06
-2.64822e-05
-8.86467e-07
-2.6841e-05
8.89316e-07
-2.67336e-05
2.5463e-06
-2.61094e-05
4.10363e-06
-2.49109e-05
5.56268e-06
-2.30889e-05
6.92045e-06
-2.06089e-05
8.16803e-06
-1.7455e-05
9.28957e-06
-1.36439e-05
1.02607e-05
-9.24319e-06
1.10491e-05
-4.39178e-06
1.16092e-05
1.0343e-05
2.24205e-05
3.22627e-05
4.78065e-05
3.63839e-05
7.18789e-05
3.45122e-05
9.39555e-05
3.17331e-05
0.000113416
2.81172e-05
0.000129747
2.37818e-05
0.00014256
1.88746e-05
0.000151609
1.35768e-05
0.000156808
8.07736e-06
0.000158266
2.49135e-06
0.000156217
-2.73349e-06
0.000151077
-7.63169e-06
0.000143355
-1.19791e-05
0.000133608
-1.56544e-05
0.000122398
-1.85819e-05
0.000110259
-2.07298e-05
9.76689e-05
-2.21053e-05
8.50401e-05
-2.2748e-05
7.27131e-05
-2.27232e-05
6.09572e-05
-2.21159e-05
4.99716e-05
-2.10242e-05
3.98807e-05
-1.9552e-05
3.07536e-05
-1.78009e-05
2.25991e-05
-1.58656e-05
1.54096e-05
-1.3833e-05
9.14373e-06
-1.17645e-05
3.75776e-06
-9.71719e-06
-8.20012e-07
-7.72735e-06
-4.64113e-06
-5.83748e-06
-7.76925e-06
-4.0607e-06
-1.02707e-05
-2.40645e-06
-1.22206e-05
-8.53245e-07
-1.36259e-05
5.1772e-07
-1.45344e-05
1.79739e-06
-1.49612e-05
2.97422e-06
-1.49105e-05
4.05334e-06
-1.43879e-05
5.03928e-06
-1.34013e-05
5.93333e-06
-1.19666e-05
6.73335e-06
-1.01103e-05
7.43355e-06
-7.8741e-06
8.02451e-06
-5.31896e-06
8.49349e-06
-2.53115e-06
8.82044e-06
7.81018e-06
1.5295e-05
1.69651e-05
3.2677e-05
1.90003e-05
4.92761e-05
1.79115e-05
6.46864e-05
1.63201e-05
7.85367e-05
1.42649e-05
9.05095e-05
1.18092e-05
0.000100349
9.03531e-06
0.000107901
6.02481e-06
0.000113066
2.9101e-06
0.000115761
-2.04368e-07
0.000116264
-3.23683e-06
0.000114672
-6.03913e-06
0.000111212
-8.51874e-06
0.000106163
-1.06067e-05
9.98334e-05
-1.22534e-05
9.25352e-05
-1.3433e-05
8.45725e-05
-1.41425e-05
7.62257e-05
-1.43998e-05
6.77423e-05
-1.42385e-05
5.93345e-05
-1.37084e-05
5.11771e-05
-1.28678e-05
4.34062e-05
-1.1781e-05
3.61188e-05
-1.05121e-05
2.93773e-05
-9.12362e-06
2.3216e-05
-7.67366e-06
1.766e-05
-6.20979e-06
1.27187e-05
-4.77468e-06
8.38508e-06
-3.39237e-06
4.62093e-06
-2.07433e-06
1.40691e-06
-8.4757e-07
-1.23288e-06
2.34709e-07
-3.37306e-06
1.28836e-06
-5.08811e-06
2.23244e-06
-6.35716e-06
3.06589e-06
-7.19517e-06
3.81265e-06
-7.62151e-06
4.48016e-06
-7.65779e-06
5.07524e-06
-7.32854e-06
5.60322e-06
-6.66308e-06
6.0669e-06
-5.697e-06
6.46635e-06
-4.47307e-06
6.79916e-06
-3.04192e-06
7.06051e-06
-1.46586e-06
7.24225e-06
6.34294e-06
1.06526e-05
6.31254e-06
2.27348e-05
6.91976e-06
3.43232e-05
6.32307e-06
4.51636e-05
5.47908e-06
5.50193e-05
4.40986e-06
6.36722e-05
3.15779e-06
7.08877e-05
1.82028e-06
7.66943e-05
2.18202e-07
8.07991e-05
-1.19439e-06
8.34328e-05
-2.83802e-06
8.45445e-05
-4.34837e-06
8.41799e-05
-5.67404e-06
8.24551e-05
-6.79303e-06
7.95235e-05
-7.67469e-06
7.55664e-05
-8.29655e-06
7.07803e-05
-8.64715e-06
6.53652e-05
-8.72657e-06
5.95166e-05
-8.54907e-06
5.34104e-05
-8.13034e-06
4.72109e-05
-7.50846e-06
4.10588e-05
-6.7162e-06
3.50734e-05
-5.79545e-06
2.93506e-05
-4.78826e-06
2.39591e-05
-3.73187e-06
1.89496e-05
-2.66576e-06
1.43671e-05
-1.6286e-06
1.02798e-05
-6.8684e-07
6.70227e-06
1.86096e-07
3.56111e-06
1.06623e-06
8.51332e-07
1.8613e-06
-1.45287e-06
2.53936e-06
-3.31866e-06
3.1551e-06
-4.7533e-06
3.66719e-06
-5.78745e-06
4.09974e-06
-6.43852e-06
4.46386e-06
-6.72775e-06
4.76978e-06
-6.68015e-06
5.02762e-06
-6.32447e-06
5.24687e-06
-5.69332e-06
5.43451e-06
-4.82335e-06
5.5947e-06
-3.75513e-06
5.72889e-06
-2.53276e-06
5.83583e-06
-1.20597e-06
5.91317e-06
5.13635e-06
6.8914e-06
-5.7945e-07
1.46026e-05
-7.902e-07
2.20269e-05
-1.10231e-06
2.89755e-05
-1.47004e-06
3.52789e-05
-1.893e-06
4.08038e-05
-2.36679e-06
4.54979e-05
-2.87468e-06
4.91159e-05
-3.40002e-06
5.17993e-05
-3.87748e-06
5.32933e-05
-4.33246e-06
5.36506e-05
-4.70635e-06
5.29543e-05
-4.97764e-06
5.12899e-05
-5.12788e-06
4.87622e-05
-5.14628e-06
4.5495e-05
-5.02934e-06
4.16247e-05
-4.77712e-06
3.72933e-05
-4.39478e-06
3.26319e-05
-3.88638e-06
2.77942e-05
-3.29127e-06
2.2926e-05
-2.64019e-06
1.81323e-05
-1.92344e-06
1.35025e-05
-1.16622e-06
9.12859e-06
-4.14081e-07
5.0704e-06
3.26275e-07
1.37517e-06
1.02833e-06
-1.93225e-06
1.67777e-06
-4.86819e-06
2.24938e-06
-7.42207e-06
2.7407e-06
-9.51862e-06
3.16243e-06
-1.11661e-05
3.50775e-06
-1.23983e-05
3.77116e-06
-1.31896e-05
3.94656e-06
-1.35904e-05
4.06787e-06
-1.36214e-05
4.13033e-06
-1.33044e-05
4.14674e-06
-1.26647e-05
4.13045e-06
-1.17297e-05
4.09286e-06
-1.0529e-05
4.04618e-06
-9.09467e-06
3.99973e-06
-7.46141e-06
3.96049e-06
-5.66646e-06
3.93259e-06
-3.74935e-06
3.91713e-06
-1.75094e-06
3.91318e-06
3.3852e-06
3.51071e-06
-4.08993e-06
7.5039e-06
-4.78127e-06
1.12698e-05
-4.86827e-06
1.46935e-05
-4.8931e-06
1.76728e-05
-4.87114e-06
2.01058e-05
-4.79979e-06
2.18927e-05
-4.66225e-06
2.29585e-05
-4.46522e-06
2.32851e-05
-4.20345e-06
2.28325e-05
-3.8803e-06
2.16196e-05
-3.49401e-06
1.96932e-05
-3.0511e-06
1.71384e-05
-2.57224e-06
1.40531e-05
-2.06027e-06
1.05285e-05
-1.50484e-06
6.66273e-06
-9.12122e-07
2.55731e-06
-2.89898e-07
-1.68171e-06
3.52873e-07
-5.95251e-06
9.79982e-07
-1.00242e-05
1.43113e-06
-1.38881e-05
1.93942e-06
-1.74823e-05
2.4272e-06
-2.0753e-05
2.85679e-06
-2.36378e-05
3.21148e-06
-2.60923e-05
3.48265e-06
-2.80832e-05
3.66855e-06
-2.96013e-05
3.7683e-06
-3.06416e-05
3.78204e-06
-3.11993e-05
3.72029e-06
-3.12821e-05
3.58987e-06
-3.09063e-05
3.39486e-06
-3.01055e-05
3.1456e-06
-2.88939e-05
2.85628e-06
-2.73189e-05
2.55516e-06
-2.54213e-05
2.2492e-06
-2.32401e-05
1.94963e-06
-2.08174e-05
1.67066e-06
-1.81828e-05
1.41208e-06
-1.53639e-05
1.18107e-06
-1.23893e-05
9.85755e-07
-9.29127e-06
8.34024e-07
-6.10228e-06
7.27403e-07
-2.85684e-06
6.66941e-07
5.28338e-07
4.8842e-07
-4.57781e-06
9.97763e-07
-5.28854e-06
1.38138e-06
-5.25123e-06
1.5438e-06
-5.05402e-06
1.38101e-06
-4.70707e-06
8.01191e-07
-4.22018e-06
-2.41565e-07
-3.61952e-06
-1.77474e-06
-2.93084e-06
-3.79916e-06
-2.17846e-06
-6.29235e-06
-1.38773e-06
-9.23901e-06
-5.48164e-07
-1.26146e-05
3.23943e-07
-1.63014e-05
1.11432e-06
-2.01854e-05
1.82335e-06
-2.42177e-05
2.52654e-06
-2.83201e-05
3.18861e-06
-3.23964e-05
3.78484e-06
-3.6431e-05
4.38673e-06
-4.01582e-05
4.70704e-06
-4.37114e-05
4.98389e-06
-4.69436e-05
5.17079e-06
-4.97718e-05
5.25484e-06
-5.21417e-05
5.22737e-06
-5.40133e-05
5.08421e-06
-5.5356e-05
4.82656e-06
-5.61476e-05
4.46125e-06
-5.63755e-05
3.99792e-06
-5.60397e-05
3.44803e-06
-5.51455e-05
2.8273e-06
-5.37038e-05
2.1486e-06
-5.17484e-05
1.43978e-06
-4.93034e-05
7.01246e-07
-4.63763e-05
-7.01081e-08
-4.30612e-05
-7.59283e-07
-3.94142e-05
-1.39715e-06
-3.5479e-05
-1.985e-06
-3.13488e-05
-2.45892e-06
-2.70529e-05
-2.88345e-06
-2.26273e-05
-3.2443e-06
-1.81039e-05
-3.53773e-06
-1.35058e-05
-3.76426e-06
-8.85319e-06
-3.92552e-06
-4.1643e-06
-4.0222e-06
-3.63585e-06
-2.13444e-06
-2.44208e-06
-4.5714e-06
-2.84956e-06
-7.05803e-06
-2.76294e-06
-9.69835e-06
-2.41144e-06
-1.25721e-05
-1.83196e-06
-1.57332e-05
-1.0589e-06
-1.92379e-05
-1.13983e-07
-2.29964e-05
8.28909e-07
-2.69725e-05
1.7976e-06
-3.1075e-05
2.71361e-06
-3.52966e-05
3.67196e-06
-3.95616e-05
4.58725e-06
-4.386e-05
5.41107e-06
-4.81657e-05
6.12761e-06
-5.23845e-05
6.74379e-06
-5.64483e-05
7.25033e-06
-6.03019e-05
7.63664e-06
-6.38254e-05
7.90924e-06
-6.71012e-05
7.9827e-06
-7.00393e-05
7.92176e-06
-7.2584e-05
7.71513e-06
-7.46858e-05
7.35646e-06
-7.63031e-05
6.84569e-06
-7.74039e-05
6.18669e-06
-7.79621e-05
5.38665e-06
-7.7956e-05
4.457e-06
-7.73682e-05
3.41226e-06
-7.61878e-05
2.26983e-06
-7.44116e-05
1.05301e-06
-7.20175e-05
-2.4408e-07
-6.90547e-05
-1.5218e-06
-6.55438e-05
-2.80824e-06
-6.15438e-05
-4.06861e-06
-5.70538e-05
-5.24785e-06
-5.21272e-05
-6.32248e-06
-4.6843e-05
-7.26829e-06
-4.12409e-05
-8.06051e-06
-3.54226e-05
-8.70143e-06
-2.94728e-05
-9.19416e-06
-2.34591e-05
-9.55163e-06
-1.74287e-05
-9.79482e-06
-1.14039e-05
-9.95032e-06
-5.38517e-06
-1.00409e-05
-9.02098e-06
-4.26137e-06
1.82086e-06
-9.03087e-06
1.92217e-06
-1.38504e-05
2.05916e-06
-1.87764e-05
2.51734e-06
-2.38264e-05
3.21937e-06
-2.89652e-05
4.08043e-06
-3.40888e-05
5.01063e-06
-3.91766e-05
5.91711e-06
-4.41523e-05
6.77239e-06
-4.90002e-05
7.55972e-06
-5.3629e-05
8.29853e-06
-5.80138e-05
8.96946e-06
-6.21569e-05
9.55179e-06
-6.60605e-05
1.00294e-05
-6.97074e-05
1.0389e-05
-7.30803e-05
1.06214e-05
-7.61611e-05
1.07159e-05
-7.89159e-05
1.06631e-05
-8.13754e-05
1.04422e-05
-8.35095e-05
1.00557e-05
-8.5291e-05
9.49642e-06
-8.66966e-05
8.7618e-06
-8.77017e-05
7.85147e-06
-8.82835e-05
6.76984e-06
-8.84192e-05
5.52404e-06
-8.80863e-05
4.12568e-06
-8.72623e-05
2.58986e-06
-8.59275e-05
9.36599e-07
-8.40501e-05
-8.22879e-07
-8.16341e-05
-2.659e-06
-7.86313e-05
-4.52349e-06
-7.50445e-05
-6.3939e-06
-7.08767e-05
-8.23509e-06
-6.61191e-05
-1.00041e-05
-6.07852e-05
-1.16552e-05
-5.49113e-05
-1.31413e-05
-4.85531e-05
-1.44181e-05
-4.18061e-05
-1.54481e-05
-3.47906e-05
-1.62096e-05
-2.76364e-05
-1.67059e-05
-2.04643e-05
-1.6967e-05
-1.33528e-05
-1.70617e-05
-6.31985e-06
-1.7074e-05
-1.53411e-05
-5.95787e-06
7.78024e-06
-1.25346e-05
8.50142e-06
-1.91341e-05
8.66158e-06
-2.57432e-05
9.12891e-06
-3.22518e-05
9.7288e-06
-3.84891e-05
1.03182e-05
-4.43175e-05
1.08396e-05
-4.96753e-05
1.12743e-05
-5.45379e-05
1.16335e-05
-5.89213e-05
1.19413e-05
-6.28401e-05
1.22152e-05
-6.63307e-05
1.24574e-05
-6.94366e-05
1.26555e-05
-7.22012e-05
1.27922e-05
-7.4659e-05
1.28456e-05
-7.68386e-05
1.27993e-05
-7.87581e-05
1.26343e-05
-8.04286e-05
1.23326e-05
-8.18697e-05
1.18834e-05
-8.30852e-05
1.12708e-05
-8.40694e-05
1.04804e-05
-8.48173e-05
9.50916e-06
-8.5318e-05
8.3526e-06
-8.55594e-05
7.01221e-06
-8.55252e-05
5.49133e-06
-8.51965e-05
3.79843e-06
-8.4549e-05
1.94394e-06
-8.35691e-05
-4.18251e-08
-8.21983e-05
-2.19193e-06
-8.04179e-05
-4.43777e-06
-7.8174e-05
-6.76583e-06
-7.54191e-05
-9.14736e-06
-7.21025e-05
-1.15502e-05
-6.81705e-05
-1.39348e-05
-6.35728e-05
-1.62518e-05
-5.82727e-05
-1.84404e-05
-5.22609e-05
-2.04293e-05
-4.55705e-05
-2.2138e-05
-3.82954e-05
-2.34847e-05
-3.05904e-05
-2.44108e-05
-2.26737e-05
-2.48839e-05
-1.475e-05
-2.49856e-05
-6.98138e-06
-2.48433e-05
-2.2323e-05
-7.37933e-06
1.51609e-05
-1.54698e-05
1.65942e-05
-2.34647e-05
1.66586e-05
-3.1035e-05
1.67008e-05
-3.79843e-05
1.66784e-05
-4.41201e-05
1.64544e-05
-4.93807e-05
1.61004e-05
-5.37875e-05
1.56802e-05
-5.74183e-05
1.52631e-05
-6.03782e-05
1.48999e-05
-6.27753e-05
1.46107e-05
-6.471e-05
1.43897e-05
-6.62671e-05
1.42108e-05
-6.752e-05
1.40432e-05
-6.85266e-05
1.38511e-05
-6.9337e-05
1.36079e-05
-6.99857e-05
1.32821e-05
-7.05027e-05
1.28482e-05
-7.09094e-05
1.22902e-05
-7.12226e-05
1.15832e-05
-7.145e-05
1.07076e-05
-7.15988e-05
9.65701e-06
-7.16684e-05
8.42227e-06
-7.16576e-05
7.00157e-06
-7.15589e-05
5.39355e-06
-7.13626e-05
3.60268e-06
-7.10515e-05
1.63389e-06
-7.06061e-05
-4.86248e-07
-6.99897e-05
-2.80668e-06
-6.91671e-05
-5.25863e-06
-6.80844e-05
-7.84629e-06
-6.66771e-05
-1.05525e-05
-6.4866e-05
-1.33592e-05
-6.25574e-05
-1.62417e-05
-5.96422e-05
-1.91655e-05
-5.60003e-05
-2.20811e-05
-5.15141e-05
-2.49148e-05
-4.60866e-05
-2.7565e-05
-3.9681e-05
-2.98904e-05
-3.2347e-05
-3.17449e-05
-2.4313e-05
-3.29188e-05
-1.58708e-05
-3.34285e-05
-7.52243e-06
-3.31929e-05
-2.9846e-05
-8.81446e-06
2.39763e-05
-1.81045e-05
2.58858e-05
-2.68594e-05
2.54145e-05
-3.43221e-05
2.41642e-05
-4.04563e-05
2.28127e-05
-4.5225e-05
2.12236e-05
-4.87866e-05
1.96622e-05
-5.1326e-05
1.82188e-05
-5.30417e-05
1.69784e-05
-5.41166e-05
1.5974e-05
-5.47071e-05
1.52003e-05
-5.49405e-05
1.46211e-05
-5.49117e-05
1.41806e-05
-5.46972e-05
1.38266e-05
-5.43524e-05
1.35055e-05
-5.39269e-05
1.31803e-05
-5.34534e-05
1.28081e-05
-5.2965e-05
1.2358e-05
-5.24808e-05
1.18063e-05
-5.20223e-05
1.11236e-05
-5.16024e-05
1.0288e-05
-5.12363e-05
9.29004e-06
-5.09308e-05
8.11716e-06
-5.06949e-05
6.76559e-06
-5.05307e-05
5.23025e-06
-5.04403e-05
3.51258e-06
-5.04185e-05
1.61287e-06
-5.0449e-05
-4.55134e-07
-5.05263e-05
-2.72788e-06
-5.06178e-05
-5.1657e-06
-5.06833e-05
-7.77851e-06
-5.06684e-05
-1.05654e-05
-5.04973e-05
-1.35281e-05
-5.00707e-05
-1.66665e-05
-4.92579e-05
-1.99768e-05
-4.78918e-05
-2.3446e-05
-4.57701e-05
-2.7036e-05
-4.26565e-05
-3.06783e-05
-3.83223e-05
-3.42251e-05
-3.25596e-05
-3.7508e-05
-2.54128e-05
-4.00669e-05
-1.69842e-05
-4.18581e-05
-8.22905e-06
-4.19496e-05
-3.80756e-05
-1.05458e-05
3.45223e-05
-2.0399e-05
3.57398e-05
-2.88464e-05
3.38622e-05
-3.48387e-05
3.01569e-05
-3.89176e-05
2.68923e-05
-4.13573e-05
2.36641e-05
-4.25878e-05
2.08931e-05
-4.29248e-05
1.85554e-05
-4.26309e-05
1.66848e-05
-4.19041e-05
1.52467e-05
-4.08914e-05
1.41871e-05
-3.97009e-05
1.34287e-05
-3.84043e-05
1.2883e-05
-3.70571e-05
1.24771e-05
-3.56954e-05
1.21434e-05
-3.43548e-05
1.18372e-05
-3.30564e-05
1.15097e-05
-3.18284e-05
1.1128e-05
-3.06839e-05
1.06626e-05
-2.96461e-05
1.00847e-05
-2.87284e-05
9.37119e-06
-2.79511e-05
8.51203e-06
-2.73264e-05
7.49325e-06
-2.68717e-05
6.31083e-06
-2.65981e-05
4.95777e-06
-2.65191e-05
3.43392e-06
-2.6641e-05
1.7359e-06
-2.69654e-05
-1.30219e-07
-2.75012e-05
-2.1905e-06
-2.82381e-05
-4.4275e-06
-2.91582e-05
-6.8564e-06
-3.0233e-05
-9.48916e-06
-3.14141e-05
-1.23454e-05
-3.26298e-05
-1.54495e-05
-3.37736e-05
-1.8832e-05
-3.46895e-05
-2.25293e-05
-3.51619e-05
-2.65637e-05
-3.48851e-05
-3.09549e-05
-3.34885e-05
-3.56229e-05
-3.04604e-05
-4.05366e-05
-2.55e-05
-4.50289e-05
-1.80698e-05
-4.92893e-05
-9.4171e-06
-5.06038e-05
-4.74932e-05
-1.26594e-05
4.71815e-05
-2.18492e-05
4.49301e-05
-2.85087e-05
4.05219e-05
-3.17344e-05
3.33831e-05
-3.29412e-05
2.81001e-05
-3.27033e-05
2.34271e-05
-3.16123e-05
1.98027e-05
-2.99982e-05
1.69411e-05
-2.80912e-05
1.47783e-05
-2.6036e-05
1.31912e-05
-2.39225e-05
1.20735e-05
-2.18082e-05
1.13126e-05
-1.97235e-05
1.07978e-05
-1.76925e-05
1.04438e-05
-1.57272e-05
1.01782e-05
-1.38453e-05
9.95279e-06
-1.2055e-05
9.71977e-06
-1.03781e-05
9.44888e-06
-8.8211e-06
9.10663e-06
-7.40786e-06
8.67016e-06
-6.15129e-06
8.11585e-06
-5.07513e-06
7.43509e-06
-4.19535e-06
6.61445e-06
-3.5357e-06
5.65091e-06
-3.11411e-06
4.53725e-06
-2.95327e-06
3.27315e-06
-3.0701e-06
1.85382e-06
-3.47958e-06
2.79595e-07
-4.20488e-06
-1.46383e-06
-5.2555e-06
-3.37612e-06
-6.63676e-06
-5.47368e-06
-8.34983e-06
-7.77529e-06
-1.03828e-05
-1.03114e-05
-1.27079e-05
-1.31238e-05
-1.52717e-05
-1.62681e-05
-1.79767e-05
-1.98238e-05
-2.06678e-05
-2.38732e-05
-2.3076e-05
-2.85467e-05
-2.4822e-05
-3.38782e-05
-2.52194e-05
-4.01396e-05
-2.36451e-05
-4.66048e-05
-1.86122e-05
-5.4323e-05
-1.11814e-05
-5.80362e-05
-5.8675e-05
-1.47764e-05
6.19577e-05
-2.15168e-05
5.16715e-05
-2.48429e-05
4.38483e-05
-2.45613e-05
3.31022e-05
-2.27892e-05
2.6329e-05
-2.02042e-05
2.08426e-05
-1.73408e-05
1.694e-05
-1.44168e-05
1.40169e-05
-1.15526e-05
1.1915e-05
-8.79687e-06
1.04351e-05
-6.16347e-06
9.4403e-06
-3.65367e-06
8.8012e-06
-1.25586e-06
8.40005e-06
1.0329e-06
8.15286e-06
3.22603e-06
7.98574e-06
5.3147e-06
7.86171e-06
7.30205e-06
7.73336e-06
9.17203e-06
7.57656e-06
1.09207e-05
7.35913e-06
1.25251e-05
7.06425e-06
1.39719e-05
6.67026e-06
1.52354e-05
6.17077e-06
1.62967e-05
5.55423e-06
1.7128e-05
4.81907e-06
1.77071e-05
3.95903e-06
1.80057e-05
2.97433e-06
1.80003e-05
1.86006e-06
1.76643e-05
6.15599e-07
1.69699e-05
-7.68537e-07
1.58912e-05
-2.2972e-06
1.44049e-05
-3.98655e-06
1.24867e-05
-5.85693e-06
1.01171e-05
-7.94149e-06
7.28159e-06
-1.02881e-05
3.97624e-06
-1.2963e-05
2.21902e-07
-1.60692e-05
-3.92494e-06
-1.97272e-05
-8.31591e-06
-2.41556e-05
-1.27001e-05
-2.94954e-05
-1.64553e-05
-3.63847e-05
-1.88564e-05
-4.42052e-05
-1.76447e-05
-5.55352e-05
-1.31015e-05
-6.25809e-05
-7.17768e-05
-1.58931e-05
7.78507e-05
-1.83234e-05
5.41029e-05
-1.72571e-05
4.27822e-05
-1.36046e-05
2.94502e-05
-9.46445e-06
2.21898e-05
-5.34919e-06
1.67276e-05
-1.53645e-06
1.31279e-05
1.93635e-06
1.0544e-05
5.08625e-06
8.76593e-06
7.95989e-06
7.56103e-06
1.06113e-05
6.78945e-06
1.3085e-05
6.32616e-06
1.54224e-05
6.06329e-06
1.76461e-05
5.92717e-06
1.97774e-05
5.8555e-06
2.18193e-05
5.81757e-06
2.37785e-05
5.77536e-06
2.56425e-05
5.71035e-06
2.74071e-05
5.59571e-06
2.90501e-05
5.41951e-06
3.05575e-05
5.16403e-06
3.19023e-05
4.82504e-06
3.30639e-05
4.39354e-06
3.40131e-05
3.86924e-06
3.47255e-05
3.24735e-06
3.51706e-05
2.52876e-06
3.53219e-05
1.70935e-06
3.51482e-05
7.89005e-07
3.46192e-05
-2.38977e-07
3.37014e-05
-1.37962e-06
3.23621e-05
-2.6468e-06
3.05633e-05
-4.05841e-06
2.82658e-05
-5.64403e-06
2.54259e-05
-7.44824e-06
2.19962e-05
-9.53379e-06
1.79324e-05
-1.20052e-05
1.31937e-05
-1.49894e-05
7.78346e-06
-1.87452e-05
1.76011e-06
-2.34733e-05
-4.55271e-06
-3.0072e-05
-1.05979e-05
-3.81615e-05
-1.40748e-05
-5.20587e-05
-1.40977e-05
-6.25594e-05
-8.58748e-05
-1.45333e-05
9.23842e-05
-1.15039e-05
5.10743e-05
-5.95993e-06
3.72384e-05
1.1083e-07
2.33799e-05
5.56004e-06
1.67413e-05
1.02191e-05
1.20686e-05
1.41651e-05
9.18241e-06
1.75272e-05
7.1817e-06
2.04364e-05
5.85742e-06
2.30057e-05
4.9913e-06
2.5332e-05
4.46391e-06
2.74854e-05
4.17179e-06
2.9521e-05
4.02856e-06
3.14689e-05
3.97757e-06
3.33541e-05
3.9715e-06
3.51814e-05
3.98818e-06
3.69584e-05
3.9997e-06
3.86738e-05
3.99298e-06
4.03223e-05
3.94834e-06
4.18825e-05
3.85777e-06
4.33392e-05
3.70823e-06
4.4666e-05
3.49727e-06
4.58418e-05
3.2185e-06
4.6838e-05
2.87241e-06
4.76302e-05
2.4557e-06
4.81888e-05
1.96963e-06
4.84873e-05
1.41126e-06
4.84948e-05
7.81014e-07
4.81819e-05
7.43974e-08
4.75141e-05
-7.12241e-07
4.64566e-05
-1.5892e-06
4.49679e-05
-2.57008e-06
4.30011e-05
-3.67747e-06
4.04997e-05
-4.94682e-06
3.73937e-05
-6.42836e-06
3.35994e-05
-8.21063e-06
2.90116e-05
-1.04025e-05
2.35137e-05
-1.3247e-05
1.69838e-05
-1.69445e-05
9.37752e-06
-2.24658e-05
9.63556e-07
-2.97487e-05
-7.14531e-06
-4.39503e-05
-1.26609e-05
-5.7045e-05
-9.8536e-05
-9.22252e-06
0.000101607
-8.69741e-07
4.27222e-05
8.05278e-06
2.8316e-05
1.51285e-05
1.63045e-05
2.07259e-05
1.11443e-05
2.50726e-05
7.72191e-06
2.8539e-05
5.71655e-06
3.1353e-05
4.36742e-06
3.37074e-05
3.50353e-06
3.57418e-05
2.95634e-06
3.75674e-05
2.63908e-06
3.92597e-05
2.47867e-06
4.08741e-05
2.41529e-06
4.2439e-05
2.4112e-06
4.39771e-05
2.43456e-06
4.54922e-05
2.4714e-06
4.69899e-05
2.50322e-06
4.84593e-05
2.52192e-06
4.98941e-05
2.5146e-06
5.12741e-05
2.47646e-06
5.25842e-05
2.39894e-06
5.37997e-05
2.28084e-06
5.49008e-05
2.11806e-06
5.58613e-05
1.91133e-06
5.66589e-05
1.65858e-06
5.7267e-05
1.36103e-06
5.76618e-05
1.0168e-06
5.78158e-05
6.26537e-07
5.77029e-05
1.87552e-07
5.72926e-05
-3.024e-07
5.65534e-05
-8.4993e-07
5.5447e-05
-1.46403e-06
5.39289e-05
-2.15962e-06
5.1943e-05
-2.96099e-06
4.94167e-05
-3.90252e-06
4.6254e-05
-5.04766e-06
4.23259e-05
-6.47508e-06
3.74506e-05
-8.37143e-06
3.1404e-05
-1.08989e-05
2.3814e-05
-1.48758e-05
1.44941e-05
-2.04298e-05
3.19229e-06
-3.26488e-05
-7.3461e-06
-4.65076e-05
-0.000105882
8.88674e-07
0.000100718
1.29496e-05
3.06619e-05
2.3252e-05
1.80137e-05
2.99023e-05
9.65431e-06
3.47317e-05
6.31537e-06
3.82143e-05
4.23914e-06
4.08676e-05
3.06362e-06
4.29394e-05
2.29545e-06
4.46279e-05
1.81538e-06
4.60647e-05
1.51894e-06
4.73513e-05
1.35306e-06
4.85539e-05
1.27541e-06
4.97186e-05
1.25155e-06
5.08681e-05
1.26063e-06
5.20193e-05
1.28441e-06
5.3174e-05
1.31534e-06
5.43355e-05
1.34275e-06
5.54937e-05
1.36255e-06
5.66417e-05
1.3674e-06
5.77623e-05
1.35492e-06
5.88416e-05
1.32029e-06
5.98587e-05
1.26301e-06
6.07965e-05
1.1808e-06
6.16331e-05
1.07421e-06
6.235e-05
9.42092e-07
6.29253e-05
7.85262e-07
6.33398e-05
6.02655e-07
6.35711e-05
3.948e-07
6.35985e-05
1.60308e-07
6.33978e-05
-1.02066e-07
6.29438e-05
-3.95925e-07
6.22059e-05
-7.26364e-07
6.11477e-05
-1.10167e-06
5.97226e-05
-1.53586e-06
5.78684e-05
-2.04864e-06
5.54984e-05
-2.67743e-06
5.24927e-05
-3.46995e-06
4.86617e-05
-4.54024e-06
4.37623e-05
-6.00026e-06
3.72612e-05
-8.37477e-06
2.87377e-05
-1.19071e-05
1.64636e-05
-2.0375e-05
2.68442e-06
-3.27292e-05
-0.000103198
1.51825e-05
8.55361e-05
2.85861e-05
1.72587e-05
3.79723e-05
8.6277e-06
4.31781e-05
4.44865e-06
4.67121e-05
2.78167e-06
4.91171e-05
1.83397e-06
5.08821e-05
1.29883e-06
5.22164e-05
9.60976e-07
5.32807e-05
7.51415e-07
5.41756e-05
6.23476e-07
5.49775e-05
5.51605e-07
5.57344e-05
5.17805e-07
5.64795e-05
5.07222e-07
5.7228e-05
5.11334e-07
5.79913e-05
5.21998e-07
5.87697e-05
5.35964e-07
5.95648e-05
5.48516e-07
6.03684e-05
5.58012e-07
6.11751e-05
5.61399e-07
6.19717e-05
5.57643e-07
6.27477e-05
5.44778e-07
6.34877e-05
5.22524e-07
6.41789e-05
4.89952e-07
6.48055e-05
4.4726e-07
6.5354e-05
3.93933e-07
6.58086e-05
3.30302e-07
6.61556e-05
2.55873e-07
6.63792e-05
1.70862e-07
6.6465e-05
7.47303e-08
6.63958e-05
-3.31885e-08
6.61543e-05
-1.54417e-07
6.5719e-05
-2.91285e-07
6.50645e-05
-4.47311e-07
6.41575e-05
-6.28771e-07
6.29529e-05
-8.44396e-07
6.13863e-05
-1.11064e-06
5.93664e-05
-1.45045e-06
5.67395e-05
-1.91321e-06
5.33033e-05
-2.56465e-06
4.85551e-05
-3.62665e-06
4.20071e-05
-5.35966e-06
3.1201e-05
-9.56922e-06
1.65847e-05
-1.81134e-05
-8.66135e-05
3.2914e-05
5.26223e-05
4.44296e-05
5.74351e-06
5.08016e-05
2.256e-06
5.40753e-05
1.17508e-06
5.61602e-05
6.96809e-07
5.75337e-05
4.60266e-07
5.8512e-05
3.20745e-07
5.92361e-05
2.3676e-07
5.9804e-05
1.83727e-07
6.02761e-05
1.51021e-07
6.06965e-05
1.31396e-07
6.10928e-05
1.20955e-07
6.14843e-05
1.16297e-07
6.18796e-05
1.15531e-07
6.22857e-05
1.16607e-07
6.27024e-05
1.18567e-07
6.31311e-05
1.20441e-07
6.35667e-05
1.21705e-07
6.40067e-05
1.21921e-07
6.44433e-05
1.20565e-07
6.48711e-05
1.17424e-07
6.5281e-05
1.12197e-07
6.56664e-05
1.04856e-07
6.60182e-05
9.52729e-08
6.63289e-05
8.34171e-08
6.65897e-05
6.92431e-08
6.67931e-05
5.26896e-08
6.693e-05
3.37025e-08
6.69926e-05
1.22421e-08
6.69712e-05
-1.20117e-08
6.68561e-05
-3.93518e-08
6.66352e-05
-7.04936e-08
6.6294e-05
-1.06196e-07
6.58134e-05
-1.48129e-07
6.51672e-05
-1.98455e-07
6.43178e-05
-2.61094e-07
6.32097e-05
-3.4262e-07
6.17501e-05
-4.53474e-07
5.98033e-05
-6.18296e-07
5.70521e-05
-8.75507e-07
5.30566e-05
-1.36462e-06
4.5929e-05
-2.44182e-06
3.37558e-05
-5.94061e-06
-5.28578e-05
5.26224e-05
5.83661e-05
6.06222e-05
6.17972e-05
6.24939e-05
6.29541e-05
6.32751e-05
6.35119e-05
6.36956e-05
6.38463e-05
6.39778e-05
6.40986e-05
6.42152e-05
6.43305e-05
6.44474e-05
6.45657e-05
6.46863e-05
6.48078e-05
6.49299e-05
6.50503e-05
6.51679e-05
6.528e-05
6.53849e-05
6.54801e-05
6.55636e-05
6.56327e-05
6.56855e-05
6.57191e-05
6.57314e-05
6.57193e-05
6.56799e-05
6.56094e-05
6.55031e-05
6.5355e-05
6.51565e-05
6.48955e-05
6.45527e-05
6.40992e-05
6.34808e-05
6.26052e-05
6.12404e-05
5.87985e-05
5.28578e-05
)
;

boundaryField
{
    movingWall
    {
        type            calculated;
        value           uniform 0;
    }
    fixedWalls
    {
        type            calculated;
        value           uniform 0;
    }
    frontAndBack
    {
        type            empty;
        value           nonuniform 0();
    }
    defaultFaces
    {
        type            empty;
        value           nonuniform 0();
    }
}


// ************************************************************************* //
