/*--------------------------------*- C++ -*----------------------------------*\
  =========                 |
  \\      /  F ield         | OpenFOAM: The Open Source CFD Toolbox
   \\    /   O peration     | Website:  https://openfoam.org
    \\  /    A nd           | Version:  7
     \\/     M anipulation  |
\*---------------------------------------------------------------------------*/
FoamFile
{
    version     2.0;
    format      ascii;
    class       surfaceScalarField;
    location    "1.14";
    object      phi;
}
// * * * * * * * * * * * * * * * * * * * * * * * * * * * * * * * * * * * * * //

dimensions      [0 3 -1 0 0 0 0];

internalField   nonuniform List<scalar> 
3784
(
-0.00276061
0.00276061
-0.00309736
0.000336747
-0.00197347
-0.00112389
-0.000953635
-0.00101983
-0.000285963
-0.000667671
0.000530432
-0.000816395
0.00127253
-0.000742098
0.00156836
-0.000295826
0.00124038
0.00032798
0.00026871
0.000971666
-0.000885024
0.00115373
-0.00146151
0.000576486
-0.000919715
-0.000541792
0.000361616
-0.00128133
0.00117917
-0.000817553
0.000747912
0.000431257
-0.000709656
0.00145757
-0.00192283
0.00121317
-0.0016066
-0.000316227
-9.65526e-05
-0.00151005
0.00115274
-0.00124929
0.00110502
4.77223e-05
-0.000182861
0.00128788
-0.00146198
0.00127912
-0.0014458
-1.61866e-05
-0.000153206
-0.00129259
0.00124274
-0.00139594
0.00139051
-0.000147777
0.000135743
0.00125477
-0.00119887
0.00133462
-0.00119988
1.0095e-06
6.26912e-05
-0.00126257
0.00122936
-0.00116667
0.00121223
1.71367e-05
-4.59572e-05
0.00125818
-0.00138415
0.00133819
-0.00149488
0.000110738
-0.000330253
-0.00116463
0.000948526
-0.00127878
0.00106517
-0.000116647
-0.000161785
0.00122696
-0.0014573
0.00129551
-0.00138397
-7.33303e-05
-0.00138397
-0.00363212
0.00639273
-0.0042665
0.000971126
-0.00236597
-0.00302442
-0.00114354
-0.00224227
-0.000471355
-0.00133985
0.000561663
-0.00184941
0.00147603
-0.00165647
0.00170284
-0.000522636
0.00118299
0.00084783
0.000246761
0.0019079
-0.000758582
0.00215907
-0.00164686
0.00146476
-0.00130572
-0.00088293
0.000570893
-0.00315794
0.00149366
-0.00174032
0.00055926
0.00136566
-0.000692193
0.00270902
-0.00190361
0.00242459
-0.00206788
-0.00015196
-3.73759e-05
-0.00354055
0.00155823
-0.00284489
0.000950055
0.000655894
-0.000214992
0.00245292
-0.00140239
0.00246651
-0.00189442
0.000475843
-0.000190004
-0.002997
0.00163072
-0.00321667
0.00127297
0.000209981
0.000103069
0.00242467
-0.00112464
0.00256232
-0.00160362
0.000479991
7.03095e-05
-0.0029365
0.00165721
-0.00275357
0.00112859
0.000545758
-8.07826e-05
0.00246755
-0.00128627
0.00254367
-0.00189905
0.000723525
-0.000430092
-0.00263359
0.00134493
-0.0030538
0.00101184
0.000216441
-0.000174751
0.00241355
-0.00133344
0.0024542
-0.00180711
0.000400341
-0.00319108
-0.00342687
0.0098196
-0.00454787
0.00209212
-0.00290548
-0.0046668
-0.00139307
-0.00375468
-0.000498791
-0.00223413
0.000623049
-0.00297125
0.00164676
-0.00268018
0.00191262
-0.000788501
0.00128376
0.00147669
0.000151131
0.00304053
-0.00105932
0.00336953
-0.00202799
0.00243343
-0.00149457
-0.00141635
0.000732553
-0.00538507
0.00191886
-0.00292663
0.00102555
0.00225896
-0.000464318
0.00419889
-0.00202567
0.00398595
-0.00230944
0.000131811
-5.30912e-05
-0.00579691
0.00183602
-0.004734
0.00122932
0.00126259
-0.000248909
0.00393115
-0.00172146
0.00393907
-0.00217463
0.000929011
-0.000168757
-0.00500288
0.00188031
-0.00526574
0.00143617
0.000654122
-5.66309e-05
0.00391747
-0.00151693
0.00402262
-0.00196199
0.000925046
-1.8627e-05
-0.00487986
0.00191086
-0.00468306
0.00146742
0.000989197
-1.01806e-05
0.00394515
-0.00153103
0.00406452
-0.0021717
0.0013642
-0.000434226
-0.00437107
0.00164396
-0.00513199
0.00141103
0.000449375
2.01182e-05
0.00380446
-0.00147008
0.0039444
-0.002019
0.000949262
-0.00521008
-0.00274715
0.0125668
-0.00409287
0.00343784
-0.00310387
-0.00565579
-0.00171926
-0.00513929
-0.000646777
-0.00330662
0.000389149
-0.00400717
0.00121619
-0.00350722
0.00137417
-0.000946483
0.000816262
0.0020346
-6.34829e-05
0.00392027
-0.000921585
0.00422763
-0.00155206
0.00306391
-0.00109632
-0.0018721
0.000527916
-0.0070093
0.00140403
-0.00380274
0.000854858
0.00280814
-0.000118661
0.00517241
-0.00124695
0.00511423
-0.00160065
0.000485508
-0.000115977
-0.00728158
0.00119419
-0.00604416
0.000770042
0.00168673
-0.000234645
0.00493584
-0.0012181
0.00492253
-0.00152862
0.00123953
-0.00013324
-0.00639825
0.00121447
-0.00661345
0.000808906
0.00105969
-0.000217739
0.00494412
-0.00113665
0.00494153
-0.00142425
0.00121264
-9.88177e-05
-0.00620529
0.00128052
-0.00606239
0.00101217
0.00125754
1.70272e-05
0.0049403
-0.00102212
0.00510367
-0.00150308
0.00184516
-0.000312345
-0.00556181
0.00113729
-0.00658162
0.00102945
0.000557215
0.000158973
0.00467494
-0.000833893
0.00493727
-0.00130099
0.00141636
-0.00651106
-0.00199862
0.0145654
-0.00348317
0.00492239
-0.00314419
-0.00599477
-0.0020157
-0.00626777
-0.00088604
-0.00443628
-1.28155e-05
-0.0048804
0.000573169
-0.0040932
0.000666878
-0.00104019
0.00026951
0.00243197
-0.000270189
0.00445997
-0.000750384
0.00470783
-0.00103489
0.00334842
-0.000667271
-0.00223972
0.000297923
-0.0079745
0.000867444
-0.00437226
0.000595211
0.00308037
0.000148588
0.00561903
-0.000457992
0.00572081
-0.000833866
0.000861382
-0.000156481
-0.00795896
0.000547303
-0.00674795
0.000305767
0.00192827
-0.000153141
0.00539474
-0.000624688
0.00539407
-0.000821452
0.00143629
-8.26746e-05
-0.00713703
0.000537066
-0.00723319
0.000207206
0.00138955
-0.000272688
0.00542401
-0.000655697
0.00532454
-0.00084048
0.00139743
-0.000168298
-0.00687747
0.000620154
-0.00685084
0.000491766
0.00138593
3.05448e-05
0.00540152
-0.000474453
0.00560866
-0.000785973
0.00215668
-0.000161651
-0.00618613
0.000609441
-0.00735272
0.000563196
0.000603461
0.00022406
0.00501408
-0.000232848
0.00539417
-0.000573673
0.00175718
-0.00708473
-0.00105728
0.0156226
-0.00257904
0.00644415
-0.00291189
-0.00566192
-0.00219672
-0.00698295
-0.00120201
-0.00543098
-0.000576718
-0.00550569
-0.000255292
-0.00441463
-0.000185649
-0.00110983
-0.000346408
0.00259272
-0.000442951
0.00455651
-0.000479461
0.00474434
-0.000433285
0.00330224
-0.000251756
-0.00242125
3.40032e-05
-0.00826026
0.000264792
-0.00460305
0.000264524
0.00308064
0.000281767
0.00560179
0.000225749
0.00577683
-7.78356e-05
0.00116497
-0.000171203
-0.00786559
-6.74255e-05
-0.00685173
-9.21207e-05
0.00195296
-2.88744e-05
0.0053315
-1.00453e-05
0.00537525
-8.57581e-05
0.001512
-2.62336e-05
-0.00719656
-9.52154e-05
-0.00716421
-0.000271575
0.00156591
-0.000209562
0.005362
-0.000124605
0.00523959
-0.000214416
0.00148724
-0.000199084
-0.00689281
-2.37159e-05
-0.00702621
-1.45512e-05
0.00137677
2.89415e-05
0.00535802
5.22412e-05
0.00558536
-4.52099e-05
0.00225414
3.01897e-06
-0.00623436
9.09293e-05
-0.00744063
6.84624e-05
0.000625928
0.00017788
0.00490466
0.00025575
0.00531631
0.00011554
0.00189739
-0.00696919
8.89055e-05
0.0155337
-0.00122282
0.00775587
-0.00225767
-0.00462706
-0.00214297
-0.00709765
-0.00150855
-0.00606541
-0.00121112
-0.00580311
-0.00115933
-0.00446642
-0.00109273
-0.00117643
-0.000931074
0.00243106
-0.00057913
0.00420456
-0.00019632
0.00436153
0.000138659
0.00296726
0.000119882
-0.00240247
-0.000268905
-0.00787147
-0.000391579
-0.00448038
-0.000138557
0.00282761
0.000286742
0.00517649
0.000732553
0.00533102
0.00062057
0.00127695
-0.000161992
-0.00708303
-0.000647955
-0.00636577
-0.000427295
0.0017323
7.47005e-05
0.0048295
0.000527811
0.00492214
0.000608887
0.00143092
1.9459e-05
-0.00660713
-0.000666142
-0.00647861
-0.00061896
0.00151873
-9.6377e-05
0.00483942
0.000380071
0.00476314
0.000412852
0.00145446
-0.000178682
-0.00630127
-0.000625178
-0.00657972
-0.000457748
0.00120934
1.69999e-05
0.00488328
0.000507629
0.00509473
0.000650139
0.00211163
0.000158818
-0.00574304
-0.000421544
-0.00686026
-0.000390838
0.000595223
8.68147e-05
0.00442701
0.000609211
0.00479391
0.000705211
0.00180139
-0.00626398
0.00133966
0.0141941
0.000606557
0.00848898
-0.00107403
-0.00294648
-0.00171403
-0.00645764
-0.00163006
-0.00614937
-0.0017353
-0.00569787
-0.00195284
-0.00424889
-0.00186864
-0.00126063
-0.0013631
0.00192552
-0.000672853
0.00351432
2.43011e-05
0.00366437
0.000567785
0.00242377
0.000418848
-0.00225354
-0.000581886
-0.00687073
-0.00105535
-0.00400691
-0.000568805
0.00234107
0.000190001
0.00441768
0.00103561
0.00448541
0.00113973
0.00117283
-0.000141179
-0.00580213
-0.00110462
-0.00540233
-0.000714512
0.00134219
0.000101506
0.00401348
0.000916441
0.0041072
0.00114871
0.00119866
3.45769e-05
-0.00549299
-0.00110095
-0.00534308
-0.000859333
0.00127711
-1.75589e-05
0.00399764
0.000777367
0.00396821
0.000957172
0.00127466
-0.000108603
-0.0052355
-0.00108211
-0.00560621
-0.000795697
0.000922926
1.05602e-06
0.00408652
0.000855504
0.00424028
0.00120745
0.00175968
0.000269865
-0.00480546
-0.000845066
-0.00574533
-0.000727377
0.000477533
9.0109e-06
0.00369062
0.000847523
0.0039554
0.00114309
0.00150583
-0.00512089
0.00235134
0.0118427
0.00255227
0.00828805
0.000552629
-0.000946835
-0.000830986
-0.00507403
-0.00140758
-0.00557278
-0.00194488
-0.00516057
-0.00239891
-0.00379486
-0.00233221
-0.00132733
-0.00163741
0.00123073
-0.000715134
0.00259204
0.000180801
0.00276844
0.000873378
0.0017312
0.000589049
-0.00196921
-0.000828715
-0.00545297
-0.0015864
-0.00324923
-0.000899991
0.00165465
4.68388e-05
0.00347086
0.00111464
0.0034176
0.0014226
0.000864863
-0.000121522
-0.004258
-0.00140509
-0.00411876
-0.000875905
0.00081301
6.87578e-05
0.00306882
0.00106081
0.00311515
0.00144909
0.000810382
9.31833e-06
-0.00405322
-0.00137809
-0.00395567
-0.000960803
0.000859828
-2.0374e-06
0.00303888
0.000943329
0.00302285
0.00130904
0.000908949
-3.37104e-05
-0.00389275
-0.00136418
-0.00427574
-0.00097399
0.000532735
-1.51403e-05
0.00312767
0.0010105
0.00321465
0.00154102
0.00122916
0.000312962
-0.0035774
-0.00113282
-0.00429955
-0.000903612
0.000248329
-3.1991e-05
0.002819
0.000940062
0.00298335
0.00139092
0.00105497
-0.00372997
0.00273165
0.0091111
0.00386343
0.00715628
0.00217649
0.000740102
0.000365545
-0.00326308
-0.000804356
-0.00440288
-0.00173324
-0.00423169
-0.00237549
-0.00315261
-0.00237279
-0.00133003
-0.00167384
0.000531783
-0.000695928
0.00161412
0.000270295
0.00180221
0.000991812
0.00100968
0.000619656
-0.00159705
-0.000956333
-0.00387698
-0.00184469
-0.00236087
-0.0011639
0.000973862
-0.000102757
0.00240971
0.00101128
0.00230356
0.00138865
0.000487501
-0.000112548
-0.00275681
-0.0014637
-0.00276761
-0.00100177
0.000351074
2.2147e-06
0.00206483
0.00103584
0.00208153
0.00141322
0.000433001
-3.58813e-05
-0.00260412
-0.00141807
-0.00257348
-0.00100721
0.000448972
-1.90939e-05
0.00205076
0.000964745
0.00203901
0.00135136
0.000522331
6.92468e-06
-0.00254832
-0.00141138
-0.00285744
-0.00107478
0.000196136
-4.55446e-05
0.00209843
0.00101424
0.00215486
0.00153695
0.000706448
0.000287881
-0.00232833
-0.00119591
-0.00281575
-0.00098885
4.12687e-05
-5.85353e-05
0.00188869
0.000924253
0.00200057
0.00137366
0.000605564
-0.00235631
0.00251761
0.00659349
0.00409546
0.00557843
0.00319119
0.00164436
0.00149196
-0.00156385
1.46122e-05
-0.00292555
-0.00115601
-0.00306107
-0.00191494
-0.00239368
-0.00202578
-0.00121919
-0.00148374
-1.0254e-05
-0.000622336
0.000752724
0.000262749
0.000917131
0.000892813
0.000379621
0.000488438
-0.00119268
-0.000956823
-0.00243172
-0.00178756
-0.00153013
-0.00124384
0.000430131
-0.000236322
0.0014022
0.000756757
0.00131048
0.00106382
0.000180433
-0.000133612
-0.00155937
-0.00128582
-0.0016154
-0.000988213
5.34662e-05
-7.87328e-05
0.00115536
0.000828071
0.00117472
0.00109136
0.000169709
-8.27113e-05
-0.00143005
-0.0012195
-0.0014367
-0.000928803
0.000158282
-4.67674e-05
0.00116872
0.000819329
0.00117291
0.0011092
0.00023246
4.20745e-06
-0.00144332
-0.00121272
-0.00164051
-0.00100505
-1.15349e-05
-7.89321e-05
0.00117231
0.000852803
0.00122312
0.00124158
0.000317672
0.000216976
-0.00130373
-0.0010222
-0.00157658
-0.000909102
-7.18217e-05
-7.7511e-05
0.0010571
0.000781942
0.00114111
0.001107
0.000280509
-0.00124931
0.00195715
0.00463635
0.00349653
0.00403905
0.00329614
0.00184475
0.00208949
-0.0003572
0.00072067
-0.00155673
-0.000445273
-0.00189513
-0.00122169
-0.00161726
-0.00145187
-0.000989015
-0.00114378
-0.000318342
-0.000513005
0.000121952
0.000171053
0.000233073
0.000611524
-6.08461e-05
0.000240794
-0.000821943
-0.000854308
-0.00133662
-0.00149905
-0.000885385
-0.00114488
7.59602e-05
-0.000359892
0.000617204
0.00038029
0.000570299
0.000575931
-1.52086e-05
-0.000198784
-0.000784657
-0.00098669
-0.000827496
-0.000837897
-9.53264e-05
-0.000167013
0.000484472
0.000490568
0.000517146
0.000635136
2.51423e-05
-0.000128541
-0.000666368
-0.000884702
-0.000680538
-0.000728182
1.76296e-06
-8.12058e-05
0.000521747
0.000547396
0.00054431
0.000716589
6.32679e-05
-2.94095e-05
-0.00069732
-0.000864696
-0.000805226
-0.000776393
-9.98393e-05
-0.000105648
0.000501569
0.000568072
0.000549392
0.000801635
8.41108e-05
0.000120779
-0.000622876
-0.000711397
-0.000744405
-0.000682512
-0.000100707
-8.47161e-05
0.000459309
0.000535089
0.00052131
0.000716317
9.92775e-05
-0.000532991
0.00127143
0.00336492
0.00245315
0.00285733
0.00270043
0.00159746
0.00201727
0.000325952
0.00102314
-0.000562594
8.11964e-05
-0.000953188
-0.000585798
-0.000950274
-0.000862473
-0.000712346
-0.000749219
-0.000431592
-0.00038258
-0.000244684
4.64796e-05
-0.000195987
0.000267047
-0.000281411
-2.74466e-05
-0.000527444
-0.00070796
-0.000656108
-0.00112708
-0.000466271
-0.00095317
-9.79472e-05
-0.000464329
0.000128364
-1.27469e-06
0.000107244
0.000107646
-0.000124132
-0.000288425
-0.000388588
-0.000711963
-0.000403956
-0.000653953
-0.000153334
-0.000255162
8.56826e-05
0.000138858
0.000123127
0.000211086
-4.70857e-05
-0.000180544
-0.000274738
-0.000575509
-0.000285574
-0.000509123
-6.46214e-05
-0.000127865
0.000140491
0.000248664
0.000167779
0.000330798
-1.88649e-05
-7.34706e-05
-0.000293049
-0.000529235
-0.000349466
-0.000509176
-0.0001199
-0.000125459
0.000117853
0.000270924
0.000153007
0.000384234
-2.92001e-05
2.32187e-05
-0.000261863
-0.000421236
-0.00029995
-0.000425767
-9.61762e-05
-8.67251e-05
0.000120269
0.000275236
0.000159353
0.000360607
1.39052e-05
-0.000172387
0.000843329
0.0025216
0.00151891
0.00218175
0.00176864
0.00134773
0.00147167
0.000622916
0.000903466
5.60559e-06
0.0002899
-0.000339621
-0.00018903
-0.000471344
-0.00042355
-0.000477832
-0.000415988
-0.000439154
-0.000257333
-0.00040333
-8.3953e-05
-0.000369362
-2.3446e-05
-0.000341921
-0.000218125
-0.000332766
-0.000564493
-0.000309739
-0.000785261
-0.000245503
-0.000724583
-0.000158627
-0.000487281
-0.00010894
-0.000259815
-0.000120224
-0.000204813
-0.000179135
-0.000360422
-0.000232979
-0.000530581
-0.000233794
-0.000510336
-0.000173575
-0.000318925
-0.000105728
-0.000123843
-7.19567e-05
-8.38421e-05
-8.70871e-05
-0.000231751
-0.000126828
-0.000384465
-0.00013286
-0.000354899
-9.4185e-05
-0.000175369
-3.90364e-05
1.06755e-05
-1.82666e-05
5.10602e-05
-5.92517e-05
-0.00011553
-0.000126457
-0.000308525
-0.000156471
-0.000308172
-0.000120254
-0.00013853
-5.1788e-05
4.7904e-05
-3.343e-05
9.29814e-05
-7.42796e-05
-5.5172e-05
-0.000113712
-0.000232836
-0.000122284
-0.000243494
-8.55138e-05
-8.93306e-05
-3.38935e-05
8.13079e-05
-1.12853e-05
0.000126859
-3.16447e-05
-4.55293e-05
0.000600056
0.00192154
0.000995314
0.00178649
0.00111228
0.00123076
0.00100265
0.000732547
0.000659724
0.000348523
0.000298964
2.11309e-05
5.21317e-06
-0.000177592
-0.000166728
-0.000305887
-0.000221551
-0.000384329
-0.000208784
-0.000416094
-0.000190629
-0.000387515
-0.000217977
-0.000314574
-0.000316685
-0.000234061
-0.000446787
-0.000179637
-0.000528194
-0.000164095
-0.00051197
-0.000174854
-0.000428508
-0.000192406
-0.000347001
-0.000201731
-0.000325342
-0.000200791
-0.000364526
-0.000193793
-0.000408428
-0.000189891
-0.00039642
-0.000185582
-0.000330796
-0.000171355
-0.000257744
-0.00014501
-0.000227263
-0.000117566
-0.000251846
-0.000102242
-0.0002822
-0.000102505
-0.000265435
-0.000110952
-0.000197676
-0.000106795
-0.00012319
-9.27512e-05
-9.85991e-05
-8.38426e-05
-0.000136157
-8.88973e-05
-0.000186927
-0.000105699
-0.000191523
-0.000115659
-0.000135421
-0.000107893
-7.12963e-05
-9.75588e-05
-5.55472e-05
-9.00277e-05
-8.96077e-05
-7.96493e-05
-0.000135344
-7.65484e-05
-0.000137035
-8.38219e-05
-8.43226e-05
-8.66045e-05
-1.7898e-05
-7.77139e-05
1.05491e-05
-6.00937e-05
-3.49791e-05
0.000467835
0.00145371
0.00079085
0.00146348
0.000879679
0.00114193
0.000802439
0.000809788
0.000636166
0.000514796
0.000388237
0.000269054
0.000179146
3.14988e-05
1.84514e-05
-0.000145186
-9.42484e-05
-0.000271626
-0.000178795
-0.00033155
-0.000241722
-0.000324591
-0.000288857
-0.000267437
-0.000323628
-0.000199288
-0.000345305
-0.000157962
-0.000351202
-0.0001582
-0.000341179
-0.000184878
-0.000322669
-0.000210914
-0.000306794
-0.000217603
-0.000301166
-0.000206416
-0.000301882
-0.000193077
-0.000302231
-0.000189543
-0.000296047
-0.000191766
-0.000280889
-0.000186512
-0.000259693
-0.000166203
-0.000239137
-0.000138121
-0.0002232
-0.000118177
-0.000210886
-0.000114818
-0.000198063
-0.000123777
-0.000178073
-0.000126786
-0.000153619
-0.000117201
-0.000134504
-0.000102954
-0.000125983
-9.74185e-05
-0.000126342
-0.000105341
-0.000125123
-0.000116878
-0.000113238
-0.000119778
-9.85576e-05
-0.000112242
-9.07908e-05
-9.77959e-05
-8.77947e-05
-8.26429e-05
-8.63152e-05
-7.80279e-05
-8.1236e-05
-8.89061e-05
-6.6741e-05
-0.0001011
-4.51716e-05
-9.92834e-05
-2.21397e-05
-8.31308e-05
-5.71209e-05
0.000360881
0.00109283
0.000659143
0.00116522
0.000798016
0.00100305
0.000801443
0.000806357
0.000716045
0.000600196
0.000587832
0.000397268
0.000415775
0.000203555
0.000248325
2.2265e-05
9.00907e-05
-0.000113391
-4.58348e-05
-0.000195626
-0.000149301
-0.000221126
-0.000210484
-0.000206252
-0.00023031
-0.000179461
-0.000223026
-0.00016525
-0.000208821
-0.000172408
-0.000200583
-0.000193112
-0.000200774
-0.000210718
-0.000203521
-0.000214855
-0.000202326
-0.000207614
-0.000196554
-0.00019885
-0.000190968
-0.000195129
-0.000188933
-0.0001938
-0.000188219
-0.000187224
-0.000183276
-0.000171143
-0.000170644
-0.000150753
-0.000152952
-0.000135871
-0.000136093
-0.000131678
-0.000126459
-0.000133411
-0.000120639
-0.000132604
-0.000112682
-0.000125155
-9.98797e-05
-0.000115755
-8.5592e-05
-0.000111706
-7.59631e-05
-0.000114972
-7.27251e-05
-0.000120117
-7.23793e-05
-0.000120122
-7.14135e-05
-0.000113209
-6.70528e-05
-0.000102162
-5.73848e-05
-9.23162e-05
-4.63566e-05
-8.90543e-05
-4.03256e-05
-9.49379e-05
-3.84195e-05
-0.000103009
-3.3633e-05
-0.000104069
-1.98659e-05
-9.69006e-05
-7.6991e-05
0.000263559
0.000829273
0.000514861
0.000913914
0.000683109
0.000834806
0.000763588
0.000725878
0.000768474
0.00059531
0.000714829
0.000450913
0.000616687
0.000301695
0.00048138
0.00015757
0.000335221
3.27683e-05
0.000194365
-5.47685e-05
8.11355e-05
-0.000107896
7.39167e-06
-0.000132508
-2.90417e-05
-0.00014303
-4.05302e-05
-0.000153763
-4.32525e-05
-0.000169683
-4.889e-05
-0.000187469
-5.91343e-05
-0.000200473
-6.9147e-05
-0.000204846
-7.41492e-05
-0.000202614
-7.44038e-05
-0.000198593
-7.4062e-05
-0.000195469
-7.6171e-05
-0.000191691
-7.93935e-05
-0.000184001
-7.90561e-05
-0.00017148
-7.22956e-05
-0.000157514
-6.15068e-05
-0.000146662
-5.23236e-05
-0.000140861
-4.76828e-05
-0.00013805
-4.60801e-05
-0.000134205
-4.29828e-05
-0.000128253
-3.63505e-05
-0.000122388
-2.84784e-05
-0.000119577
-2.33509e-05
-0.000120098
-2.27817e-05
-0.000120686
-2.48635e-05
-0.000118041
-2.61657e-05
-0.000111909
-2.38711e-05
-0.000104459
-1.805e-05
-9.8145e-05
-1.12994e-05
-9.58063e-05
-8.51422e-06
-9.77177e-05
-1.03988e-05
-0.000101125
-1.20546e-05
-0.000102418
-8.29402e-06
-0.000100665
-8.52866e-05
0.000188285
0.000640987
0.00038423
0.000717971
0.000543307
0.00067573
0.000656196
0.00061299
0.000719482
0.000532023
0.000733798
0.000436595
0.000703369
0.000332124
0.000633894
0.000227046
0.000538448
0.000128216
0.000437815
4.58673e-05
0.000345441
-1.55212e-05
0.000272672
-5.9741e-05
0.000222179
-9.25375e-05
0.00018768
-0.000119261
0.000160804
-0.000142803
0.000135927
-0.000162592
0.000112017
-0.000176566
9.12524e-05
-0.000184084
7.52707e-05
-0.000186629
6.32443e-05
-0.000186564
5.29186e-05
-0.000185144
4.31155e-05
-0.000181888
3.48066e-05
-0.00017569
2.99811e-05
-0.000166655
2.9057e-05
-0.000156592
3.03953e-05
-0.000148
3.13595e-05
-0.000141825
3.0422e-05
-0.000137114
2.85495e-05
-0.000132332
2.73657e-05
-0.000127068
2.74494e-05
-0.000122471
2.76252e-05
-0.000119752
2.61599e-05
-0.000118632
2.27489e-05
-0.000117273
1.86999e-05
-0.000113995
1.57605e-05
-0.000108977
1.48485e-05
-0.000103545
1.57743e-05
-9.90702e-05
1.65061e-05
-9.65433e-05
1.49079e-05
-9.612e-05
1.04473e-05
-9.66638e-05
5.18386e-06
-9.71586e-05
1.53181e-06
-9.70172e-05
-8.37548e-05
0.000140989
0.0005
0.000294763
0.0005642
0.000432309
0.000538182
0.00054668
0.000498619
0.000632322
0.000446381
0.000685435
0.000383482
0.000704644
0.000312916
0.000692524
0.000239168
0.000653271
0.00016747
0.000599464
9.96741e-05
0.000542083
4.18578e-05
0.000487949
-5.6079e-06
0.000439941
-4.45294e-05
0.000397744
-7.70609e-05
0.000359214
-0.000104273
0.000322723
-0.000126105
0.00028851
-0.000142357
0.000257639
-0.00015321
0.000230647
-0.000159633
0.000206984
-0.000162903
0.000185682
-0.000163845
0.000166362
-0.000162567
0.000149627
-0.000158951
0.000136305
-0.000153336
0.000126438
-0.000146727
0.000118678
-0.000140238
0.00011141
-0.000134556
0.000103905
-0.000129611
9.65649e-05
-0.000124992
9.01999e-05
-0.000120701
8.45069e-05
-0.000116774
7.85629e-05
-0.000113805
7.1457e-05
-0.000111529
6.34202e-05
-0.000109236
5.56934e-05
-0.000106265
4.92271e-05
-0.000102516
4.41863e-05
-9.85068e-05
4.00485e-05
-9.49275e-05
3.57367e-05
-9.22316e-05
3.018e-05
-9.0568e-05
2.31286e-05
-8.9615e-05
1.51015e-05
-8.91322e-05
6.96814e-06
-8.88842e-05
-7.67858e-05
0.000114738
0.000385265
0.000242741
0.000436198
0.000362231
0.000418691
0.000468644
0.000392209
0.000557699
0.000357329
0.000625958
0.000315224
0.000671259
0.000267617
0.00069362
0.000216809
0.000694043
0.000167046
0.000677729
0.000115987
0.000650786
6.88015e-05
0.000618172
2.7007e-05
0.00058282
-9.17575e-06
0.000546054
-4.0294e-05
0.000508458
-6.66784e-05
0.00047071
-8.83599e-05
0.00043376
-0.000105404
0.000398621
-0.000118067
0.000365873
-0.000126884
0.000335511
-0.000132543
0.000307297
-0.000135631
0.000281243
-0.000136509
0.000257705
-0.000135412
0.000237043
-0.000132675
0.000219141
-0.000128825
0.000203377
-0.000124471
0.00018892
-0.0001201
0.000175245
-0.000115935
0.000162268
-0.000112013
0.00014994
-0.000108374
0.000138535
-0.000105367
0.000126822
-0.000102085
0.00011495
-9.96593e-05
0.000102758
-9.70494e-05
9.08996e-05
-9.44017e-05
7.98905e-05
-9.15057e-05
6.98958e-05
-8.85167e-05
6.05954e-05
-8.56273e-05
5.14885e-05
-8.31217e-05
4.20112e-05
-8.10902e-05
3.19286e-05
-7.95338e-05
2.1195e-05
-7.8399e-05
9.95488e-06
-7.76437e-05
-6.68308e-05
9.89014e-05
0.000286365
0.000210326
0.000324772
0.000316151
0.000312865
0.000413353
0.00029501
0.000499001
0.000271682
0.000570567
0.000243657
0.00062625
0.000211931
0.000665333
0.000177725
0.000689891
0.000142486
0.000698577
0.0001073
0.000694168
7.32089e-05
0.000680466
4.07079e-05
0.000660122
1.11684e-05
0.000634331
-1.45045e-05
0.000604744
-3.70926e-05
0.000572669
-5.62849e-05
0.00053934
-7.20741e-05
0.000505854
-8.4579e-05
0.00047302
-9.40509e-05
0.000441307
-0.00010083
0.000410955
-0.000105276
0.00038216
-0.000107711
0.000355166
-0.000108422
0.000330193
-0.000107702
0.000307258
-0.000105886
0.000286122
-0.000103334
0.000266392
-0.000100374
0.000247706
-9.72483e-05
0.000229814
-9.41147e-05
0.000212517
-9.10792e-05
0.00019547
-8.8324e-05
0.000178904
-8.5513e-05
0.000162168
-8.29217e-05
0.000145675
-8.05623e-05
0.000129424
-7.81508e-05
0.000113618
-7.56968e-05
9.83943e-05
-7.32943e-05
8.37486e-05
-7.09843e-05
6.94811e-05
-6.88543e-05
5.53699e-05
-6.69775e-05
4.12353e-05
-6.53984e-05
2.69725e-05
-6.41362e-05
1.25638e-05
-6.32356e-05
-5.42684e-05
7.68722e-05
0.000209495
0.000164088
0.000237556
0.000247814
0.000229142
0.000326154
0.000216675
0.000397256
0.000200581
0.000459508
0.000181403
0.000511699
0.000159738
0.000553155
0.000136269
0.000583898
0.000111743
0.000603791
8.74077e-05
0.000614517
6.24837e-05
0.000616175
3.90502e-05
0.000610297
1.70474e-05
0.000598809
-3.01522e-06
0.000582469
-2.07505e-05
0.00056245
-3.62626e-05
0.000539792
-4.94136e-05
0.000515428
-6.02143e-05
0.000490137
-6.8759e-05
0.000464517
-7.52064e-05
0.000439001
-7.97556e-05
0.000413916
-8.26254e-05
0.000389522
-8.40304e-05
0.000366019
-8.41977e-05
0.000343503
-8.33641e-05
0.00032194
-8.17701e-05
0.000301212
-7.96491e-05
0.000281166
-7.7202e-05
0.000261643
-7.45864e-05
0.000242488
-7.19249e-05
0.000223481
-6.93211e-05
0.000204759
-6.67892e-05
0.000186141
-6.43e-05
0.000167559
-6.19826e-05
0.000149201
-5.97951e-05
0.000131176
-5.76706e-05
0.000113485
-5.56026e-05
9.61811e-05
-5.36815e-05
7.92469e-05
-5.19216e-05
6.26257e-05
-5.03572e-05
4.62428e-05
-4.90159e-05
3.00215e-05
-4.79157e-05
1.38934e-05
-4.71088e-05
-4.03762e-05
5.53599e-05
0.000154134
0.00011857
0.000174342
0.000179683
0.000168029
0.000237465
0.000158893
0.000290723
0.000147319
0.000338479
0.000133642
0.000379988
0.000118226
0.000414771
0.000101485
0.000442601
8.39119e-05
0.000463707
6.6302e-05
0.000478029
4.81618e-05
0.000486074
3.1005e-05
0.000488561
1.45608e-05
0.000486301
-7.53867e-07
0.000479767
-1.42148e-05
0.000469776
-2.62685e-05
0.000456997
-3.66337e-05
0.000442067
-4.52841e-05
0.000425555
-5.22473e-05
0.000407951
-5.75992e-05
0.000389652
-6.14529e-05
0.000370972
-6.39448e-05
0.000352171
-6.52318e-05
0.00033345
-6.5476e-05
0.000314939
-6.48489e-05
0.000296698
-6.3529e-05
0.000278736
-6.16905e-05
0.000261025
-5.94907e-05
0.000243514
-5.70727e-05
0.000226141
-5.45523e-05
0.000208871
-5.20538e-05
0.000191642
-4.95608e-05
0.000174474
-4.71293e-05
0.000157353
-4.48615e-05
0.000140302
-4.27458e-05
0.000123437
-4.08056e-05
0.000106828
-3.8992e-05
9.04611e-05
-3.73152e-05
7.43776e-05
-3.58394e-05
5.85851e-05
-3.45665e-05
4.30787e-05
-3.35115e-05
2.78412e-05
-3.26803e-05
1.2822e-05
-3.20914e-05
-2.75545e-05
4.20433e-05
0.000112091
9.00736e-05
0.00012631
0.000136542
0.000121562
0.00018059
0.000114847
0.000221448
0.000106458
0.000258515
9.65729e-05
0.00029127
8.54717e-05
0.000319503
7.32524e-05
0.000342945
6.04716e-05
0.000361719
4.75302e-05
0.000375648
3.42347e-05
0.000385151
2.15044e-05
0.000390354
9.35958e-06
0.000391584
-1.98202e-06
0.000389602
-1.22297e-05
0.000384673
-2.13366e-05
0.000377244
-2.92029e-05
0.000367748
-3.5788e-05
0.000356594
-4.10923e-05
0.00034415
-4.51527e-05
0.000330737
-4.8037e-05
0.000316629
-4.9836e-05
0.000302054
-5.06575e-05
0.0002872
-5.06217e-05
0.000272213
-4.98591e-05
0.000257187
-4.85019e-05
0.000242169
-4.6675e-05
0.000227199
-4.45214e-05
0.000212271
-4.21435e-05
0.00019737
-3.96501e-05
0.000182538
-3.72238e-05
0.000167645
-3.46688e-05
0.000152768
-3.225e-05
0.000137909
-3.0002e-05
0.000123094
-2.79306e-05
0.000108348
-2.60594e-05
9.37925e-05
-2.44367e-05
7.94366e-05
-2.29594e-05
6.52713e-05
-2.16749e-05
5.1328e-05
-2.06246e-05
3.76491e-05
-1.98343e-05
2.42614e-05
-1.92943e-05
1.11439e-05
-1.89753e-05
-1.64109e-05
3.20795e-05
8.00082e-05
6.86277e-05
8.97586e-05
0.00010395
8.62413e-05
0.000137453
8.13428e-05
0.000168657
7.52508e-05
0.000197186
6.80439e-05
0.00022276
5.9897e-05
0.000244995
5.10165e-05
0.000263621
4.18463e-05
0.000279142
3.20114e-05
0.000291056
2.23223e-05
0.000299606
1.2955e-05
0.000304928
4.03863e-06
0.000307272
-4.32598e-06
0.000307023
-1.19792e-05
0.000304386
-1.86965e-05
0.000299656
-2.44724e-05
0.000293138
-2.92701e-05
0.000285128
-3.30834e-05
0.000275909
-3.59323e-05
0.000265733
-3.78595e-05
0.000254826
-3.89287e-05
0.000243384
-3.92165e-05
0.000231579
-3.88163e-05
0.000219541
-3.78198e-05
0.000207409
-3.63699e-05
0.000195195
-3.44629e-05
0.000182981
-3.23078e-05
0.000170814
-2.99756e-05
0.000158734
-2.757e-05
0.000146653
-2.51437e-05
0.00013457
-2.25858e-05
0.000122551
-2.02301e-05
0.000110583
-1.80333e-05
9.86791e-05
-1.60265e-05
8.68636e-05
-1.4244e-05
7.51252e-05
-1.26984e-05
6.3525e-05
-1.13593e-05
5.21205e-05
-1.02706e-05
4.09399e-05
-9.44449e-06
2.99947e-05
-8.88983e-06
1.9313e-05
-8.61354e-06
8.87747e-06
-8.54086e-06
-7.53413e-06
2.39696e-05
5.60372e-05
5.1135e-05
6.25923e-05
7.73331e-05
6.00449e-05
0.000102181
5.64943e-05
0.000125399
5.20313e-05
0.000146713
4.67315e-05
0.000165781
4.08289e-05
0.000182269
3.45279e-05
0.000196762
2.73542e-05
0.000208507
2.02677e-05
0.000217573
1.32573e-05
0.000224124
6.40409e-06
0.000228299
-1.35855e-07
0.00023013
-6.15701e-06
0.00022989
-1.17387e-05
0.000227775
-1.65806e-05
0.000224002
-2.06992e-05
0.000218799
-2.4068e-05
0.000212398
-2.66826e-05
0.000205021
-2.85557e-05
0.000196874
-2.9712e-05
0.000188142
-3.01976e-05
0.000179
-3.00755e-05
0.000169596
-2.94136e-05
0.00016004
-2.82628e-05
0.0001504
-2.67296e-05
0.00014082
-2.48843e-05
0.000131329
-2.28182e-05
0.000122088
-2.07331e-05
0.000112886
-1.83671e-05
0.000103716
-1.59733e-05
9.47962e-05
-1.36658e-05
8.6008e-05
-1.1441e-05
7.73432e-05
-9.36726e-06
6.87975e-05
-7.48007e-06
6.03623e-05
-5.80855e-06
5.20395e-05
-4.37579e-06
4.38778e-05
-3.19785e-06
3.58956e-05
-2.28884e-06
2.81088e-05
-1.65823e-06
2.05344e-05
-1.31606e-06
1.31855e-05
-1.26539e-06
6.05864e-06
-1.41502e-06
-1.47602e-06
1.72297e-05
3.88063e-05
3.65763e-05
4.32447e-05
5.51814e-05
4.14403e-05
7.27714e-05
3.89024e-05
8.92287e-05
3.55732e-05
0.000104321
3.16409e-05
0.000117853
2.72955e-05
0.000129814
2.25658e-05
0.00013965
1.75182e-05
0.000147519
1.23979e-05
0.000153453
7.32355e-06
0.000157456
2.40017e-06
0.000159574
-2.25428e-06
0.000159869
-6.45365e-06
0.000158626
-1.04953e-05
0.000155962
-1.39163e-05
0.000152063
-1.68006e-05
0.000147116
-1.91228e-05
0.000141308
-2.0876e-05
0.000134819
-2.20687e-05
0.000127837
-2.273e-05
0.000120508
-2.28707e-05
0.000113012
-2.25809e-05
0.000105446
-2.18497e-05
9.79418e-05
-2.0758e-05
9.05827e-05
-1.93701e-05
8.34592e-05
-1.77613e-05
7.66626e-05
-1.60219e-05
6.99723e-05
-1.40419e-05
6.36136e-05
-1.20065e-05
5.75894e-05
-9.94761e-06
5.18465e-05
-7.92164e-06
4.63778e-05
-5.97105e-06
4.11528e-05
-4.14082e-06
3.61448e-05
-2.47089e-06
3.13338e-05
-9.96953e-07
2.6707e-05
2.51124e-07
2.22627e-05
1.24614e-06
1.80038e-05
1.96966e-06
1.39326e-05
2.41241e-06
1.00501e-05
2.56586e-06
6.36007e-06
2.42404e-06
2.89289e-06
2.05157e-06
1.41692e-06
1.14816e-05
2.73236e-05
2.45596e-05
3.01659e-05
3.71926e-05
2.88068e-05
4.91478e-05
2.69449e-05
6.01392e-05
2.4582e-05
6.99956e-05
2.17852e-05
7.86295e-05
1.866e-05
8.59035e-05
1.529e-05
9.16673e-05
1.17533e-05
9.59101e-05
8.15403e-06
9.86502e-05
4.58273e-06
9.9932e-05
1.1177e-06
9.98413e-05
-2.16472e-06
9.84679e-05
-5.08158e-06
9.5921e-05
-7.94924e-06
9.23687e-05
-1.03646e-05
8.79582e-05
-1.23911e-05
8.28429e-05
-1.40096e-05
7.71732e-05
-1.52092e-05
7.11072e-05
-1.60053e-05
6.48261e-05
-1.64506e-05
5.84568e-05
-1.65032e-05
5.21001e-05
-1.62264e-05
4.58976e-05
-1.56486e-05
3.99564e-05
-1.48167e-05
3.43794e-05
-1.37927e-05
2.91891e-05
-1.25709e-05
2.43972e-05
-1.12299e-05
2.01222e-05
-9.76601e-06
1.63532e-05
-8.23595e-06
1.30857e-05
-6.67855e-06
1.02949e-05
-5.12956e-06
7.9471e-06
-3.62215e-06
5.99805e-06
-2.1905e-06
4.39838e-06
-8.70025e-07
3.09751e-06
3.0487e-07
2.05123e-06
1.29805e-06
1.22006e-06
2.07766e-06
5.7467e-07
2.61528e-06
1.02565e-07
2.8846e-06
-1.9271e-07
2.86122e-06
-2.94336e-07
2.5257e-06
-2.0913e-07
1.9665e-06
1.20815e-06
7.05612e-06
2.02663e-05
1.50924e-05
2.21289e-05
2.28218e-05
2.1076e-05
3.00186e-05
1.97458e-05
3.64821e-05
1.8119e-05
4.2048e-05
1.62194e-05
4.66123e-05
1.40939e-05
5.01029e-05
1.17978e-05
5.24778e-05
9.37713e-06
5.37395e-05
6.89135e-06
5.39216e-05
4.39994e-06
5.30759e-05
1.96272e-06
5.12702e-05
-3.60356e-07
4.8699e-05
-2.51239e-06
4.52185e-05
-4.47024e-06
4.10872e-05
-6.23454e-06
3.6388e-05
-7.69344e-06
3.12528e-05
-8.87693e-06
2.5808e-05
-9.7676e-06
2.0181e-05
-1.03808e-05
1.44656e-05
-1.07371e-05
8.80443e-06
-1.08435e-05
3.30537e-06
-1.07289e-05
-1.9259e-06
-1.04185e-05
-6.77476e-06
-9.96795e-06
-1.11763e-05
-9.3907e-06
-1.5043e-05
-8.70396e-06
-1.83315e-05
-7.9412e-06
-2.09797e-05
-7.11723e-06
-2.29598e-05
-6.25479e-06
-2.42653e-05
-5.37193e-06
-2.49063e-05
-4.48755e-06
-2.49074e-05
-3.62031e-06
-2.43078e-05
-2.78912e-06
-2.31641e-05
-2.01282e-06
-2.15469e-05
-1.31131e-06
-1.9545e-05
-7.0271e-07
-1.72473e-05
-2.19087e-07
-1.47286e-05
9.75561e-08
-1.20432e-05
2.00002e-07
-9.21291e-06
3.16796e-08
-6.22236e-06
-4.64364e-07
-3.01105e-06
-1.2443e-06
-1.80262e-06
3.44551e-06
1.68199e-05
7.44654e-06
1.81269e-05
1.12149e-05
1.73056e-05
1.45464e-05
1.64123e-05
1.73059e-05
1.53602e-05
1.94092e-05
1.41156e-05
2.08282e-05
1.26734e-05
2.15555e-05
1.10698e-05
2.15993e-05
9.33238e-06
2.09696e-05
7.52032e-06
1.96859e-05
5.68302e-06
1.77725e-05
3.87517e-06
1.5265e-05
2.14554e-06
1.22148e-05
5.35627e-07
8.65687e-06
-9.14053e-07
4.61981e-06
-2.19867e-06
2.20588e-07
-3.29534e-06
-4.47387e-06
-4.18408e-06
-9.36882e-06
-4.87484e-06
-1.43719e-05
-5.37932e-06
-1.93941e-05
-5.71581e-06
-2.43311e-05
-5.90695e-06
-2.90792e-05
-5.98143e-06
-3.35758e-05
-5.9225e-06
-3.7672e-05
-5.87179e-06
-4.13214e-05
-5.74103e-06
-4.44347e-05
-5.59002e-06
-4.69429e-05
-5.43253e-06
-4.87822e-05
-5.27726e-06
-4.99029e-05
-5.13276e-06
-5.02691e-05
-5.00453e-06
-4.98567e-05
-4.89867e-06
-4.86547e-05
-4.82137e-06
-4.66676e-05
-4.77532e-06
-4.39251e-05
-4.75439e-06
-4.0477e-05
-4.75858e-06
-3.64153e-05
-4.76334e-06
-3.18542e-05
-4.77943e-06
-2.69202e-05
-4.8355e-06
-2.17359e-05
-4.98372e-06
-1.63939e-05
-5.30963e-06
-1.09192e-05
-5.93881e-06
-5.25199e-06
-6.91101e-06
-7.05443e-06
4.00037e-07
1.64192e-05
1.00614e-06
1.75199e-05
1.40841e-06
1.69013e-05
1.53804e-06
1.62813e-05
1.39286e-06
1.55059e-05
1.00111e-06
1.45067e-05
4.01553e-07
1.32719e-05
-4.02934e-07
1.1874e-05
-1.42134e-06
1.035e-05
-2.6909e-06
8.78917e-06
-4.24866e-06
7.24012e-06
-6.13173e-06
5.75721e-06
-8.36407e-06
4.37666e-06
-1.09562e-05
3.1261e-06
-1.38969e-05
2.0259e-06
-1.71734e-05
1.07776e-06
-2.07508e-05
2.82104e-07
-2.45666e-05
-3.68202e-07
-2.85629e-05
-8.79452e-07
-3.26699e-05
-1.27277e-06
-3.68152e-05
-1.57068e-06
-4.09202e-05
-1.80206e-06
-4.49085e-05
-1.99339e-06
-4.86702e-05
-2.16191e-06
-5.21735e-05
-2.36912e-06
-5.53129e-05
-2.60235e-06
-5.80162e-05
-2.88704e-06
-6.02124e-05
-3.2365e-06
-6.18344e-05
-3.6555e-06
-6.28186e-05
-4.14805e-06
-6.3107e-05
-4.71575e-06
-6.26413e-05
-5.36351e-06
-6.13681e-05
-6.09414e-06
-5.92388e-05
-6.90405e-06
-5.62206e-05
-7.77199e-06
-5.23144e-05
-8.66473e-06
-4.75368e-05
-9.5404e-06
-4.19546e-05
-1.03619e-05
-3.56828e-05
-1.11069e-05
-2.8886e-05
-1.17809e-05
-2.17521e-05
-1.24432e-05
-1.44142e-05
-1.32768e-05
-6.92285e-06
-1.44019e-05
-1.39771e-05
-2.42561e-06
1.88445e-05
-4.85757e-06
1.99511e-05
-7.36326e-06
1.94053e-05
-9.70232e-06
1.86195e-05
-1.17673e-05
1.75708e-05
-1.34752e-05
1.62138e-05
-1.48262e-05
1.4622e-05
-1.59084e-05
1.29563e-05
-1.68201e-05
1.12609e-05
-1.7688e-05
9.65644e-06
-1.86189e-05
8.17069e-06
-1.97106e-05
6.84842e-06
-2.10318e-05
5.69803e-06
-2.26273e-05
4.72138e-06
-2.45133e-05
3.91272e-06
-2.66905e-05
3.25628e-06
-2.9141e-05
2.73403e-06
-3.18325e-05
2.32469e-06
-3.47205e-05
2.00857e-06
-3.77508e-05
1.75785e-06
-4.08709e-05
1.54948e-06
-4.40199e-05
1.34694e-06
-4.71356e-05
1.12222e-06
-5.01492e-05
8.50362e-07
-5.30136e-05
4.94648e-07
-5.56613e-05
4.42615e-08
-5.80306e-05
-5.18377e-07
-6.00622e-05
-1.20526e-06
-6.16987e-05
-2.01993e-06
-6.28791e-05
-2.96785e-06
-6.35437e-05
-4.05218e-06
-6.36192e-05
-5.28832e-06
-6.3029e-05
-6.68506e-06
-6.16885e-05
-8.24536e-06
-5.95046e-05
-9.95614e-06
-5.63937e-05
-1.1777e-05
-5.22725e-05
-1.36615e-05
-4.70891e-05
-1.55466e-05
-4.08427e-05
-1.73532e-05
-3.36095e-05
-1.9015e-05
-2.55908e-05
-2.04616e-05
-1.69917e-05
-2.1876e-05
-8.16819e-06
-2.32248e-05
-2.21451e-05
-5.24679e-06
2.40913e-05
-1.04046e-05
2.5108e-05
-1.52096e-05
2.42091e-05
-1.89697e-05
2.2379e-05
-2.16993e-05
2.02995e-05
-2.34454e-05
1.7959e-05
-2.43946e-05
1.55703e-05
-2.47921e-05
1.3354e-05
-2.48448e-05
1.13131e-05
-2.47536e-05
9.565e-06
-2.46623e-05
8.08019e-06
-2.46975e-05
6.88431e-06
-2.49371e-05
5.93949e-06
-2.54311e-05
5.21662e-06
-2.61996e-05
4.68308e-06
-2.72439e-05
4.30297e-06
-2.85524e-05
4.0441e-06
-3.00997e-05
3.87404e-06
-3.1854e-05
3.76283e-06
-3.37765e-05
3.68033e-06
-3.58245e-05
3.59727e-06
-3.79567e-05
3.4783e-06
-4.01299e-05
3.29527e-06
-4.23026e-05
3.02132e-06
-4.44377e-05
2.62894e-06
-4.64953e-05
2.10069e-06
-4.84363e-05
1.42184e-06
-5.02218e-05
5.80264e-07
-5.18163e-05
-4.26824e-07
-5.31755e-05
-1.60874e-06
-5.42567e-05
-2.97277e-06
-5.4998e-05
-4.54794e-06
-5.53311e-05
-6.35334e-06
-5.5165e-05
-8.4132e-06
-5.43826e-05
-1.07391e-05
-5.28515e-05
-1.33103e-05
-5.04049e-05
-1.6108e-05
-4.68591e-05
-1.90945e-05
-4.20328e-05
-2.2179e-05
-3.57661e-05
-2.52829e-05
-2.80872e-05
-2.81398e-05
-1.90071e-05
-3.09562e-05
-9.30907e-06
-3.29221e-05
-3.14541e-05
-8.30122e-06
3.23928e-05
-1.55133e-05
3.2319e-05
-2.15023e-05
3.01974e-05
-2.52487e-05
2.61248e-05
-2.73153e-05
2.23647e-05
-2.80377e-05
1.86808e-05
-2.78513e-05
1.53831e-05
-2.71193e-05
1.26228e-05
-2.61037e-05
1.02976e-05
-2.50173e-05
8.47914e-06
-2.39823e-05
7.04711e-06
-2.31152e-05
6.01873e-06
-2.24673e-05
5.2946e-06
-2.20699e-05
4.82112e-06
-2.19302e-05
4.54537e-06
-2.20403e-05
4.41561e-06
-2.23869e-05
4.39171e-06
-2.2945e-05
4.43399e-06
-2.36952e-05
4.51248e-06
-2.46078e-05
4.5924e-06
-2.56515e-05
4.64036e-06
-2.68035e-05
4.62872e-06
-2.80365e-05
4.52811e-06
-2.93326e-05
4.31538e-06
-3.06727e-05
3.96829e-06
-3.20407e-05
3.46749e-06
-3.34216e-05
2.80168e-06
-3.47998e-05
1.95866e-06
-3.61653e-05
9.37026e-07
-3.74987e-05
-2.7528e-07
-3.87819e-05
-1.69137e-06
-3.99852e-05
-3.3456e-06
-4.10666e-05
-5.27295e-06
-4.19652e-05
-7.51666e-06
-4.25829e-05
-1.01212e-05
-4.27955e-05
-1.31002e-05
-4.24175e-05
-1.64849e-05
-4.11977e-05
-2.03163e-05
-3.88166e-05
-2.45589e-05
-3.48315e-05
-2.92691e-05
-2.89452e-05
-3.4025e-05
-2.05448e-05
-3.93566e-05
-1.07005e-05
-4.27656e-05
-4.21545e-05
-1.15745e-05
4.39678e-05
-1.94741e-05
4.02174e-05
-2.50008e-05
3.57237e-05
-2.72557e-05
2.83791e-05
-2.76567e-05
2.27641e-05
-2.68183e-05
1.78425e-05
-2.53292e-05
1.38937e-05
-2.35481e-05
1.08429e-05
-2.17002e-05
8.45041e-06
-1.99168e-05
6.69642e-06
-1.83309e-05
5.46384e-06
-1.69404e-05
4.62997e-06
-1.57752e-05
4.13254e-06
-1.48394e-05
3.8872e-06
-1.41205e-05
3.82788e-06
-1.36006e-05
3.89784e-06
-1.32632e-05
4.05455e-06
-1.30854e-05
4.25764e-06
-1.30507e-05
4.47706e-06
-1.31399e-05
4.68088e-06
-1.33381e-05
4.83802e-06
-1.36361e-05
4.92486e-06
-1.40222e-05
4.91448e-06
-1.44977e-05
4.78917e-06
-1.50585e-05
4.52878e-06
-1.57098e-05
4.11833e-06
-1.64575e-05
3.54831e-06
-1.73057e-05
2.8077e-06
-1.82675e-05
1.89719e-06
-1.93464e-05
8.04148e-07
-2.05516e-05
-4.87542e-07
-2.18846e-05
-2.01333e-06
-2.33401e-05
-3.8176e-06
-2.49037e-05
-5.95489e-06
-2.65263e-05
-8.49727e-06
-2.81372e-05
-1.14917e-05
-2.96018e-05
-1.50181e-05
-3.07021e-05
-1.9218e-05
-3.11048e-05
-2.41543e-05
-3.02043e-05
-3.01705e-05
-2.74064e-05
-3.68216e-05
-2.11945e-05
-4.55686e-05
-1.24766e-05
-5.14828e-05
-5.4631e-05
-1.46021e-05
5.85705e-05
-2.11561e-05
4.67704e-05
-2.44041e-05
3.89718e-05
-2.41522e-05
2.81271e-05
-2.25182e-05
2.11288e-05
-2.01947e-05
1.55196e-05
-1.77196e-05
1.14187e-05
-1.53156e-05
8.44012e-06
-1.31021e-05
6.23795e-06
-1.11262e-05
4.72106e-06
-9.38105e-06
3.7212e-06
-7.87071e-06
3.12089e-06
-6.56582e-06
2.83031e-06
-5.4414e-06
2.76442e-06
-4.47096e-06
2.85814e-06
-3.62747e-06
3.05612e-06
-2.89365e-06
3.32038e-06
-2.24913e-06
3.61439e-06
-1.68412e-06
3.91158e-06
-1.18903e-06
4.18512e-06
-7.59058e-07
4.40814e-06
-3.9805e-07
4.56218e-06
-1.07192e-07
4.62435e-06
9.92798e-08
4.58153e-06
2.10222e-07
4.41796e-06
2.07791e-07
4.12109e-06
7.0559e-08
3.68467e-06
-2.19861e-07
3.09957e-06
-6.92567e-07
2.36848e-06
-1.36779e-06
1.48033e-06
-2.27532e-06
4.19143e-07
-3.44081e-06
-8.48347e-07
-4.89072e-06
-2.36693e-06
-6.65532e-06
-4.19207e-06
-8.74068e-06
-6.40969e-06
-1.11466e-05
-9.08798e-06
-1.38277e-05
-1.23344e-05
-1.66773e-05
-1.63702e-05
-1.94774e-05
-2.1352e-05
-2.16868e-05
-2.7962e-05
-2.26283e-05
-3.58787e-05
-2.00921e-05
-4.8105e-05
-1.42638e-05
-5.73103e-05
-6.88948e-05
-1.63361e-05
7.49069e-05
-1.93605e-05
4.97944e-05
-1.89458e-05
3.85578e-05
-1.59982e-05
2.518e-05
-1.26335e-05
1.77631e-05
-9.35892e-06
1.2246e-05
-6.45944e-06
8.51928e-06
-3.95742e-06
5.93914e-06
-1.8403e-06
4.12191e-06
-5.10294e-08
2.93197e-06
1.47607e-06
2.19615e-06
2.79121e-06
1.80635e-06
3.95031e-06
1.67307e-06
4.99564e-06
1.72041e-06
5.96169e-06
1.89232e-06
6.87787e-06
2.14154e-06
7.75986e-06
2.43785e-06
8.62371e-06
2.7517e-06
9.47341e-06
3.06185e-06
1.03104e-05
3.34777e-06
1.11315e-05
3.58779e-06
1.19237e-05
3.76873e-06
1.26766e-05
3.87246e-06
1.33677e-05
3.88979e-06
1.39767e-05
3.80925e-06
1.44778e-05
3.62088e-06
1.48403e-05
3.3214e-06
1.50384e-05
2.90316e-06
1.50348e-05
2.37085e-06
1.48001e-05
1.71599e-06
1.42942e-05
9.24626e-07
1.34767e-05
-3.13346e-08
1.23017e-05
-1.19075e-06
1.0709e-05
-2.60108e-06
8.64853e-06
-4.34668e-06
6.05938e-06
-6.50102e-06
2.90054e-06
-9.17278e-06
-8.56885e-07
-1.26145e-05
-5.17508e-06
-1.70317e-05
-9.78278e-06
-2.33552e-05
-1.41865e-05
-3.14737e-05
-1.62431e-05
-4.60486e-05
-1.50445e-05
-5.85084e-05
-8.39392e-05
-1.53017e-05
9.02088e-05
-1.32863e-05
4.77791e-05
-8.77599e-06
3.40485e-05
-3.77878e-06
2.01837e-05
5.55445e-07
1.34283e-05
4.07938e-06
8.72291e-06
6.84881e-06
5.74975e-06
9.02333e-06
3.76525e-06
1.07245e-05
2.42175e-06
1.20798e-05
1.57667e-06
1.31933e-05
1.08414e-06
1.41442e-05
8.55525e-07
1.50008e-05
8.17552e-07
1.58116e-05
9.10604e-07
1.66118e-05
1.09218e-06
1.74283e-05
1.32646e-06
1.82737e-05
1.59203e-06
1.91589e-05
1.8675e-06
2.00836e-05
2.13743e-06
2.10435e-05
2.3877e-06
2.20304e-05
2.6021e-06
2.30261e-05
2.77208e-06
2.40154e-05
2.88438e-06
2.4972e-05
2.9329e-06
2.58714e-05
2.91001e-06
2.66851e-05
2.80817e-06
2.73795e-05
2.62616e-06
2.79261e-05
2.3581e-06
2.82869e-05
2.00893e-06
2.84302e-05
1.5734e-06
2.83143e-05
1.04029e-06
2.78939e-05
3.88393e-07
2.71166e-05
-4.12099e-07
2.59095e-05
-1.3958e-06
2.41989e-05
-2.63364e-06
2.18863e-05
-4.1906e-06
1.88734e-05
-6.15736e-06
1.50231e-05
-8.76585e-06
1.02116e-05
-1.22183e-05
4.35357e-06
-1.7498e-05
-2.41525e-06
-2.47038e-05
-8.98579e-06
-3.94782e-05
-1.33574e-05
-5.41362e-05
-9.72965e-05
-1.00671e-05
0.000100276
-2.85992e-06
4.05724e-05
4.95488e-06
2.62347e-05
1.08977e-05
1.4242e-05
1.53271e-05
8.99858e-06
1.84985e-05
5.5522e-06
2.07628e-05
3.48526e-06
2.23851e-05
2.14328e-06
2.35456e-05
1.2621e-06
2.43992e-05
7.22967e-07
2.50617e-05
4.22858e-07
2.56183e-05
2.98708e-07
2.61363e-05
2.99977e-07
2.66617e-05
3.86011e-07
2.72249e-05
5.28801e-07
2.78482e-05
7.04443e-07
2.85402e-05
8.99665e-07
2.93078e-05
1.10074e-06
3.0148e-05
1.29763e-06
3.10538e-05
1.48177e-06
3.2015e-05
1.64215e-06
3.30125e-05
1.77393e-06
3.40296e-05
1.86824e-06
3.5041e-05
1.92134e-06
3.60224e-05
1.92865e-06
3.69466e-05
1.88484e-06
3.7782e-05
1.78986e-06
3.85019e-05
1.63946e-06
3.9072e-05
1.43771e-06
3.9464e-05
1.18182e-06
3.96405e-05
8.63595e-07
3.9559e-05
4.68958e-07
3.91705e-05
-2.23215e-08
3.84043e-05
-6.3144e-07
3.71825e-05
-1.4098e-06
3.53956e-05
-2.40561e-06
3.2924e-05
-3.68368e-06
2.95757e-05
-5.41897e-06
2.51352e-05
-7.77627e-06
1.92154e-05
-1.15788e-05
1.15752e-05
-1.70628e-05
1.76022e-06
-2.96633e-05
-7.80588e-06
-4.45696e-05
-0.000105102
2.31512e-07
0.000100045
1.12573e-05
2.95471e-05
2.05835e-05
1.69092e-05
2.62603e-05
8.56613e-06
3.00841e-05
5.17464e-06
3.25578e-05
3.0791e-06
3.41791e-05
1.86384e-06
3.52315e-05
1.09098e-06
3.59004e-05
5.94022e-07
3.63304e-05
2.9278e-07
3.66261e-05
1.28097e-07
3.68624e-05
6.21889e-08
3.70959e-05
6.66005e-08
3.73642e-05
1.18136e-07
3.76913e-05
2.01488e-07
3.80936e-05
3.03108e-07
3.85769e-05
4.16118e-07
3.91453e-05
5.32969e-07
3.97954e-05
6.47985e-07
4.05201e-05
7.56903e-07
4.13101e-05
8.53174e-07
4.21489e-05
9.34609e-07
4.30219e-05
9.96036e-07
4.39078e-05
1.03536e-06
4.4786e-05
1.0503e-06
4.56341e-05
1.03741e-06
4.64259e-05
9.97155e-07
4.71395e-05
9.26702e-07
4.77476e-05
8.28666e-07
4.82279e-05
7.0158e-07
4.85511e-05
5.40242e-07
4.86823e-05
3.36825e-07
4.85815e-05
7.94535e-08
4.81905e-05
-2.4205e-07
4.74413e-05
-6.58997e-07
4.62348e-05
-1.20075e-06
4.44601e-05
-1.90729e-06
4.19238e-05
-2.88383e-06
3.83954e-05
-4.24672e-06
3.33413e-05
-6.52527e-06
2.62986e-05
-1.00194e-05
1.53257e-05
-1.86904e-05
2.35995e-06
-3.16034e-05
-0.000102742
1.4772e-05
8.52729e-05
2.74837e-05
1.68358e-05
3.62085e-05
8.18453e-06
4.07594e-05
4.01582e-06
4.3606e-05
2.32796e-06
4.53176e-05
1.36813e-06
4.63641e-05
8.17405e-07
4.69835e-05
4.71675e-07
4.73247e-05
2.53426e-07
4.74983e-05
1.18963e-07
4.75823e-05
4.47266e-08
4.76317e-05
1.26587e-08
4.76874e-05
1.09581e-08
4.77763e-05
2.94722e-08
4.79154e-05
6.20475e-08
4.81165e-05
1.02717e-07
4.83837e-05
1.48788e-07
4.87201e-05
1.97049e-07
4.91236e-05
2.44834e-07
4.95895e-05
2.90773e-07
5.01118e-05
3.3171e-07
5.06789e-05
3.67086e-07
5.12809e-05
3.94554e-07
5.19031e-05
4.13096e-07
5.25311e-05
4.22054e-07
5.31495e-05
4.195e-07
5.37398e-05
4.06075e-07
5.42869e-05
3.80159e-07
5.47719e-05
3.42865e-07
5.51799e-05
2.93534e-07
5.54907e-05
2.29349e-07
5.56792e-05
1.47378e-07
5.57175e-05
4.18938e-08
5.55645e-05
-9.02969e-08
5.51704e-05
-2.63648e-07
5.446e-05
-4.91652e-07
5.33486e-05
-7.94737e-07
5.16811e-05
-1.2172e-06
4.92643e-05
-1.82902e-06
4.55964e-05
-2.85775e-06
4.01625e-05
-4.58502e-06
3.03532e-05
-8.88118e-06
1.63769e-05
-1.76268e-05
-8.63654e-05
3.27291e-05
5.2544e-05
4.39039e-05
5.66109e-06
4.99381e-05
2.15026e-06
5.28817e-05
1.07259e-06
5.46162e-05
5.9346e-07
5.56317e-05
3.53254e-07
5.62355e-05
2.13832e-07
5.65806e-05
1.26509e-07
5.67612e-05
7.31553e-08
5.68412e-05
3.88631e-08
5.68666e-05
1.98254e-08
5.68686e-05
1.06098e-08
5.68708e-05
8.68439e-09
5.68891e-05
1.13613e-08
5.69332e-05
1.75716e-08
5.70106e-05
2.57735e-08
5.7124e-05
3.53248e-08
5.72758e-05
4.55546e-08
5.74654e-05
5.54793e-08
5.76908e-05
6.5224e-08
5.79493e-05
7.37533e-08
5.8235e-05
8.11354e-08
5.8543e-05
8.68593e-08
5.88656e-05
9.04356e-08
5.91953e-05
9.21292e-08
5.9524e-05
9.1089e-08
5.98417e-05
8.78148e-08
6.01404e-05
8.174e-08
6.04097e-05
7.29516e-08
6.06417e-05
6.14747e-08
6.08248e-05
4.61146e-08
6.09447e-05
2.67888e-08
6.09856e-05
1.5545e-09
6.09242e-05
-2.9831e-08
6.07323e-05
-7.09382e-08
6.0365e-05
-1.25293e-07
5.97704e-05
-1.99212e-07
5.88542e-05
-3.01619e-07
5.74843e-05
-4.58577e-07
5.53385e-05
-7.12208e-07
5.19602e-05
-1.20635e-06
4.53866e-05
-2.30759e-06
3.35933e-05
-5.83337e-06
-5.2772e-05
5.25441e-05
5.82051e-05
6.03552e-05
6.14281e-05
6.20218e-05
6.23753e-05
6.25891e-05
6.27154e-05
6.27888e-05
6.28277e-05
6.28477e-05
6.28583e-05
6.28668e-05
6.28782e-05
6.28957e-05
6.29217e-05
6.29571e-05
6.30026e-05
6.30583e-05
6.31234e-05
6.31974e-05
6.32784e-05
6.33653e-05
6.34558e-05
6.35477e-05
6.3639e-05
6.37265e-05
6.38083e-05
6.38811e-05
6.39424e-05
6.39886e-05
6.4015e-05
6.40169e-05
6.39866e-05
6.39161e-05
6.37904e-05
6.35915e-05
6.32897e-05
6.28313e-05
6.21191e-05
6.09128e-05
5.86053e-05
5.2772e-05
)
;

boundaryField
{
    movingWall
    {
        type            calculated;
        value           uniform 0;
    }
    fixedWalls
    {
        type            calculated;
        value           uniform 0;
    }
    frontAndBack
    {
        type            empty;
        value           nonuniform 0();
    }
    defaultFaces
    {
        type            empty;
        value           nonuniform 0();
    }
}


// ************************************************************************* //
