/*--------------------------------*- C++ -*----------------------------------*\
  =========                 |
  \\      /  F ield         | OpenFOAM: The Open Source CFD Toolbox
   \\    /   O peration     | Website:  https://openfoam.org
    \\  /    A nd           | Version:  7
     \\/     M anipulation  |
\*---------------------------------------------------------------------------*/
FoamFile
{
    version     2.0;
    format      ascii;
    class       surfaceScalarField;
    location    "1.15";
    object      phi;
}
// * * * * * * * * * * * * * * * * * * * * * * * * * * * * * * * * * * * * * //

dimensions      [0 3 -1 0 0 0 0];

internalField   nonuniform List<scalar> 
3784
(
-0.0023866
0.0023866
-0.00232021
-6.63873e-05
-0.00103317
-0.00128704
-0.000295884
-0.000737289
-8.34997e-05
-0.000212385
0.000403594
-0.000487094
0.0010179
-0.000614303
0.00129536
-0.000277466
0.000888255
0.000407106
-2.84407e-05
0.000916698
-0.000816965
0.000788525
-0.000814504
-2.46371e-06
0.000151192
-0.000965697
0.00138784
-0.00123664
0.00154655
-0.000158714
0.000274893
0.00127166
-0.00110067
0.00137556
-0.00110659
5.91981e-06
0.000254241
-0.00136083
0.00162534
-0.0013711
0.00182526
-0.000199909
0.0006573
0.00116795
-0.000753835
0.00141113
-0.00121674
0.0004629
-0.000488614
-0.000728122
0.000833779
-0.00132239
0.00132831
-0.000494526
0.000345546
0.000982759
-0.00101335
0.00135889
-0.00167717
0.000663818
-0.00135698
-0.000320186
3.69236e-05
-0.00139391
0.00162031
-0.00158339
0.00151878
0.00010153
-2.45993e-05
0.00154338
-0.000997296
0.000972696
-0.000259198
-0.000738098
0.00121686
-0.00147606
0.00198872
-0.000771856
0.00162909
0.000359626
0.00031546
0.00131363
-0.000993367
0.00130883
-0.00107229
7.89238e-05
-0.00107229
-0.0033152
0.00570179
-0.00339641
1.4824e-05
-0.00115883
-0.00352461
-0.000406213
-0.00148991
-0.000301814
-0.000316785
0.000378268
-0.00116717
0.00112354
-0.00135958
0.00136421
-0.000518137
0.000878327
0.000892994
7.99682e-05
0.00171506
-0.000761854
0.00163035
-0.00116974
0.000405423
7.82889e-05
-0.00221372
0.0017687
-0.00292706
0.00152536
8.46274e-05
0.000282259
0.00251476
-0.000955165
0.00261299
-0.00147594
0.0005267
0.000246859
-0.00308364
0.00210866
-0.00323291
0.00178062
0.000128134
0.000613685
0.00233489
-0.000597696
0.00262252
-0.00159376
0.00145896
-0.000753682
-0.0015682
0.00118563
-0.00326171
0.00142802
-0.000736914
0.000228931
0.00218185
-0.000832678
0.00242051
-0.00178609
0.00161723
-0.00193171
-0.000174571
5.11321e-05
-0.00337675
0.00189146
-0.00342371
0.00142513
0.000567863
9.33313e-05
0.00287517
-0.00106325
0.00212928
-0.000529106
-0.00127224
0.00163145
-0.00363662
0.00232114
-0.00146154
0.00143116
0.0012496
0.000390876
0.00235392
-0.000921017
0.00262072
-0.00152203
0.00067994
-0.00259433
-0.00315189
0.00885368
-0.00369765
0.000560581
-0.00162032
-0.00560194
-0.000486799
-0.00262343
-0.000233808
-0.000569778
0.000421781
-0.00182277
0.00122438
-0.00216218
0.00145662
-0.000750366
0.000834917
0.00151469
-0.000153107
0.00270308
-0.00111712
0.00259436
-0.00137301
0.000661323
0.000240891
-0.00382763
0.00213986
-0.00482603
0.001835
0.000389489
0.000329576
0.00402019
-0.00118655
0.00412911
-0.00177966
0.00111982
0.00014898
-0.00501228
0.00229866
-0.00538259
0.00193656
0.000490241
0.000397479
0.00387397
-0.00108757
0.00410756
-0.00197779
0.00234919
-0.000744706
-0.00280129
0.00153935
-0.00554576
0.00189928
-0.00109685
0.00060636
0.00347477
-0.000808194
0.00383506
-0.00204673
0.00285577
-0.00195779
-0.000263507
0.000415922
-0.00575046
0.00216808
-0.00517587
0.0013436
0.00139234
-0.000244212
0.00446299
-0.0015061
0.00339116
-0.000909841
-0.0018685
0.00156835
-0.00611481
0.00254364
-0.00243683
0.00144372
0.00234952
-3.80594e-05
0.0038357
-0.00149998
0.00408264
-0.00189926
0.00107922
-0.00449359
-0.00249205
0.0113457
-0.00337927
0.00144781
-0.00208673
-0.00689448
-0.000931226
-0.00377893
-0.000356801
-0.0011442
0.000247755
-0.00242733
0.000825665
-0.00274009
0.000908107
-0.000832809
0.000384011
0.00203879
-0.000283227
0.00337032
-0.00086169
0.00317282
-0.000901486
0.000701119
0.000335652
-0.00506477
0.00161612
-0.0061065
0.00131989
0.000685712
0.000301612
0.00503847
-0.000687599
0.00511832
-0.00115846
0.00159068
8.30636e-05
-0.00625381
0.00155127
-0.0068508
0.00120953
0.000831982
6.98259e-05
0.00501367
-0.000929698
0.00510709
-0.00144538
0.00286487
-0.000454042
-0.00379262
0.00118715
-0.00718696
0.00147872
-0.00138841
0.000668185
0.00428531
-0.00039332
0.00489656
-0.00141026
0.00387271
-0.00126413
-0.000409637
0.000466133
-0.00748073
0.00137268
-0.00608242
0.000593159
0.00217186
-0.000324459
0.0053806
-0.00105883
0.00412553
-0.000697545
-0.00222978
0.00102139
-0.00783374
0.00174858
-0.00316402
0.000826075
0.00327202
-0.000350711
0.00501249
-0.0012699
0.00500183
-0.00139021
0.00119953
-0.0058838
-0.00181554
0.0131613
-0.00297054
0.0026028
-0.00243723
-0.00742778
-0.00140914
-0.00480703
-0.000588454
-0.00196489
-7.96679e-05
-0.00293611
0.000240693
-0.00306045
0.000207219
-0.000799338
-0.000122117
0.00236813
-0.000426169
0.00367437
-0.000598343
0.00334499
-0.000421362
0.000524135
0.000396443
-0.00588257
0.00102477
-0.00673482
0.00072926
0.000981221
0.000240883
0.00552685
-0.00019428
0.00555348
-0.000540249
0.00193665
-1.23429e-06
-0.00679282
0.000762958
-0.00761499
0.000471444
0.0011235
-0.000158287
0.0056434
-0.000656536
0.00560534
-0.000869712
0.00307804
-0.000133869
-0.00452847
0.000787964
-0.00810879
0.000956872
-0.00155732
0.000598298
0.00464388
-5.19148e-05
0.00554678
-0.000700413
0.00452121
-0.000456875
-0.000653176
0.000497264
-0.00843487
0.000549186
-0.00613434
-5.819e-05
0.00277924
-0.000341469
0.00566388
-0.000595481
0.00437955
-0.000489649
-0.00233562
0.000378769
-0.00870216
0.000892719
-0.00367797
0.000284079
0.00388066
-0.000471216
0.00576778
-0.000873958
0.00540457
-0.000845142
0.00117071
-0.00672894
-0.00102911
0.0141904
-0.00235857
0.00393226
-0.00257063
-0.00721573
-0.00180156
-0.00557609
-0.000925053
-0.0028414
-0.000545248
-0.00331592
-0.000478246
-0.00312745
-0.000579579
-0.000698006
-0.000608169
0.00239672
-0.00049947
0.00356567
-0.000280981
0.00312651
3.70336e-05
0.000206117
0.00039201
-0.00623755
0.000378071
-0.00672088
0.000131333
0.00122796
0.000140873
0.00551731
0.000218711
0.00547564
5.34572e-05
0.00210191
-7.03713e-05
-0.00666899
-2.42106e-05
-0.00766115
-0.000170517
0.00126981
-0.000256059
0.00572894
-0.000290509
0.00563979
-0.000218912
0.00300645
0.000184266
-0.00493165
0.000349587
-0.00827411
0.000275853
-0.00148359
0.000315235
0.00460449
0.000174859
0.00568715
2.43699e-05
0.0046717
0.000366536
-0.000995342
0.000468788
-0.00853712
-0.000211668
-0.00545389
-0.000498177
0.00306575
-0.000235626
0.00540133
-7.05991e-05
0.00421452
-0.00026861
-0.00213761
-0.000254291
-0.00871648
2.52804e-05
-0.00395754
-0.000145797
0.00405174
-0.000352363
0.00597435
-0.000335934
0.00538814
-0.000273181
0.00110796
-0.00700212
-0.000110573
0.014301
-0.00140758
0.00522927
-0.00232869
-0.00629463
-0.0020165
-0.00588828
-0.00128143
-0.00357647
-0.00104673
-0.00355061
-0.00118893
-0.00298525
-0.00125712
-0.000629817
-0.000968078
0.00210768
-0.000484876
0.00308247
-7.62855e-06
0.00264926
0.000434887
-0.000236396
0.000298743
-0.0061014
-0.000293002
-0.00612914
-0.000415244
0.0013502
3.31219e-05
0.00506894
0.000535522
0.00497324
0.000591187
0.00204624
-9.15152e-05
-0.00598629
-0.000713148
-0.00703952
-0.000660847
0.00121751
-0.000247337
0.00531543
0.000139734
0.00525272
0.000465021
0.00268116
0.000452174
-0.0049188
-0.000113879
-0.00770806
-0.000429261
-0.00116821
-5.98299e-05
0.00423506
0.000327221
0.0053001
0.000673212
0.0043257
0.0010301
-0.00135223
0.000363538
-0.00787056
-0.000760611
-0.00432974
-0.000700087
0.00300522
-2.62032e-05
0.00472745
0.000413682
0.00377463
-2.89352e-05
-0.00169499
-0.000770953
-0.00797446
-0.000797658
-0.00393084
-0.00049469
0.00374877
-0.000148585
0.00562824
0.000238873
0.00500068
0.000327494
0.00101934
-0.00667463
0.000994021
0.0133069
2.49475e-06
0.0062208
-0.00159331
-0.00469883
-0.00189444
-0.00558716
-0.00150002
-0.00397088
-0.00147661
-0.00357402
-0.00171949
-0.00274237
-0.00169988
-0.000649429
-0.00115695
0.00156475
-0.000448508
0.00237403
0.000227534
0.00197321
0.000716066
-0.000724927
0.000116417
-0.00550175
-0.000933634
-0.00507909
-0.000865191
0.00128175
-6.12397e-05
0.004265
0.000757793
0.00415421
0.0010355
0.00176854
-3.18943e-05
-0.0049189
-0.00120268
-0.00586873
-0.000998345
0.00101317
-0.000191504
0.00450859
0.000561113
0.0045001
0.00108401
0.00215826
0.000606943
-0.00444173
-0.00058237
-0.00651875
-0.000935282
-0.000815295
-0.000357157
0.00365694
0.000457624
0.00448532
0.00122006
0.00356327
0.00141061
-0.00154278
0.000127527
-0.00658748
-0.0010894
-0.00311281
-0.000739072
0.0026549
0.000170875
0.0038175
0.000762269
0.00318324
0.000263695
-0.00119642
-0.00106935
-0.00664141
-0.00145836
-0.00354183
-0.000796839
0.00308725
9.75248e-06
0.00482165
0.000673166
0.00433727
0.0008522
0.000840304
-0.00582243
0.00205636
0.0112506
0.00172283
0.00655432
-0.000337317
-0.00263868
-0.00131128
-0.0046132
-0.00141105
-0.0038711
-0.00162786
-0.00335721
-0.00192798
-0.00244225
-0.00182688
-0.000750529
-0.00116379
0.00090165
-0.000338786
0.00154903
0.000447515
0.00118691
0.000831308
-0.00110873
-0.000141175
-0.00452927
-0.00143367
-0.0037866
-0.00115218
0.00100027
-0.00014146
0.00325428
0.000819163
0.00319358
0.00132852
0.00125918
5.18113e-05
-0.00364219
-0.00146184
-0.00435507
-0.00114227
0.000693598
-0.000139579
0.0035059
0.000829797
0.00353072
0.00151193
0.00147613
0.000622669
-0.00355247
-0.000954592
-0.00494149
-0.0012362
-0.000533687
-0.000476941
0.00289768
0.000563775
0.00344461
0.00154911
0.00257793
0.00147559
-0.00146926
-0.000156747
-0.00495513
-0.00124438
-0.00202518
-0.000707663
0.00211818
0.000252079
0.00285776
0.00094513
0.00249019
0.000571256
-0.000822543
-0.00110872
-0.00496143
-0.00184912
-0.00280143
-0.00097524
0.00221337
8.31367e-05
0.00376328
0.000962443
0.00345796
0.00125347
0.000549271
-0.00456896
0.00263195
0.00861863
0.00318874
0.00599752
0.0011733
-0.000623238
-0.000294269
-0.00314563
-0.000930714
-0.00323466
-0.00142123
-0.0028667
-0.00177521
-0.00208827
-0.00165455
-0.000871185
-0.00101766
0.000264757
-0.000202259
0.000733622
0.000563781
0.000420875
0.000741372
-0.00128632
-0.000426444
-0.00336146
-0.00166949
-0.00254355
-0.00127177
0.000602542
-0.000203704
0.00218622
0.000806503
0.00218338
0.00134679
0.000718901
8.69639e-05
-0.00238237
-0.00147255
-0.00279556
-0.00117941
0.000400454
-9.89125e-05
0.00242541
0.00097942
0.00245239
0.00160659
0.000848959
0.000522605
-0.00246849
-0.00113842
-0.00328046
-0.00134175
-0.000330355
-0.00047742
0.00203335
0.000590582
0.0023766
0.00157661
0.0015919
0.00128153
-0.00117418
-0.000404405
-0.0032692
-0.00123547
-0.00119412
-0.000603628
0.00148634
0.000280537
0.00197359
0.0010357
0.00173503
0.000766845
-0.000553687
-0.00094397
-0.00325061
-0.00185489
-0.00189051
-0.00102907
0.00138754
0.000120697
0.00261351
0.00114156
0.00243709
0.00142205
0.000268782
-0.0031469
0.00251032
0.00610831
0.00368965
0.0048182
0.00236736
0.000699054
0.000827785
-0.00160606
-0.000168976
-0.00223789
-0.00088659
-0.00214909
-0.00131058
-0.00166428
-0.00125711
-0.000924648
-0.000754714
-0.000237645
-7.47096e-05
5.36118e-05
0.000532869
-0.000186705
0.000477061
-0.00123052
-0.000639056
-0.00224534
-0.00160758
-0.00157502
-0.00123222
0.000227175
-0.000273318
0.00122732
0.000659065
0.00125099
0.00107607
0.000301898
3.9478e-05
-0.00134578
-0.00124894
-0.00150714
-0.00105413
0.000205644
-7.18558e-05
0.00144313
0.000920325
0.00146021
0.0013692
0.000400086
0.000356991
-0.00145629
-0.00108171
-0.00184177
-0.00123134
-0.000180715
-0.000419905
0.00122191
0.000536936
0.00141976
0.00132221
0.000806622
0.000941116
-0.000793083
-0.000497035
-0.00183105
-0.00106001
-0.000631141
-0.000463793
0.000890124
0.000266127
0.00124367
0.000963123
0.00103803
0.000753403
-0.000343969
-0.000699115
-0.00179809
-0.00153797
-0.00105165
-0.000908652
0.000758226
0.000141187
0.00156367
0.00112107
0.00145722
0.00130713
8.27186e-05
-0.00183977
0.00200863
0.00409968
0.00333533
0.0034915
0.00272933
0.00130505
0.00160514
-0.000481867
0.000569578
-0.00120232
-0.000211458
-0.00136805
-0.00066965
-0.00120609
-0.000722814
-0.000871485
-0.000411626
-0.000548834
5.52788e-05
-0.000413294
0.000412639
-0.000544067
0.000200938
-0.00101882
-0.000675964
-0.00136844
-0.00130909
-0.000941896
-0.00103632
-4.55902e-05
-0.000323564
0.000514562
0.000384494
0.000542935
0.000632353
5.40372e-05
-6.87241e-05
-0.000644708
-0.000902282
-0.000673579
-0.000791563
9.49289e-05
-6.23825e-05
0.000713953
0.000676802
0.000721024
0.000932906
0.000143979
0.000179394
-0.000702777
-0.000828144
-0.000834228
-0.000937428
-7.14287e-05
-0.000325857
0.000610337
0.000397148
0.000696755
0.000900613
0.000303158
0.000559693
-0.000452164
-0.000428338
-0.000843017
-0.000776115
-0.000283362
-0.000343203
0.000457212
0.000207224
0.000693246
0.000715732
0.000529528
0.000537077
-0.000165316
-0.00046821
-0.000792808
-0.00106336
-0.000456499
-0.00065817
0.000353034
0.000130235
0.000775268
0.000883362
0.000704086
0.000966336
-2.52804e-07
-0.000873437
0.00124895
0.00285073
0.0023583
0.00238216
0.00240401
0.00125935
0.00172392
0.00019823
0.000965313
-0.000443717
0.000332532
-0.000735268
-6.30262e-05
-0.000810531
-0.000172907
-0.000761601
-4.48492e-05
-0.000676896
0.000170602
-0.00062875
0.000290167
-0.00066363
4.46961e-05
-0.000773349
-0.000531103
-0.000792641
-0.000902896
-0.000570101
-0.000759755
-0.000188728
-0.000325444
8.02506e-05
0.00010402
0.000113468
0.000225923
-6.78666e-05
-0.000145848
-0.000272933
-0.000569272
-0.000250152
-0.000505084
3.07399e-05
-6.43746e-05
0.00027324
0.000377261
0.000279385
0.000484349
3.68921e-05
3.66467e-05
-0.000255072
-0.000519224
-0.000278355
-0.000585363
-5.2891e-06
-0.000215783
0.000240755
0.000233386
0.000247584
0.000481053
5.54927e-05
0.000243903
-0.000215013
-0.000292076
-0.00030704
-0.000486219
-8.92173e-05
-0.000239801
0.000210795
0.000122026
0.000331419
0.000409833
0.000241722
0.000274446
-2.99293e-05
-0.000278045
-0.000240316
-0.00060309
-0.000131452
-0.000390492
0.000140437
9.1614e-05
0.000293161
0.000544486
0.000251209
0.000562395
-1.81622e-05
-0.000311039
0.000796504
0.00205422
0.00144938
0.00172928
0.00165923
0.0010495
0.00139004
0.000467419
0.000977762
-3.14335e-05
0.000588141
-0.000345649
0.000319705
-0.000542096
0.000202569
-0.000644459
0.000199333
-0.000673662
0.000230343
-0.000659768
0.000188577
-0.000621867
-1.55608e-05
-0.000569207
-0.000319228
-0.000488972
-0.000517818
-0.000371512
-0.000479061
-0.000227486
-0.000271332
-0.000127477
-5.90586e-05
-9.88054e-05
-1.42628e-05
-0.00011266
-0.000163894
-0.000123299
-0.000327598
-8.64488e-05
-0.000287466
-9.39763e-06
-7.66763e-05
6.24466e-05
0.000133853
6.88555e-05
0.000163963
6.7865e-06
-4.16488e-05
-4.94575e-05
-0.000277204
-4.28016e-05
-0.000301995
1.95002e-05
-0.000120591
5.93503e-05
9.31599e-05
3.38322e-05
0.000176255
-2.76012e-05
4.40297e-05
-8.2786e-05
-0.000185316
-7.76948e-05
-0.000273496
-1.03805e-06
-0.000155537
9.28382e-05
4.09946e-05
0.000134888
0.000172457
0.000110262
0.000105478
3.70498e-05
-0.000125434
-9.4034e-06
-0.000267356
1.04698e-05
-0.000176934
5.00111e-05
5.1478e-05
6.47483e-05
0.000256613
4.60735e-05
0.00024992
-1.14717e-05
-6.11191e-05
0.000564835
0.00148939
0.000946097
0.00134803
0.00108854
0.000907054
0.00104406
0.000511898
0.000835271
0.000177362
0.000630072
-0.000140444
0.000460211
-0.000372238
0.0003366
-0.000520851
0.000254474
-0.000591535
0.000181624
-0.000586921
8.7472e-05
-0.000527717
-3.92343e-05
-0.000442498
-0.000172015
-0.000356188
-0.000256626
-0.000286901
-0.000251704
-0.000232409
-0.000186256
-0.000192921
-0.000123714
-0.000161343
-0.000107928
-0.000128446
-0.000142507
-8.87236e-05
-0.000173923
-5.50373e-05
-0.000154061
-2.92624e-05
-7.84665e-05
-1.31464e-05
-6.31451e-06
-3.29357e-06
-2.81968e-06
3.29363e-06
-6.4576e-05
1.22983e-05
-0.000126292
1.89115e-05
-0.000124493
1.77008e-05
-6.43819e-05
-7.58331e-07
-4.22291e-06
-2.63255e-05
5.84151e-06
-3.76673e-05
-4.82969e-05
-2.86477e-05
-0.000121342
-4.64887e-06
-0.000145058
2.2679e-05
-9.68174e-05
4.45993e-05
-1.22721e-05
5.03447e-05
4.49306e-05
5.3061e-05
2.89402e-05
5.30398e-05
-3.25294e-05
5.20643e-05
-6.64513e-05
4.43922e-05
-3.84978e-05
2.20566e-05
2.97478e-05
-3.49957e-06
8.60997e-05
-1.02773e-05
7.57708e-05
-1.14214e-06
1.46499e-05
0.000441584
0.0010478
0.000752992
0.00103662
0.000877434
0.000782615
0.00087418
0.000515151
0.000798938
0.000252604
0.000644992
1.35066e-05
0.000491747
-0.000218991
0.000346389
-0.000375499
0.000213263
-0.000458412
9.90259e-05
-0.000472682
5.88135e-06
-0.00043457
-6.82107e-05
-0.000368406
-0.000116451
-0.000307946
-0.000141059
-0.000262288
-0.000142821
-0.000230641
-0.000132183
-0.000203555
-0.000122506
-0.000171022
-0.000120041
-0.000130914
-0.000118232
-9.05365e-05
-0.000111623
-6.16471e-05
-9.55433e-05
-4.53418e-05
-7.49713e-05
-3.37161e-05
-5.86142e-05
-1.96493e-05
-5.52559e-05
-6.57083e-08
-6.02534e-05
1.72945e-05
-6.21212e-05
2.07791e-05
-5.27447e-05
8.32489e-06
-4.11521e-05
-1.23489e-05
-4.10583e-05
-2.64187e-05
-5.46142e-05
-2.41137e-05
-7.43719e-05
-8.89037e-06
-8.66483e-05
7.63063e-06
-8.06447e-05
1.66784e-05
-5.63109e-05
2.02664e-05
-2.81154e-05
2.21487e-05
-4.51513e-06
2.94623e-05
7.17802e-06
4.13491e-05
1.16327e-05
4.76086e-05
1.67938e-05
3.92305e-05
2.19697e-05
1.68825e-05
2.32263e-05
-4.75748e-06
2.0338e-05
-7.39082e-06
9.80003e-06
9.39863e-06
2.44508e-05
0.000336175
0.000711619
0.000621731
0.000751061
0.000777589
0.000626761
0.000825253
0.000467489
0.000790597
0.000287258
0.000701646
0.000102456
0.00055313
-7.04726e-05
0.000391054
-0.000213423
0.000234727
-0.000302086
0.000100518
-0.000338471
-4.46308e-07
-0.000333604
-5.979e-05
-0.000309061
-9.09169e-05
-0.000276815
-0.000105038
-0.000248159
-0.000112055
-0.00022362
-0.000117353
-0.00019826
-0.000120466
-0.000167914
-0.000117765
-0.000133618
-0.000107437
-0.000100862
-9.38549e-05
-7.52283e-05
-8.21672e-05
-5.70292e-05
-7.40962e-05
-4.17865e-05
-6.80747e-05
-2.56712e-05
-5.95933e-05
-8.54921e-06
-4.686e-05
4.56075e-06
-3.35265e-05
7.44786e-06
-2.56337e-05
4.32882e-07
-2.81044e-05
-9.87923e-06
-3.95643e-05
-1.49592e-05
-5.22344e-05
-1.14429e-05
-5.83266e-05
-2.79618e-06
-5.53121e-05
4.61852e-06
-4.57501e-05
7.11803e-06
-3.30562e-05
7.57224e-06
-2.08099e-05
9.90063e-06
-8.2041e-06
1.68576e-05
8.08335e-06
2.5067e-05
2.50909e-05
3.06053e-05
3.66647e-05
2.76543e-05
3.59295e-05
1.76149e-05
2.26542e-05
8.51799e-06
6.39035e-06
8.87117e-06
-1.36515e-06
1.71546e-05
2.30881e-05
0.000237398
0.000474223
0.000469442
0.000519015
0.000634695
0.000461506
0.00072583
0.000376356
0.000745285
0.000267803
0.000702372
0.000145371
0.000605524
2.63778e-05
0.000474412
-8.23087e-05
0.000333321
-0.000160994
0.000203926
-0.000209077
0.000101034
-0.000230711
2.60725e-05
-0.000234096
-2.35034e-05
-0.000227234
-5.59183e-05
-0.000215739
-7.89144e-05
-0.000200625
-9.56891e-05
-0.00018149
-0.000105456
-0.000158148
-0.00010661
-0.000132462
-9.99896e-05
-0.00010748
-8.96013e-05
-8.56171e-05
-7.96142e-05
-6.70165e-05
-7.11684e-05
-5.02314e-05
-6.2623e-05
-3.42167e-05
-5.04903e-05
-2.06835e-05
-3.59188e-05
-1.00113e-05
-2.26716e-05
-5.79875e-06
-1.57855e-05
-6.45326e-06
-1.73141e-05
-8.3508e-06
-2.38278e-05
-8.44425e-06
-2.92353e-05
-6.03317e-06
-2.98764e-05
-2.15313e-06
-2.56844e-05
4.26012e-07
-1.97088e-05
1.14069e-06
-1.36218e-05
1.48511e-06
-7.51515e-06
3.79543e-06
3.65034e-07
8.98029e-06
1.07241e-05
1.47096e-05
2.23162e-05
1.90173e-05
2.97968e-05
2.0174e-05
2.85217e-05
1.88838e-05
1.91525e-05
1.78857e-05
8.25696e-06
1.97689e-05
1.42828e-06
2.39842e-05
2.45166e-05
0.000159766
0.000314457
0.000328924
0.000349854
0.000469145
0.000321284
0.000569506
0.000275994
0.000622381
0.000214929
0.00062522
0.000142533
0.000585575
6.60233e-05
0.000510509
-7.24251e-06
0.000414902
-6.53872e-05
0.00031578
-0.000109955
0.000224655
-0.000139584
0.000147453
-0.000156891
8.50482e-05
-0.000164826
3.50009e-05
-0.000165693
-4.73241e-06
-0.000160895
-3.53054e-05
-0.000150918
-5.6572e-05
-0.000136878
-6.86931e-05
-0.000120338
-7.3057e-05
-0.000103118
-7.22131e-05
-8.64619e-05
-6.83974e-05
-7.08299e-05
-6.25048e-05
-5.6124e-05
-5.42193e-05
-4.25056e-05
-4.41106e-05
-3.07941e-05
-3.22297e-05
-2.18919e-05
-2.17779e-05
-1.62512e-05
-1.5187e-05
-1.3045e-05
-1.29383e-05
-1.05978e-05
-1.30803e-05
-8.30034e-06
-1.3197e-05
-5.91644e-06
-1.17229e-05
-3.62784e-06
-9.08502e-06
-2.21345e-06
-6.53285e-06
-1.4132e-06
-5.00849e-06
-4.02055e-08
-3.51304e-06
2.30113e-06
-1.28835e-07
5.60094e-06
4.70686e-06
9.87251e-06
9.89921e-06
1.38222e-05
1.3191e-05
1.68853e-05
1.27814e-05
1.92937e-05
8.98683e-06
2.16785e-05
4.29748e-06
2.44596e-05
9.78467e-07
2.73052e-05
2.54942e-05
0.000107455
0.000207001
0.000225488
0.000231819
0.00033082
0.000215952
0.000416162
0.000190653
0.000474817
0.000156274
0.000502464
0.000114885
0.000498823
6.96637e-05
0.000465091
2.6489e-05
0.000415966
-1.62607e-05
0.000355487
-4.94749e-05
0.000291714
-7.58088e-05
0.000229756
-9.49308e-05
0.000172463
-0.000107533
0.000121173
-0.000114403
7.64336e-05
-0.000116154
3.89779e-05
-0.000113458
9.22959e-06
-0.000107126
-1.28979e-05
-9.82108e-05
-2.8175e-05
-8.78428e-05
-3.777e-05
-7.68648e-05
-4.28313e-05
-6.57652e-05
-4.40615e-05
-5.48958e-05
-4.19362e-05
-4.46354e-05
-3.72572e-05
-3.54734e-05
-3.13029e-05
-2.78447e-05
-2.56837e-05
-2.18714e-05
-2.14681e-05
-1.72607e-05
-1.85442e-05
-1.35187e-05
-1.66099e-05
-1.02334e-05
-1.50978e-05
-7.42984e-06
-1.3631e-05
-5.09689e-06
-1.25413e-05
-3.30562e-06
-1.21769e-05
-1.7767e-06
-1.21754e-05
-4.10688e-08
-1.20962e-05
2.21881e-06
-1.15396e-05
5.04726e-06
-9.86114e-06
8.19647e-06
-7.74273e-06
1.16994e-05
-5.85097e-06
1.49927e-05
-4.66219e-06
1.81087e-05
-4.0475e-06
2.10656e-05
-3.36103e-06
2.37726e-05
-2.00015e-06
2.59433e-05
2.34931e-05
7.34685e-05
0.000133531
0.000155278
0.000150006
0.000230472
0.000140756
0.000294818
0.000126303
0.000344177
0.000106909
0.000375488
8.35695e-05
0.000387363
5.77858e-05
0.000382502
3.1349e-05
0.000360572
5.6699e-06
0.00032873
-1.76337e-05
0.000289957
-3.70364e-05
0.000247754
-5.27291e-05
0.000204735
-6.4516e-05
0.000162825
-7.24935e-05
0.000123556
-7.6882e-05
8.81418e-05
-7.80422e-05
5.74488e-05
-7.64341e-05
3.19232e-05
-7.26875e-05
1.14351e-05
-6.73546e-05
-4.41481e-06
-6.10134e-05
-1.6065e-05
-5.41167e-05
-2.4005e-05
-4.69607e-05
-2.86698e-05
-3.99728e-05
-3.07332e-05
-3.34085e-05
-3.10726e-05
-2.75059e-05
-3.0572e-05
-2.23742e-05
-2.98574e-05
-1.79742e-05
-2.91846e-05
-1.41901e-05
-2.85107e-05
-1.09092e-05
-2.78925e-05
-8.04855e-06
-2.73929e-05
-5.59699e-06
-2.7222e-05
-3.48129e-06
-2.7386e-05
-1.61302e-06
-2.77841e-05
3.60917e-07
-2.79995e-05
2.43106e-06
-2.76242e-05
4.66965e-06
-2.6519e-05
7.09511e-06
-2.46003e-05
9.78142e-06
-2.19783e-05
1.2368e-05
-1.87229e-05
1.48525e-05
-1.48267e-05
1.717e-05
-1.02312e-05
1.91769e-05
-4.97936e-06
2.06907e-05
1.85139e-05
5.10549e-05
8.24745e-05
0.000108175
9.28834e-05
0.000161403
8.75286e-05
0.000208338
7.93649e-05
0.000246655
6.85875e-05
0.00027455
5.56747e-05
0.000291055
4.12819e-05
0.000296264
2.61427e-05
0.000290214
1.17215e-05
0.000276374
-3.79208e-06
0.000255329
-1.59899e-05
0.000229373
-2.67713e-05
0.000200393
-3.55352e-05
0.000170037
-4.21361e-05
0.000139738
-4.65795e-05
0.000110679
-4.89811e-05
8.37933e-05
-4.95494e-05
5.96683e-05
-4.85628e-05
3.86497e-05
-4.63339e-05
2.08093e-05
-4.31723e-05
6.05957e-06
-3.93698e-05
-5.66949e-06
-3.52337e-05
-1.47416e-05
-3.08983e-05
-2.15387e-05
-2.6609e-05
-2.65302e-05
-2.25163e-05
-3.01662e-05
-1.87387e-05
-3.28239e-05
-1.53122e-05
-3.47761e-05
-1.22368e-05
-3.61882e-05
-9.5008e-06
-3.71863e-05
-7.04947e-06
-3.78852e-05
-4.89452e-06
-3.8394e-05
-2.97606e-06
-3.88081e-05
-1.20177e-06
-3.89367e-05
4.93786e-07
-3.86017e-05
2.09741e-06
-3.76913e-05
3.75652e-06
-3.60276e-05
5.43207e-06
-3.33416e-05
7.09818e-06
-2.96887e-05
8.71551e-06
-2.51024e-05
1.02648e-05
-1.95971e-05
1.16637e-05
-1.32621e-05
1.28416e-05
-6.27557e-06
1.37044e-05
1.22394e-05
3.32476e-05
4.92229e-05
7.05915e-05
5.5534e-05
0.000105684
5.24325e-05
0.000137252
4.77897e-05
0.000164096
4.1738e-05
0.000185241
3.45276e-05
0.000200054
2.64694e-05
0.000208274
1.79211e-05
0.000210754
9.24002e-06
0.000206246
7.13066e-07
0.000197487
-7.23145e-06
0.000184534
-1.38195e-05
0.000168544
-1.95463e-05
0.000150509
-2.41034e-05
0.000131361
-2.74328e-05
0.000111932
-2.95539e-05
9.29252e-05
-3.05448e-05
7.48908e-05
-3.05295e-05
5.82183e-05
-2.96619e-05
4.31543e-05
-2.81105e-05
2.98267e-05
-2.60457e-05
1.82213e-05
-2.36288e-05
8.32852e-06
-2.10026e-05
1.78879e-08
-1.82976e-05
-6.86515e-06
-1.56361e-05
-1.25267e-05
-1.30774e-05
-1.71525e-05
-1.06823e-05
-2.09076e-05
-8.48083e-06
-2.39351e-05
-6.47704e-06
-2.63318e-05
-4.65252e-06
-2.8188e-05
-3.03446e-06
-2.95451e-05
-1.62006e-06
-3.04351e-05
-3.15071e-07
-3.08528e-05
9.12652e-07
-3.08272e-05
2.07402e-06
-3.00181e-05
2.94645e-06
-2.84975e-05
3.91034e-06
-2.62438e-05
4.84517e-06
-2.32575e-05
5.73037e-06
-1.95411e-05
6.54875e-06
-1.51515e-05
7.27384e-06
-1.01819e-05
7.87204e-06
-4.77906e-06
8.30176e-06
7.46026e-06
2.14045e-05
2.78169e-05
4.56071e-05
3.13325e-05
6.85203e-05
2.95207e-05
8.94573e-05
2.6851e-05
0.000107794
2.34029e-05
0.000123016
1.93088e-05
0.000134759
1.473e-05
0.000142827
9.85502e-06
0.000147205
4.86273e-06
0.000147907
1.0493e-08
0.00014544
-4.76306e-06
0.000140193
-8.5716e-06
0.000132664
-1.20168e-05
0.000123359
-1.47985e-05
0.000112789
-1.68642e-05
0.000101442
-1.82084e-05
8.97591e-05
-1.88617e-05
7.81154e-05
-1.88846e-05
6.68133e-05
-1.83588e-05
5.60819e-05
-1.73798e-05
4.60843e-05
-1.60491e-05
3.69248e-05
-1.44677e-05
2.86563e-05
-1.27304e-05
2.12868e-05
-1.09265e-05
1.47737e-05
-9.12429e-06
9.07796e-06
-7.38097e-06
4.14039e-06
-5.74088e-06
-1.06602e-07
-4.23211e-06
-3.74646e-06
-2.8389e-06
-6.78263e-06
-1.61599e-06
-9.24973e-06
-5.64148e-07
-1.12207e-05
3.51616e-07
-1.26963e-05
1.15849e-06
-1.37164e-05
1.93219e-06
-1.42365e-05
2.59509e-06
-1.43365e-05
3.04616e-06
-1.39458e-05
3.51833e-06
-1.30684e-05
3.96693e-06
-1.17204e-05
4.38251e-06
-9.93013e-06
4.75897e-06
-7.74423e-06
5.08826e-06
-5.232e-06
5.35986e-06
-2.48618e-06
5.55566e-06
4.97271e-06
1.50515e-05
1.27627e-05
3.21517e-05
1.42308e-05
4.84436e-05
1.32265e-05
6.35084e-05
1.17823e-05
7.69709e-05
9.94012e-06
8.85117e-05
7.76873e-06
9.78917e-05
5.34945e-06
0.000104968
2.77791e-06
0.000109654
1.73936e-07
0.000112024
-2.36141e-06
0.000111993
-4.73384e-06
0.000110215
-6.79572e-06
0.000106725
-8.52739e-06
0.000101794
-9.87025e-06
9.5721e-05
-1.07936e-05
8.88035e-05
-1.12929e-05
8.13268e-05
-1.13855e-05
7.35488e-05
-1.11055e-05
6.56925e-05
-1.05018e-05
5.79427e-05
-9.63071e-06
5.04504e-05
-8.55784e-06
4.33309e-05
-7.3472e-06
3.66646e-05
-6.06199e-06
3.04961e-05
-4.75749e-06
2.48549e-05
-3.48462e-06
1.97601e-05
-2.28636e-06
1.51915e-05
-1.16989e-06
1.11526e-05
-1.91914e-07
7.60675e-06
7.05856e-07
4.54329e-06
1.44719e-06
1.91649e-06
2.06445e-06
-2.91545e-07
2.56048e-06
-2.09606e-06
2.96167e-06
-3.43143e-06
3.26624e-06
-4.34159e-06
3.50488e-06
-4.97811e-06
3.68214e-06
-5.28409e-06
3.82301e-06
-5.25939e-06
3.94067e-06
-4.921e-06
4.04283e-06
-4.29738e-06
4.1343e-06
-3.42742e-06
4.21725e-06
-2.35938e-06
4.29058e-06
-1.15278e-06
4.34757e-06
3.81864e-06
1.06867e-05
2.07753e-06
2.27966e-05
2.12374e-06
3.4365e-05
1.65832e-06
4.51479e-05
9.98815e-07
5.48972e-05
1.93017e-07
6.3373e-05
-7.0562e-07
7.04045e-05
-1.68192e-06
7.59454e-05
-2.76252e-06
7.98352e-05
-3.71588e-06
8.2223e-05
-4.75029e-06
8.30691e-05
-5.58078e-06
8.25095e-05
-6.23574e-06
8.06692e-05
-6.68631e-06
7.77126e-05
-6.91359e-06
7.38254e-05
-6.90711e-06
6.92022e-05
-6.67015e-06
6.40374e-05
-6.2199e-06
5.85094e-05
-5.57567e-06
5.27832e-05
-4.77393e-06
4.70122e-05
-3.85958e-06
4.1322e-05
-2.86826e-06
3.58146e-05
-1.83928e-06
3.05651e-05
-8.1105e-07
2.56359e-05
1.71923e-07
2.1059e-05
1.09093e-06
1.69642e-05
1.80817e-06
1.32125e-05
2.58351e-06
9.87056e-06
3.15145e-06
6.91775e-06
3.65842e-06
4.34817e-06
4.01661e-06
2.16295e-06
4.25083e-06
3.40274e-07
4.38413e-06
-1.1261e-06
4.42759e-06
-2.255e-06
4.39408e-06
-3.06028e-06
4.30943e-06
-3.56986e-06
4.19109e-06
-3.80238e-06
4.05446e-06
-3.77777e-06
3.91447e-06
-3.52115e-06
3.78437e-06
-3.06084e-06
3.67206e-06
-2.43065e-06
3.58509e-06
-1.66842e-06
3.52636e-06
-8.18472e-07
3.49576e-06
2.99973e-06
7.00125e-06
-4.92342e-06
1.48532e-05
-5.7277e-06
2.23991e-05
-5.88935e-06
2.9417e-05
-6.0201e-06
3.57444e-05
-6.13331e-06
4.12607e-05
-6.22258e-06
4.58559e-05
-6.27793e-06
4.93738e-05
-6.28e-06
5.18624e-05
-6.20446e-06
5.3166e-05
-6.05476e-06
5.33882e-05
-5.80336e-06
5.25901e-05
-5.43692e-06
5.08596e-05
-4.95445e-06
4.83085e-05
-4.3617e-06
4.50778e-05
-3.67659e-06
4.13174e-05
-2.91028e-06
3.71611e-05
-2.06357e-06
3.27485e-05
-1.16218e-06
2.81841e-05
-2.08882e-07
2.36306e-05
6.93452e-07
1.91854e-05
1.57577e-06
1.49352e-05
2.41062e-06
1.09394e-05
3.18522e-06
7.24394e-06
3.86728e-06
3.89673e-06
4.43703e-06
8.24603e-07
4.87981e-06
-1.79998e-06
5.20922e-06
-4.06102e-06
5.41379e-06
-5.91315e-06
5.51066e-06
-7.38414e-06
5.4873e-06
-8.49511e-06
5.36216e-06
-9.25888e-06
5.14838e-06
-9.69601e-06
4.8644e-06
-9.82755e-06
4.52472e-06
-9.67016e-06
4.15125e-06
-9.25445e-06
3.77487e-06
-8.6053e-06
3.40482e-06
-7.74615e-06
3.05464e-06
-6.70217e-06
2.73944e-06
-5.50771e-06
2.47644e-06
-4.19121e-06
2.26727e-06
-2.78065e-06
2.11444e-06
-1.3059e-06
2.0198e-06
1.69376e-06
3.69791e-06
-8.62058e-06
7.83903e-06
-9.86762e-06
1.17426e-05
-9.79342e-06
1.52868e-05
-9.56346e-06
1.83546e-05
-9.19966e-06
2.08405e-05
-8.70923e-06
2.26611e-05
-8.09831e-06
2.37524e-05
-7.36964e-06
2.40798e-05
-6.53087e-06
2.36141e-05
-5.58861e-06
2.2383e-05
-4.57166e-06
2.0468e-05
-3.52078e-06
1.79358e-05
-2.42094e-06
1.48491e-05
-1.27416e-06
1.13488e-05
-1.7653e-07
7.58797e-06
8.4946e-07
3.61534e-06
1.90815e-06
-4.10495e-07
2.86347e-06
-4.37624e-06
3.75686e-06
-8.30323e-06
4.61978e-06
-1.1917e-05
5.18853e-06
-1.52598e-05
5.75309e-06
-1.82614e-05
6.18739e-06
-2.08743e-05
6.48049e-06
-2.30664e-05
6.62868e-06
-2.48236e-05
6.6368e-06
-2.61279e-05
6.51437e-06
-2.69832e-05
6.27009e-06
-2.73865e-05
5.91421e-06
-2.73659e-05
5.46628e-06
-2.69392e-05
4.93526e-06
-2.6131e-05
4.34032e-06
-2.49846e-05
3.71779e-06
-2.35411e-05
3.08082e-06
-2.18041e-05
2.41395e-06
-1.98549e-05
1.82573e-06
-1.77151e-05
1.26528e-06
-1.54099e-05
7.49799e-07
-1.29606e-05
2.90277e-07
-1.04207e-05
-6.34854e-08
-7.80282e-06
-3.50943e-07
-5.12218e-06
-5.66718e-07
-2.40373e-06
-6.9928e-07
-7.10167e-07
6.64615e-07
-9.28459e-06
1.34796e-06
-1.05494e-05
1.91155e-06
-1.03563e-05
2.24521e-06
-9.89497e-06
2.24212e-06
-9.19527e-06
1.80974e-06
-8.27733e-06
8.78465e-07
-7.1659e-06
-5.71833e-07
-5.91738e-06
-2.53012e-06
-4.57147e-06
-5.01066e-06
-3.10772e-06
-7.94555e-06
-1.63681e-06
-1.12486e-05
-2.17942e-07
-1.48306e-05
1.16099e-06
-1.86263e-05
2.5212e-06
-2.25687e-05
3.76477e-06
-2.66178e-05
4.89667e-06
-3.06388e-05
5.92743e-06
-3.45379e-05
6.7617e-06
-3.82552e-05
7.47399e-06
-4.15858e-05
7.95004e-06
-4.46626e-05
8.26499e-06
-4.73208e-05
8.41136e-06
-4.95136e-05
8.38114e-06
-5.12068e-05
8.17456e-06
-5.23775e-05
7.79952e-06
-5.30103e-05
7.26977e-06
-5.30978e-05
6.60263e-06
-5.26435e-05
5.81693e-06
-5.16611e-05
4.93236e-06
-5.01619e-05
3.96723e-06
-4.8182e-05
2.95562e-06
-4.57132e-05
1.8721e-06
-4.28433e-05
8.48535e-07
-3.96797e-05
-8.21931e-08
-3.62659e-05
-9.99281e-07
-3.26014e-05
-1.83804e-06
-2.87484e-05
-2.58707e-06
-2.47633e-05
-3.23461e-06
-2.06928e-05
-3.77979e-06
-1.65343e-05
-4.2219e-06
-1.23189e-05
-4.56645e-06
-8.06976e-06
-4.81614e-06
-3.80014e-06
-4.96941e-06
-4.51054e-06
-2.00988e-06
-7.27332e-06
-4.33052e-06
-8.22624e-06
-6.69835e-06
-7.98631e-06
-9.23033e-06
-7.35997e-06
-1.20069e-05
-6.41764e-06
-1.50633e-05
-5.22075e-06
-1.84588e-05
-3.76903e-06
-2.2149e-05
-2.2259e-06
-2.60507e-05
-6.69591e-07
-3.00903e-05
9.30967e-07
-3.42531e-05
2.52454e-06
-3.85206e-05
4.04775e-06
-4.28337e-05
5.47268e-06
-4.70917e-05
6.778e-06
-5.12591e-05
7.93071e-06
-5.52769e-05
8.91245e-06
-5.90592e-05
9.70795e-06
-6.25899e-05
1.02916e-05
-6.57732e-05
1.06574e-05
-6.8613e-05
1.07899e-05
-7.10498e-05
1.07019e-05
-7.30337e-05
1.03956e-05
-7.45264e-05
9.87475e-06
-7.54999e-05
9.14889e-06
-7.59323e-05
8.23239e-06
-7.58061e-05
7.1438e-06
-7.51079e-05
5.90524e-06
-7.38313e-05
4.54137e-06
-7.19801e-05
3.08228e-06
-6.95236e-05
1.51156e-06
-6.65429e-05
-2.40476e-08
-6.30801e-05
-1.58943e-06
-5.91339e-05
-3.09602e-06
-5.47049e-05
-4.50969e-06
-4.98872e-05
-5.81557e-06
-4.47397e-05
-6.98444e-06
-3.93352e-05
-7.99078e-06
-3.37486e-05
-8.82069e-06
-2.8054e-05
-9.4743e-06
-2.23107e-05
-9.96531e-06
-1.65631e-05
-1.03144e-05
-1.08318e-05
-1.05477e-05
-5.11342e-06
-1.06882e-05
-9.62412e-06
-4.27857e-06
-2.99287e-06
-9.08799e-06
-3.41376e-06
-1.39155e-05
-3.15587e-06
-1.88637e-05
-2.40858e-06
-2.39498e-05
-1.33081e-06
-2.91052e-05
-6.49625e-08
-3.42484e-05
1.37505e-06
-3.93361e-05
2.8617e-06
-4.43403e-05
4.33341e-06
-4.91848e-05
5.77338e-06
-5.38244e-05
7.16159e-06
-5.82441e-05
8.46498e-06
-6.24259e-05
9.65275e-06
-6.63469e-05
1.06977e-05
-6.99943e-05
1.15769e-05
-7.33527e-05
1.22691e-05
-7.64008e-05
1.27546e-05
-7.91303e-05
1.30201e-05
-8.15253e-05
1.30525e-05
-8.35762e-05
1.28406e-05
-8.5259e-05
1.23846e-05
-8.65514e-05
1.16878e-05
-8.74322e-05
1.07558e-05
-8.7882e-05
9.59906e-06
-8.7882e-05
8.23256e-06
-8.7413e-05
6.67483e-06
-8.6456e-05
4.94867e-06
-8.49929e-05
3.07903e-06
-8.30016e-05
1.09185e-06
-8.05023e-05
-9.87063e-07
-7.74322e-05
-3.09321e-06
-7.38156e-05
-5.20495e-06
-6.9632e-05
-7.27815e-06
-6.48735e-05
-9.2668e-06
-5.95628e-05
-1.11248e-05
-5.37407e-05
-1.28054e-05
-4.74693e-05
-1.42614e-05
-4.08375e-05
-1.5452e-05
-3.39587e-05
-1.63529e-05
-2.6958e-05
-1.69659e-05
-1.99519e-05
-1.73206e-05
-1.30144e-05
-1.74853e-05
-6.15959e-06
-1.75433e-05
-1.57839e-05
-6.15686e-06
3.16594e-06
-1.29688e-05
3.40111e-06
-1.97745e-05
3.65268e-06
-2.65346e-05
4.35411e-06
-3.31674e-05
5.30231e-06
-3.95519e-05
6.3198e-06
-4.55252e-05
7.3486e-06
-5.10171e-05
8.35259e-06
-5.60068e-05
9.3214e-06
-6.04971e-05
1.02615e-05
-6.4511e-05
1.11733e-05
-6.80872e-05
1.20389e-05
-7.12643e-05
1.28284e-05
-7.40791e-05
1.35113e-05
-7.65618e-05
1.40587e-05
-7.87399e-05
1.44454e-05
-8.06316e-05
1.46451e-05
-8.22508e-05
1.46377e-05
-8.36121e-05
1.44137e-05
-8.47226e-05
1.39504e-05
-8.55807e-05
1.32423e-05
-8.61841e-05
1.22904e-05
-8.65258e-05
1.10974e-05
-8.65969e-05
9.67061e-06
-8.63858e-05
8.02212e-06
-8.58772e-05
6.16703e-06
-8.50521e-05
4.12487e-06
-8.38952e-05
1.92356e-06
-8.23657e-05
-4.35766e-07
-8.04423e-05
-2.90899e-06
-7.80722e-05
-5.46156e-06
-7.52135e-05
-8.06239e-06
-7.18126e-05
-1.06775e-05
-6.7816e-05
-1.32621e-05
-6.31738e-05
-1.57656e-05
-5.78518e-05
-1.81263e-05
-5.18406e-05
-2.02717e-05
-4.51725e-05
-2.21192e-05
-3.79392e-05
-2.35858e-05
-3.02926e-05
-2.46119e-05
-2.2447e-05
-2.51662e-05
-1.46008e-05
-2.53315e-05
-6.91183e-06
-2.52328e-05
-2.2696e-05
-7.7328e-06
1.09004e-05
-1.62089e-05
1.18795e-05
-2.45405e-05
1.19865e-05
-3.24001e-05
1.22154e-05
-3.96109e-05
1.25133e-05
-4.60032e-05
1.27126e-05
-5.15087e-05
1.28543e-05
-5.61434e-05
1.29862e-05
-5.998e-05
1.3157e-05
-6.31193e-05
1.33994e-05
-6.56668e-05
1.37196e-05
-6.77213e-05
1.40916e-05
-6.93657e-05
1.44717e-05
-7.06719e-05
1.4816e-05
-7.16958e-05
1.50818e-05
-7.24879e-05
1.5235e-05
-7.30831e-05
1.52389e-05
-7.35125e-05
1.50646e-05
-7.38004e-05
1.4701e-05
-7.3967e-05
1.41157e-05
-7.40244e-05
1.32992e-05
-7.39836e-05
1.22486e-05
-7.38489e-05
1.09626e-05
-7.36228e-05
9.44488e-06
-7.33032e-05
7.70349e-06
-7.2884e-05
5.74898e-06
-7.23518e-05
3.59426e-06
-7.17009e-05
1.27446e-06
-7.08818e-05
-1.25238e-06
-6.98749e-05
-3.91387e-06
-6.86245e-05
-6.70916e-06
-6.70698e-05
-9.61523e-06
-6.51312e-05
-1.26136e-05
-6.27165e-05
-1.56751e-05
-5.97148e-05
-1.87655e-05
-5.6006e-05
-2.18335e-05
-5.14717e-05
-2.48048e-05
-4.6014e-05
-2.75756e-05
-3.95965e-05
-3.00028e-05
-3.22671e-05
-3.19405e-05
-2.42506e-05
-3.3183e-05
-1.58314e-05
-3.37508e-05
-7.50605e-06
-3.35594e-05
-3.02025e-05
-9.2741e-06
2.01754e-05
-1.90531e-05
2.166e-05
-2.82425e-05
2.11774e-05
-3.60956e-05
2.00697e-05
-4.2592e-05
1.90104e-05
-4.77025e-05
1.78242e-05
-5.15798e-05
1.67323e-05
-5.44039e-05
1.58098e-05
-5.63691e-05
1.51222e-05
-5.76543e-05
1.46841e-05
-5.84134e-05
1.44781e-05
-5.87703e-05
1.44466e-05
-5.88177e-05
1.45182e-05
-5.86334e-05
1.46295e-05
-5.8273e-05
1.47206e-05
-5.77896e-05
1.47485e-05
-5.72178e-05
1.4666e-05
-5.65931e-05
1.44371e-05
-5.59406e-05
1.40484e-05
-5.52865e-05
1.34603e-05
-5.46491e-05
1.26619e-05
-5.4048e-05
1.16471e-05
-5.34968e-05
1.04118e-05
-5.30077e-05
8.9567e-06
-5.25893e-05
7.28664e-06
-5.22475e-05
5.40857e-06
-5.19819e-05
3.33069e-06
-5.17819e-05
1.07595e-06
-5.16405e-05
-1.39117e-06
-5.15314e-05
-4.02123e-06
-5.14142e-05
-6.82346e-06
-5.1238e-05
-9.78958e-06
-5.09262e-05
-1.29226e-05
-5.03813e-05
-1.62182e-05
-4.94705e-05
-1.96743e-05
-4.80254e-05
-2.3277e-05
-4.58422e-05
-2.69871e-05
-4.26832e-05
-3.07334e-05
-3.83211e-05
-3.43649e-05
-3.25467e-05
-3.77144e-05
-2.5402e-05
-4.03288e-05
-1.69806e-05
-4.21727e-05
-8.23081e-06
-4.23108e-05
-3.84338e-05
-1.10708e-05
3.12464e-05
-2.14787e-05
3.20692e-05
-3.04291e-05
3.01289e-05
-3.68809e-05
2.65226e-05
-4.13901e-05
2.35209e-05
-4.42309e-05
2.06664e-05
-4.58225e-05
1.8325e-05
-4.64751e-05
1.64624e-05
-4.64481e-05
1.50959e-05
-4.59345e-05
1.417e-05
-4.50817e-05
1.36252e-05
-4.39945e-05
1.33573e-05
-4.27427e-05
1.32655e-05
-4.13853e-05
1.32693e-05
-3.99601e-05
1.3295e-05
-3.85097e-05
1.32946e-05
-3.70593e-05
1.32153e-05
-3.56405e-05
1.30154e-05
-3.4276e-05
1.26844e-05
-3.29928e-05
1.21763e-05
-3.18123e-05
1.14823e-05
-3.07597e-05
1.05946e-05
-2.98549e-05
9.50801e-06
-2.91189e-05
8.22188e-06
-2.85693e-05
6.73896e-06
-2.82233e-05
5.06419e-06
-2.80924e-05
3.20215e-06
-2.81777e-05
1.16248e-06
-2.84952e-05
-1.07093e-06
-2.90346e-05
-3.48074e-06
-2.97768e-05
-6.07854e-06
-3.06976e-05
-8.86763e-06
-3.17463e-05
-1.18716e-05
-3.28532e-05
-1.51101e-05
-3.39093e-05
-1.86169e-05
-3.47569e-05
-2.24283e-05
-3.51779e-05
-2.6566e-05
-3.48648e-05
-3.10458e-05
-3.34487e-05
-3.5782e-05
-3.04169e-05
-4.0746e-05
-2.54669e-05
-4.52805e-05
-1.80525e-05
-4.95877e-05
-9.41306e-06
-5.09523e-05
-4.78472e-05
-1.32169e-05
4.44632e-05
-2.29994e-05
4.18531e-05
-3.02098e-05
3.73402e-05
-3.39452e-05
3.02592e-05
-3.56307e-05
2.52079e-05
-3.58341e-05
2.08711e-05
-3.51331e-05
1.76252e-05
-3.38493e-05
1.51786e-05
-3.22062e-05
1.34537e-05
-3.0359e-05
1.23224e-05
-2.83835e-05
1.16496e-05
-2.63407e-05
1.13119e-05
-2.42605e-05
1.11848e-05
-2.21734e-05
1.11791e-05
-2.00933e-05
1.12152e-05
-1.80487e-05
1.12465e-05
-1.60511e-05
1.12181e-05
-1.41359e-05
1.10975e-05
-1.23087e-05
1.08582e-05
-1.06056e-05
1.04725e-05
-9.04746e-06
9.92541e-06
-7.66296e-06
9.21051e-06
-6.47694e-06
8.32302e-06
-5.51644e-06
7.26236e-06
-4.80607e-06
6.03024e-06
-4.37186e-06
4.63098e-06
-4.2336e-06
3.066e-06
-4.41154e-06
1.34087e-06
-4.92606e-06
-5.54088e-07
-5.79181e-06
-2.6148e-06
-7.01197e-06
-4.85619e-06
-8.58737e-06
-7.29199e-06
-1.05067e-05
-9.95088e-06
-1.27425e-05
-1.28739e-05
-1.52387e-05
-1.61204e-05
-1.7896e-05
-1.97706e-05
-2.05561e-05
-2.39067e-05
-2.29476e-05
-2.86539e-05
-2.46928e-05
-3.40385e-05
-2.51043e-05
-4.03346e-05
-2.35576e-05
-4.68293e-05
-1.85585e-05
-5.45874e-05
-1.11597e-05
-5.83534e-05
-5.90073e-05
-1.53375e-05
5.98005e-05
-2.26843e-05
4.92013e-05
-2.65908e-05
4.12472e-05
-2.68553e-05
3.05247e-05
-2.5594e-05
2.39482e-05
-2.34764e-05
1.87542e-05
-2.10186e-05
1.51682e-05
-1.84303e-05
1.25902e-05
-1.58288e-05
1.08533e-05
-1.32597e-05
9.75263e-06
-1.07383e-05
9.1286e-06
-8.2672e-06
8.83827e-06
-5.83573e-06
8.75349e-06
-3.44807e-06
8.78821e-06
-1.09825e-06
8.86644e-06
1.19704e-06
8.94793e-06
3.43361e-06
8.9826e-06
5.58411e-06
8.94437e-06
7.63885e-06
8.80456e-06
9.56557e-06
8.54498e-06
1.13411e-05
8.15095e-06
1.29344e-05
7.61742e-06
1.43175e-05
6.94071e-06
1.54593e-05
6.12097e-06
1.63313e-05
5.15944e-06
1.69018e-05
4.06062e-06
1.71452e-05
2.82412e-06
1.70307e-05
1.455e-06
1.65332e-05
-5.48262e-08
1.56227e-05
-1.70497e-06
1.42802e-05
-3.5121e-06
1.24782e-05
-5.49054e-06
1.02013e-05
-7.67324e-06
7.43424e-06
-1.0107e-05
4.17565e-06
-1.28622e-05
4.49122e-07
-1.6044e-05
-3.6881e-06
-1.97709e-05
-8.08256e-06
-2.42593e-05
-1.24844e-05
-2.96388e-05
-1.62705e-05
-3.65486e-05
-1.87144e-05
-4.43877e-05
-1.75527e-05
-5.57497e-05
-1.30599e-05
-6.28484e-05
-7.20675e-05
-1.64304e-05
7.62307e-05
-1.9454e-05
5.22262e-05
-1.89729e-05
4.07663e-05
-1.58863e-05
2.74388e-05
-1.22721e-05
2.03351e-05
-8.62941e-06
1.51118e-05
-5.22224e-06
1.17618e-05
-2.0799e-06
9.44747e-06
8.20063e-07
7.95434e-06
3.52468e-06
7.04721e-06
6.08786e-06
6.5661e-06
8.5499e-06
6.37392e-06
1.09493e-05
6.35481e-06
1.32992e-05
6.43535e-06
1.56164e-05
6.55073e-06
1.78915e-05
6.66984e-06
2.01242e-05
6.75139e-06
2.22909e-05
6.77525e-06
2.43792e-05
6.71718e-06
2.63584e-05
6.56475e-06
2.8204e-05
6.30601e-06
2.98839e-05
5.93746e-06
3.13684e-05
5.45661e-06
3.2625e-05
4.86436e-06
3.36235e-05
4.16171e-06
3.43302e-05
3.35333e-06
3.47174e-05
2.43812e-06
3.47502e-05
1.42123e-06
3.44011e-05
2.95632e-07
3.36335e-05
-9.38504e-07
3.24188e-05
-2.2963e-06
3.07175e-05
-3.79005e-06
2.84942e-05
-5.44954e-06
2.57053e-05
-7.31849e-06
2.2306e-05
-9.4635e-06
1.8254e-05
-1.19919e-05
1.35102e-05
-1.50286e-05
8.08162e-06
-1.88305e-05
2.02586e-06
-2.35851e-05
-4.32585e-06
-3.0197e-05
-1.04209e-05
-3.82949e-05
-1.39559e-05
-5.22151e-05
-1.40407e-05
-6.27657e-05
-8.61086e-05
-1.50196e-05
9.12503e-05
-1.25466e-05
4.97539e-05
-7.56426e-06
3.57836e-05
-2.04287e-06
2.19176e-05
2.8897e-06
1.54033e-05
7.09414e-06
1.09073e-05
1.06539e-05
8.20272e-06
1.37049e-05
6.39587e-06
1.6383e-05
5.27705e-06
1.88027e-05
4.62664e-06
2.10604e-05
4.30932e-06
2.32201e-05
4.21227e-06
2.53328e-05
4.24327e-06
2.74187e-05
4.3469e-06
2.94973e-05
4.47368e-06
3.15625e-05
4.60204e-06
3.36139e-05
4.70148e-06
3.563e-05
4.75708e-06
3.75964e-05
4.75163e-06
3.94835e-05
4.67657e-06
4.12664e-05
4.52339e-06
4.29136e-05
4.28997e-06
4.43956e-05
3.97477e-06
4.56805e-05
3.57911e-06
4.6739e-05
3.10372e-06
4.75385e-05
2.55297e-06
4.80519e-05
1.92565e-06
4.82454e-05
1.22658e-06
4.8092e-05
4.50197e-07
4.75552e-05
-4.02844e-07
4.6604e-05
-1.34417e-06
4.5196e-05
-2.38286e-06
4.32884e-05
-3.54172e-06
4.08254e-05
-4.8557e-06
3.77393e-05
-6.3781e-06
3.39479e-05
-8.20028e-06
2.93471e-05
-1.04293e-05
2.38239e-05
-1.3307e-05
1.72586e-05
-1.70218e-05
9.61019e-06
-2.25485e-05
1.14748e-06
-2.98342e-05
-7.01773e-06
-4.40503e-05
-1.25964e-05
-5.71889e-05
-9.87053e-05
-9.63305e-06
0.000100883
-1.75943e-06
4.18807e-05
6.64989e-06
2.73739e-05
1.32157e-05
1.53517e-05
1.8345e-05
1.02744e-05
2.22829e-05
6.96922e-06
2.54041e-05
5.08201e-06
2.79417e-05
3.85774e-06
3.00929e-05
3.12641e-06
3.19995e-05
2.71906e-06
3.37719e-05
2.53778e-06
3.54792e-05
2.5035e-06
3.71715e-05
2.55232e-06
3.88684e-05
2.64787e-06
4.05871e-05
2.75657e-06
4.23215e-05
2.86538e-06
4.40707e-05
2.95365e-06
4.58137e-05
3.01246e-06
4.75357e-05
3.03018e-06
4.92096e-05
3.00179e-06
5.08113e-05
2.92185e-06
5.23117e-05
2.78917e-06
5.36836e-05
2.60288e-06
5.4898e-05
2.3643e-06
5.59283e-05
2.07374e-06
5.67457e-05
1.73481e-06
5.73258e-05
1.34632e-06
5.76391e-05
9.12252e-07
5.76616e-05
4.28655e-07
5.73614e-05
-1.03545e-07
5.67101e-05
-6.9206e-07
5.56695e-05
-1.34276e-06
5.41986e-05
-2.07064e-06
5.22427e-05
-2.89982e-06
4.97307e-05
-3.86674e-06
4.65679e-05
-5.03718e-06
4.26256e-05
-6.48827e-06
3.77249e-05
-8.40595e-06
3.16452e-05
-1.09438e-05
2.40189e-05
-1.49222e-05
1.46595e-05
-2.04765e-05
3.316e-06
-3.27072e-05
-7.28287e-06
-4.65916e-05
-0.000105988
5.59756e-07
0.000100324
1.22438e-05
3.0197e-05
2.2123e-05
1.74945e-05
2.83461e-05
9.12837e-06
3.27861e-05
5.83469e-06
3.59325e-05
3.82253e-06
3.83029e-05
2.71194e-06
4.01483e-05
2.01189e-06
4.16709e-05
1.60424e-06
4.30046e-05
1.38437e-06
4.42502e-05
1.29291e-06
4.54679e-05
1.28459e-06
4.66991e-05
1.32239e-06
4.79589e-05
1.38647e-06
4.92597e-05
1.45723e-06
5.05954e-05
1.52794e-06
5.19635e-05
1.58663e-06
5.3346e-05
1.62875e-06
5.47289e-05
1.6478e-06
5.60889e-05
1.64103e-06
5.74053e-05
1.60558e-06
5.86533e-05
1.54076e-06
5.98101e-05
1.44609e-06
6.08514e-05
1.32256e-06
6.17555e-05
1.17007e-06
6.24985e-05
9.9109e-07
6.3061e-05
7.8454e-07
6.34193e-05
5.53165e-07
6.35543e-05
2.94512e-07
6.34407e-05
9.35322e-09
6.3056e-05
-3.06641e-07
6.23698e-05
-6.56816e-07
6.13487e-05
-1.04943e-06
5.99476e-05
-1.49856e-06
5.81053e-05
-2.02491e-06
5.57359e-05
-2.66747e-06
5.27194e-05
-3.47277e-06
4.88684e-05
-4.55463e-06
4.39433e-05
-6.02002e-06
3.7416e-05
-8.39494e-06
2.88654e-05
-1.19272e-05
1.65592e-05
-2.04013e-05
2.73617e-06
-3.27699e-05
-0.000103252
1.49571e-05
8.53667e-05
2.80896e-05
1.70647e-05
3.71712e-05
8.41287e-06
4.20684e-05
4.23111e-06
4.53218e-05
2.58131e-06
4.74853e-05
1.65865e-06
4.90471e-05
1.15035e-06
5.02181e-05
8.40438e-07
5.11621e-05
6.60629e-07
5.19815e-05
5.64097e-07
5.27523e-05
5.22713e-07
5.35182e-05
5.17673e-07
5.43089e-05
5.32749e-07
5.51343e-05
5.59946e-07
5.60024e-05
5.90295e-07
5.69081e-05
6.21003e-07
5.78487e-05
6.46866e-07
5.88106e-05
6.65926e-07
5.97831e-05
6.75703e-07
6.07489e-05
6.74759e-07
6.16924e-05
6.62073e-07
6.25957e-05
6.37196e-07
6.34419e-05
5.99892e-07
6.42135e-05
5.50701e-07
6.48946e-05
4.89275e-07
6.54682e-05
4.16955e-07
6.59205e-05
3.32878e-07
6.62345e-05
2.38487e-07
6.63972e-05
1.32555e-07
6.63907e-05
1.54251e-08
6.61994e-05
-1.14745e-07
6.5802e-05
-2.59644e-07
6.51754e-05
-4.22666e-07
6.42873e-05
-6.10312e-07
6.30935e-05
-8.31468e-07
6.15298e-05
-1.10343e-06
5.95047e-05
-1.4484e-06
5.6866e-05
-1.91577e-06
5.34144e-05
-2.56937e-06
4.86512e-05
-3.6317e-06
4.20879e-05
-5.36492e-06
3.12636e-05
-9.57718e-06
1.66197e-05
-1.81269e-05
-8.66328e-05
3.27854e-05
5.25814e-05
4.41501e-05
5.70023e-06
5.03539e-05
2.2093e-06
5.34573e-05
1.1276e-06
5.53865e-05
6.52126e-07
5.66244e-05
4.20303e-07
5.74881e-05
2.8674e-07
5.81194e-05
2.08843e-07
5.8618e-05
1.62326e-07
5.90451e-05
1.36447e-07
5.94447e-05
1.23398e-07
5.98423e-05
1.19311e-07
6.02555e-05
1.20348e-07
6.06899e-05
1.24784e-07
6.11508e-05
1.30302e-07
6.16349e-05
1.36024e-07
6.21414e-05
1.41006e-07
6.26622e-05
1.44481e-07
6.31918e-05
1.46346e-07
6.37205e-05
1.45797e-07
6.42397e-05
1.42907e-07
6.47393e-05
1.37343e-07
6.52101e-05
1.29104e-07
6.56423e-05
1.18356e-07
6.6027e-05
1.04824e-07
6.63546e-05
8.8977e-08
6.66175e-05
7.03994e-08
6.68061e-05
4.94993e-08
6.69132e-05
2.59814e-08
6.69286e-05
-2.30847e-10
6.68437e-05
-2.94067e-08
6.66463e-05
-6.22905e-08
6.63231e-05
-9.94282e-08
6.58557e-05
-1.42766e-07
6.52183e-05
-1.94265e-07
6.43733e-05
-2.58191e-07
6.32651e-05
-3.40792e-07
6.18021e-05
-4.5257e-07
5.98499e-05
-6.17879e-07
5.70934e-05
-8.75252e-07
5.30923e-05
-1.36455e-06
4.59574e-05
-2.44247e-06
3.37722e-05
-5.94228e-06
-5.28607e-05
5.25814e-05
5.82818e-05
6.04912e-05
6.16186e-05
6.22705e-05
6.26907e-05
6.29776e-05
6.31864e-05
6.33488e-05
6.34849e-05
6.36084e-05
6.37274e-05
6.38483e-05
6.39728e-05
6.41034e-05
6.4239e-05
6.43802e-05
6.45245e-05
6.46709e-05
6.48166e-05
6.49595e-05
6.50968e-05
6.52259e-05
6.53442e-05
6.54492e-05
6.5538e-05
6.56086e-05
6.56579e-05
6.56841e-05
6.56838e-05
6.56546e-05
6.55923e-05
6.54929e-05
6.53502e-05
6.51557e-05
6.48977e-05
6.45566e-05
6.41041e-05
6.34859e-05
6.26106e-05
6.12458e-05
5.88032e-05
5.28607e-05
)
;

boundaryField
{
    movingWall
    {
        type            calculated;
        value           uniform 0;
    }
    fixedWalls
    {
        type            calculated;
        value           uniform 0;
    }
    frontAndBack
    {
        type            empty;
        value           nonuniform 0();
    }
    defaultFaces
    {
        type            empty;
        value           nonuniform 0();
    }
}


// ************************************************************************* //
