/*--------------------------------*- C++ -*----------------------------------*\
  =========                 |
  \\      /  F ield         | OpenFOAM: The Open Source CFD Toolbox
   \\    /   O peration     | Website:  https://openfoam.org
    \\  /    A nd           | Version:  7
     \\/     M anipulation  |
\*---------------------------------------------------------------------------*/
FoamFile
{
    version     2.0;
    format      ascii;
    class       volVectorField;
    location    "1.15";
    object      U;
}
// * * * * * * * * * * * * * * * * * * * * * * * * * * * * * * * * * * * * * //

dimensions      [0 1 -1 0 0 0 0];

internalField   nonuniform List<vector> 
1936
(
(-11.7008 3.10049 0)
(-69.3758 198.101 0)
(-18.6091 426.517 0)
(5.27283 415.545 0)
(-7.93242 379.658 0)
(-0.0191786 397.052 0)
(10.1045 394.873 0)
(21.4449 352.116 0)
(19.2262 296.864 0)
(6.14115 274.635 0)
(-5.16175 281.568 0)
(-16.7945 338.551 0)
(-20.4115 457.226 0)
(21.5084 462.354 0)
(36.156 311.633 0)
(8.88021 229.512 0)
(-2.21415 229.558 0)
(-26.29 294.775 0)
(-24.8848 458.898 0)
(29.6401 474.869 0)
(37.9174 309.193 0)
(14.0497 224.799 0)
(2.22081 223.083 0)
(-19.0107 271.168 0)
(-30.7669 421.306 0)
(8.02984 484.804 0)
(32.7869 352.96 0)
(11.5997 237.789 0)
(-7.5138 226.396 0)
(-17.5393 248.2 0)
(-33.5809 350.618 0)
(-23.5952 488.563 0)
(31.1608 435.266 0)
(32.1604 274.308 0)
(8.46087 224.502 0)
(-6.08648 243.651 0)
(-30.0367 367.248 0)
(5.38233 492.426 0)
(42.4462 402.409 0)
(27.3181 257.081 0)
(13.5348 220.95 0)
(-0.943759 222.671 0)
(-26.4344 303.111 0)
(-23.6999 457.231 0)
(-13.0365 7.55172 0)
(-76.6013 -0.057974 0)
(-22.0465 -4.54138 0)
(3.56946 -2.07166 0)
(-9.94277 -0.482808 0)
(-1.11993 -1.54365 0)
(9.56601 -1.84391 0)
(19.9036 -0.740865 0)
(16.3177 1.21316 0)
(5.25635 2.44658 0)
(-2.1256 2.25718 0)
(-15.9697 0.390645 0)
(-22.0372 -2.98689 0)
(21.9704 -3.91288 0)
(33.4666 -0.0592177 0)
(4.72427 3.51782 0)
(1.41164 3.7033 0)
(-22.9871 0.513855 0)
(-26.2079 -4.17169 0)
(30.6825 -4.32443 0)
(35.2339 -0.0469441 0)
(8.70293 3.26024 0)
(4.88581 3.74308 0)
(-16.5735 1.80881 0)
(-32.6669 -2.15491 0)
(8.40503 -4.30994 0)
(31.9018 -1.14698 0)
(7.6198 2.94661 0)
(-5.71572 3.50459 0)
(-12.2493 2.14357 0)
(-34.3432 -0.443109 0)
(-25.3927 -4.48696 0)
(31.1003 -4.6923 0)
(26.7331 0.63624 0)
(6.30055 4.09703 0)
(-1.84684 2.88887 0)
(-29.34 -1.87673 0)
(5.13508 -4.809 0)
(43.6599 -2.08564 0)
(22.429 1.52484 0)
(9.18061 3.40381 0)
(2.7723 3.65099 0)
(-24.9519 0.721184 0)
(-25.3705 -3.45789 0)
(-3.75231 15.7771 0)
(-71.8773 0.529303 0)
(-25.1512 -9.90047 0)
(1.97408 -4.41722 0)
(-7.92799 -0.937006 0)
(-1.05334 -3.22841 0)
(9.00992 -3.81063 0)
(19.2242 -1.38419 0)
(14.8143 2.59465 0)
(2.77781 4.79765 0)
(-4.64098 4.58691 0)
(-18.3898 1.14676 0)
(-21.8656 -6.52836 0)
(24.9258 -8.39382 0)
(34.8719 0.470247 0)
(4.59184 7.07267 0)
(1.46776 7.31171 0)
(-24.0666 1.74279 0)
(-29.1428 -8.77304 0)
(30.1728 -9.31996 0)
(35.5405 0.632352 0)
(5.57406 6.72043 0)
(0.950422 7.3055 0)
(-20.4154 4.10808 0)
(-33.8001 -4.71868 0)
(11.3909 -9.51313 0)
(34.7893 -2.01306 0)
(10.5508 6.10637 0)
(-1.93593 6.79335 0)
(-11.8024 4.83675 0)
(-35.2219 -0.484032 0)
(-20.85 -9.86235 0)
(35.7459 -9.35484 0)
(23.444 2.06613 0)
(2.01928 7.96114 0)
(-4.48154 5.96455 0)
(-33.197 -3.43746 0)
(0.184935 -10.5409 0)
(43.1244 -4.22545 0)
(21.9377 3.86791 0)
(4.13704 6.71613 0)
(-2.45536 7.26117 0)
(-28.7592 1.88394 0)
(-27.039 -7.65918 0)
(5.21159 22.1879 0)
(-59.9269 2.08316 0)
(-23.086 -13.7515 0)
(-3.55633 -6.97458 0)
(-8.66077 -1.81541 0)
(-1.91748 -4.64173 0)
(5.31297 -5.38133 0)
(12.1559 -1.75695 0)
(7.57707 3.88931 0)
(-0.759892 6.70416 0)
(-2.80835 6.3702 0)
(-12.2235 1.49849 0)
(-16.4052 -9.75439 0)
(20.7122 -12.0139 0)
(24.6051 1.1406 0)
(-0.235791 9.9774 0)
(4.69797 10.2053 0)
(-14.1658 2.94403 0)
(-23.8096 -12.3917 0)
(22.7197 -13.4374 0)
(24.2293 1.41312 0)
(-2.0903 9.78667 0)
(1.04825 10.1718 0)
(-14.2148 5.72339 0)
(-25.8086 -7.23203 0)
(10.7923 -13.968 0)
(25.8372 -2.74908 0)
(6.25886 8.53114 0)
(1.73068 9.63725 0)
(-4.75995 7.38606 0)
(-25.4474 -0.752536 0)
(-12.9766 -14.5105 0)
(29.2257 -12.4234 0)
(9.61493 3.86441 0)
(-2.73747 10.8802 0)
(-0.0518927 8.27525 0)
(-25.0374 -4.5343 0)
(-3.03504 -15.3089 0)
(31.9732 -6.16269 0)
(12.437 6.14325 0)
(-2.43631 9.75536 0)
(-1.70984 10.0131 0)
(-20.6837 2.49728 0)
(-21.7072 -11.3895 0)
(12.8818 27.0955 0)
(-49.2382 4.33754 0)
(-20.4527 -15.8724 0)
(-7.59256 -9.43398 0)
(-9.5269 -3.34821 0)
(-3.47908 -5.90041 0)
(0.992656 -6.41403 0)
(5.00269 -1.82291 0)
(1.03547 4.87234 0)
(-3.45176 7.84524 0)
(-1.5035 7.26255 0)
(-7.57021 1.36709 0)
(-11.4468 -12.0911 0)
(16.37 -14.2143 0)
(15.8237 1.80463 0)
(-4.12366 11.7363 0)
(6.76678 11.8768 0)
(-6.8037 3.87432 0)
(-18.7136 -14.4541 0)
(15.6936 -16.0043 0)
(15.0733 2.12244 0)
(-7.41111 11.8334 0)
(2.42973 11.9188 0)
(-9.42186 6.57324 0)
(-18.4505 -9.18277 0)
(9.97561 -16.9072 0)
(17.8212 -3.27469 0)
(2.25855 9.90708 0)
(3.18218 11.6173 0)
(0.166033 9.28114 0)
(-16.9081 -1.18168 0)
(-5.49567 -17.5863 0)
(22.4599 -13.5907 0)
(-0.650944 5.44082 0)
(-5.06743 12.3151 0)
(2.92837 9.44922 0)
(-17.8625 -5.08074 0)
(-5.83484 -18.288 0)
(21.7715 -7.57002 0)
(5.53195 7.88243 0)
(-6.095 11.9778 0)
(0.558554 11.5695 0)
(-14.0269 2.61972 0)
(-16.7164 -13.9405 0)
(18.8909 30.3674 0)
(-38.3344 7.10441 0)
(-16.7905 -16.3083 0)
(-9.50754 -11.4724 0)
(-10.3312 -5.25105 0)
(-5.39091 -6.91439 0)
(-3.28783 -6.8732 0)
(-1.41989 -1.67339 0)
(-4.14201 5.3187 0)
(-4.81432 8.11526 0)
(-0.211877 7.24979 0)
(-4.01682 0.82618 0)
(-7.21741 -13.4435 0)
(11.9143 -14.9649 0)
(8.32033 2.41955 0)
(-6.91729 12.3364 0)
(7.67183 12.3372 0)
(-1.52382 4.46761 0)
(-13.7852 -14.9835 0)
(9.69383 -16.9817 0)
(7.79599 2.6252 0)
(-10.0394 12.6894 0)
(4.22699 12.5687 0)
(-4.96782 6.76183 0)
(-11.829 -10.4813 0)
(8.74913 -18.2003 0)
(10.7146 -3.40448 0)
(-2.43776 10.332 0)
(2.94117 12.555 0)
(3.69618 10.206 0)
(-9.51272 -1.82121 0)
(0.402171 -18.8533 0)
(15.8313 -12.9665 0)
(-6.78074 6.48726 0)
(-5.24004 12.406 0)
(5.53205 9.61133 0)
(-11.6569 -5.00564 0)
(-7.46143 -19.3632 0)
(12.8778 -8.47146 0)
(0.239356 8.79031 0)
(-7.17434 13.1058 0)
(4.16955 12.0644 0)
(-8.20335 2.525 0)
(-12.1185 -15.2433 0)
(22.277 31.7079 0)
(-26.2285 10.056 0)
(-11.7569 -15.1078 0)
(-9.14324 -12.7266 0)
(-10.4048 -7.08188 0)
(-6.9975 -7.62051 0)
(-6.61098 -6.8084 0)
(-6.13885 -1.47037 0)
(-7.30518 5.07387 0)
(-4.98033 7.47921 0)
(0.794671 6.47559 0)
(-1.39773 -0.0062873 0)
(-3.8247 -13.7271 0)
(7.4104 -14.3431 0)
(2.18766 2.84942 0)
(-7.84118 11.8659 0)
(7.14139 11.7166 0)
(1.98558 4.61396 0)
(-8.97093 -14.134 0)
(5.04747 -16.403 0)
(2.29864 2.75461 0)
(-9.91971 12.3504 0)
(5.10694 12.1986 0)
(-0.767495 6.34913 0)
(-6.1442 -10.9504 0)
(6.95864 -17.8267 0)
(4.8153 -2.98527 0)
(-6.34671 9.92611 0)
(1.82507 12.2984 0)
(5.90981 10.0089 0)
(-3.52603 -2.58454 0)
(3.82035 -18.2991 0)
(9.86822 -10.9891 0)
(-9.19672 6.77353 0)
(-4.06348 11.39 0)
(7.27212 8.97238 0)
(-6.57264 -4.30749 0)
(-7.46601 -18.627 0)
(5.66735 -8.77099 0)
(-3.71276 8.6966 0)
(-6.43125 12.9698 0)
(6.64083 11.6513 0)
(-3.25645 2.37033 0)
(-7.91305 -15.2369 0)
(22.7725 30.7756 0)
(-12.5982 12.657 0)
(-5.52361 -12.3527 0)
(-6.68814 -12.795 0)
(-9.12081 -8.38544 0)
(-7.58345 -7.93033 0)
(-8.25666 -6.38346 0)
(-8.51822 -1.39672 0)
(-8.26257 4.16881 0)
(-4.29543 6.12983 0)
(1.43232 5.17074 0)
(0.431379 -1.02403 0)
(-1.36538 -12.9353 0)
(3.14656 -12.5513 0)
(-2.48883 2.94004 0)
(-7.16607 10.4751 0)
(5.70253 10.2299 0)
(4.05993 4.26537 0)
(-4.47011 -12.2086 0)
(1.76817 -14.4496 0)
(-1.57294 2.49261 0)
(-8.1992 10.9842 0)
(4.88974 10.9161 0)
(2.78373 5.43156 0)
(-1.73377 -10.4378 0)
(4.65077 -15.9242 0)
(0.35278 -2.22382 0)
(-7.8902 8.87918 0)
(0.821561 10.9351 0)
(6.93356 8.79149 0)
(0.714382 -3.19069 0)
(4.65137 -16.1788 0)
(4.89376 -8.3767 0)
(-9.22818 6.32969 0)
(-2.56551 9.60404 0)
(7.52194 7.82734 0)
(-2.68447 -3.24961 0)
(-5.90371 -16.3651 0)
(0.503997 -8.32596 0)
(-6.33786 7.6559 0)
(-5.07217 11.6651 0)
(6.98348 10.4753 0)
(0.693153 2.09809 0)
(-4.20952 -13.9611 0)
(19.6678 27.4456 0)
(0.327779 14.1913 0)
(1.21385 -8.30061 0)
(-2.6248 -11.4307 0)
(-6.28391 -8.75671 0)
(-6.73008 -7.73819 0)
(-8.07631 -5.78018 0)
(-8.61851 -1.52134 0)
(-7.46313 2.81195 0)
(-3.21462 4.37492 0)
(1.71478 3.52005 0)
(1.56318 -1.98005 0)
(-0.0222673 -11.1975 0)
(-0.322128 -9.95569 0)
(-5.4479 2.59068 0)
(-5.80927 8.42526 0)
(4.11575 8.1952 0)
(4.92709 3.42184 0)
(-0.894438 -9.60302 0)
(-0.283037 -11.4781 0)
(-3.94825 1.94049 0)
(-6.15528 8.93388 0)
(4.07564 8.95001 0)
(5.07256 4.12069 0)
(1.10749 -8.94085 0)
(2.23867 -12.8646 0)
(-2.65054 -1.48214 0)
(-7.2968 7.35994 0)
(0.468042 8.81264 0)
(6.89522 6.86384 0)
(3.12791 -3.32629 0)
(3.72068 -12.9535 0)
(1.21472 -5.78572 0)
(-7.95592 5.34629 0)
(-1.44426 7.46053 0)
(6.57242 6.37066 0)
(0.163742 -2.2408 0)
(-3.5115 -13.029 0)
(-2.47486 -7.08722 0)
(-7.49754 5.95971 0)
(-3.82438 9.5376 0)
(6.03773 8.71339 0)
(3.47551 1.60838 0)
(-1.26906 -11.6342 0)
(13.5722 22.3162 0)
(8.79714 14.018 0)
(6.85408 -3.76442 0)
(1.94185 -8.74802 0)
(-2.44001 -7.97787 0)
(-4.57421 -6.98122 0)
(-6.43313 -5.06251 0)
(-7.09209 -1.77802 0)
(-5.73456 1.32267 0)
(-2.15223 2.50125 0)
(1.62911 1.78253 0)
(1.95521 -2.59091 0)
(0.18105 -8.81143 0)
(-2.52128 -7.1088 0)
(-6.4126 1.85788 0)
(-4.49088 6.05906 0)
(2.70147 5.94081 0)
(4.6165 2.27 0)
(1.07151 -6.76257 0)
(-1.28604 -8.04499 0)
(-4.79641 1.2848 0)
(-4.35376 6.57369 0)
(3.14078 6.61062 0)
(5.58425 2.66915 0)
(2.34332 -6.74423 0)
(0.404019 -9.24447 0)
(-4.06908 -0.914244 0)
(-5.75797 5.4998 0)
(0.419697 6.40539 0)
(5.85069 4.68182 0)
(3.88472 -2.91867 0)
(2.22721 -9.24934 0)
(-1.01514 -3.6078 0)
(-6.06898 4.04665 0)
(-0.8158 5.33396 0)
(5.07148 4.71935 0)
(1.95184 -1.49027 0)
(-1.38704 -9.23872 0)
(-3.46008 -5.25199 0)
(-7.02431 4.07038 0)
(-2.78252 7.03209 0)
(4.7578 6.53574 0)
(4.748 0.992781 0)
(0.575509 -8.64515 0)
(7.37457 16.6426 0)
(10.8302 12.175 0)
(9.42984 -0.0333651 0)
(5.39819 -5.41418 0)
(1.15314 -6.18639 0)
(-1.83335 -5.66652 0)
(-3.97834 -4.22063 0)
(-4.76675 -2.00202 0)
(-3.76699 0.0106879 0)
(-1.26514 0.811989 0)
(1.30063 0.260534 0)
(1.69262 -2.72126 0)
(-0.254034 -6.2507 0)
(-3.33866 -4.59476 0)
(-5.661 0.972785 0)
(-3.35872 3.74959 0)
(1.45491 3.74098 0)
(3.39939 1.1904 0)
(1.44906 -4.16784 0)
(-1.53261 -4.83345 0)
(-4.22768 0.744215 0)
(-2.85011 4.2462 0)
(2.17142 4.26174 0)
(4.54802 1.43725 0)
(2.34554 -4.37888 0)
(-0.571732 -5.74856 0)
(-3.97291 -0.518329 0)
(-4.02081 3.59024 0)
(0.314393 4.11717 0)
(4.161 2.70735 0)
(3.39425 -2.15239 0)
(1.02231 -5.73932 0)
(-1.85893 -2.01199 0)
(-4.05922 2.67461 0)
(-0.47867 3.47685 0)
(3.44287 3.07027 0)
(2.47708 -0.940931 0)
(-0.217285 -5.67464 0)
(-3.1582 -3.27847 0)
(-5.32515 2.42808 0)
(-1.83712 4.55339 0)
(3.42691 4.264 0)
(4.46371 0.465637 0)
(1.32434 -5.5702 0)
(3.66283 11.5473 0)
(8.51429 9.4584 0)
(8.77833 2.16433 0)
(6.51779 -2.42403 0)
(3.26493 -3.92339 0)
(0.468558 -4.00788 0)
(-1.52671 -3.26207 0)
(-2.37892 -2.04131 0)
(-1.91614 -0.91212 0)
(-0.469222 -0.425579 0)
(0.998595 -0.805005 0)
(1.14655 -2.43807 0)
(-0.571745 -4.01364 0)
(-2.95961 -2.76615 0)
(-4.06524 0.219521 0)
(-2.38856 1.86217 0)
(0.447811 1.91288 0)
(1.86111 0.421377 0)
(0.895668 -2.20031 0)
(-1.34119 -2.42157 0)
(-2.90508 0.373974 0)
(-1.68335 2.33273 0)
(1.24553 2.32953 0)
(2.85623 0.625701 0)
(1.63759 -2.3782 0)
(-0.792395 -2.9807 0)
(-2.8891 -0.241217 0)
(-2.4629 1.99066 0)
(0.143335 2.24956 0)
(2.44127 1.26188 0)
(2.24408 -1.33473 0)
(0.317131 -3.00067 0)
(-1.68063 -0.972656 0)
(-2.36686 1.51428 0)
(-0.293309 2.03149 0)
(1.97456 1.71116 0)
(1.93262 -0.515942 0)
(0.0927792 -2.89432 0)
(-2.24882 -1.64862 0)
(-3.29383 1.26306 0)
(-1.05129 2.50487 0)
(2.14548 2.33183 0)
(3.16625 0.142079 0)
(1.24144 -3.00337 0)
(2.04864 7.73583 0)
(5.14961 6.77251 0)
(6.19599 2.87443 0)
(5.38585 -0.341971 0)
(3.51483 -1.8889 0)
(1.61878 -2.40902 0)
(0.187712 -2.31129 0)
(-0.511431 -1.88076 0)
(-0.422415 -1.41272 0)
(0.193815 -1.17311 0)
(0.789942 -1.34265 0)
(0.657565 -1.95927 0)
(-0.528515 -2.39317 0)
(-1.96933 -1.63698 0)
(-2.47178 -0.244833 0)
(-1.58847 0.598125 0)
(-0.15819 0.668509 0)
(0.651272 -0.00285341 0)
(0.242957 -0.995937 0)
(-0.950851 -0.999305 0)
(-1.63973 0.148423 0)
(-0.917573 1.04584 0)
(0.531989 1.04278 0)
(1.37278 0.219273 0)
(0.796688 -1.03251 0)
(-0.617016 -1.21692 0)
(-1.64952 -0.0623149 0)
(-1.29671 0.908382 0)
(0.0243249 0.98002 0)
(1.15567 0.411637 0)
(1.10731 -0.699416 0)
(-0.00291708 -1.2721 0)
(-1.08924 -0.372535 0)
(-1.23249 0.740088 0)
(-0.204902 1.04217 0)
(0.919035 0.820512 0)
(1.05294 -0.196045 0)
(0.0709576 -1.13449 0)
(-1.24197 -0.611453 0)
(-1.67438 0.567275 0)
(-0.52576 1.11952 0)
(1.11364 1.01468 0)
(1.72905 0.00708979 0)
(0.78265 -1.28813 0)
(1.21419 5.29679 0)
(2.66378 4.73409 0)
(3.5801 2.66973 0)
(3.46111 0.749112 0)
(2.64819 -0.517041 0)
(1.70186 -1.22085 0)
(0.915333 -1.5399 0)
(0.470886 -1.61376 0)
(0.390309 -1.5585 0)
(0.518715 -1.48156 0)
(0.591272 -1.44932 0)
(0.333435 -1.49322 0)
(-0.325225 -1.42353 0)
(-1.02579 -1.02084 0)
(-1.27833 -0.454346 0)
(-0.935186 -0.0779503 0)
(-0.330834 -0.00538854 0)
(0.0317101 -0.188981 0)
(-0.111988 -0.428514 0)
(-0.579265 -0.360257 0)
(-0.808602 0.0300209 0)
(-0.48419 0.344584 0)
(0.110269 0.350875 0)
(0.454831 0.0595116 0)
(0.223009 -0.325497 0)
(-0.374713 -0.345502 0)
(-0.770965 0.0250446 0)
(-0.588962 0.320214 0)
(-0.0411428 0.290907 0)
(0.396749 0.0338383 0)
(0.35404 -0.311416 0)
(-0.130021 -0.409852 0)
(-0.584165 -0.0761625 0)
(-0.59722 0.332269 0)
(-0.159223 0.471674 0)
(0.321492 0.362724 0)
(0.420296 0.00779525 0)
(0.0345096 -0.267406 0)
(-0.510236 -0.113574 0)
(-0.680038 0.219655 0)
(-0.215235 0.368217 0)
(0.468827 0.310981 0)
(0.724783 -0.0213257 0)
(0.359425 -0.400102 0)
(0.727331 3.74499 0)
(1.48888 3.45124 0)
(2.02885 2.2852 0)
(2.11217 1.12371 0)
(1.8263 0.185062 0)
(1.39006 -0.51241 0)
(0.991252 -1.00564 0)
(0.7113 -1.30736 0)
(0.556427 -1.43728 0)
(0.454998 -1.42197 0)
(0.322467 -1.30711 0)
(0.103149 -1.14332 0)
(-0.189032 -0.948811 0)
(-0.454611 -0.728314 0)
(-0.561792 -0.516695 0)
(-0.470112 -0.366712 0)
(-0.287536 -0.293643 0)
(-0.174957 -0.26647 0)
(-0.207703 -0.235671 0)
(-0.324244 -0.154642 0)
(-0.371491 -0.0357589 0)
(-0.258255 0.0434423 0)
(-0.0671245 0.058569 0)
(0.0371196 0.0160857 0)
(-0.0310843 -0.0375466 0)
(-0.198045 -0.0232635 0)
(-0.299392 0.0435093 0)
(-0.232948 0.063654 0)
(-0.0741268 0.00753266 0)
(0.0337293 -0.0725847 0)
(-0.000348437 -0.119493 0)
(-0.160575 -0.0833364 0)
(-0.296128 0.0339206 0)
(-0.278941 0.149705 0)
(-0.12106 0.196926 0)
(0.0555634 0.171515 0)
(0.115153 0.100075 0)
(0.0261321 0.0489092 0)
(-0.121136 0.0653452 0)
(-0.175929 0.0832781 0)
(-0.0446454 0.0606917 0)
(0.159486 0.0350937 0)
(0.222478 -0.00865452 0)
(0.120137 -0.0487029 0)
(0.459954 2.67243 0)
(1.01889 2.59572 0)
(1.40599 1.92259 0)
(1.50414 1.20187 0)
(1.41526 0.496563 0)
(1.19701 -0.119676 0)
(0.925361 -0.620678 0)
(0.678322 -0.97414 0)
(0.468946 -1.1641 0)
(0.281992 -1.18852 0)
(0.107726 -1.08556 0)
(-0.0388508 -0.91615 0)
(-0.150757 -0.747797 0)
(-0.228567 -0.616107 0)
(-0.260676 -0.523791 0)
(-0.246904 -0.455092 0)
(-0.213672 -0.38188 0)
(-0.192416 -0.294202 0)
(-0.189802 -0.200813 0)
(-0.194184 -0.126471 0)
(-0.18743 -0.0806685 0)
(-0.152885 -0.0548826 0)
(-0.106292 -0.0300049 0)
(-0.0824143 0.00526825 0)
(-0.0886208 0.0389818 0)
(-0.106054 0.0503635 0)
(-0.110455 0.0295867 0)
(-0.0923145 -0.0177226 0)
(-0.0723404 -0.0616855 0)
(-0.0740191 -0.0685792 0)
(-0.0995036 -0.0390183 0)
(-0.133984 0.00455553 0)
(-0.150877 0.0471629 0)
(-0.128624 0.0668399 0)
(-0.0764082 0.0778571 0)
(-0.0212977 0.0896007 0)
(0.0154716 0.104695 0)
(0.0286976 0.114818 0)
(0.0216192 0.0979877 0)
(0.0118608 0.0460302 0)
(0.0259636 -0.00940412 0)
(0.0514675 -0.0192226 0)
(0.0493642 0.0146962 0)
(0.0303325 0.050002 0)
(0.289763 1.87109 0)
(0.71385 1.92337 0)
(1.05059 1.55506 0)
(1.19437 1.11095 0)
(1.19173 0.628017 0)
(1.08603 0.136591 0)
(0.901953 -0.293386 0)
(0.676445 -0.624769 0)
(0.451371 -0.824543 0)
(0.245805 -0.891167 0)
(0.0792642 -0.850672 0)
(-0.0385992 -0.753698 0)
(-0.110706 -0.650077 0)
(-0.146904 -0.568132 0)
(-0.163728 -0.508152 0)
(-0.171156 -0.452836 0)
(-0.174362 -0.384357 0)
(-0.172889 -0.300912 0)
(-0.162674 -0.217465 0)
(-0.14499 -0.154212 0)
(-0.127094 -0.114363 0)
(-0.112598 -0.0845499 0)
(-0.0990028 -0.0511624 0)
(-0.0880708 -0.0104132 0)
(-0.076475 0.0237583 0)
(-0.0596194 0.0318028 0)
(-0.0448945 0.0104728 0)
(-0.0407419 -0.0242114 0)
(-0.0501758 -0.0458424 0)
(-0.0673692 -0.0391099 0)
(-0.0813864 -0.0119572 0)
(-0.0838346 0.0148316 0)
(-0.07496 0.0275056 0)
(-0.0591474 0.0295476 0)
(-0.0398294 0.0322001 0)
(-0.0185989 0.0483069 0)
(0.00431528 0.0721494 0)
(0.0293275 0.0869852 0)
(0.0480141 0.0763719 0)
(0.0505131 0.0411938 0)
(0.0406783 0.00735524 0)
(0.0265797 0.00528675 0)
(0.0121274 0.033551 0)
(0.00684199 0.0554122 0)
(0.172716 1.27816 0)
(0.456987 1.37163 0)
(0.71878 1.18392 0)
(0.879307 0.92731 0)
(0.94384 0.618823 0)
(0.921147 0.28479 0)
(0.826548 -0.040776 0)
(0.68003 -0.309836 0)
(0.509045 -0.49649 0)
(0.338783 -0.593634 0)
(0.190621 -0.616141 0)
(0.0769045 -0.594824 0)
(-0.00139701 -0.552924 0)
(-0.0524834 -0.509648 0)
(-0.0869971 -0.46748 0)
(-0.111602 -0.420473 0)
(-0.128371 -0.363334 0)
(-0.135451 -0.298445 0)
(-0.13139 -0.234794 0)
(-0.119152 -0.181286 0)
(-0.105007 -0.139226 0)
(-0.0932966 -0.102855 0)
(-0.0834338 -0.0665418 0)
(-0.0716733 -0.0332009 0)
(-0.0555907 -0.00794935 0)
(-0.0377266 0.000492758 0)
(-0.0241152 -0.00665128 0)
(-0.0201276 -0.0193333 0)
(-0.0256386 -0.0251175 0)
(-0.0343969 -0.0191586 0)
(-0.0392559 -0.0062786 0)
(-0.0365622 0.0047136 0)
(-0.0289466 0.0092081 0)
(-0.0209013 0.0107575 0)
(-0.0131811 0.015679 0)
(-0.0044469 0.0278422 0)
(0.0073519 0.0430967 0)
(0.022616 0.0542809 0)
(0.0354228 0.0536192 0)
(0.038489 0.0426248 0)
(0.0310642 0.0323087 0)
(0.0183033 0.0347071 0)
(0.00648357 0.0480522 0)
(0.00292325 0.0536875 0)
(0.0990649 0.858532 0)
(0.272734 0.945466 0)
(0.44903 0.851376 0)
(0.580401 0.710011 0)
(0.663374 0.527261 0)
(0.691013 0.317708 0)
(0.668037 0.102952 0)
(0.603106 -0.0894726 0)
(0.508643 -0.241604 0)
(0.401257 -0.344664 0)
(0.295935 -0.40235 0)
(0.202602 -0.42625 0)
(0.125449 -0.428224 0)
(0.0641459 -0.416911 0)
(0.015604 -0.395482 0)
(-0.0227753 -0.364359 0)
(-0.0513893 -0.324598 0)
(-0.0699263 -0.27947 0)
(-0.0786866 -0.233752 0)
(-0.079773 -0.191213 0)
(-0.0763498 -0.152889 0)
(-0.0707157 -0.117755 0)
(-0.06337 -0.0852662 0)
(-0.0539573 -0.0570512 0)
(-0.042175 -0.0365147 0)
(-0.0296782 -0.0252589 0)
(-0.0198409 -0.021539 0)
(-0.0146687 -0.0207712 0)
(-0.013833 -0.0183344 0)
(-0.0148359 -0.0131374 0)
(-0.0147193 -0.00715403 0)
(-0.0124812 -0.00271538 0)
(-0.00900454 -0.000336908 0)
(-0.00606554 0.00226509 0)
(-0.00434942 0.00759547 0)
(-0.00211704 0.0163944 0)
(0.0022913 0.026768 0)
(0.00849427 0.0357224 0)
(0.0139563 0.0409075 0)
(0.0156836 0.0429903 0)
(0.0129729 0.0450209 0)
(0.00784583 0.0500057 0)
(0.00230535 0.0572217 0)
(0.00182514 0.0549327 0)
(0.056954 0.569741 0)
(0.160512 0.635726 0)
(0.270435 0.586197 0)
(0.360531 0.508692 0)
(0.429412 0.405075 0)
(0.469838 0.282425 0)
(0.48019 0.151975 0)
(0.461458 0.025418 0)
(0.421186 -0.0841377 0)
(0.368302 -0.170848 0)
(0.308567 -0.233368 0)
(0.2481 -0.27427 0)
(0.190936 -0.297441 0)
(0.139132 -0.30628 0)
(0.0935253 -0.303105 0)
(0.0544158 -0.28952 0)
(0.0223136 -0.267725 0)
(-0.00245208 -0.240439 0)
(-0.020132 -0.210593 0)
(-0.0316326 -0.180292 0)
(-0.0382758 -0.150697 0)
(-0.0410727 -0.122424 0)
(-0.040692 -0.0962994 0)
(-0.037641 -0.0736344 0)
(-0.032671 -0.0555191 0)
(-0.0270453 -0.0424289 0)
(-0.0221387 -0.0333242 0)
(-0.0186144 -0.0263994 0)
(-0.0164529 -0.0203001 0)
(-0.0151664 -0.0146463 0)
(-0.014015 -0.00990514 0)
(-0.012801 -0.00636357 0)
(-0.0118857 -0.00338763 0)
(-0.0114951 8.63509e-05 0)
(-0.0114412 0.00515997 0)
(-0.0112368 0.012047 0)
(-0.0102248 0.0198746 0)
(-0.00825545 0.0276127 0)
(-0.00603822 0.0345811 0)
(-0.00440253 0.0407951 0)
(-0.00361506 0.0467009 0)
(-0.00300384 0.0524946 0)
(-0.00292441 0.057549 0)
(0.000269879 0.0528426 0)
(0.0331813 0.371813 0)
(0.0955194 0.417441 0)
(0.162185 0.389707 0)
(0.219217 0.346329 0)
(0.266589 0.288156 0)
(0.299828 0.218416 0)
(0.31741 0.142055 0)
(0.319901 0.0649743 0)
(0.3084 -0.0067921 0)
(0.285788 -0.0693383 0)
(0.256234 -0.120419 0)
(0.222441 -0.159475 0)
(0.186962 -0.186998 0)
(0.151719 -0.203862 0)
(0.118102 -0.211066 0)
(0.0872199 -0.209863 0)
(0.0599835 -0.201639 0)
(0.036707 -0.188208 0)
(0.0175895 -0.171323 0)
(0.00266554 -0.152437 0)
(-0.00856373 -0.13265 0)
(-0.0165661 -0.112789 0)
(-0.0217445 -0.0938309 0)
(-0.0245365 -0.076571 0)
(-0.0255378 -0.0616426 0)
(-0.0254372 -0.0492355 0)
(-0.0248734 -0.0390268 0)
(-0.0242621 -0.0304761 0)
(-0.023731 -0.0232018 0)
(-0.0232858 -0.0169955 0)
(-0.022921 -0.0118044 0)
(-0.0226865 -0.00746617 0)
(-0.0226679 -0.00352005 0)
(-0.0228582 0.000639627 0)
(-0.0230815 0.00541703 0)
(-0.0230239 0.010916 0)
(-0.0224215 0.0169809 0)
(-0.0211321 0.0232567 0)
(-0.0191758 0.0294671 0)
(-0.0166777 0.035444 0)
(-0.0137049 0.0410281 0)
(-0.0100042 0.0459412 0)
(-0.00644171 0.0497061 0)
(-0.00115805 0.0450067 0)
(0.0195423 0.235121 0)
(0.0577342 0.264759 0)
(0.0980744 0.24885 0)
(0.133517 0.224402 0)
(0.164353 0.191961 0)
(0.188125 0.153055 0)
(0.203993 0.10988 0)
(0.21162 0.0650835 0)
(0.211152 0.0210054 0)
(0.203827 -0.0195671 0)
(0.191117 -0.0551119 0)
(0.174102 -0.0846593 0)
(0.154231 -0.107739 0)
(0.132827 -0.124283 0)
(0.110993 -0.134521 0)
(0.0896514 -0.138954 0)
(0.0695523 -0.138325 0)
(0.0512358 -0.133593 0)
(0.0350377 -0.125653 0)
(0.0211565 -0.115461 0)
(0.00970953 -0.103827 0)
(0.000265074 -0.0914575 0)
(-0.00734903 -0.079002 0)
(-0.0130493 -0.0670186 0)
(-0.0172605 -0.0559188 0)
(-0.0203393 -0.0459497 0)
(-0.0225776 -0.0371322 0)
(-0.0242172 -0.0293749 0)
(-0.0254244 -0.0225669 0)
(-0.0263074 -0.0166364 0)
(-0.0269435 -0.0114781 0)
(-0.0274024 -0.0069422 0)
(-0.0277464 -0.00279561 0)
(-0.027939 0.00123059 0)
(-0.0278649 0.00534859 0)
(-0.0274236 0.00965346 0)
(-0.0264993 0.0141188 0)
(-0.0249332 0.0186428 0)
(-0.0226443 0.0231029 0)
(-0.0196657 0.027365 0)
(-0.0160226 0.0312616 0)
(-0.0116104 0.0345804 0)
(-0.00703777 0.0370371 0)
(-0.00177452 0.0332555 0)
(0.0123793 0.142602 0)
(0.0377974 0.160683 0)
(0.0640221 0.151568 0)
(0.087588 0.137813 0)
(0.108718 0.119779 0)
(0.125977 0.0982246 0)
(0.13888 0.0741478 0)
(0.147114 0.0487317 0)
(0.150861 0.0231976 0)
(0.150041 -0.00121751 0)
(0.145184 -0.0235242 0)
(0.137283 -0.042986 0)
(0.126824 -0.0591005 0)
(0.114531 -0.0715996 0)
(0.101121 -0.0804249 0)
(0.0872312 -0.0857062 0)
(0.0734072 -0.0877372 0)
(0.0600957 -0.0869353 0)
(0.0476318 -0.0837875 0)
(0.0362473 -0.0788043 0)
(0.0260758 -0.0724851 0)
(0.0171427 -0.0653501 0)
(0.00945898 -0.0577119 0)
(0.00300136 -0.0499905 0)
(-0.00242367 -0.0424891 0)
(-0.00695138 -0.0354086 0)
(-0.0106433 -0.0288672 0)
(-0.0136421 -0.0229151 0)
(-0.0160711 -0.017558 0)
(-0.0180212 -0.0127788 0)
(-0.0195566 -0.00852551 0)
(-0.0207203 -0.00472859 0)
(-0.0215368 -0.00128548 0)
(-0.0220192 0.00191696 0)
(-0.0221683 0.00497818 0)
(-0.0218743 0.00796176 0)
(-0.0210413 0.0108865 0)
(-0.0196738 0.0137333 0)
(-0.0177773 0.0164577 0)
(-0.0153726 0.0189946 0)
(-0.0124609 0.0212577 0)
(-0.00900305 0.0231421 0)
(-0.00532899 0.0245088 0)
(-0.00151335 0.0218489 0)
(0.00891679 0.0831162 0)
(0.0282797 0.0935081 0)
(0.04774 0.0882312 0)
(0.065624 0.0803846 0)
(0.0819938 0.070197 0)
(0.0959183 0.0580705 0)
(0.107096 0.0445093 0)
(0.115288 0.0301109 0)
(0.120406 0.015513 0)
(0.122459 0.00122288 0)
(0.121667 -0.0121143 0)
(0.118414 -0.0240129 0)
(0.113073 -0.0341322 0)
(0.106054 -0.042248 0)
(0.0977828 -0.0482583 0)
(0.0886758 -0.0521724 0)
(0.0791177 -0.0540992 0)
(0.0694457 -0.0542281 0)
(0.0599397 -0.0528067 0)
(0.050819 -0.0501153 0)
(0.0422441 -0.0464457 0)
(0.0343254 -0.0420844 0)
(0.0271362 -0.0372939 0)
(0.0206827 -0.032316 0)
(0.0149387 -0.0273643 0)
(0.00988768 -0.0225712 0)
(0.00549727 -0.018056 0)
(0.00170838 -0.013892 0)
(-0.00155289 -0.0101106 0)
(-0.00431572 -0.00672031 0)
(-0.00659673 -0.00370971 0)
(-0.0084371 -0.00104584 0)
(-0.00986533 0.00131991 0)
(-0.0109026 0.00344239 0)
(-0.0115458 0.0053748 0)
(-0.0118124 0.00716105 0)
(-0.0117038 0.00882953 0)
(-0.0111863 0.0103917 0)
(-0.0102677 0.0118427 0)
(-0.00897142 0.0131622 0)
(-0.00731866 0.0143177 0)
(-0.00532306 0.0152671 0)
(-0.00313878 0.0159483 0)
(-0.000957527 0.0141215 0)
(0.00704043 0.0437736 0)
(0.0231253 0.0490203 0)
(0.0388521 0.0459888 0)
(0.0535822 0.0415661 0)
(0.0672846 0.035884 0)
(0.0792528 0.029148 0)
(0.0892593 0.0216192 0)
(0.0971166 0.0136115 0)
(0.102722 0.00546543 0)
(0.106057 -0.0024919 0)
(0.107136 -0.00994368 0)
(0.106235 -0.0166156 0)
(0.10368 -0.0222916 0)
(0.0996347 -0.0268223 0)
(0.0943539 -0.0301267 0)
(0.0881276 -0.032191 0)
(0.0812377 -0.0330623 0)
(0.0739433 -0.0328383 0)
(0.0664736 -0.0316559 0)
(0.0590229 -0.0296781 0)
(0.0517508 -0.027082 0)
(0.0447849 -0.0240462 0)
(0.038216 -0.0207418 0)
(0.0320992 -0.017328 0)
(0.0264683 -0.0139365 0)
(0.0213442 -0.0106778 0)
(0.0167369 -0.00761264 0)
(0.0126443 -0.0048168 0)
(0.00903073 -0.00232658 0)
(0.00585561 -0.000140885 0)
(0.00313664 0.00173974 0)
(0.000841722 0.00334044 0)
(-0.001078 0.0046937 0)
(-0.00258056 0.00583849 0)
(-0.00365905 0.00681295 0)
(-0.00440341 0.00765318 0)
(-0.00486127 0.00839092 0)
(-0.00500642 0.00904914 0)
(-0.00484022 0.00964079 0)
(-0.00438722 0.0101696 0)
(-0.00367525 0.0106317 0)
(-0.00273776 0.0110154 0)
(-0.00163086 0.0112956 0)
(-0.000534096 0.00992276 0)
(0.00566336 0.0160369 0)
(0.0191007 0.0176863 0)
(0.0317921 0.016096 0)
(0.0438195 0.0138597 0)
(0.0551987 0.0110332 0)
(0.0652655 0.00770549 0)
(0.0738237 0.00402035 0)
(0.0807425 0.000147378 0)
(0.0859241 -0.00374456 0)
(0.0893664 -0.0074816 0)
(0.0911225 -0.0109036 0)
(0.0912593 -0.013863 0)
(0.0899175 -0.0162457 0)
(0.0872558 -0.0179729 0)
(0.083468 -0.0190028 0)
(0.0787666 -0.0193318 0)
(0.0733662 -0.0189907 0)
(0.0674718 -0.0180404 0)
(0.0612721 -0.0165671 0)
(0.054943 -0.0146731 0)
(0.0486386 -0.0124739 0)
(0.0424831 -0.0100787 0)
(0.0365751 -0.00759695 0)
(0.0309802 -0.00512696 0)
(0.0257559 -0.00275131 0)
(0.0209924 -0.00053718 0)
(0.0166868 0.00143802 0)
(0.012789 0.00316234 0)
(0.00932097 0.00461663 0)
(0.00628552 0.00579918 0)
(0.00366738 0.00672382 0)
(0.00144376 0.00741121 0)
(-0.000372846 0.0078919 0)
(-0.00179248 0.008202 0)
(-0.00286033 0.00837958 0)
(-0.00359294 0.00846195 0)
(-0.00401073 0.00848396 0)
(-0.00413324 0.00847457 0)
(-0.00398516 0.00845627 0)
(-0.00359773 0.00844507 0)
(-0.00300195 0.00844973 0)
(-0.00223895 0.00847142 0)
(-0.00133441 0.00850306 0)
(-0.000444059 0.00741019 0)
(0.00418088 -0.00307656 0)
(0.0146396 -0.00382048 0)
(0.0239213 -0.00445337 0)
(0.0328431 -0.00523504 0)
(0.0413868 -0.00616623 0)
(0.0489418 -0.00721762 0)
(0.0553726 -0.00832271 0)
(0.0605248 -0.00940258 0)
(0.0643321 -0.0103861 0)
(0.0667245 -0.0112046 0)
(0.0676778 -0.0117924 0)
(0.0672906 -0.0120946 0)
(0.0656667 -0.0120699 0)
(0.0629299 -0.0116958 0)
(0.0592417 -0.0109691 0)
(0.0547901 -0.00990594 0)
(0.0497548 -0.00854137 0)
(0.0443067 -0.00692018 0)
(0.0386064 -0.0051042 0)
(0.0328188 -0.00316416 0)
(0.0271109 -0.00120302 0)
(0.0216034 0.00075292 0)
(0.0163809 0.00263185 0)
(0.0115146 0.00436995 0)
(0.00705795 0.0059219 0)
(0.00301199 0.00725085 0)
(-0.000590213 0.00830929 0)
(-0.0037225 0.00910946 0)
(-0.00632913 0.00965948 0)
(-0.00840198 0.00996148 0)
(-0.0100125 0.0100359 0)
(-0.0111984 0.00991257 0)
(-0.011976 0.00962791 0)
(-0.0123414 0.00921911 0)
(-0.0123276 0.00872521 0)
(-0.0119676 0.00818455 0)
(-0.0112967 0.00763338 0)
(-0.0103439 0.00710385 0)
(-0.00914057 0.00662373 0)
(-0.00772678 0.00621534 0)
(-0.00613766 0.00589409 0)
(-0.00440732 0.00566673 0)
(-0.00256135 0.00553274 0)
(-0.0008069 0.00477812 0)
(0.00241141 -0.0145559 0)
(0.00931886 -0.016627 0)
(0.014535 -0.0166483 0)
(0.0196545 -0.0164702 0)
(0.024559 -0.0161284 0)
(0.0286499 -0.0156267 0)
(0.0318053 -0.0149628 0)
(0.0339233 -0.0141279 0)
(0.0349454 -0.0131091 0)
(0.0348255 -0.0119044 0)
(0.0335564 -0.0105194 0)
(0.031224 -0.00896992 0)
(0.0279434 -0.00727115 0)
(0.0238084 -0.00544535 0)
(0.0189701 -0.0035217 0)
(0.0136356 -0.00153754 0)
(0.00796194 0.000466312 0)
(0.00211318 0.0024445 0)
(-0.00374311 0.00434238 0)
(-0.00952324 0.00610045 0)
(-0.0150361 0.00775732 0)
(-0.0201231 0.00920203 0)
(-0.0247508 0.0104072 0)
(-0.0288444 0.0113518 0)
(-0.0323428 0.0120194 0)
(-0.0352145 0.0124001 0)
(-0.0374374 0.0125205 0)
(-0.0390009 0.0123763 0)
(-0.0399042 0.0119896 0)
(-0.0401651 0.0113872 0)
(-0.0398197 0.010605 0)
(-0.0389001 0.00968004 0)
(-0.0374544 0.00865393 0)
(-0.0355431 0.00756822 0)
(-0.0332042 0.00646229 0)
(-0.0304976 0.00537408 0)
(-0.0274966 0.00433788 0)
(-0.0242375 0.00338449 0)
(-0.0207531 0.00253997 0)
(-0.0171 0.0018264 0)
(-0.0133256 0.00125989 0)
(-0.0094434 0.000849318 0)
(-0.00547691 0.000599641 0)
(-0.00171179 0.00044152 0)
(0.000267256 -0.0190649 0)
(0.00266213 -0.0215312 0)
(0.00286166 -0.0211981 0)
(0.00329487 -0.020398 0)
(0.00362953 -0.0191966 0)
(0.00327321 -0.0176341 0)
(0.00210433 -0.0157481 0)
(5.90624e-05 -0.0135855 0)
(-0.0028441 -0.0111999 0)
(-0.00659636 -0.00864531 0)
(-0.0112199 -0.00597592 0)
(-0.0165708 -0.00325071 0)
(-0.0224298 -0.000531948 0)
(-0.0286831 0.00212174 0)
(-0.0352368 0.00465843 0)
(-0.0420008 0.00703198 0)
(-0.0488223 0.00920051 0)
(-0.0555183 0.011114 0)
(-0.0619427 0.0127476 0)
(-0.0678875 0.0141008 0)
(-0.0732899 0.0151546 0)
(-0.0781147 0.0158484 0)
(-0.0821963 0.0161803 0)
(-0.0854568 0.0161563 0)
(-0.0878518 0.0157884 0)
(-0.0893502 0.0150962 0)
(-0.0899332 0.0141092 0)
(-0.089599 0.0128598 0)
(-0.0883616 0.0113889 0)
(-0.0862407 0.00974311 0)
(-0.0832729 0.00797406 0)
(-0.0794856 0.00613071 0)
(-0.0749495 0.00425986 0)
(-0.0698254 0.00241342 0)
(-0.0642427 0.000643026 0)
(-0.058241 -0.00100755 0)
(-0.0518716 -0.00250559 0)
(-0.0452336 -0.00382602 0)
(-0.0384144 -0.00495334 0)
(-0.0314563 -0.00587973 0)
(-0.0243816 -0.00660182 0)
(-0.0172081 -0.00712119 0)
(-0.00997929 -0.00743704 0)
(-0.00312375 -0.00664308 0)
(-0.00217336 -0.0174622 0)
(-0.00509879 -0.0195927 0)
(-0.0107079 -0.0190796 0)
(-0.0158151 -0.0178516 0)
(-0.0209598 -0.016027 0)
(-0.0266672 -0.0137117 0)
(-0.0330094 -0.0110087 0)
(-0.0399823 -0.00801292 0)
(-0.0474452 -0.00482256 0)
(-0.055237 -0.00153589 0)
(-0.0632789 0.00175725 0)
(-0.0715351 0.00498121 0)
(-0.0799206 0.00805825 0)
(-0.0882877 0.0109198 0)
(-0.0965066 0.0135072 0)
(-0.104483 0.0157741 0)
(-0.11208 0.0176801 0)
(-0.119193 0.0191903 0)
(-0.125719 0.0202956 0)
(-0.13157 0.0209928 0)
(-0.136689 0.0211916 0)
(-0.140977 0.0209528 0)
(-0.14434 0.0202765 0)
(-0.146717 0.0191748 0)
(-0.148061 0.0176729 0)
(-0.148334 0.0158055 0)
(-0.147506 0.0136155 0)
(-0.145559 0.0111515 0)
(-0.142485 0.00847059 0)
(-0.138261 0.00563567 0)
(-0.132938 0.00270663 0)
(-0.126632 -0.000241666 0)
(-0.119382 -0.0031409 0)
(-0.111192 -0.00592147 0)
(-0.10215 -0.00851573 0)
(-0.0924039 -0.0108634 0)
(-0.0820822 -0.0129183 0)
(-0.0713302 -0.0146504 0)
(-0.0602973 -0.0160497 0)
(-0.0491188 -0.0171282 0)
(-0.0379021 -0.0179118 0)
(-0.0266721 -0.018441 0)
(-0.0154605 -0.018752 0)
(-0.00485135 -0.01669 0)
(-0.00487364 -0.0104835 0)
(-0.0138254 -0.0117143 0)
(-0.0258972 -0.0111214 0)
(-0.0372462 -0.00960339 0)
(-0.0485499 -0.00738332 0)
(-0.0601321 -0.0046732 0)
(-0.0718038 -0.0016522 0)
(-0.0833945 0.00155162 0)
(-0.094808 0.00483391 0)
(-0.105932 0.00811175 0)
(-0.116629 0.0113078 0)
(-0.126833 0.0143478 0)
(-0.136509 0.0171638 0)
(-0.145612 0.0196957 0)
(-0.154106 0.0218866 0)
(-0.161963 0.0236876 0)
(-0.169138 0.0250571 0)
(-0.1756 0.0259682 0)
(-0.181328 0.0263923 0)
(-0.186292 0.0262889 0)
(-0.190457 0.0256692 0)
(-0.193769 0.0245414 0)
(-0.196181 0.0229148 0)
(-0.197646 0.0208103 0)
(-0.198125 0.0182587 0)
(-0.197573 0.0152996 0)
(-0.195948 0.0119813 0)
(-0.19321 0.00835804 0)
(-0.189314 0.00448972 0)
(-0.184251 0.000448894 0)
(-0.177976 -0.00369302 0)
(-0.170452 -0.00785002 0)
(-0.161678 -0.0119311 0)
(-0.151614 -0.0158467 0)
(-0.140275 -0.0195131 0)
(-0.127733 -0.0228411 0)
(-0.1141 -0.025746 0)
(-0.0995409 -0.0281574 0)
(-0.0842835 -0.0300326 0)
(-0.0686025 -0.031372 0)
(-0.0527984 -0.0322166 0)
(-0.0370291 -0.0326752 0)
(-0.0214226 -0.0328678 0)
(-0.0067338 -0.0293146 0)
(-0.00782893 0.00123687 0)
(-0.0235076 0.00134504 0)
(-0.0426518 0.0019275 0)
(-0.0606732 0.00343999 0)
(-0.0781244 0.0055597 0)
(-0.0951142 0.00796867 0)
(-0.111246 0.0105036 0)
(-0.126182 0.0130679 0)
(-0.139808 0.01561 0)
(-0.152121 0.0181154 0)
(-0.16315 0.0205569 0)
(-0.172977 0.022876 0)
(-0.181704 0.0250041 0)
(-0.189435 0.0268766 0)
(-0.196261 0.028431 0)
(-0.20226 0.0296127 0)
(-0.207488 0.030369 0)
(-0.211989 0.0306617 0)
(-0.215804 0.0304501 0)
(-0.218962 0.029709 0)
(-0.221468 0.0284304 0)
(-0.22332 0.0266162 0)
(-0.224506 0.0242741 0)
(-0.225005 0.0214228 0)
(-0.224794 0.018091 0)
(-0.223836 0.0143149 0)
(-0.222088 0.0101391 0)
(-0.219507 0.0056131 0)
(-0.216019 0.000790058 0)
(-0.211544 -0.0042616 0)
(-0.205988 -0.00946519 0)
(-0.199225 -0.0147466 0)
(-0.191132 -0.0200208 0)
(-0.181565 -0.0251917 0)
(-0.170386 -0.0301603 0)
(-0.157483 -0.0348095 0)
(-0.142789 -0.0390053 0)
(-0.126324 -0.0426055 0)
(-0.108238 -0.0454754 0)
(-0.0888292 -0.0475286 0)
(-0.0686399 -0.0487194 0)
(-0.0480696 -0.0492035 0)
(-0.0277153 -0.0491537 0)
(-0.0087095 -0.0439481 0)
(-0.0111975 0.0169535 0)
(-0.0345773 0.0186241 0)
(-0.061485 0.0189445 0)
(-0.0862902 0.0197032 0)
(-0.108887 0.0207912 0)
(-0.129311 0.0218463 0)
(-0.147151 0.0228887 0)
(-0.162312 0.0239409 0)
(-0.17494 0.0250477 0)
(-0.185332 0.0262482 0)
(-0.19379 0.0275425 0)
(-0.200615 0.0288721 0)
(-0.206081 0.0301475 0)
(-0.210426 0.0312805 0)
(-0.213843 0.0321873 0)
(-0.216493 0.0327991 0)
(-0.218501 0.0330451 0)
(-0.219968 0.0328741 0)
(-0.220977 0.0322324 0)
(-0.221595 0.0310886 0)
(-0.221872 0.0294219 0)
(-0.221843 0.0272263 0)
(-0.221532 0.0245023 0)
(-0.22095 0.0212618 0)
(-0.220098 0.0175263 0)
(-0.218964 0.013324 0)
(-0.217523 0.00868929 0)
(-0.215744 0.00365936 0)
(-0.213545 -0.00171844 0)
(-0.210828 -0.00739944 0)
(-0.207478 -0.0133282 0)
(-0.203322 -0.0194469 0)
(-0.19815 -0.0256999 0)
(-0.191706 -0.0320117 0)
(-0.183683 -0.0382959 0)
(-0.173733 -0.0444374 0)
(-0.161493 -0.0502824 0)
(-0.146618 -0.0556335 0)
(-0.128894 -0.0602395 0)
(-0.108254 -0.0638644 0)
(-0.0852666 -0.0661845 0)
(-0.0602245 -0.0673023 0)
(-0.0348435 -0.067069 0)
(-0.0109963 -0.0601503 0)
(-0.0156803 0.0361999 0)
(-0.0482286 0.039072 0)
(-0.0827423 0.038403 0)
(-0.112977 0.0369233 0)
(-0.137506 0.0356675 0)
(-0.157471 0.0342235 0)
(-0.172858 0.0329286 0)
(-0.184293 0.0318913 0)
(-0.192422 0.0312209 0)
(-0.19793 0.0309498 0)
(-0.201368 0.0310525 0)
(-0.203207 0.031426 0)
(-0.203817 0.0319357 0)
(-0.203497 0.032458 0)
(-0.202477 0.0328759 0)
(-0.200943 0.0331019 0)
(-0.199046 0.0330428 0)
(-0.196907 0.032634 0)
(-0.19463 0.0318108 0)
(-0.192304 0.0305325 0)
(-0.190008 0.028767 0)
(-0.187808 0.0265022 0)
(-0.185762 0.0237318 0)
(-0.183916 0.0204605 0)
(-0.182307 0.0167027 0)
(-0.180961 0.0124778 0)
(-0.179889 0.00780888 0)
(-0.179071 0.00272045 0)
(-0.178478 -0.00275793 0)
(-0.178059 -0.00860213 0)
(-0.177698 -0.0147896 0)
(-0.177238 -0.0212874 0)
(-0.176464 -0.028081 0)
(-0.175078 -0.0351383 0)
(-0.172687 -0.0424259 0)
(-0.168773 -0.0498821 0)
(-0.162701 -0.0573951 0)
(-0.153687 -0.0647913 0)
(-0.140952 -0.0717617 0)
(-0.123522 -0.0779881 0)
(-0.101569 -0.0826909 0)
(-0.0739022 -0.0858946 0)
(-0.0441437 -0.0860936 0)
(-0.0143506 -0.0779207 0)
(-0.0225276 0.0592103 0)
(-0.0659353 0.0614499 0)
(-0.105168 0.0582977 0)
(-0.137052 0.0523856 0)
(-0.157912 0.0474641 0)
(-0.1723 0.0426885 0)
(-0.180783 0.0387182 0)
(-0.185025 0.0355411 0)
(-0.186076 0.0332254 0)
(-0.18488 0.0317042 0)
(-0.182065 0.0308809 0)
(-0.178117 0.0305677 0)
(-0.173376 0.0305692 0)
(-0.168101 0.0307233 0)
(-0.162484 0.0308799 0)
(-0.156683 0.0309376 0)
(-0.150831 0.0307856 0)
(-0.145043 0.0303632 0)
(-0.139426 0.0295593 0)
(-0.134078 0.0283664 0)
(-0.129099 0.0267348 0)
(-0.124584 0.0246483 0)
(-0.120622 0.0220967 0)
(-0.117297 0.0190806 0)
(-0.114685 0.0156083 0)
(-0.112859 0.0116933 0)
(-0.111878 0.00734959 0)
(-0.11176 0.00259415 0)
(-0.112546 -0.00257254 0)
(-0.114255 -0.00813163 0)
(-0.116824 -0.0140905 0)
(-0.120169 -0.020444 0)
(-0.124148 -0.0272232 0)
(-0.128525 -0.0344478 0)
(-0.132956 -0.0421577 0)
(-0.136918 -0.0503856 0)
(-0.139694 -0.0591245 0)
(-0.14021 -0.0683346 0)
(-0.137263 -0.0777771 0)
(-0.128626 -0.0872966 0)
(-0.113944 -0.095646 0)
(-0.0879821 -0.103168 0)
(-0.0573571 -0.105296 0)
(-0.0201065 -0.0978939 0)
(-0.0329369 0.0866219 0)
(-0.0881614 0.0835934 0)
(-0.124234 0.0757973 0)
(-0.151469 0.0632171 0)
(-0.161742 0.0539584 0)
(-0.165801 0.0457948 0)
(-0.164135 0.0395252 0)
(-0.159355 0.0347233 0)
(-0.152464 0.0313017 0)
(-0.144367 0.0290418 0)
(-0.135511 0.0277183 0)
(-0.126225 0.0270755 0)
(-0.116695 0.0268613 0)
(-0.107062 0.0268865 0)
(-0.0974285 0.0269806 0)
(-0.0878877 0.0270392 0)
(-0.0785342 0.0269431 0)
(-0.0694739 0.0266289 0)
(-0.0608017 0.0259972 0)
(-0.0526159 0.0250268 0)
(-0.0450475 0.0236715 0)
(-0.0382153 0.0219155 0)
(-0.0322396 0.0197481 0)
(-0.027244 0.0171684 0)
(-0.0233455 0.0141814 0)
(-0.0206635 0.0107978 0)
(-0.0193073 0.00702402 0)
(-0.0193576 0.00287371 0)
(-0.0209161 -0.00167009 0)
(-0.0240714 -0.00659366 0)
(-0.0288534 -0.0119243 0)
(-0.0352826 -0.0176808 0)
(-0.0433406 -0.0239211 0)
(-0.0529348 -0.0307138 0)
(-0.0638899 -0.0381645 0)
(-0.0758564 -0.046407 0)
(-0.0883068 -0.0555636 0)
(-0.100194 -0.0658089 0)
(-0.1104 -0.077097 0)
(-0.11554 -0.0897698 0)
(-0.115541 -0.102322 0)
(-0.0980935 -0.116436 0)
(-0.0752095 -0.12275 0)
(-0.0294752 -0.121134 0)
(-0.0464153 0.118674 0)
(-0.11223 0.102087 0)
(-0.131235 0.0875607 0)
(-0.146397 0.0672047 0)
(-0.140046 0.0541253 0)
(-0.131132 0.0434869 0)
(-0.118405 0.0359164 0)
(-0.104947 0.0303715 0)
(-0.0910945 0.0265687 0)
(-0.0774037 0.02413 0)
(-0.0639192 0.0227265 0)
(-0.0506842 0.0220608 0)
(-0.0376692 0.0218529 0)
(-0.0248631 0.0219088 0)
(-0.0122674 0.0220567 0)
(9.42911e-05 0.0222011 0)
(0.0121638 0.0222263 0)
(0.0238563 0.022068 0)
(0.0350735 0.0216646 0)
(0.0457014 0.0209668 0)
(0.0555914 0.0199417 0)
(0.0645942 0.0185769 0)
(0.0725576 0.0168632 0)
(0.0793186 0.0148004 0)
(0.0847219 0.0123921 0)
(0.0886056 0.00964828 0)
(0.0908134 0.00657015 0)
(0.0912076 0.0031697 0)
(0.0896315 -0.00057211 0)
(0.0859351 -0.00465001 0)
(0.0799945 -0.00909921 0)
(0.0716851 -0.0139502 0)
(0.0608899 -0.019271 0)
(0.0475269 -0.025159 0)
(0.0315403 -0.0317582 0)
(0.012993 -0.0392761 0)
(-0.00799678 -0.0479375 0)
(-0.0307248 -0.0581321 0)
(-0.0548304 -0.0700451 0)
(-0.0762719 -0.0847468 0)
(-0.0971386 -0.100812 0)
(-0.0958662 -0.122623 0)
(-0.0951846 -0.135346 0)
(-0.0417793 -0.148316 0)
(-0.0583672 0.154029 0)
(-0.130173 0.112883 0)
(-0.114195 0.0907362 0)
(-0.111328 0.0637053 0)
(-0.0855955 0.0485072 0)
(-0.0642139 0.0369968 0)
(-0.0421143 0.0293714 0)
(-0.0222489 0.0240072 0)
(-0.0038046 0.0204779 0)
(0.0132017 0.0182944 0)
(0.0292276 0.0171035 0)
(0.0445444 0.0165959 0)
(0.0593949 0.0165024 0)
(0.0739255 0.0166479 0)
(0.0882166 0.0168774 0)
(0.102296 0.0171131 0)
(0.116129 0.0172544 0)
(0.129641 0.017251 0)
(0.142721 0.0170447 0)
(0.155231 0.0166022 0)
(0.167004 0.0158942 0)
(0.177858 0.0149116 0)
(0.187611 0.0136476 0)
(0.196063 0.0121038 0)
(0.203027 0.0102828 0)
(0.208307 0.00819477 0)
(0.211709 0.00583833 0)
(0.213053 0.00322503 0)
(0.212142 0.000338242 0)
(0.208779 -0.00282101 0)
(0.202769 -0.00628754 0)
(0.193905 -0.0100902 0)
(0.181958 -0.0142979 0)
(0.166692 -0.01901 0)
(0.147828 -0.0243773 0)
(0.125127 -0.0306345 0)
(0.0982092 -0.0380512 0)
(0.0672673 -0.047154 0)
(0.0313901 -0.0582994 0)
(-0.00535 -0.0732311 0)
(-0.0494871 -0.0909114 0)
(-0.0700614 -0.119292 0)
(-0.109427 -0.139457 0)
(-0.0520294 -0.178424 0)
(-0.0579634 0.188568 0)
(-0.127813 0.112705 0)
(-0.0606414 0.0840918 0)
(-0.0378511 0.053914 0)
(0.00530255 0.0389287 0)
(0.0356438 0.0282774 0)
(0.0634434 0.0216661 0)
(0.0863233 0.0171745 0)
(0.106373 0.0143361 0)
(0.12412 0.0126506 0)
(0.140476 0.0117947 0)
(0.15597 0.0114946 0)
(0.171001 0.011522 0)
(0.185804 0.0117363 0)
(0.200502 0.0120125 0)
(0.215148 0.0122934 0)
(0.229711 0.0124964 0)
(0.244115 0.0125955 0)
(0.25823 0.0125336 0)
(0.271892 0.0122917 0)
(0.284916 0.0118475 0)
(0.297087 0.011195 0)
(0.308202 0.01033 0)
(0.318032 0.00925486 0)
(0.326367 0.00797172 0)
(0.332988 0.00649064 0)
(0.337678 0.00480914 0)
(0.340235 0.00293841 0)
(0.340436 0.000864734 0)
(0.338063 -0.00141092 0)
(0.332877 -0.00391749 0)
(0.324625 -0.00667805 0)
(0.313009 -0.00974996 0)
(0.297692 -0.0132191 0)
(0.278233 -0.0172164 0)
(0.25416 -0.0219598 0)
(0.224654 -0.0277033 0)
(0.189413 -0.0349955 0)
(0.146135 -0.0442514 0)
(0.0984451 -0.0575565 0)
(0.0339145 -0.0744834 0)
(-0.00944828 -0.105675 0)
(-0.104045 -0.132343 0)
(-0.0490571 -0.20756 0)
(-0.0277324 0.214919 0)
(-0.0860609 0.100495 0)
(0.0388126 0.068827 0)
(0.0780874 0.0404252 0)
(0.132259 0.0277855 0)
(0.166217 0.0193075 0)
(0.195208 0.0143295 0)
(0.217574 0.0110485 0)
(0.236403 0.0090502 0)
(0.252613 0.00791201 0)
(0.267407 0.00738036 0)
(0.281457 0.00724674 0)
(0.29524 0.00734138 0)
(0.309018 0.00756478 0)
(0.322918 0.00782667 0)
(0.336993 0.0080897 0)
(0.351206 0.00829488 0)
(0.365468 0.00842734 0)
(0.379633 0.00844495 0)
(0.393517 0.00833647 0)
(0.40692 0.00808687 0)
(0.419611 0.0076926 0)
(0.431372 0.00715112 0)
(0.441963 0.00646539 0)
(0.451162 0.00563654 0)
(0.458745 0.00467339 0)
(0.464487 0.00357332 0)
(0.468184 0.00234609 0)
(0.469608 0.00098137 0)
(0.468541 -0.000519056 0)
(0.464735 -0.00217613 0)
(0.457925 -0.00400575 0)
(0.447795 -0.0060489 0)
(0.433971 -0.00836959 0)
(0.415938 -0.0110651 0)
(0.393099 -0.0143063 0)
(0.364364 -0.0182933 0)
(0.329096 -0.0234915 0)
(0.283913 -0.030275 0)
(0.231784 -0.0406067 0)
(0.154804 -0.0546016 0)
(0.0937139 -0.0836079 0)
(-0.0606301 -0.113674 0)
(-0.0156155 -0.228577 0)
(0.0541263 0.223283 0)
(0.015326 0.0782852 0)
(0.187608 0.0483928 0)
(0.235343 0.0263199 0)
(0.29151 0.0172848 0)
(0.323538 0.0115649 0)
(0.349587 0.00834359 0)
(0.368616 0.00627849 0)
(0.384145 0.00505758 0)
(0.397235 0.00438662 0)
(0.409164 0.00409631 0)
(0.420618 0.0040531 0)
(0.432064 0.00414844 0)
(0.443744 0.00432206 0)
(0.455763 0.00451671 0)
(0.46816 0.00471115 0)
(0.480886 0.00487021 0)
(0.493844 0.0049808 0)
(0.506884 0.00502184 0)
(0.519818 0.00498546 0)
(0.532448 0.00486283 0)
(0.544546 0.00465194 0)
(0.5559 0.00435134 0)
(0.566277 0.00396354 0)
(0.575466 0.00348875 0)
(0.583254 0.00293359 0)
(0.589431 0.00229555 0)
(0.593808 0.00158196 0)
(0.596174 0.000785923 0)
(0.596331 -9.06352e-05 0)
(0.594052 -0.0010609 0)
(0.589095 -0.00213442 0)
(0.581166 -0.00333624 0)
(0.569914 -0.00470739 0)
(0.554839 -0.00630921 0)
(0.53534 -0.00825436 0)
(0.510262 -0.0106759 0)
(0.478851 -0.0138962 0)
(0.43727 -0.0181978 0)
(0.387848 -0.0250302 0)
(0.309594 -0.0348327 0)
(0.241046 -0.0572433 0)
(0.0401227 -0.0861117 0)
(0.0689187 -0.231912 0)
(0.20878 0.203933 0)
(0.192484 0.0506014 0)
(0.382232 0.0275223 0)
(0.428265 0.0141881 0)
(0.477361 0.00892561 0)
(0.503177 0.00581361 0)
(0.523427 0.00409527 0)
(0.537518 0.00302428 0)
(0.548721 0.00240057 0)
(0.557993 0.00206386 0)
(0.566452 0.00192124 0)
(0.574683 0.00190513 0)
(0.583072 0.0019592 0)
(0.591813 0.00205415 0)
(0.600984 0.00215968 0)
(0.610606 0.00226563 0)
(0.620632 0.00235409 0)
(0.630972 0.00241813 0)
(0.641495 0.00244809 0)
(0.652038 0.00243959 0)
(0.662431 0.00238858 0)
(0.67248 0.00229381 0)
(0.682005 0.00215451 0)
(0.690813 0.00197231 0)
(0.698724 0.00174665 0)
(0.705563 0.00148163 0)
(0.711156 0.00117508 0)
(0.715349 0.000831478 0)
(0.71797 0.000446873 0)
(0.71886 2.251e-05 0)
(0.717836 -0.000448403 0)
(0.714705 -0.000971004 0)
(0.709229 -0.00155769 0)
(0.701125 -0.00223031 0)
(0.689979 -0.00302015 0)
(0.675284 -0.00398682 0)
(0.656032 -0.00520335 0)
(0.631545 -0.00684221 0)
(0.598275 -0.00908702 0)
(0.557986 -0.0127263 0)
(0.490424 -0.0183257 0)
(0.427459 -0.0318042 0)
(0.213498 -0.0544331 0)
(0.223803 -0.208358 0)
(0.450525 0.15892 0)
(0.452482 0.024899 0)
(0.6132 0.011437 0)
(0.647754 0.0057894 0)
(0.682435 0.00348715 0)
(0.69962 0.00224699 0)
(0.712783 0.00155428 0)
(0.721619 0.00113629 0)
(0.728508 0.00089103 0)
(0.734103 0.000757098 0)
(0.739166 0.000695677 0)
(0.744086 0.000682823 0)
(0.749125 0.000697168 0)
(0.754414 0.00072842 0)
(0.760008 0.000764475 0)
(0.765923 0.000801294 0)
(0.77213 0.000832784 0)
(0.778573 0.000855269 0)
(0.785166 0.000866596 0)
(0.791808 0.00086415 0)
(0.798389 0.000847015 0)
(0.804785 0.000814269 0)
(0.810881 0.000765659 0)
(0.816552 0.000701945 0)
(0.821684 0.00062237 0)
(0.826162 0.000528903 0)
(0.829876 0.000420084 0)
(0.832724 0.000297884 0)
(0.834596 0.000160669 0)
(0.83539 8.65598e-06 0)
(0.834986 -0.000160438 0)
(0.833258 -0.000349303 0)
(0.830051 -0.000562088 0)
(0.825178 -0.000807994 0)
(0.81836 -0.00109857 0)
(0.809261 -0.00145691 0)
(0.797183 -0.0019138 0)
(0.781664 -0.0025328 0)
(0.760138 -0.00341159 0)
(0.733794 -0.00482342 0)
(0.687413 -0.00722569 0)
(0.642667 -0.0128979 0)
(0.466124 -0.0262748 0)
(0.461739 -0.160554 0)
(0.78128 0.0411626 0)
(0.788805 0.00449721 0)
(0.864391 0.00175329 0)
(0.878721 0.000896761 0)
(0.892745 0.000520294 0)
(0.89946 0.000336214 0)
(0.904572 0.00023001 0)
(0.907954 0.000167872 0)
(0.910567 0.000130596 0)
(0.912648 0.000109657 0)
(0.914483 9.88777e-05 0)
(0.91621 9.51995e-05 0)
(0.91793 9.55953e-05 0)
(0.919696 9.87043e-05 0)
(0.921535 0.000102701 0)
(0.923459 0.00010688 0)
(0.925461 0.000110641 0)
(0.927529 0.000113103 0)
(0.929636 0.000114358 0)
(0.931752 0.000113756 0)
(0.933846 0.000111344 0)
(0.935876 0.00010686 0)
(0.937809 0.000100297 0)
(0.939603 9.17856e-05 0)
(0.941223 8.11045e-05 0)
(0.94263 6.86181e-05 0)
(0.943788 5.39976e-05 0)
(0.944662 3.75557e-05 0)
(0.945216 1.90593e-05 0)
(0.945413 -1.56053e-06 0)
(0.94521 -2.45206e-05 0)
(0.944564 -5.04159e-05 0)
(0.943414 -7.96838e-05 0)
(0.941692 -0.000113868 0)
(0.939293 -0.000154526 0)
(0.936091 -0.000205037 0)
(0.931818 -0.000270352 0)
(0.926304 -0.000358811 0)
(0.918512 -0.000489652 0)
(0.90894 -0.000693543 0)
(0.891239 -0.00108055 0)
(0.874008 -0.00193421 0)
(0.79312 -0.00468489 0)
(0.785136 -0.0413979 0)
)
;

boundaryField
{
    movingWall
    {
        type            fixedValue;
        value           uniform (1 0 0);
    }
    fixedWalls
    {
        type            noSlip;
    }
    frontAndBack
    {
        type            empty;
    }
    defaultFaces
    {
        type            empty;
    }
}


// ************************************************************************* //
