/*--------------------------------*- C++ -*----------------------------------*\
  =========                 |
  \\      /  F ield         | OpenFOAM: The Open Source CFD Toolbox
   \\    /   O peration     | Website:  https://openfoam.org
    \\  /    A nd           | Version:  7
     \\/     M anipulation  |
\*---------------------------------------------------------------------------*/
FoamFile
{
    version     2.0;
    format      ascii;
    class       surfaceScalarField;
    location    "1.62";
    object      phi;
}
// * * * * * * * * * * * * * * * * * * * * * * * * * * * * * * * * * * * * * //

dimensions      [0 3 -1 0 0 0 0];

internalField   nonuniform List<scalar> 
3784
(
-0.00193746
0.00193746
-0.000837479
-0.00109998
0.000558123
-0.0013956
0.000643727
-8.56027e-05
0.000160233
0.000483493
-0.000750569
0.000910803
-0.00172971
0.000979136
-0.00181073
8.10182e-05
-0.000677467
-0.00113326
0.00101123
-0.0016887
0.00206851
-0.00105728
0.00186457
0.000203944
0.000723661
0.00114091
-0.000525497
0.00124916
-0.00106799
0.000542491
-0.000577197
-0.000490792
0.000532369
-0.00110957
0.00109322
-0.000560855
0.000500185
0.000593039
-0.000822467
0.00132265
-0.00195385
0.00113138
-0.00196164
7.78606e-06
-0.000597705
-0.00136393
0.00115797
-0.00175567
0.00212206
-0.000964088
0.00192687
0.000195189
0.000792632
0.00113424
-0.000508338
0.00130097
-0.00114002
0.000631685
-0.000783691
-0.000356334
0.000351147
-0.00113484
0.00109782
-0.000746673
0.000582835
0.000514985
-0.000797793
0.00138063
-0.00194673
0.00114893
-0.00181749
-0.00012924
-0.000309791
-0.0015077
0.00138366
-0.00169345
0.00211772
-0.000734054
0.00156635
0.000551364
0.000223367
0.00134299
-0.000975389
0.00119876
-0.00103223
5.68372e-05
-0.00103223
-0.00288789
0.00482535
-0.00170385
-0.00228401
0.00086968
-0.00396914
0.00091233
-0.000128256
7.5018e-05
0.00132081
-0.00074823
0.00173405
-0.00157956
0.00181046
-0.00205028
0.000551746
-0.000984459
-0.00219908
0.00133977
-0.00401293
0.00224731
-0.00196482
0.00166758
0.000783676
0.000762821
0.00204567
-0.000405844
0.00241782
-0.00135228
0.00148893
-0.00086606
-0.000977014
0.000799649
-0.00277528
0.00133826
-0.00109947
0.000362204
0.0015691
-0.000813885
0.00249874
-0.00175529
0.00207279
-0.00219667
0.000449165
-0.000846763
-0.00271384
0.00157171
-0.00417415
0.00235276
-0.00174514
0.00172229
0.00082566
0.000799015
0.00205751
-0.000380646
0.00248063
-0.00142777
0.00167881
-0.00116188
-0.00062222
0.000551058
-0.00284778
0.0013608
-0.00155642
0.000437598
0.00143819
-0.000771825
0.00259005
-0.00175741
0.00213452
-0.00212027
0.000233618
-0.000457903
-0.00317006
0.00188227
-0.00403362
0.00223373
-0.00108552
0.00136284
0.00142225
0.000366016
0.00233981
-0.000942579
0.00250735
-0.00148511
0.000599364
-0.00251733
-0.00277418
0.00759953
-0.00239649
-0.00266171
0.000313599
-0.00667922
0.00121551
-0.00103016
0.000737647
0.00179866
-0.000111823
0.00258352
-0.00124824
0.00294688
-0.00209612
0.00139962
-0.00102232
-0.00327288
0.00151079
-0.00654604
0.00239147
-0.00284551
0.00142296
0.00175219
0.000157058
0.00331157
-0.00105528
0.00363015
-0.00181348
0.00224713
-0.000982929
-0.00180756
0.00104526
-0.00480347
0.00183615
-0.00189036
0.000989032
0.00241621
-0.000255134
0.00374291
-0.00154648
0.00336413
-0.00236158
0.00126427
-0.00104381
-0.0040316
0.00164333
-0.00686129
0.00252262
-0.00262444
0.00153203
0.00181625
0.000196309
0.00339324
-0.00106468
0.00374162
-0.00192791
0.00254204
-0.00127194
-0.00127819
0.000831359
-0.00495108
0.00186407
-0.00258913
0.00104959
0.00225267
-0.000250569
0.00389021
-0.00160273
0.00348668
-0.00229955
0.000930437
-0.000605201
-0.00486441
0.00201874
-0.00665757
0.00240977
-0.00147655
0.00115396
0.00267806
-0.000237208
0.00373098
-0.00159202
0.00386216
-0.00188068
0.000888027
-0.00439801
-0.00204128
0.00964081
-0.00259652
-0.00210647
-0.00066906
-0.00860668
0.000653398
-0.00235262
0.000748803
0.00170326
0.000328235
0.00300409
-0.000479191
0.00375431
-0.00127744
0.00219787
-0.000651044
-0.00389927
0.0010602
-0.00825729
0.00151219
-0.00329749
0.000571227
0.00269315
-0.000451724
0.00433452
-0.00116752
0.00434595
-0.00146247
0.00254208
-0.000698346
-0.00257168
0.000834726
-0.00633654
0.0015002
-0.00255583
0.00111719
0.00279923
0.000377574
0.00448252
-0.000638718
0.00438043
-0.00147246
0.002098
-0.000758189
-0.00474587
0.00110376
-0.00872324
0.00166362
-0.00318429
0.000712988
0.00276688
-0.000418822
0.00452505
-0.00121129
0.00453409
-0.00158654
0.00291729
-0.000894837
-0.00196989
0.000706085
-0.006552
0.00149138
-0.00337443
0.00111538
0.00262867
0.000352411
0.00465318
-0.000689791
0.00452888
-0.00142579
0.00166643
-0.00043505
-0.00585515
0.00137606
-0.00846867
0.00156873
-0.00166922
0.000457754
0.00378904
-0.00064878
0.00483752
-0.00144049
0.00465387
-0.00142027
0.000867807
-0.00581828
-0.0013313
0.0109721
-0.00267495
-0.00076282
-0.00180339
-0.00947824
-0.000257023
-0.00389899
0.000322724
0.00112351
0.000322197
0.00300462
-3.83734e-05
0.00411488
-0.000533453
0.00269295
-0.000285572
-0.00414715
0.000551826
-0.00909468
0.000629716
-0.00337538
-0.000115349
0.00343822
-0.000807389
0.00502656
-0.00113416
0.00467272
-0.00107145
0.00247937
-0.000390086
-0.00325304
0.000607841
-0.00733447
0.0011479
-0.00309589
0.00112015
0.00282698
0.000771565
0.00483111
0.000109567
0.00504242
-0.000583698
0.00279127
-0.000435942
-0.00489363
0.000500739
-0.00965992
0.000778727
-0.00346228
2.92384e-05
0.00351637
-0.000760995
0.00531528
-0.00117821
0.0049513
-0.00119112
0.00293021
-0.000484674
-0.00267634
0.000563599
-0.00760028
0.00109973
-0.00391056
0.00104358
0.00268482
0.000718888
0.00497787
8.04181e-05
0.00516735
-0.00055414
0.00230099
-0.000251633
-0.00615765
0.000671457
-0.00939176
0.000702751
-0.00170052
-9.66886e-05
0.00458848
-0.000838497
0.00557933
-0.00117192
0.0049873
-0.000927187
0.000623071
-0.00674547
-0.00058505
0.0115572
-0.00239774
0.00104987
-0.00276321
-0.00911277
-0.00142635
-0.00523585
-0.000495713
0.000192872
-0.000170207
0.00267911
3.70058e-05
0.00390767
4.5317e-05
0.00268464
1.77095e-05
-0.00411955
7.26244e-06
-0.00908423
-0.000213093
-0.00315503
-0.000566872
0.00379199
-0.00081125
0.00527094
-0.00078538
0.00464685
-0.000538207
0.00223219
-5.05285e-05
-0.00374072
0.000367519
-0.00775252
0.000681599
-0.00340997
0.000822861
0.00268572
0.000809353
0.00484462
0.000609582
0.00524219
0.00023275
0.0031681
-0.000107082
-0.0045538
-0.000103068
-0.00966394
-8.99709e-05
-0.00347538
-0.000429148
0.00385554
-0.000753917
0.00564005
-0.000823123
0.00502051
-0.000622988
0.00273007
-4.51249e-05
-0.0032542
0.000390617
-0.00803602
0.000606899
-0.00412684
0.000709124
0.00258259
0.000735107
0.00495189
0.000596358
0.0053061
0.000237512
0.00265984
-6.88873e-05
-0.00585125
-4.31608e-05
-0.00941749
-0.000128294
-0.00161538
-0.000454346
0.00491453
-0.00069842
0.0058234
-0.000629159
0.00491804
-0.000390947
0.00038486
-0.00713641
0.000140922
0.0114162
-0.00171933
0.00291012
-0.00322461
-0.0076075
-0.00254089
-0.00591957
-0.00151324
-0.000834777
-0.000860559
0.00202643
-0.000134108
0.00318122
0.000375392
0.00217514
0.000202447
-0.0039466
-0.000547741
-0.00833404
-0.000921493
-0.00278128
-0.00081639
0.00368689
-0.00054371
0.00499826
-0.000240292
0.00434343
9.104e-05
0.00190086
0.000304568
-0.00395425
9.84947e-05
-0.00754644
7.56997e-05
-0.00338718
0.000309654
0.00245176
0.000590318
0.00456395
0.000871812
0.0049607
0.000871922
0.00316799
0.000231336
-0.00391321
-0.000631741
-0.00880086
-0.000834012
-0.0032731
-0.000716798
0.00373833
-0.000489445
0.0054127
-0.000249404
0.00478047
6.07963e-05
0.00241987
0.000386657
-0.00358006
0.000170448
-0.00781981
-9.33757e-06
-0.00394705
0.000188166
0.00238509
0.000521148
0.0046189
0.000876544
0.0049507
0.000864781
0.0026716
0.000134287
-0.00512076
-0.000682271
-0.00860093
-0.000816818
-0.00148084
-0.000637717
0.00473543
-0.000344465
0.00553015
4.11476e-05
0.00453242
0.000192268
0.00023374
-0.00694414
0.000821291
0.010595
-0.000684722
0.00441614
-0.00295959
-0.00533264
-0.0031762
-0.00570295
-0.0022904
-0.00172058
-0.00135915
0.00109517
-0.000297412
0.00211948
0.000539802
0.00133793
0.000213692
-0.00362049
-0.00109944
-0.00702092
-0.00153225
-0.00234847
-0.000972462
0.0031271
-0.000228028
0.00425383
0.000332627
0.00378277
0.000773124
0.00146036
0.000600553
-0.00378167
-0.000213234
-0.00673266
-0.000555277
-0.00304514
-0.00021948
0.00211597
0.000304659
0.00403981
0.00100293
0.00426243
0.0013738
0.00279712
0.000556749
-0.00309616
-0.000991008
-0.0072531
-0.00143882
-0.00282529
-0.000900895
0.0032004
-0.000176729
0.00468854
0.000345659
0.00425808
0.000810933
0.0019546
0.000732722
-0.00350185
-0.000126292
-0.0069608
-0.000632139
-0.0034412
-0.000317388
0.00207034
0.000262257
0.00403926
0.00102266
0.0041903
0.00135737
0.00233689
0.000344406
-0.00410779
-0.00113991
-0.00711661
-0.00134717
-0.00127358
-0.000710595
0.00409885
2.55265e-05
0.00479403
0.000599073
0.00395888
0.000732136
0.000100676
-0.00621201
0.00140735
0.0091876
0.000584647
0.00523883
-0.00191798
-0.00283001
-0.00296639
-0.00465454
-0.00245192
-0.00223504
-0.0014564
9.96572e-05
-0.000356013
0.00101909
0.00056377
0.000418141
8.67323e-05
-0.00314346
-0.00152552
-0.00540866
-0.00196736
-0.00190662
-0.0010639
0.00222364
-2.2886e-05
0.00321282
0.000811903
0.00294799
0.00130713
0.00096513
0.000763277
-0.00323782
-0.000539877
-0.0054295
-0.00113928
-0.00244573
-0.000701744
0.00167843
8.01504e-05
0.00325792
0.00101492
0.00332766
0.00168362
0.00212843
0.000806482
-0.00221903
-0.00114205
-0.00530457
-0.00180517
-0.00216218
-0.000968202
0.00236344
4.92754e-05
0.00367106
0.000881242
0.00342611
0.00142043
0.00141541
0.000930128
-0.00301155
-0.000438336
-0.00559234
-0.00117293
-0.00270661
-0.000731888
0.00162929
8.77717e-05
0.00321959
0.00105395
0.00322413
0.00165843
0.0017324
0.000520289
-0.00296965
-0.00136168
-0.00523464
-0.0016622
-0.000973067
-0.000742101
0.00317875
0.00027274
0.00377919
0.00102963
0.00320199
0.00118047
-5.01673e-05
-0.00503154
0.00180207
0.00738553
0.00182012
0.00522078
-0.000348485
-0.000661411
-0.00189719
-0.00310584
-0.00193162
-0.0022006
-0.00119464
-0.000637333
-0.000266913
9.13711e-05
0.000503893
-0.000352665
-7.56068e-05
-0.00256396
-0.00168909
-0.00379517
-0.00208969
-0.00150603
-0.00109739
0.00123134
4.01415e-05
0.00207528
0.00102784
0.00196029
0.00151035
0.000482616
0.000736572
-0.00246404
-0.000796762
-0.00389617
-0.00149023
-0.00175226
-0.000975572
0.00116377
-4.16273e-05
0.00232397
0.000960019
0.00232601
0.00169517
0.00139327
0.000872276
-0.00139613
-0.00108375
-0.00334854
-0.00182587
-0.00142007
-0.000969897
0.00150747
0.000157227
0.00254394
0.00116547
0.00241787
0.00170251
0.000878373
0.000951128
-0.00226017
-0.000658706
-0.0039825
-0.00145588
-0.00190943
-0.000937143
0.00111056
2.20477e-05
0.0022604
0.00101583
0.00223034
0.00166451
0.00108373
0.000582003
-0.00188715
-0.00133525
-0.00331739
-0.00168365
-0.000624663
-0.00066576
0.00216086
0.000411808
0.00270162
0.00131338
0.00230042
0.00142637
-0.000163156
-0.00360517
0.00183891
0.00554662
0.0025525
0.0045072
0.00115826
0.000732824
-0.0003817
-0.00156588
-0.000931863
-0.00165044
-0.000652901
-0.000916297
-2.9565e-05
-0.000531966
0.000454238
-0.000836466
-0.00015867
-0.00195105
-0.00151616
-0.00243768
-0.00185203
-0.00117016
-0.00101684
0.000396152
2.61923e-05
0.00103225
0.000961466
0.00102502
0.00135311
9.09692e-05
0.000548065
-0.00165899
-0.000907485
-0.00244062
-0.00153092
-0.00112883
-0.00102069
0.000653536
-0.000114085
0.00141737
0.00078846
0.00142346
0.00139687
0.000784869
0.000731537
-0.0007308
-0.000869609
-0.00174739
-0.00152394
-0.00076574
-0.00083636
0.000819898
0.000193707
0.00151387
0.00116034
0.00145123
0.00160348
0.000435234
0.000809048
-0.00146573
-0.00072403
-0.00244943
-0.00143167
-0.00120179
-0.000939027
0.000617909
-4.57048e-05
0.00136707
0.000851144
0.00133349
0.00136827
0.000566604
0.000495429
-0.00101431
-0.00109241
-0.00172955
-0.00141774
-0.000299327
-0.000539869
0.00128299
0.00046872
0.00169303
0.00136474
0.0014044
0.00139602
-0.000194435
-0.00220915
0.00159847
0.00394814
0.00263915
0.00346652
0.00203737
0.00133459
0.000919033
-0.000447535
0.000189758
-0.000921161
8.33809e-05
-0.000809919
0.00031232
-0.000760908
0.000452327
-0.000976473
-0.00011497
-0.00138375
-0.00107788
-0.00147477
-0.00134635
-0.000901697
-0.00079407
-0.000156128
-8.00264e-06
0.000246183
0.000718865
0.000298152
0.000966833
-0.000157001
0.0003003
-0.000992462
-0.000820866
-0.00131945
-0.00129154
-0.000658157
-0.000897462
0.000259456
-0.00018842
0.000708331
0.000506137
0.000728908
0.000908628
0.000382378
0.000457947
-0.000280118
-0.000592784
-0.000696656
-0.00104291
-0.000315612
-0.000586843
0.000363829
0.000194509
0.00073252
0.000940078
0.000705659
0.00122834
0.000146971
0.000565665
-0.000803053
-0.000621884
-0.00126187
-0.00116339
-0.000660284
-0.000801299
0.000255819
-0.000116093
0.000681866
0.000562766
0.000654632
0.000885214
0.000244157
0.000298086
-0.000427187
-0.000749633
-0.000681834
-0.000982495
-6.64638e-05
-0.000358505
0.000659
0.00043918
0.000895345
0.0011453
0.00069828
0.00110234
-0.000151476
-0.00110681
0.00108517
0.00286298
0.00210163
0.00245007
0.00215019
0.00128604
0.00150677
0.000195886
0.000937572
-0.000351964
0.000687327
-0.000559677
0.000625995
-0.000699573
0.00048259
-0.000833065
2.35531e-05
-0.00092472
-0.000558092
-0.00089312
-0.000761907
-0.000697878
-0.000492591
-0.000425445
-1.64609e-05
-0.00022995
0.000437117
-0.000155424
0.000551655
-0.000271537
0.000101838
-0.000542648
-0.000593406
-0.000624213
-0.0009045
-0.000347063
-0.000679943
3.4897e-05
-0.000226266
0.000254654
0.00021971
0.000282935
0.000438007
0.000164083
0.000196046
-3.8155e-05
-0.000334824
-0.000165784
-0.000572539
-7.78979e-05
-0.000325082
0.000116369
0.000158705
0.00024873
0.0006228
0.000241565
0.00075782
1.19517e-05
0.000306899
-0.000352129
-0.000432491
-0.000522482
-0.000791583
-0.000301193
-0.000594993
5.92294e-05
-0.000161362
0.000248235
0.00025722
0.000236048
0.000415235
8.61421e-05
9.71628e-05
-0.000109115
-0.000431103
-0.000153567
-0.000551102
5.35355e-05
-0.000185262
0.000293162
0.000334363
0.000375722
0.000764691
0.00026795
0.000689964
-7.67495e-05
-0.000416845
0.0007717
0.00209127
0.00144077
0.001781
0.00165772
0.00106907
0.00142138
0.000432235
0.00110444
-3.50236e-05
0.000872479
-0.000327723
0.000687713
-0.000514808
0.00045825
-0.000603596
0.000152
-0.000618469
-0.000142214
-0.000598912
-0.000273072
-0.00056702
-0.000187595
-0.000510919
1.52701e-05
-0.000432816
0.000207795
-0.00034795
0.000238991
-0.000302731
-1.79944e-06
-0.00030186
-0.000355266
-0.00027075
-0.00052968
-0.00017265
-0.000438141
-5.66403e-05
-0.000204638
2.11512e-05
2.44083e-05
5.389e-05
0.000128758
5.97357e-05
4.42545e-05
4.63503e-05
-0.000143258
2.17276e-05
-0.000231212
1.00535e-05
-0.00012538
1.05345e-05
0.000108012
1.53367e-05
0.000328294
2.12838e-05
0.00036323
-2.2982e-05
0.000116554
-0.000105451
-0.000257286
-0.000148641
-0.000457822
-0.000100658
-0.000383515
-1.50775e-05
-0.00016684
3.156e-05
3.63188e-05
3.28882e-05
9.89947e-05
2.34664e-05
-2.33428e-05
1.32216e-05
-0.000211294
3.43836e-05
-0.000240784
8.30266e-05
-6.10623e-05
0.000113441
0.000205549
0.000109112
0.000402337
7.1163e-05
0.000336871
-1.12847e-05
-7.99749e-05
0.000578157
0.00151312
0.000996204
0.00136296
0.00116198
0.000903301
0.00111303
0.000481177
0.000943225
0.000134791
0.000760001
-0.000144496
0.000571188
-0.000325997
0.000383971
-0.000416379
0.000213958
-0.000448454
8.35772e-05
-0.000468534
1.04488e-05
-0.000493894
1.63638e-06
-0.000502102
3.62306e-05
-0.000467407
7.27879e-05
-0.00038451
5.2553e-05
-0.000282499
-5.28714e-05
-0.000196434
-0.000187197
-0.000136424
-0.000258841
-0.000101007
-0.00023473
-8.07498e-05
-0.000148133
-6.5444e-05
-5.79984e-05
-3.62438e-05
-5.92794e-06
7.6651e-06
-4.912e-06
4.53341e-05
-3.20459e-05
4.88599e-05
-4.03877e-05
1.83927e-05
-3.32398e-06
-2.65305e-05
6.33548e-05
-5.1341e-05
0.00012837
-4.37303e-05
0.000120585
-1.51975e-05
1.73868e-05
-2.25235e-06
-0.000125348
-5.9046e-06
-0.000211897
-1.41086e-05
-0.000201353
-2.56211e-05
-0.000131137
-3.86546e-05
-6.75359e-05
-3.07144e-05
-4.07677e-05
-3.30207e-06
-6.2663e-05
3.51164e-05
-8.70913e-05
5.88103e-05
-6.34301e-05
5.93672e-05
8.67644e-06
4.13362e-05
0.000101158
1.66318e-05
0.000157086
1.52363e-05
0.000118802
2.69999e-05
3.88246e-05
0.000443321
0.0010698
0.000763211
0.00104308
0.000895566
0.000770949
0.000889509
0.000487232
0.00079922
0.000225081
0.00064148
1.3248e-05
0.000481879
-0.000166397
0.000340789
-0.000275293
0.000235793
-0.000343459
0.000161166
-0.000393905
0.000100959
-0.000433686
5.01662e-05
-0.00045131
7.94865e-06
-0.000425189
-2.3443e-05
-0.000353118
-5.00623e-05
-0.000255879
-7.90351e-05
-0.000167459
-0.000104835
-0.000110622
-0.000116667
-8.91752e-05
-0.000109527
-8.78905e-05
-9.1106e-05
-8.38639e-05
-6.76395e-05
-5.97106e-05
-3.97352e-05
-2.02417e-05
-7.33028e-06
1.29278e-05
1.99787e-05
2.15512e-05
3.67436e-05
1.62728e-06
4.08313e-05
-3.06199e-05
3.69737e-05
-4.74838e-05
2.83214e-05
-3.50771e-05
1.64223e-05
-3.29856e-06
-9.74405e-06
2.39136e-05
-4.63043e-05
3.06576e-05
-7.24246e-05
1.20135e-05
-8.05277e-05
-1.75179e-05
-8.01021e-05
-3.90808e-05
-7.34544e-05
-3.73642e-05
-6.4329e-05
-1.24281e-05
-4.81957e-05
1.89852e-05
-2.63892e-05
3.70037e-05
-3.81435e-07
3.33602e-05
2.4786e-05
1.61716e-05
3.67698e-05
4.64962e-06
3.65148e-05
1.54903e-05
2.07665e-05
4.27489e-05
5.95909e-05
0.000328804
0.000740992
0.000602831
0.000769054
0.000747842
0.000625942
0.000782703
0.000452373
0.000735399
0.000272383
0.000642786
0.000105861
0.000509029
-3.26396e-05
0.000386871
-0.000153136
0.000284252
-0.000240842
0.000197872
-0.000307523
0.000117509
-0.000353323
3.71684e-05
-0.000370971
-3.40501e-05
-0.00035397
-8.37208e-05
-0.000303442
-0.000104858
-0.000234736
-0.000102671
-0.000169644
-8.84932e-05
-0.000124801
-7.40244e-05
-0.000103644
-6.60464e-05
-9.58687e-05
-6.31289e-05
-8.67828e-05
-5.56125e-05
-6.72281e-05
-3.59242e-05
-3.99303e-05
-6.65123e-06
-1.63453e-05
2.30674e-05
-8.16795e-06
3.95688e-05
-1.48747e-05
3.74103e-05
-2.84627e-05
2.22035e-05
-3.22781e-05
7.10649e-06
-1.99796e-05
8.19745e-07
2.98952e-06
1.68948e-06
2.30446e-05
4.93097e-06
2.74172e-05
2.84544e-06
1.40995e-05
-7.3213e-06
-7.35214e-06
-2.32686e-05
-2.3134e-05
-3.66088e-05
-2.40246e-05
-3.75987e-05
-1.14389e-05
-2.36252e-05
5.01405e-06
-2.84883e-06
1.62294e-05
1.30705e-05
1.74404e-05
1.60374e-05
1.32039e-05
6.80475e-06
1.38844e-05
-3.61783e-06
2.59123e-05
-5.9925e-06
4.51218e-05
5.35989e-05
0.000235393
0.000505604
0.000459323
0.000545124
0.000611997
0.000473266
0.000688026
0.000376344
0.000695371
0.000265038
0.000650374
0.000150857
0.000574546
4.31883e-05
0.000473994
-5.25829e-05
0.000369764
-0.000136614
0.000265478
-0.000203238
0.000162282
-0.000250127
6.45195e-05
-0.000273206
-1.8738e-05
-0.000270708
-7.61053e-05
-0.000246068
-0.000102787
-0.000208051
-0.000103491
-0.000168943
-9.02046e-05
-0.00013809
-7.58315e-05
-0.000118016
-6.72467e-05
-0.000104452
-6.30561e-05
-9.09758e-05
-5.64348e-05
-7.38506e-05
-4.17122e-05
-5.46504e-05
-1.96151e-05
-3.84418e-05
1.72895e-06
-2.9515e-05
1.41936e-05
-2.7341e-05
1.31907e-05
-2.74591e-05
4.24925e-06
-2.33363e-05
-2.98872e-06
-1.2741e-05
-6.72968e-07
6.75175e-07
1.04023e-05
1.19694e-05
2.33181e-05
1.45011e-05
2.95597e-05
7.85819e-06
2.39798e-05
-1.77256e-06
1.06911e-05
-9.84524e-06
-2.35924e-06
-1.09736e-05
-7.85133e-06
-5.94728e-06
-4.96656e-06
2.12756e-06
2.27398e-06
8.98982e-06
6.5077e-06
1.32095e-05
3.30505e-06
1.64051e-05
-4.77653e-06
2.19659e-05
-1.06186e-05
3.17558e-05
-8.55722e-06
4.30592e-05
4.50407e-05
0.000165274
0.000340331
0.000335661
0.000374736
0.0004708
0.000338125
0.000561528
0.000285616
0.000605319
0.000221247
0.000606046
0.00015013
0.000571893
7.73383e-05
0.000511767
7.54337e-06
0.000431138
-5.59851e-05
0.000338403
-0.000110503
0.000240332
-0.000152055
0.000145139
-0.000178009
6.20407e-05
-0.000187605
-1.09446e-06
-0.000182932
-4.03913e-05
-0.000168756
-5.87663e-05
-0.00015057
-6.38323e-05
-0.000133024
-6.3721e-05
-0.000118127
-6.31647e-05
-0.00010501
-6.2322e-05
-9.18196e-05
-5.8545e-05
-7.76265e-05
-4.98924e-05
-6.33017e-05
-3.756e-05
-5.0776e-05
-2.56583e-05
-4.14198e-05
-1.82382e-05
-3.47607e-05
-1.64316e-05
-2.9264e-05
-1.72195e-05
-2.25487e-05
-1.58526e-05
-1.41079e-05
-9.78344e-06
-5.39298e-06
1.25332e-06
9.32276e-07
1.26359e-05
3.1179e-06
1.83453e-05
2.14986e-06
1.72022e-05
-6.28462e-07
1.02102e-05
-2.85433e-06
1.98809e-06
-2.75363e-06
-4.01646e-06
5.74037e-08
-6.42011e-06
4.52893e-06
-6.76547e-06
9.33209e-06
-7.60474e-06
1.4053e-05
-1.02577e-05
1.90621e-05
-1.32757e-05
2.49837e-05
-1.32991e-05
3.17789e-05
-8.39847e-06
3.81581e-05
3.66414e-05
0.000114704
0.000225626
0.000238008
0.000251431
0.000344
0.000232132
0.000426091
0.000203525
0.000480237
0.000167101
0.000505243
0.000125122
0.000502616
7.99631e-05
0.00047601
3.41483e-05
0.000427618
-7.59161e-06
0.000365451
-4.83323e-05
0.000293852
-8.04539e-05
0.000219902
-0.000104056
0.00015075
-0.000118451
9.21483e-05
-0.000124332
4.69926e-05
-0.000123602
1.49455e-05
-0.000118522
-6.84466e-06
-0.000111231
-2.2091e-05
-0.000102881
-3.32822e-05
-9.3821e-05
-4.11065e-05
-8.39935e-05
-4.51951e-05
-7.35348e-05
-4.54817e-05
-6.30163e-05
-4.30168e-05
-5.32442e-05
-3.96998e-05
-4.47364e-05
-3.7043e-05
-3.7415e-05
-3.56136e-05
-3.06934e-05
-3.40749e-05
-2.40885e-05
-3.07224e-05
-1.74598e-05
-2.47903e-05
-1.1324e-05
-1.73537e-05
-6.50377e-06
-1.07934e-05
-3.44198e-06
-6.77989e-06
-1.86357e-06
-6.19622e-06
-1.21111e-06
-8.74885e-06
-3.0211e-07
-1.28514e-05
1.34352e-06
-1.6689e-05
3.89362e-06
-1.92778e-05
7.12014e-06
-2.06964e-05
1.07488e-05
-2.13182e-05
1.46746e-05
-2.11244e-05
1.88722e-05
-1.94029e-05
2.32642e-05
-1.51601e-05
2.7535e-05
-8.03249e-06
3.10291e-05
2.86085e-05
7.9399e-05
0.000146227
0.000166656
0.000164171
0.000245057
0.00015373
0.000310555
0.000138025
0.000360017
0.000117635
0.000391562
9.35733e-05
0.000404499
6.70237e-05
0.000399342
3.93048e-05
0.000379838
1.19136e-05
0.000345194
-1.36875e-05
0.000301265
-3.65244e-05
0.000252221
-5.50148e-05
0.000202519
-6.87507e-05
0.000155939
-7.7752e-05
0.000114871
-8.25354e-05
8.0241e-05
-8.38909e-05
5.16482e-05
-8.26382e-05
2.81937e-05
-7.94286e-05
9.07848e-06
-7.47072e-05
-6.09918e-06
-6.88141e-05
-1.75217e-05
-6.21117e-05
-2.55395e-05
-5.50022e-05
-3.08127e-05
-4.79729e-05
-3.42519e-05
-4.12946e-05
-3.66001e-05
-3.50662e-05
-3.80648e-05
-2.92318e-05
-3.84421e-05
-2.37115e-05
-3.73802e-05
-1.85197e-05
-3.48956e-05
-1.38089e-05
-3.16228e-05
-9.77588e-06
-2.85572e-05
-6.50534e-06
-2.65246e-05
-3.89845e-06
-2.60294e-05
-1.70827e-06
-2.67599e-05
4.30421e-07
-2.80894e-05
2.67009e-06
-2.93127e-05
5.1129e-06
-2.99268e-05
7.73676e-06
-2.96633e-05
1.04875e-05
-2.83116e-05
1.33212e-05
-2.56224e-05
1.61817e-05
-2.13111e-05
1.8953e-05
-1.52122e-05
2.1436e-05
-7.52119e-06
2.33378e-05
2.10879e-05
5.56093e-05
9.06174e-05
0.000117579
0.000102199
0.000174787
9.65214e-05
0.00022484
8.7971e-05
0.000265674
7.67979e-05
0.000295789
6.3456e-05
0.000314313
4.85013e-05
0.000321043
3.2577e-05
0.000316585
1.63735e-05
0.000301521
1.37847e-06
0.000278708
-1.37107e-05
0.000250014
-2.63222e-05
0.000217973
-3.67102e-05
0.000184909
-4.4686e-05
0.000152643
-5.02682e-05
0.000122385
-5.36311e-05
9.4778e-05
-5.50317e-05
7.00998e-05
-5.47503e-05
4.84579e-05
-5.30642e-05
2.98941e-05
-5.0249e-05
1.43709e-05
-4.65896e-05
1.77197e-06
-4.24055e-05
-8.29051e-06
-3.79091e-05
-1.62401e-05
-3.3342e-05
-2.24541e-05
-2.88539e-05
-2.71799e-05
-2.45089e-05
-3.05293e-05
-2.03593e-05
-3.25973e-05
-1.64486e-05
-3.35735e-05
-1.28345e-05
-3.37864e-05
-9.56239e-06
-3.36425e-05
-6.64468e-06
-3.34981e-05
-4.04401e-06
-3.35252e-05
-1.68508e-06
-3.36242e-05
5.31424e-07
-3.36052e-05
2.65276e-06
-3.32243e-05
4.72938e-06
-3.22516e-05
6.76359e-06
-3.05051e-05
8.74322e-06
-2.78312e-05
1.0648e-05
-2.40943e-05
1.24438e-05
-1.92147e-05
1.40725e-05
-1.32293e-05
1.54506e-05
-6.35247e-06
1.64615e-05
1.47361e-05
3.5928e-05
5.46868e-05
7.63501e-05
6.17721e-05
0.000114284
5.85852e-05
0.00014844
5.3812e-05
0.000177652
4.75808e-05
0.00020099
4.0114e-05
0.000217806
3.16865e-05
0.000227758
2.26251e-05
0.000230852
1.32777e-05
0.000228278
3.95038e-06
0.000219349
-4.78266e-06
0.000205798
-1.27722e-05
0.000188789
-1.97025e-05
0.000169506
-2.54029e-05
0.000149029
-2.9792e-05
0.000128267
-3.28694e-05
0.000107931
-3.46968e-05
8.856e-05
-3.53795e-05
7.05488e-05
-3.50528e-05
5.41716e-05
-3.38729e-05
3.95896e-05
-3.201e-05
2.68274e-05
-2.96446e-05
1.58514e-05
-2.69316e-05
6.53279e-06
-2.40223e-05
-1.30197e-06
-2.10219e-05
-7.78245e-06
-1.80305e-05
-1.3032e-05
-1.51067e-05
-1.717e-05
-1.23081e-05
-2.03489e-05
-9.65795e-06
-2.27229e-05
-7.18883e-06
-2.44525e-05
-4.91102e-06
-2.56907e-05
-2.80502e-06
-2.64924e-05
-8.86453e-07
-2.68502e-05
8.89399e-07
-2.67418e-05
2.54642e-06
-2.61166e-05
4.10376e-06
-2.49172e-05
5.56279e-06
-2.30943e-05
6.9205e-06
-2.06134e-05
8.16801e-06
-1.74586e-05
9.28948e-06
-1.36467e-05
1.02605e-05
-9.24504e-06
1.10489e-05
-4.39262e-06
1.1609e-05
1.03428e-05
2.24208e-05
3.2264e-05
4.78072e-05
3.63853e-05
7.18801e-05
3.45136e-05
9.39571e-05
3.17345e-05
0.000113418
2.81186e-05
0.00012975
2.37831e-05
0.000142563
1.88759e-05
0.000151612
1.35779e-05
0.000156811
8.07835e-06
0.000158269
2.49207e-06
0.000156221
-2.73287e-06
0.000151081
-7.63125e-06
0.000143359
-1.19789e-05
0.000133611
-1.56544e-05
0.000122401
-1.85821e-05
0.000110262
-2.07302e-05
9.76711e-05
-2.21058e-05
8.50417e-05
-2.27486e-05
7.27141e-05
-2.27239e-05
6.09577e-05
-2.21168e-05
4.99716e-05
-2.10251e-05
3.98802e-05
-1.95529e-05
3.07526e-05
-1.78018e-05
2.25978e-05
-1.58664e-05
1.54079e-05
-1.38339e-05
9.14175e-06
-1.17653e-05
3.75554e-06
-9.71786e-06
-8.22312e-07
-7.72797e-06
-4.64346e-06
-5.83801e-06
-7.77154e-06
-4.06114e-06
-1.02729e-05
-2.40679e-06
-1.22227e-05
-8.53444e-07
-1.36278e-05
5.17524e-07
-1.45361e-05
1.79724e-06
-1.49626e-05
2.9741e-06
-1.49116e-05
4.05324e-06
-1.43888e-05
5.03916e-06
-1.34021e-05
5.93318e-06
-1.19671e-05
6.73317e-06
-1.01107e-05
7.43332e-06
-7.87441e-06
8.02422e-06
-5.31916e-06
8.49315e-06
-2.53124e-06
8.82006e-06
7.80986e-06
1.52955e-05
1.69658e-05
3.26781e-05
1.90012e-05
4.92779e-05
1.79123e-05
6.46888e-05
1.63209e-05
7.85397e-05
1.42657e-05
9.05132e-05
1.18099e-05
0.000100354
9.03599e-06
0.000107905
6.02541e-06
0.000113072
2.9106e-06
0.000115767
-2.03979e-07
0.00011627
-3.23656e-06
0.000114678
-6.03896e-06
0.000111218
-8.51869e-06
0.00010617
-1.06067e-05
9.98398e-05
-1.22536e-05
9.25416e-05
-1.34333e-05
8.45788e-05
-1.41429e-05
7.62318e-05
-1.44003e-05
6.77481e-05
-1.4239e-05
5.93401e-05
-1.3709e-05
5.11825e-05
-1.28684e-05
4.34112e-05
-1.17816e-05
3.61236e-05
-1.05127e-05
2.93818e-05
-9.1242e-06
2.32203e-05
-7.6742e-06
1.7664e-05
-6.21029e-06
1.27225e-05
-4.77512e-06
8.38857e-06
-3.39273e-06
4.62418e-06
-2.07461e-06
1.40993e-06
-8.47769e-07
-1.23008e-06
2.34595e-07
-3.3704e-06
1.28829e-06
-5.08562e-06
2.23242e-06
-6.35484e-06
3.06591e-06
-7.19301e-06
3.81269e-06
-7.61953e-06
4.48023e-06
-7.65599e-06
5.07531e-06
-7.32695e-06
5.60329e-06
-6.66172e-06
6.06695e-06
-5.69589e-06
6.46637e-06
-4.47224e-06
6.79914e-06
-3.04138e-06
7.06047e-06
-1.46562e-06
7.24217e-06
6.34286e-06
1.06531e-05
6.31276e-06
2.2736e-05
6.91999e-06
3.4325e-05
6.32323e-06
4.51661e-05
5.47924e-06
5.50224e-05
4.41002e-06
6.36759e-05
3.15794e-06
7.0892e-05
1.82039e-06
7.66991e-05
2.18272e-07
8.08043e-05
-1.19438e-06
8.34386e-05
-2.83811e-06
8.45506e-05
-4.34848e-06
8.41864e-05
-5.67419e-06
8.24618e-05
-6.79324e-06
7.95304e-05
-7.67496e-06
7.55735e-05
-8.29688e-06
7.07874e-05
-8.64752e-06
6.53723e-05
-8.72697e-06
5.95237e-05
-8.54953e-06
5.34174e-05
-8.13082e-06
4.72179e-05
-7.50894e-06
4.10656e-05
-6.71667e-06
3.50801e-05
-5.79591e-06
2.93571e-05
-4.78868e-06
2.39653e-05
-3.73225e-06
1.89557e-05
-2.66608e-06
1.43729e-05
-1.62887e-06
1.02854e-05
-6.87043e-07
6.70763e-06
1.85963e-07
3.56607e-06
1.06635e-06
8.56025e-07
1.86136e-06
-1.44851e-06
2.53958e-06
-3.31448e-06
3.15521e-06
-4.74938e-06
3.66742e-06
-5.78381e-06
4.10004e-06
-6.43519e-06
4.46421e-06
-6.72474e-06
4.77017e-06
-6.67747e-06
5.02803e-06
-6.32215e-06
5.24729e-06
-5.69137e-06
5.43493e-06
-4.82178e-06
5.59511e-06
-3.75396e-06
5.72927e-06
-2.532e-06
5.83619e-06
-1.20563e-06
5.91351e-06
5.13662e-06
6.8918e-06
-5.79644e-07
1.46034e-05
-7.90383e-07
2.20285e-05
-1.10293e-06
2.89776e-05
-1.47046e-06
3.52816e-05
-1.89334e-06
4.08069e-05
-2.36713e-06
4.55016e-05
-2.8751e-06
4.91201e-05
-3.40044e-06
5.18039e-05
-3.87791e-06
5.32983e-05
-4.3329e-06
5.36559e-05
-4.7068e-06
5.29599e-05
-4.9781e-06
5.12958e-05
-5.12835e-06
4.87683e-05
-5.14677e-06
4.55012e-05
-5.02984e-06
4.16311e-05
-4.77764e-06
3.72998e-05
-4.39533e-06
3.26384e-05
-3.88682e-06
2.78006e-05
-3.29171e-06
2.29324e-05
-2.64061e-06
1.81387e-05
-1.92383e-06
1.35088e-05
-1.16657e-06
9.1347e-06
-4.14367e-07
5.07636e-06
3.26046e-07
1.38095e-06
1.02817e-06
-1.92666e-06
1.6777e-06
-4.86282e-06
2.2494e-06
-7.41695e-06
2.74081e-06
-9.51359e-06
3.16264e-06
-1.11613e-05
3.50802e-06
-1.23935e-05
3.77146e-06
-1.31853e-05
3.94713e-06
-1.35865e-05
4.06844e-06
-1.36177e-05
4.13095e-06
-1.3301e-05
4.14742e-06
-1.26618e-05
4.13117e-06
-1.1727e-05
4.09362e-06
-1.05267e-05
4.04696e-06
-9.09279e-06
4.00052e-06
-7.45991e-06
3.96128e-06
-5.66535e-06
3.93337e-06
-3.74864e-06
3.91789e-06
-1.75062e-06
3.91391e-06
3.38579e-06
3.51114e-06
-4.09056e-06
7.50489e-06
-4.78201e-06
1.1271e-05
-4.86909e-06
1.46951e-05
-4.89392e-06
1.76748e-05
-4.87193e-06
2.01083e-05
-4.80061e-06
2.18955e-05
-4.66299e-06
2.29616e-05
-4.46596e-06
2.32886e-05
-4.20421e-06
2.28363e-05
-3.88105e-06
2.16237e-05
-3.49475e-06
1.96976e-05
-3.05181e-06
1.71429e-05
-2.57293e-06
1.40578e-05
-2.06093e-06
1.05333e-05
-1.50549e-06
6.66766e-06
-9.12734e-07
2.56228e-06
-2.90473e-07
-1.67661e-06
3.52294e-07
-5.94737e-06
9.79501e-07
-1.00191e-05
1.43076e-06
-1.38831e-05
1.93906e-06
-1.74773e-05
2.42691e-06
-2.07481e-05
2.85659e-06
-2.3633e-05
3.21136e-06
-2.60876e-05
3.48262e-06
-2.80786e-05
3.66862e-06
-2.9597e-05
3.76847e-06
-3.06374e-05
3.78233e-06
-3.11953e-05
3.72068e-06
-3.12783e-05
3.59037e-06
-3.09028e-05
3.39546e-06
-3.01021e-05
3.14632e-06
-2.88909e-05
2.85711e-06
-2.73161e-05
2.55603e-06
-2.54188e-05
2.25013e-06
-2.32378e-05
1.95061e-06
-2.08153e-05
1.67167e-06
-1.8181e-05
1.41314e-06
-1.53625e-05
1.18216e-06
-1.23882e-05
9.86857e-07
-9.29041e-06
8.35105e-07
-6.10172e-06
7.2846e-07
-2.85657e-06
6.67963e-07
5.29191e-07
4.88698e-07
-4.57871e-06
9.98347e-07
-5.28959e-06
1.38223e-06
-5.2523e-06
1.54491e-06
-5.0551e-06
1.3824e-06
-4.70814e-06
8.02798e-07
-4.22121e-06
-2.39573e-07
-3.62064e-06
-1.77247e-06
-2.93187e-06
-3.79669e-06
-2.17941e-06
-6.28966e-06
-1.3887e-06
-9.23607e-06
-5.49152e-07
-1.26115e-05
3.2307e-07
-1.62981e-05
1.11347e-06
-2.0182e-05
1.8226e-06
-2.42143e-05
2.52579e-06
-2.83165e-05
3.18789e-06
-3.23927e-05
3.78416e-06
-3.64273e-05
4.38615e-06
-4.01545e-05
4.70656e-06
-4.37077e-05
4.98349e-06
-4.69399e-05
5.17046e-06
-4.97681e-05
5.25459e-06
-5.21382e-05
5.22723e-06
-5.40098e-05
5.08417e-06
-5.53527e-05
4.82663e-06
-5.61443e-05
4.46143e-06
-5.63724e-05
3.99821e-06
-5.60367e-05
3.44844e-06
-5.51426e-05
2.82782e-06
-5.3701e-05
2.14925e-06
-5.17458e-05
1.44054e-06
-4.9301e-05
7.02152e-07
-4.63742e-05
-6.89391e-08
-4.30593e-05
-7.58255e-07
-3.94125e-05
-1.39602e-06
-3.54775e-05
-1.98379e-06
-3.13475e-05
-2.4578e-06
-2.70517e-05
-2.88222e-06
-2.26263e-05
-3.24302e-06
-1.81031e-05
-3.53644e-06
-1.35052e-05
-3.76296e-06
-8.85278e-06
-3.92425e-06
-4.1641e-06
-4.02097e-06
-3.6348e-06
-2.13426e-06
-2.44316e-06
-4.57102e-06
-2.8508e-06
-7.05748e-06
-2.7642e-06
-9.69765e-06
-2.41267e-06
-1.25712e-05
-1.83322e-06
-1.57321e-05
-1.06017e-06
-1.92365e-05
-1.15419e-07
-2.29948e-05
8.27744e-07
-2.69709e-05
1.79665e-06
-3.10733e-05
2.7125e-06
-3.52948e-05
3.67088e-06
-3.95597e-05
4.58623e-06
-4.38579e-05
5.41012e-06
-4.81635e-05
6.12673e-06
-5.23823e-05
6.74297e-06
-5.6446e-05
7.24957e-06
-6.02996e-05
7.63596e-06
-6.38231e-05
7.90863e-06
-6.70989e-05
7.9822e-06
-7.0037e-05
7.92135e-06
-7.25817e-05
7.71482e-06
-7.46835e-05
7.35626e-06
-7.63009e-05
6.84559e-06
-7.74017e-05
6.1867e-06
-7.796e-05
5.38678e-06
-7.79539e-05
4.45726e-06
-7.73662e-05
3.41263e-06
-7.61859e-05
2.27033e-06
-7.44098e-05
1.05363e-06
-7.20159e-05
-2.43272e-07
-6.90532e-05
-1.52095e-06
-6.55424e-05
-2.80724e-06
-6.15423e-05
-4.06747e-06
-5.70524e-05
-5.24666e-06
-5.2126e-05
-6.32122e-06
-4.68419e-05
-7.26697e-06
-4.124e-05
-8.05917e-06
-3.54219e-05
-8.70004e-06
-2.94723e-05
-9.19274e-06
-2.34587e-05
-9.55019e-06
-1.74284e-05
-9.79339e-06
-1.14037e-05
-9.94892e-06
-5.38509e-06
-1.00396e-05
-9.01984e-06
-4.26128e-06
1.81968e-06
-9.03067e-06
1.92083e-06
-1.385e-05
2.05778e-06
-1.8776e-05
2.51607e-06
-2.38259e-05
3.21801e-06
-2.89647e-05
4.07905e-06
-3.40883e-05
5.00925e-06
-3.9176e-05
5.91584e-06
-4.41515e-05
6.77122e-06
-4.89993e-05
7.55856e-06
-5.3628e-05
8.29741e-06
-5.80128e-05
8.96839e-06
-6.21558e-05
9.55079e-06
-6.60594e-05
1.00285e-05
-6.97062e-05
1.03882e-05
-7.30792e-05
1.06206e-05
-7.61599e-05
1.07152e-05
-7.89148e-05
1.06625e-05
-8.13743e-05
1.04417e-05
-8.35084e-05
1.00553e-05
-8.52899e-05
9.49612e-06
-8.66955e-05
8.76162e-06
-8.77006e-05
7.8514e-06
-8.82825e-05
6.7699e-06
-8.84182e-05
5.52421e-06
-8.80854e-05
4.12598e-06
-8.72614e-05
2.59029e-06
-8.59266e-05
9.37142e-07
-8.40493e-05
-8.22193e-07
-8.16333e-05
-2.65819e-06
-7.86306e-05
-4.52258e-06
-7.50438e-05
-6.39286e-06
-7.0876e-05
-8.23395e-06
-6.61185e-05
-1.00029e-05
-6.07847e-05
-1.16539e-05
-5.49108e-05
-1.31399e-05
-4.85527e-05
-1.44167e-05
-4.18058e-05
-1.54467e-05
-3.47904e-05
-1.62081e-05
-2.76362e-05
-1.67044e-05
-2.04642e-05
-1.69655e-05
-1.33528e-05
-1.70602e-05
-6.31984e-06
-1.70726e-05
-1.53399e-05
-5.95786e-06
7.77905e-06
-1.25346e-05
8.50006e-06
-1.91341e-05
8.6602e-06
-2.57431e-05
9.12755e-06
-3.22516e-05
9.72742e-06
-3.8489e-05
1.03169e-05
-4.43174e-05
1.08382e-05
-4.96752e-05
1.1273e-05
-5.45377e-05
1.16323e-05
-5.89211e-05
1.19401e-05
-6.28399e-05
1.2214e-05
-6.63305e-05
1.24563e-05
-6.94364e-05
1.26545e-05
-7.2201e-05
1.27913e-05
-7.46588e-05
1.28447e-05
-7.68385e-05
1.27986e-05
-7.87579e-05
1.26336e-05
-8.04284e-05
1.2332e-05
-8.18696e-05
1.1883e-05
-8.30851e-05
1.12704e-05
-8.40693e-05
1.04802e-05
-8.48172e-05
9.509e-06
-8.53179e-05
8.35255e-06
-8.55594e-05
7.01228e-06
-8.55252e-05
5.49152e-06
-8.51965e-05
3.79874e-06
-8.4549e-05
1.94438e-06
-8.35691e-05
-4.12637e-08
-8.21983e-05
-2.19124e-06
-8.0418e-05
-4.43696e-06
-7.8174e-05
-6.76491e-06
-7.54191e-05
-9.14633e-06
-7.21025e-05
-1.15491e-05
-6.81705e-05
-1.39336e-05
-6.35728e-05
-1.62505e-05
-5.82727e-05
-1.8439e-05
-5.22609e-05
-2.04279e-05
-4.55706e-05
-2.21365e-05
-3.82955e-05
-2.34832e-05
-3.05905e-05
-2.44093e-05
-2.26738e-05
-2.48824e-05
-1.47501e-05
-2.49842e-05
-6.98144e-06
-2.48419e-05
-2.23219e-05
-7.37939e-06
1.51598e-05
-1.54699e-05
1.65929e-05
-2.34649e-05
1.66573e-05
-3.10351e-05
1.66994e-05
-3.79844e-05
1.6677e-05
-4.41203e-05
1.64531e-05
-4.9381e-05
1.60991e-05
-5.37879e-05
1.56789e-05
-5.74186e-05
1.52619e-05
-6.03786e-05
1.48987e-05
-6.27757e-05
1.46096e-05
-6.47105e-05
1.43887e-05
-6.62677e-05
1.42099e-05
-6.75206e-05
1.40424e-05
-6.85272e-05
1.38503e-05
-6.93376e-05
1.36072e-05
-6.99864e-05
1.32815e-05
-7.05034e-05
1.28476e-05
-7.09102e-05
1.22898e-05
-7.12234e-05
1.15828e-05
-7.14508e-05
1.07074e-05
-7.15996e-05
9.65687e-06
-7.16692e-05
8.42223e-06
-7.16584e-05
7.00165e-06
-7.15597e-05
5.39374e-06
-7.13634e-05
3.60299e-06
-7.10523e-05
1.63431e-06
-7.0607e-05
-4.85663e-07
-6.99905e-05
-2.80603e-06
-6.91678e-05
-5.25786e-06
-6.80851e-05
-7.84541e-06
-6.66778e-05
-1.05516e-05
-6.48666e-05
-1.33581e-05
-6.2558e-05
-1.62405e-05
-5.96427e-05
-1.91642e-05
-5.60008e-05
-2.20797e-05
-5.15146e-05
-2.49134e-05
-4.60869e-05
-2.75635e-05
-3.96813e-05
-2.98889e-05
-3.23473e-05
-3.17433e-05
-2.43133e-05
-3.29173e-05
-1.5871e-05
-3.34271e-05
-7.52255e-06
-3.31917e-05
-2.98451e-05
-8.81456e-06
2.39753e-05
-1.81047e-05
2.58846e-05
-2.68597e-05
2.54132e-05
-3.43224e-05
2.41629e-05
-4.04567e-05
2.28115e-05
-4.52255e-05
2.12223e-05
-4.87872e-05
1.9661e-05
-5.13267e-05
1.82176e-05
-5.30425e-05
1.69773e-05
-5.41174e-05
1.5973e-05
-5.4708e-05
1.51992e-05
-5.49415e-05
1.46201e-05
-5.49128e-05
1.41797e-05
-5.46983e-05
1.38258e-05
-5.43536e-05
1.35048e-05
-5.39282e-05
1.31796e-05
-5.34548e-05
1.28076e-05
-5.29664e-05
1.23575e-05
-5.24822e-05
1.18059e-05
-5.20237e-05
1.11233e-05
-5.16038e-05
1.02878e-05
-5.12378e-05
9.28992e-06
-5.09323e-05
8.11714e-06
-5.06964e-05
6.76567e-06
-5.05322e-05
5.23044e-06
-5.04418e-05
3.51287e-06
-5.04199e-05
1.61327e-06
-5.04504e-05
-4.54598e-07
-5.05277e-05
-2.72727e-06
-5.06191e-05
-5.16499e-06
-5.06846e-05
-7.7777e-06
-5.06696e-05
-1.05645e-05
-5.04984e-05
-1.35271e-05
-5.00717e-05
-1.66654e-05
-4.92588e-05
-1.99756e-05
-4.78926e-05
-2.34448e-05
-4.57709e-05
-2.70347e-05
-4.26571e-05
-3.06769e-05
-3.83229e-05
-3.42237e-05
-3.256e-05
-3.75066e-05
-2.54132e-05
-4.00655e-05
-1.69845e-05
-4.18568e-05
-8.22921e-06
-4.19485e-05
-3.80748e-05
-1.05459e-05
3.45214e-05
-2.03993e-05
3.57387e-05
-2.88468e-05
3.3861e-05
-3.48391e-05
3.01557e-05
-3.89182e-05
2.68911e-05
-4.13581e-05
2.3663e-05
-4.25886e-05
2.0892e-05
-4.29258e-05
1.85543e-05
-4.2632e-05
1.66838e-05
-4.19053e-05
1.52458e-05
-4.08927e-05
1.41862e-05
-3.97023e-05
1.34279e-05
-3.84058e-05
1.28822e-05
-3.70587e-05
1.24764e-05
-3.56971e-05
1.21427e-05
-3.43566e-05
1.18366e-05
-3.30583e-05
1.15092e-05
-3.18303e-05
1.11275e-05
-3.06859e-05
1.06622e-05
-2.96481e-05
1.00844e-05
-2.87304e-05
9.371e-06
-2.79532e-05
8.51193e-06
-2.73285e-05
7.49324e-06
-2.68738e-05
6.31091e-06
-2.66001e-05
4.95794e-06
-2.65211e-05
3.43418e-06
-2.6643e-05
1.73627e-06
-2.69673e-05
-1.29754e-07
-2.7503e-05
-2.18995e-06
-2.82399e-05
-4.42686e-06
-2.91599e-05
-6.85567e-06
-3.02346e-05
-9.48835e-06
-3.14156e-05
-1.23445e-05
-3.26311e-05
-1.54486e-05
-3.37748e-05
-1.8831e-05
-3.46906e-05
-2.25282e-05
-3.51629e-05
-2.65625e-05
-3.4886e-05
-3.09537e-05
-3.34891e-05
-3.56216e-05
-3.0461e-05
-4.05353e-05
-2.55005e-05
-4.50276e-05
-1.80701e-05
-4.92881e-05
-9.41728e-06
-5.06029e-05
-4.74926e-05
-1.26596e-05
4.71808e-05
-2.18495e-05
4.49292e-05
-2.85092e-05
4.05209e-05
-3.1735e-05
3.33821e-05
-3.29419e-05
2.80991e-05
-3.27042e-05
2.34261e-05
-3.16134e-05
1.98018e-05
-2.99994e-05
1.69402e-05
-2.80925e-05
1.47775e-05
-2.60375e-05
1.31904e-05
-2.39241e-05
1.20727e-05
-2.18099e-05
1.13119e-05
-1.97253e-05
1.07971e-05
-1.76944e-05
1.04432e-05
-1.57292e-05
1.01776e-05
-1.38475e-05
9.95228e-06
-1.20572e-05
9.71933e-06
-1.03804e-05
9.44851e-06
-8.82342e-06
9.10632e-06
-7.41022e-06
8.66994e-06
-6.15368e-06
8.11569e-06
-5.07755e-06
7.43501e-06
-4.19777e-06
6.61444e-06
-3.53812e-06
5.65099e-06
-3.11651e-06
4.5374e-06
-2.95563e-06
3.27338e-06
-3.07241e-06
1.85413e-06
-3.48182e-06
2.79988e-07
-4.20704e-06
-1.46336e-06
-5.25757e-06
-3.37557e-06
-6.63873e-06
-5.47306e-06
-8.35168e-06
-7.77459e-06
-1.03845e-05
-1.03106e-05
-1.27095e-05
-1.31229e-05
-1.52731e-05
-1.62672e-05
-1.7978e-05
-1.98229e-05
-2.06689e-05
-2.38722e-05
-2.30769e-05
-2.85457e-05
-2.48228e-05
-3.38771e-05
-2.522e-05
-4.01385e-05
-2.36456e-05
-4.66036e-05
-1.86126e-05
-5.43219e-05
-1.11816e-05
-5.80355e-05
-5.86746e-05
-1.47765e-05
6.19571e-05
-2.15172e-05
5.16707e-05
-2.48434e-05
4.38474e-05
-2.4562e-05
3.31013e-05
-2.279e-05
2.63282e-05
-2.02052e-05
2.08418e-05
-1.7342e-05
1.69393e-05
-1.44181e-05
1.40162e-05
-1.15541e-05
1.19143e-05
-8.79848e-06
1.04344e-05
-6.16522e-06
9.43966e-06
-3.65555e-06
8.8006e-06
-1.25787e-06
8.39951e-06
1.03073e-06
8.15238e-06
3.22381e-06
7.98526e-06
5.31238e-06
7.8613e-06
7.29966e-06
7.733e-06
9.16956e-06
7.57626e-06
1.09182e-05
7.35889e-06
1.25225e-05
7.06407e-06
1.39693e-05
6.67014e-06
1.52328e-05
6.17071e-06
1.6294e-05
5.55423e-06
1.71254e-05
4.81914e-06
1.77045e-05
3.95916e-06
1.80031e-05
2.97452e-06
1.79978e-05
1.86032e-06
1.76618e-05
6.1592e-07
1.69676e-05
-7.68152e-07
1.5889e-05
-2.29675e-06
1.44028e-05
-3.98604e-06
1.24847e-05
-5.85636e-06
1.01152e-05
-7.94085e-06
7.27988e-06
-1.02874e-05
3.97468e-06
-1.29622e-05
2.20519e-07
-1.60685e-05
-3.92614e-06
-1.97264e-05
-8.31692e-06
-2.41548e-05
-1.27009e-05
-2.94945e-05
-1.64559e-05
-3.63837e-05
-1.88568e-05
-4.42042e-05
-1.76451e-05
-5.55343e-05
-1.31016e-05
-6.25804e-05
-7.17765e-05
-1.58932e-05
7.78503e-05
-1.83238e-05
5.41023e-05
-1.72576e-05
4.27816e-05
-1.36052e-05
2.94495e-05
-9.4653e-06
2.21891e-05
-5.35021e-06
1.6727e-05
-1.53764e-06
1.31273e-05
1.935e-06
1.05434e-05
5.08474e-06
8.76537e-06
7.95823e-06
7.5605e-06
1.06095e-05
6.78895e-06
1.30831e-05
6.3257e-06
1.54203e-05
6.06286e-06
1.76439e-05
5.92679e-06
1.97751e-05
5.85513e-06
2.18169e-05
5.81725e-06
2.37761e-05
5.77508e-06
2.564e-05
5.71012e-06
2.74045e-05
5.59553e-06
2.90475e-05
5.41937e-06
3.05548e-05
5.16393e-06
3.18996e-05
4.825e-06
3.30612e-05
4.39354e-06
3.40104e-05
3.86929e-06
3.47229e-05
3.24745e-06
3.5168e-05
2.52891e-06
3.53194e-05
1.70955e-06
3.51457e-05
7.89254e-07
3.46169e-05
-2.38678e-07
3.36992e-05
-1.37927e-06
3.23599e-05
-2.6464e-06
3.05613e-05
-4.05797e-06
2.82639e-05
-5.64354e-06
2.54242e-05
-7.4477e-06
2.19946e-05
-9.53321e-06
1.7931e-05
-1.20046e-05
1.31925e-05
-1.49888e-05
7.78243e-06
-1.87445e-05
1.75928e-06
-2.34726e-05
-4.55334e-06
-3.00713e-05
-1.05983e-05
-3.81606e-05
-1.40751e-05
-5.2058e-05
-1.40978e-05
-6.25589e-05
-8.58747e-05
-1.45335e-05
9.23839e-05
-1.15042e-05
5.10739e-05
-5.9604e-06
3.72379e-05
1.10179e-07
2.33794e-05
5.55922e-06
1.67408e-05
1.02182e-05
1.20682e-05
1.4164e-05
9.18198e-06
1.75259e-05
7.18128e-06
2.04349e-05
5.85702e-06
2.30041e-05
4.99092e-06
2.53303e-05
4.46355e-06
2.74835e-05
4.17146e-06
2.9519e-05
4.02826e-06
3.14668e-05
3.9773e-06
3.33519e-05
3.97124e-06
3.51791e-05
3.98795e-06
3.69561e-05
3.9995e-06
3.86714e-05
3.99282e-06
4.03198e-05
3.94821e-06
4.18799e-05
3.85767e-06
4.33366e-05
3.70816e-06
4.46634e-05
3.49724e-06
4.58392e-05
3.2185e-06
4.68354e-05
2.87245e-06
4.76277e-05
2.45577e-06
4.81863e-05
1.96974e-06
4.84849e-05
1.41141e-06
4.84925e-05
7.81194e-07
4.81796e-05
7.46137e-08
4.75119e-05
-7.11991e-07
4.64545e-05
-1.58892e-06
4.4966e-05
-2.56976e-06
4.29993e-05
-3.67711e-06
4.0498e-05
-4.94643e-06
3.73922e-05
-6.42794e-06
3.3598e-05
-8.2102e-06
2.90104e-05
-1.0402e-05
2.35127e-05
-1.32466e-05
1.6983e-05
-1.6944e-05
9.37693e-06
-2.24652e-05
9.63169e-07
-2.97481e-05
-7.14552e-06
-4.39497e-05
-1.26609e-05
-5.70447e-05
-9.85359e-05
-9.22262e-06
0.000101607
-8.69994e-07
4.27219e-05
8.05236e-06
2.83156e-05
1.51279e-05
1.63041e-05
2.07252e-05
1.1144e-05
2.50717e-05
7.72161e-06
2.85379e-05
5.71626e-06
3.13518e-05
4.36715e-06
3.3706e-05
3.50327e-06
3.57403e-05
2.95609e-06
3.75658e-05
2.63884e-06
3.9258e-05
2.47845e-06
4.08723e-05
2.41509e-06
4.24371e-05
2.41101e-06
4.39751e-05
2.43439e-06
4.54901e-05
2.47125e-06
4.69877e-05
2.50308e-06
4.84571e-05
2.52181e-06
4.98918e-05
2.51451e-06
5.12718e-05
2.4764e-06
5.25818e-05
2.3989e-06
5.37974e-05
2.28082e-06
5.48985e-05
2.11806e-06
5.5859e-05
1.91135e-06
5.66566e-05
1.65863e-06
5.72647e-05
1.3611e-06
5.76596e-05
1.01689e-06
5.78136e-05
6.26656e-07
5.77008e-05
1.87694e-07
5.72906e-05
-3.02237e-07
5.65515e-05
-8.49744e-07
5.54452e-05
-1.46382e-06
5.39272e-05
-2.15938e-06
5.19415e-05
-2.96073e-06
4.94154e-05
-3.90224e-06
4.62528e-05
-5.04738e-06
4.23249e-05
-6.47479e-06
3.74497e-05
-8.37112e-06
3.14033e-05
-1.08986e-05
2.38135e-05
-1.48754e-05
1.44938e-05
-2.04294e-05
3.19214e-06
-3.26485e-05
-7.34614e-06
-4.65074e-05
-0.000105882
8.88581e-07
0.000100718
1.29493e-05
3.06617e-05
2.32516e-05
1.80135e-05
2.99018e-05
9.65412e-06
3.4731e-05
6.31519e-06
3.82136e-05
4.23898e-06
4.08667e-05
3.06346e-06
4.29383e-05
2.29529e-06
4.46267e-05
1.81523e-06
4.60635e-05
1.51879e-06
4.735e-05
1.35293e-06
4.85525e-05
1.27529e-06
4.97171e-05
1.25143e-06
5.08665e-05
1.26053e-06
5.20176e-05
1.28431e-06
5.31723e-05
1.31525e-06
5.43337e-05
1.34268e-06
5.54918e-05
1.36249e-06
5.66398e-05
1.36736e-06
5.77603e-05
1.35488e-06
5.88396e-05
1.32027e-06
5.98568e-05
1.263e-06
6.07945e-05
1.1808e-06
6.16312e-05
1.07423e-06
6.23481e-05
9.4212e-07
6.29235e-05
7.85303e-07
6.33379e-05
6.02709e-07
6.35693e-05
3.94867e-07
6.35968e-05
1.60387e-07
6.33962e-05
-1.01974e-07
6.29423e-05
-3.9582e-07
6.22044e-05
-7.26246e-07
6.11464e-05
-1.10154e-06
5.97214e-05
-1.53571e-06
5.78672e-05
-2.04848e-06
5.54974e-05
-2.67727e-06
5.24918e-05
-3.46978e-06
4.8661e-05
-4.54007e-06
4.37617e-05
-6.00007e-06
3.72608e-05
-8.37456e-06
2.87374e-05
-1.19069e-05
1.64635e-05
-2.03748e-05
2.6844e-06
-3.27291e-05
-0.000103198
1.51824e-05
8.55361e-05
2.85859e-05
1.72586e-05
3.7972e-05
8.62763e-06
4.31778e-05
4.44857e-06
4.67116e-05
2.7816e-06
4.91165e-05
1.8339e-06
5.08814e-05
1.29876e-06
5.22156e-05
9.60911e-07
5.32798e-05
7.51352e-07
5.41747e-05
6.23416e-07
5.49765e-05
5.51549e-07
5.57334e-05
5.17753e-07
5.64784e-05
5.07174e-07
5.72269e-05
5.1129e-07
5.79901e-05
5.21959e-07
5.87684e-05
5.3593e-07
5.95635e-05
5.48485e-07
6.0367e-05
5.57987e-07
6.11737e-05
5.61379e-07
6.19703e-05
5.57628e-07
6.27463e-05
5.44768e-07
6.34862e-05
5.22519e-07
6.41775e-05
4.89953e-07
6.48041e-05
4.47266e-07
6.53526e-05
3.93945e-07
6.58072e-05
3.30319e-07
6.61543e-05
2.55896e-07
6.63779e-05
1.7089e-07
6.64637e-05
7.47639e-08
6.63946e-05
-3.31496e-08
6.61531e-05
-1.54373e-07
6.57179e-05
-2.91235e-07
6.50635e-05
-4.47255e-07
6.41565e-05
-6.28711e-07
6.29521e-05
-8.44331e-07
6.13856e-05
-1.11058e-06
5.93657e-05
-1.45038e-06
5.6739e-05
-1.91313e-06
5.33029e-05
-2.56456e-06
4.85548e-05
-3.62656e-06
4.20069e-05
-5.35957e-06
3.1201e-05
-9.56914e-06
1.65847e-05
-1.81134e-05
-8.66135e-05
3.2914e-05
5.26223e-05
4.44295e-05
5.74349e-06
5.08014e-05
2.25599e-06
5.40751e-05
1.17507e-06
5.616e-05
6.96792e-07
5.75334e-05
4.6025e-07
5.85116e-05
3.2073e-07
5.92357e-05
2.36745e-07
5.98036e-05
1.83714e-07
6.02756e-05
1.51008e-07
6.0696e-05
1.31384e-07
6.10922e-05
1.20944e-07
6.14837e-05
1.16286e-07
6.18789e-05
1.15522e-07
6.2285e-05
1.16599e-07
6.27017e-05
1.1856e-07
6.31303e-05
1.20435e-07
6.3566e-05
1.21699e-07
6.40059e-05
1.21916e-07
6.44425e-05
1.20562e-07
6.48702e-05
1.17421e-07
6.52802e-05
1.12196e-07
6.56656e-05
1.04857e-07
6.60173e-05
9.52742e-08
6.63281e-05
8.34198e-08
6.65889e-05
6.92469e-08
6.67923e-05
5.26947e-08
6.69293e-05
3.37088e-08
6.69919e-05
1.22495e-08
6.69705e-05
-1.20031e-08
6.68555e-05
-3.9342e-08
6.66346e-05
-7.04825e-08
6.62934e-05
-1.06184e-07
6.58129e-05
-1.48116e-07
6.51667e-05
-1.98441e-07
6.43174e-05
-2.61079e-07
6.32093e-05
-3.42605e-07
6.17497e-05
-4.53458e-07
5.9803e-05
-6.18279e-07
5.70519e-05
-8.75488e-07
5.30565e-05
-1.3646e-06
4.5929e-05
-2.4418e-06
3.37558e-05
-5.9406e-06
-5.28578e-05
5.26224e-05
5.83661e-05
6.06222e-05
6.17972e-05
6.24939e-05
6.2954e-05
6.3275e-05
6.35117e-05
6.36955e-05
6.38462e-05
6.39776e-05
6.40984e-05
6.42151e-05
6.43304e-05
6.44472e-05
6.45654e-05
6.46861e-05
6.48076e-05
6.49297e-05
6.50501e-05
6.51676e-05
6.52797e-05
6.53847e-05
6.54799e-05
6.55634e-05
6.56325e-05
6.56853e-05
6.57189e-05
6.57312e-05
6.57191e-05
6.56797e-05
6.56092e-05
6.5503e-05
6.53549e-05
6.51564e-05
6.48953e-05
6.45526e-05
6.40992e-05
6.34807e-05
6.26052e-05
6.12404e-05
5.87985e-05
5.28578e-05
)
;

boundaryField
{
    movingWall
    {
        type            calculated;
        value           uniform 0;
    }
    fixedWalls
    {
        type            calculated;
        value           uniform 0;
    }
    frontAndBack
    {
        type            empty;
        value           nonuniform 0();
    }
    defaultFaces
    {
        type            empty;
        value           nonuniform 0();
    }
}


// ************************************************************************* //
