/*--------------------------------*- C++ -*----------------------------------*\
  =========                 |
  \\      /  F ield         | OpenFOAM: The Open Source CFD Toolbox
   \\    /   O peration     | Website:  https://openfoam.org
    \\  /    A nd           | Version:  7
     \\/     M anipulation  |
\*---------------------------------------------------------------------------*/
FoamFile
{
    version     2.0;
    format      ascii;
    class       volVectorField;
    location    "1";
    object      U;
}
// * * * * * * * * * * * * * * * * * * * * * * * * * * * * * * * * * * * * * //

dimensions      [0 1 -1 0 0 0 0];

internalField   nonuniform List<vector> 
1936
(
(-3.40376 2.7826 0)
(-64.5648 178.04 0)
(-35.644 438.248 0)
(12.6892 440.41 0)
(3.169 357.09 0)
(11.9258 332.98 0)
(11.5 305.375 0)
(8.22021 282.612 0)
(-1.5578 275.454 0)
(-8.80462 291.202 0)
(-17.1525 350.149 0)
(-15.5783 439.27 0)
(15.4771 430.786 0)
(26.0363 310.351 0)
(5.90463 232.703 0)
(-12.0001 228.342 0)
(-22.6759 253.401 0)
(-34.7706 370.975 0)
(-0.760243 486.545 0)
(39.6768 405.177 0)
(30.9078 255.683 0)
(14.841 208.745 0)
(-0.491794 212.531 0)
(-19.8996 272.747 0)
(-28.1122 424.481 0)
(13.7084 474.525 0)
(39.7039 325.892 0)
(15.7015 212.005 0)
(-0.114418 203.714 0)
(-16.698 236.885 0)
(-36.3388 385.152 0)
(1.91775 492.028 0)
(41.1407 365.333 0)
(20.7625 224.581 0)
(4.81936 203.281 0)
(-12.1102 223.186 0)
(-35.3847 345.671 0)
(-12.3185 468.988 0)
(25.2225 394.357 0)
(13.7546 255.132 0)
(-7.92677 216.858 0)
(-18.7461 219.773 0)
(-36.7121 293.807 0)
(-31.2656 459.371 0)
(-6.52952 6.77094 0)
(-70.6644 1.37507 0)
(-38.2909 -4.55384 0)
(12.1034 -4.16344 0)
(0.19946 -1.24127 0)
(9.20205 -0.404484 0)
(9.58611 0.344063 0)
(6.53111 1.21871 0)
(-0.865604 1.7226 0)
(-6.74545 1.41503 0)
(-17.436 -0.0190128 0)
(-16.7734 -2.57879 0)
(15.9098 -3.09085 0)
(24.6452 0.181887 0)
(3.02979 3.22863 0)
(-9.3897 3.34761 0)
(-16.6117 1.34534 0)
(-33.8539 -2.75434 0)
(-1.14005 -5.34263 0)
(40.1942 -2.84548 0)
(26.7408 1.16189 0)
(10.5262 3.38119 0)
(2.79809 3.5735 0)
(-18.2362 1.36204 0)
(-30.0375 -2.73003 0)
(14.082 -4.65002 0)
(37.9831 -1.19011 0)
(10.095 3.07425 0)
(1.36514 3.93452 0)
(-12.5867 2.19712 0)
(-37.4178 -2.05925 0)
(1.83788 -5.07227 0)
(40.578 -2.38465 0)
(14.7512 2.30442 0)
(4.25517 3.97815 0)
(-8.01757 2.98331 0)
(-35.8099 -0.568196 0)
(-12.6115 -3.93997 0)
(26.3005 -2.39594 0)
(11.0591 1.86763 0)
(-8.94723 3.63339 0)
(-12.037 2.80204 0)
(-32.7119 -0.54789 0)
(-32.8037 -5.00204 0)
(-2.7896 14.3669 0)
(-66.9605 3.1476 0)
(-36.547 -10.187 0)
(13.978 -8.56597 0)
(2.04589 -2.14069 0)
(9.33837 -0.843697 0)
(8.65188 0.744743 0)
(4.62292 2.46767 0)
(-3.50212 3.40365 0)
(-9.72815 2.98212 0)
(-19.4273 0.0782901 0)
(-15.4061 -5.73573 0)
(19.4872 -6.6485 0)
(27.3818 0.650016 0)
(7.36966 6.41277 0)
(-3.15072 6.38924 0)
(-12.3184 3.34234 0)
(-34.8477 -4.93753 0)
(-3.68906 -11.4083 0)
(39.7973 -5.79234 0)
(26.2255 3.07192 0)
(5.72501 6.76402 0)
(-1.97607 7.03407 0)
(-22.2101 3.17384 0)
(-31.0659 -5.95147 0)
(16.4038 -10.1164 0)
(39.6569 -1.82224 0)
(8.93812 6.47579 0)
(-0.0446618 7.61292 0)
(-15.1074 4.92779 0)
(-39.3185 -4.15123 0)
(3.20026 -11.1334 0)
(42.4826 -4.37193 0)
(12.6283 5.20559 0)
(0.883285 7.70173 0)
(-11.6515 6.26571 0)
(-37.9369 -1.07673 0)
(-10.4355 -8.86414 0)
(30.1861 -4.99505 0)
(15.806 4.04841 0)
(-1.12476 6.86256 0)
(-5.14518 5.81598 0)
(-30.6918 -0.0442909 0)
(-33.672 -10.4133 0)
(3.61218 20.6386 0)
(-55.5479 4.80734 0)
(-27.8254 -14.652 0)
(9.32558 -12.2938 0)
(-2.96085 -2.96714 0)
(4.61062 -1.11021 0)
(3.85051 1.22833 0)
(0.361252 3.6176 0)
(-5.02311 4.79966 0)
(-7.7168 4.12994 0)
(-14.1331 -0.24544 0)
(-10.7372 -8.74723 0)
(16.7382 -9.62776 0)
(20.0608 0.931556 0)
(6.39412 8.64688 0)
(3.23378 8.80873 0)
(-1.32754 5.51522 0)
(-24.5216 -6.07174 0)
(-4.4946 -16.2509 0)
(29.0423 -8.25892 0)
(16.1405 4.97896 0)
(-1.34785 9.82228 0)
(-1.48202 9.71532 0)
(-15.6845 4.30421 0)
(-23.5916 -8.98604 0)
(13.7851 -14.6354 0)
(28.662 -2.02983 0)
(1.25812 9.41329 0)
(0.608126 10.6295 0)
(-8.44696 7.12087 0)
(-29.9194 -6.08736 0)
(3.28166 -16.167 0)
(31.7593 -5.62853 0)
(2.62407 7.92057 0)
(-1.55443 10.7758 0)
(-7.1736 8.76145 0)
(-28.7433 -1.92077 0)
(-6.08006 -13.2296 0)
(24.3146 -7.29256 0)
(11.0965 5.39926 0)
(2.94335 9.20509 0)
(4.55949 8.67239 0)
(-17.5037 1.0038 0)
(-26.7311 -14.5131 0)
(11.8826 25.4836 0)
(-45.9043 6.40289 0)
(-19.3013 -17.5343 0)
(4.89572 -14.9749 0)
(-6.87252 -3.94724 0)
(-0.0710443 -1.39748 0)
(-0.587996 1.69206 0)
(-3.20887 4.5032 0)
(-5.98372 5.68939 0)
(-6.14199 4.60219 0)
(-9.63207 -0.969699 0)
(-6.5072 -11.116 0)
(13.7074 -11.5975 0)
(13.6314 0.952088 0)
(4.92568 9.78143 0)
(6.03002 10.3466 0)
(5.18086 7.28115 0)
(-15.505 -6.25876 0)
(-4.74355 -19.1413 0)
(19.2207 -9.9026 0)
(8.19556 6.47159 0)
(-5.71328 12.0035 0)
(0.448016 11.2905 0)
(-10.4771 4.73971 0)
(-16.7663 -11.2472 0)
(10.9835 -17.4682 0)
(19.1187 -1.87937 0)
(-4.26334 11.3138 0)
(1.74055 12.5277 0)
(-3.39686 8.4836 0)
(-21.5527 -7.5129 0)
(3.12525 -19.331 0)
(22.3079 -6.068 0)
(-4.20209 9.85762 0)
(-2.28191 12.7286 0)
(-3.12553 10.1835 0)
(-20.5417 -2.83847 0)
(-2.10925 -16.2505 0)
(18.9196 -8.92932 0)
(7.59864 5.88904 0)
(3.34637 10.4736 0)
(9.43248 10.7244 0)
(-7.98868 2.14773 0)
(-20.1822 -16.7584 0)
(18.7676 28.6013 0)
(-36.8908 7.99634 0)
(-11.6377 -18.7431 0)
(0.990674 -16.4049 0)
(-9.75173 -4.93896 0)
(-4.3919 -1.68845 0)
(-4.33169 1.99842 0)
(-5.57986 4.97787 0)
(-5.77284 5.98322 0)
(-4.21119 4.39608 0)
(-5.74864 -1.99995 0)
(-3.15197 -12.6885 0)
(10.2181 -12.489 0)
(7.68789 0.868494 0)
(1.53178 10.0076 0)
(5.86214 11.0025 0)
(7.94367 8.30909 0)
(-8.25988 -5.7499 0)
(-4.18137 -20.0056 0)
(10.9334 -10.6374 0)
(1.82842 7.30558 0)
(-7.34148 13.0451 0)
(3.3996 11.8394 0)
(-5.74263 4.69694 0)
(-10.7488 -12.6022 0)
(8.09106 -18.5596 0)
(11.1636 -1.43203 0)
(-7.92989 12.0412 0)
(2.77478 13.2819 0)
(1.13321 9.00797 0)
(-14.2613 -8.30307 0)
(2.66677 -20.554 0)
(14.369 -5.79692 0)
(-8.29324 10.7927 0)
(-1.80334 13.5157 0)
(1.46417 10.5639 0)
(-13.2719 -3.65508 0)
(0.929839 -17.8105 0)
(13.7726 -9.78469 0)
(3.75698 5.87803 0)
(0.69649 10.9132 0)
(10.4316 11.6702 0)
(-1.72519 3.05074 0)
(-14.2268 -17.2684 0)
(22.4624 29.8553 0)
(-27.6954 9.5044 0)
(-5.43842 -18.2342 0)
(-2.08276 -16.4584 0)
(-11.563 -5.7626 0)
(-7.8177 -2.00163 0)
(-7.06582 1.96465 0)
(-6.66285 4.89543 0)
(-4.69776 5.61142 0)
(-2.0816 3.63514 0)
(-2.56593 -3.14782 0)
(-0.894131 -13.2936 0)
(6.31642 -12.2876 0)
(2.31904 0.890314 0)
(-2.47204 9.46093 0)
(4.27868 10.7133 0)
(8.44335 8.39691 0)
(-2.79656 -4.87678 0)
(-2.89757 -19.0045 0)
(4.50534 -10.383 0)
(-2.95462 7.32016 0)
(-6.73194 12.8225 0)
(5.44186 11.4746 0)
(-1.46185 4.32227 0)
(-5.6523 -12.8872 0)
(5.18064 -17.9867 0)
(4.97636 -0.833679 0)
(-9.36237 11.6622 0)
(2.99034 12.8635 0)
(4.86783 8.71464 0)
(-8.13008 -8.32595 0)
(1.89581 -19.9115 0)
(8.01362 -5.02708 0)
(-9.85555 10.6504 0)
(-0.819067 13.0728 0)
(5.59485 10.0193 0)
(-7.16566 -4.12517 0)
(2.75182 -17.8363 0)
(8.81146 -9.68961 0)
(-0.688646 5.62813 0)
(-2.20243 10.641 0)
(9.0439 11.3906 0)
(2.07626 3.39643 0)
(-8.92037 -16.2778 0)
(23.0294 29.1829 0)
(-17.1792 10.8101 0)
(-1.05512 -15.991 0)
(-3.84803 -15.182 0)
(-11.9341 -6.25587 0)
(-9.69575 -2.36328 0)
(-8.41463 1.49317 0)
(-6.56502 4.18046 0)
(-3.26221 4.65238 0)
(-0.2253 2.49317 0)
(-0.255213 -4.18062 0)
(0.211298 -12.8625 0)
(2.34147 -11.0771 0)
(-2.14282 0.964619 0)
(-5.08981 8.32162 0)
(2.53232 9.50664 0)
(7.91853 7.58308 0)
(1.08489 -3.98271 0)
(-1.32038 -16.4514 0)
(0.0879688 -9.16859 0)
(-6.00234 6.55861 0)
(-5.17414 11.4465 0)
(5.88006 10.3255 0)
(2.11561 3.65465 0)
(-1.64593 -12.0181 0)
(2.40734 -15.9546 0)
(0.566137 -0.334104 0)
(-8.84122 10.3996 0)
(2.53528 11.3969 0)
(7.25514 7.7465 0)
(-3.24769 -7.57548 0)
(0.953582 -17.6644 0)
(3.1333 -4.0805 0)
(-9.52677 9.57846 0)
(0.142968 11.517 0)
(8.0177 8.80809 0)
(-2.46425 -4.14373 0)
(3.35123 -16.3485 0)
(4.2915 -8.65494 0)
(-4.72787 5.18961 0)
(-3.71072 9.66774 0)
(6.95677 10.0335 0)
(4.19746 3.11534 0)
(-4.36798 -14.0967 0)
(20.2302 26.495 0)
(-5.52096 11.7121 0)
(2.31495 -12.1206 0)
(-3.59914 -12.7595 0)
(-10.3453 -6.27966 0)
(-9.53095 -2.74117 0)
(-8.12368 0.638373 0)
(-5.50532 2.92707 0)
(-1.83245 3.2769 0)
(1.04001 1.14777 0)
(1.08172 -4.80714 0)
(0.261624 -11.4605 0)
(-1.03783 -9.12632 0)
(-5.154 0.877812 0)
(-5.78486 6.72358 0)
(1.27209 7.58356 0)
(6.82492 6.07409 0)
(3.34419 -3.1686 0)
(-0.0601263 -12.8622 0)
(-2.42597 -7.20174 0)
(-7.2074 5.24099 0)
(-3.68609 9.27273 0)
(5.24961 8.56258 0)
(4.54441 2.72652 0)
(1.04835 -10.1039 0)
(0.147196 -12.8596 0)
(-2.33069 -0.109094 0)
(-7.35514 8.56406 0)
(1.8838 9.20141 0)
(7.87585 6.27291 0)
(0.190306 -6.18638 0)
(0.145409 -14.2375 0)
(-0.304912 -3.17773 0)
(-8.12293 7.85015 0)
(0.644548 9.23024 0)
(8.33549 7.13091 0)
(0.838657 -3.74902 0)
(3.04015 -13.5735 0)
(0.770572 -6.89305 0)
(-6.81924 4.44599 0)
(-3.60809 8.03712 0)
(5.2707 8.03669 0)
(5.16866 2.35218 0)
(-0.932016 -11.1253 0)
(14.5032 22.0451 0)
(4.28852 11.7757 0)
(5.45876 -7.21134 0)
(-1.23384 -9.45995 0)
(-6.86901 -5.69549 0)
(-7.42568 -2.98685 0)
(-6.40225 -0.371924 0)
(-3.87974 1.42442 0)
(-0.647248 1.72156 0)
(1.6659 -0.136426 0)
(1.56219 -4.85009 0)
(-0.304568 -9.31764 0)
(-3.23056 -6.90767 0)
(-6.31903 0.519171 0)
(-5.23272 4.79624 0)
(0.474117 5.36237 0)
(5.21187 4.18412 0)
(3.88088 -2.39271 0)
(0.39519 -8.93884 0)
(-3.43026 -4.91885 0)
(-6.69408 3.71589 0)
(-2.55028 6.77632 0)
(4.17544 6.38359 0)
(5.32519 1.72677 0)
(2.27381 -7.50376 0)
(-1.15452 -9.26322 0)
(-3.83312 -0.0851321 0)
(-5.64154 6.4072 0)
(1.33295 6.74122 0)
(6.87242 4.52205 0)
(2.12412 -4.46659 0)
(-0.26632 -10.2489 0)
(-2.27188 -2.32114 0)
(-6.21315 5.7605 0)
(0.690333 6.68956 0)
(7.09192 5.14819 0)
(2.83357 -3.0167 0)
(2.2721 -10.0323 0)
(-1.39666 -4.81728 0)
(-6.55937 3.42627 0)
(-2.7107 5.96639 0)
(3.95915 5.84477 0)
(5.11928 1.41808 0)
(0.980712 -7.84351 0)
(8.20675 16.7301 0)
(8.69476 10.6591 0)
(7.53642 -2.50486 0)
(2.05817 -5.77435 0)
(-2.55143 -4.44832 0)
(-4.14518 -2.88306 0)
(-3.87762 -1.18366 0)
(-2.10037 0.0372501 0)
(0.259781 0.273363 0)
(1.86091 -1.11724 0)
(1.52545 -4.32715 0)
(-0.803836 -6.86415 0)
(-3.91763 -4.87312 0)
(-5.79707 -0.0229765 0)
(-4.17511 2.83037 0)
(-0.109381 3.25173 0)
(3.28762 2.34928 0)
(3.03562 -1.66965 0)
(0.177779 -5.39625 0)
(-3.32 -2.84398 0)
(-5.05729 2.31706 0)
(-1.68559 4.37993 0)
(2.93061 4.14998 0)
(4.53331 0.905038 0)
(2.2683 -4.8028 0)
(-1.50638 -5.78554 0)
(-3.94438 -0.0919354 0)
(-3.93847 4.206 0)
(0.878393 4.42338 0)
(4.93599 2.82911 0)
(2.62511 -2.80334 0)
(-0.319468 -6.41517 0)
(-2.75707 -1.52624 0)
(-4.16477 3.66466 0)
(0.570723 4.30034 0)
(5.12713 3.20081 0)
(3.39052 -2.12017 0)
(1.39675 -6.40708 0)
(-2.16803 -2.89569 0)
(-4.88765 2.31546 0)
(-1.80568 3.90625 0)
(2.71966 3.74218 0)
(4.15125 0.668378 0)
(1.47782 -4.80357 0)
(4.07478 11.6836 0)
(7.93597 8.66701 0)
(7.47088 0.789973 0)
(4.21026 -2.47009 0)
(0.966731 -2.78762 0)
(-0.860046 -2.35148 0)
(-1.25842 -1.58695 0)
(-0.41191 -0.941814 0)
(0.982081 -0.814275 0)
(1.85912 -1.67673 0)
(1.31459 -3.458 0)
(-0.815249 -4.59622 0)
(-3.30045 -3.26323 0)
(-4.31805 -0.51965 0)
(-3.03229 1.18447 0)
(-0.525584 1.51778 0)
(1.54055 0.957649 0)
(1.63487 -1.05995 0)
(-0.247185 -2.75467 0)
(-2.56285 -1.36173 0)
(-3.21422 1.24653 0)
(-1.06221 2.43644 0)
(1.70854 2.29131 0)
(2.9264 0.384985 0)
(1.53505 -2.56484 0)
(-1.27912 -3.00832 0)
(-3.00658 -0.0555184 0)
(-2.42089 2.35392 0)
(0.480124 2.52133 0)
(2.92119 1.49729 0)
(2.09267 -1.50122 0)
(-0.221471 -3.35992 0)
(-2.1747 -0.869353 0)
(-2.36888 1.93911 0)
(0.424647 2.3707 0)
(3.13148 1.63497 0)
(2.6952 -1.26617 0)
(0.711192 -3.38441 0)
(-1.8671 -1.42106 0)
(-3.00044 1.37051 0)
(-1.09701 2.23841 0)
(1.60899 2.02468 0)
(2.72049 0.221314 0)
(1.16923 -2.47063 0)
(2.11171 7.80349 0)
(5.01573 6.48583 0)
(5.61378 2.32833 0)
(4.35392 -0.225758 0)
(2.57877 -1.24217 0)
(1.25858 -1.59715 0)
(0.711658 -1.59798 0)
(0.914335 -1.44495 0)
(1.45998 -1.42963 0)
(1.70069 -1.81841 0)
(1.07692 -2.53075 0)
(-0.457117 -2.85184 0)
(-2.0675 -2.11971 0)
(-2.66154 -0.801487 0)
(-1.97306 0.0942199 0)
(-0.659746 0.339337 0)
(0.398793 0.109765 0)
(0.493142 -0.632471 0)
(-0.485709 -1.16676 0)
(-1.64315 -0.538939 0)
(-1.80167 0.550407 0)
(-0.678385 1.12133 0)
(0.740027 1.04266 0)
(1.40729 0.144159 0)
(0.690985 -1.07747 0)
(-0.871821 -1.22599 0)
(-1.79727 -0.00162425 0)
(-1.31659 1.09386 0)
(0.17013 1.20273 0)
(1.39742 0.646821 0)
(1.16876 -0.660444 0)
(-0.141247 -1.41099 0)
(-1.25882 -0.415452 0)
(-1.14621 0.805043 0)
(0.247598 1.0544 0)
(1.56942 0.644261 0)
(1.49662 -0.612173 0)
(0.24987 -1.38445 0)
(-1.16503 -0.488075 0)
(-1.55887 0.735957 0)
(-0.576744 1.10116 0)
(0.813373 0.887058 0)
(1.42149 0.0308635 0)
(0.664682 -1.01654 0)
(1.16818 5.3159 0)
(2.61864 4.67783 0)
(3.40677 2.58789 0)
(3.20255 0.855362 0)
(2.52208 -0.220936 0)
(1.88244 -0.934864 0)
(1.50943 -1.35601 0)
(1.43436 -1.53633 0)
(1.47468 -1.58309 0)
(1.33718 -1.64795 0)
(0.798924 -1.75826 0)
(-0.0978526 -1.72348 0)
(-0.959865 -1.38529 0)
(-1.31686 -0.872594 0)
(-1.07781 -0.481286 0)
(-0.54761 -0.313424 0)
(-0.121262 -0.301503 0)
(-0.0894341 -0.400792 0)
(-0.483827 -0.432008 0)
(-0.914243 -0.188902 0)
(-0.923956 0.171972 0)
(-0.441601 0.387822 0)
(0.163845 0.369197 0)
(0.446491 0.071272 0)
(0.142352 -0.304711 0)
(-0.516252 -0.337494 0)
(-0.889816 0.0428831 0)
(-0.648964 0.410439 0)
(-0.0172381 0.450611 0)
(0.496907 0.218679 0)
(0.439126 -0.220501 0)
(-0.109518 -0.44861 0)
(-0.579014 -0.164929 0)
(-0.497479 0.224342 0)
(0.0689941 0.329346 0)
(0.586785 0.173198 0)
(0.553329 -0.208253 0)
(-0.00890402 -0.363605 0)
(-0.584938 -0.0151628 0)
(-0.683269 0.385453 0)
(-0.248448 0.454726 0)
(0.344435 0.29974 0)
(0.578948 -0.0107785 0)
(0.285716 -0.297508 0)
(0.675184 3.77129 0)
(1.4523 3.46223 0)
(1.97919 2.29964 0)
(2.09245 1.1814 0)
(1.91058 0.250246 0)
(1.62823 -0.499031 0)
(1.39612 -1.04098 0)
(1.22534 -1.33197 0)
(1.06117 -1.39908 0)
(0.824858 -1.33442 0)
(0.474425 -1.22673 0)
(0.0489379 -1.10529 0)
(-0.326151 -0.970278 0)
(-0.514088 -0.825508 0)
(-0.484809 -0.699332 0)
(-0.344487 -0.579265 0)
(-0.238612 -0.445803 0)
(-0.251193 -0.312767 0)
(-0.368807 -0.193647 0)
(-0.470794 -0.086946 0)
(-0.440381 0.00351805 0)
(-0.266374 0.0655171 0)
(-0.0620725 0.0865599 0)
(0.024527 0.057516 0)
(-0.0714723 0.00484662 0)
(-0.264481 0.00475555 0)
(-0.371126 0.0699654 0)
(-0.286641 0.122582 0)
(-0.0779055 0.114352 0)
(0.0892808 0.0484398 0)
(0.0770039 -0.048226 0)
(-0.0892157 -0.0992435 0)
(-0.235333 -0.0617372 0)
(-0.212721 0.00276698 0)
(-0.044797 0.0293863 0)
(0.100056 0.0185643 0)
(0.0773173 -0.00627279 0)
(-0.0924718 0.032861 0)
(-0.245929 0.153405 0)
(-0.243153 0.213209 0)
(-0.0798803 0.159753 0)
(0.114342 0.0675285 0)
(0.17329 -0.00254217 0)
(0.0923322 -0.0318645 0)
(0.419802 2.71716 0)
(0.97831 2.62427 0)
(1.34543 1.92877 0)
(1.47179 1.17766 0)
(1.43171 0.43813 0)
(1.26904 -0.213233 0)
(1.04916 -0.70994 0)
(0.830377 -1.00068 0)
(0.617016 -1.08308 0)
(0.407934 -1.02098 0)
(0.209243 -0.906149 0)
(0.0333077 -0.811715 0)
(-0.103722 -0.764298 0)
(-0.186681 -0.740405 0)
(-0.216726 -0.700039 0)
(-0.218795 -0.608893 0)
(-0.22374 -0.462668 0)
(-0.238855 -0.299015 0)
(-0.252051 -0.168265 0)
(-0.245347 -0.0962213 0)
(-0.211375 -0.0687056 0)
(-0.157543 -0.0443794 0)
(-0.104817 -0.00398461 0)
(-0.0808908 0.0463507 0)
(-0.0933227 0.0853907 0)
(-0.119796 0.0922671 0)
(-0.129055 0.0682231 0)
(-0.103295 0.0333724 0)
(-0.0575532 0.00649369 0)
(-0.024524 -0.00441046 0)
(-0.0276958 -0.00591822 0)
(-0.0597065 -0.0135982 0)
(-0.0893374 -0.0308163 0)
(-0.091716 -0.0480141 0)
(-0.0704602 -0.0435255 0)
(-0.0536272 -0.00480706 0)
(-0.0627055 0.060097 0)
(-0.0843074 0.125824 0)
(-0.0871861 0.155565 0)
(-0.058073 0.126885 0)
(-0.00870769 0.056895 0)
(0.0335287 0.00710376 0)
(0.0375882 0.00907795 0)
(0.0219394 0.0307345 0)
(0.264257 1.93392 0)
(0.685312 1.96519 0)
(0.992374 1.55607 0)
(1.13058 1.06118 0)
(1.13012 0.532764 0)
(1.02617 0.0232623 0)
(0.845386 -0.381728 0)
(0.629039 -0.64153 0)
(0.421815 -0.751057 0)
(0.246098 -0.750751 0)
(0.111886 -0.703315 0)
(0.0158178 -0.664007 0)
(-0.0516879 -0.653024 0)
(-0.101796 -0.652644 0)
(-0.142851 -0.628349 0)
(-0.176371 -0.555809 0)
(-0.19988 -0.439352 0)
(-0.206383 -0.310387 0)
(-0.192676 -0.20621 0)
(-0.165129 -0.14407 0)
(-0.135586 -0.111825 0)
(-0.112045 -0.081031 0)
(-0.0949709 -0.0336045 0)
(-0.0807421 0.0221056 0)
(-0.0651834 0.0639059 0)
(-0.047176 0.0721955 0)
(-0.0303328 0.0487194 0)
(-0.0188194 0.0143879 0)
(-0.0142362 -0.00869712 0)
(-0.0154426 -0.00935606 0)
(-0.0190458 -0.00101323 0)
(-0.0225216 -0.00140599 0)
(-0.0273926 -0.0186171 0)
(-0.0358782 -0.0361841 0)
(-0.0469211 -0.0318361 0)
(-0.0557082 0.00484609 0)
(-0.0569541 0.0583159 0)
(-0.0445459 0.101711 0)
(-0.0199509 0.110759 0)
(0.0043919 0.0816668 0)
(0.0172413 0.037153 0)
(0.0159416 0.0147998 0)
(0.00750674 0.0224747 0)
(0.00504436 0.0371711 0)
(0.161136 1.34779 0)
(0.449824 1.42456 0)
(0.690808 1.19648 0)
(0.834875 0.89296 0)
(0.880367 0.546435 0)
(0.83784 0.199015 0)
(0.729566 -0.105548 0)
(0.580993 -0.325629 0)
(0.42285 -0.455439 0)
(0.280789 -0.513358 0)
(0.166551 -0.532453 0)
(0.0791898 -0.541922 0)
(0.0109577 -0.552377 0)
(-0.0461307 -0.556302 0)
(-0.0959218 -0.537047 0)
(-0.136587 -0.484754 0)
(-0.163188 -0.405445 0)
(-0.171518 -0.318005 0)
(-0.162517 -0.241786 0)
(-0.14314 -0.185158 0)
(-0.122133 -0.142513 0)
(-0.104399 -0.101855 0)
(-0.0888357 -0.0566927 0)
(-0.0712955 -0.0121279 0)
(-0.0492588 0.0200073 0)
(-0.0247691 0.031049 0)
(-0.00467583 0.023254 0)
(0.00639297 0.00789405 0)
(0.00925288 -0.0027365 0)
(0.00708852 -0.00406846 0)
(0.00423548 -0.00126882 0)
(0.0023137 -0.00244951 0)
(-0.000960896 -0.00938277 0)
(-0.00811742 -0.0144342 0)
(-0.0181039 -0.00752185 0)
(-0.0253006 0.0149162 0)
(-0.0241449 0.0441695 0)
(-0.0130164 0.0667702 0)
(0.00368417 0.0717347 0)
(0.0168206 0.0592139 0)
(0.0198568 0.0409477 0)
(0.0141468 0.0323204 0)
(0.00633819 0.0363508 0)
(0.00345083 0.038014 0)
(0.0963269 0.921023 0)
(0.281024 0.999367 0)
(0.449384 0.876977 0)
(0.570287 0.703213 0)
(0.636579 0.494288 0)
(0.645111 0.273962 0)
(0.604896 0.0680166 0)
(0.530056 -0.102083 0)
(0.437648 -0.226333 0)
(0.342925 -0.310723 0)
(0.254744 -0.366654 0)
(0.176175 -0.405576 0)
(0.106325 -0.432183 0)
(0.0435875 -0.443926 0)
(-0.0118332 -0.43565 0)
(-0.0573896 -0.405705 0)
(-0.090463 -0.358953 0)
(-0.109685 -0.304665 0)
(-0.115912 -0.252211 0)
(-0.112901 -0.205507 0)
(-0.104892 -0.16348 0)
(-0.0943933 -0.123185 0)
(-0.0816126 -0.0839495 0)
(-0.0657791 -0.0489309 0)
(-0.0472135 -0.0228666 0)
(-0.0282172 -0.00830387 0)
(-0.0121251 -0.00366196 0)
(-0.0013471 -0.0038211 0)
(0.004035 -0.00422847 0)
(0.00584445 -0.00309107 0)
(0.00603193 -0.00142791 0)
(0.00531318 -0.00104812 0)
(0.00311404 -0.0014322 0)
(-0.00103519 0.000345548 0)
(-0.00603101 0.00705085 0)
(-0.00920182 0.0192859 0)
(-0.00811594 0.0335052 0)
(-0.00248125 0.0447969 0)
(0.00509086 0.0495255 0)
(0.0105859 0.0480594 0)
(0.0117056 0.0444195 0)
(0.00920303 0.0431541 0)
(0.0044999 0.0449994 0)
(0.00270877 0.0410528 0)
(0.0573171 0.617841 0)
(0.172467 0.68183 0)
(0.281878 0.616957 0)
(0.368987 0.521619 0)
(0.429475 0.402783 0)
(0.458408 0.271757 0)
(0.457625 0.141261 0)
(0.433239 0.02189 0)
(0.391589 -0.0785602 0)
(0.340032 -0.159106 0)
(0.284961 -0.222237 0)
(0.228931 -0.270468 0)
(0.173645 -0.304852 0)
(0.120521 -0.324661 0)
(0.0712711 -0.328918 0)
(0.0281423 -0.318303 0)
(-0.00652579 -0.296009 0)
(-0.0326781 -0.266382 0)
(-0.0506574 -0.233733 0)
(-0.0608966 -0.200452 0)
(-0.0653449 -0.167422 0)
(-0.0652377 -0.134904 0)
(-0.0612276 -0.1039 0)
(-0.053895 -0.0762988 0)
(-0.0442566 -0.053972 0)
(-0.0338543 -0.0376268 0)
(-0.0243152 -0.0264089 0)
(-0.0167946 -0.018539 0)
(-0.0116343 -0.0124331 0)
(-0.0084793 -0.00732568 0)
(-0.00684533 -0.00319519 0)
(-0.00633356 3.73125e-05 0)
(-0.00671671 0.0030544 0)
(-0.00793459 0.00698464 0)
(-0.00936127 0.0126326 0)
(-0.00992342 0.0198639 0)
(-0.00893877 0.0275233 0)
(-0.00642816 0.0341644 0)
(-0.0032279 0.038897 0)
(-0.000571328 0.0418595 0)
(0.00078316 0.0439521 0)
(0.00115293 0.045883 0)
(0.000161717 0.0478402 0)
(0.0012119 0.0427955 0)
(0.0338372 0.405507 0)
(0.104874 0.452485 0)
(0.173422 0.418092 0)
(0.231618 0.366708 0)
(0.277268 0.301148 0)
(0.307101 0.226279 0)
(0.320778 0.147772 0)
(0.319649 0.0710322 0)
(0.306852 -0.000582603 0)
(0.284719 -0.0632701 0)
(0.25553 -0.116767 0)
(0.222048 -0.160489 0)
(0.186039 -0.193989 0)
(0.149139 -0.216806 0)
(0.113049 -0.228824 0)
(0.0794141 -0.230725 0)
(0.0496094 -0.224106 0)
(0.0244227 -0.211286 0)
(0.00419765 -0.19393 0)
(-0.0113796 -0.173805 0)
(-0.0227187 -0.152025 0)
(-0.0300349 -0.129522 0)
(-0.0338678 -0.107346 0)
(-0.0348066 -0.0866664 0)
(-0.0335751 -0.0684012 0)
(-0.0310291 -0.0529492 0)
(-0.0279841 -0.0401426 0)
(-0.0250482 -0.0294912 0)
(-0.0225539 -0.0205248 0)
(-0.0205918 -0.0129616 0)
(-0.0191053 -0.00663358 0)
(-0.018103 -0.00128585 0)
(-0.0175619 0.00350546 0)
(-0.0172679 0.0082302 0)
(-0.0169358 0.013195 0)
(-0.0162758 0.0183997 0)
(-0.0150927 0.0235812 0)
(-0.0133804 0.0284272 0)
(-0.0113134 0.0327562 0)
(-0.00913838 0.0365503 0)
(-0.00701387 0.0398694 0)
(-0.0047783 0.0427033 0)
(-0.00311412 0.0448676 0)
(-0.00019225 0.0400417 0)
(0.0199669 0.257548 0)
(0.0637913 0.289371 0)
(0.106175 0.271049 0)
(0.143891 0.24352 0)
(0.175805 0.207907 0)
(0.199902 0.166227 0)
(0.215656 0.120874 0)
(0.223081 0.0743585 0)
(0.22277 0.0289448 0)
(0.215555 -0.013952 0)
(0.202694 -0.0523366 0)
(0.185498 -0.0853989 0)
(0.165024 -0.1124 0)
(0.142481 -0.132844 0)
(0.119078 -0.146581 0)
(0.0959284 -0.153875 0)
(0.0739738 -0.155386 0)
(0.0539109 -0.152034 0)
(0.0361794 -0.144788 0)
(0.0209658 -0.134621 0)
(0.00832498 -0.122277 0)
(-0.00169357 -0.108574 0)
(-0.00931333 -0.0942711 0)
(-0.0148721 -0.0800818 0)
(-0.0186297 -0.0665834 0)
(-0.0209751 -0.054109 0)
(-0.0223018 -0.042855 0)
(-0.022926 -0.0327897 0)
(-0.023087 -0.0238607 0)
(-0.022943 -0.0160124 0)
(-0.0226059 -0.00917017 0)
(-0.0221719 -0.0032004 0)
(-0.0216729 0.00208435 0)
(-0.0210733 0.00689759 0)
(-0.0203084 0.011412 0)
(-0.0193043 0.0157089 0)
(-0.0180089 0.019793 0)
(-0.0163988 0.0236368 0)
(-0.0144829 0.0272116 0)
(-0.012285 0.0304819 0)
(-0.00981438 0.0333826 0)
(-0.00698108 0.0358107 0)
(-0.00423222 0.0375967 0)
(-0.000952674 0.0334326 0)
(0.0125832 0.157408 0)
(0.0413953 0.177391 0)
(0.0690645 0.167463 0)
(0.0945062 0.152574 0)
(0.117091 0.133204 0)
(0.13554 0.110209 0)
(0.149417 0.0846295 0)
(0.158459 0.0576217 0)
(0.162703 0.0303382 0)
(0.162592 0.00382548 0)
(0.158408 -0.0208447 0)
(0.150541 -0.0429539 0)
(0.139807 -0.0618815 0)
(0.126935 -0.0771949 0)
(0.112644 -0.0886747 0)
(0.0976366 -0.0963208 0)
(0.0825421 -0.100334 0)
(0.0678865 -0.101068 0)
(0.054077 -0.0989666 0)
(0.0414026 -0.0945128 0)
(0.0300538 -0.0881949 0)
(0.0201427 -0.080502 0)
(0.0116849 -0.0719215 0)
(0.00463542 -0.0628727 0)
(-0.00102007 -0.0537466 0)
(-0.00556997 -0.0448406 0)
(-0.00921705 -0.036356 0)
(-0.0119615 -0.0284254 0)
(-0.0139789 -0.021126 0)
(-0.0154057 -0.0144984 0)
(-0.0163476 -0.00854895 0)
(-0.0169036 -0.00324438 0)
(-0.0171534 0.00148837 0)
(-0.0171061 0.00572857 0)
(-0.0167499 0.00956605 0)
(-0.0161024 0.01307 0)
(-0.0151667 0.0162856 0)
(-0.0139383 0.0192358 0)
(-0.0124173 0.0219242 0)
(-0.0106095 0.024333 0)
(-0.00851793 0.0264193 0)
(-0.00611128 0.0281199 0)
(-0.00361464 0.0293377 0)
(-0.00102463 0.0259612 0)
(0.00894421 0.0936312 0)
(0.0302418 0.105486 0)
(0.0504378 0.0998603 0)
(0.0694307 0.0914742 0)
(0.0868057 0.0805633 0)
(0.101671 0.0675331 0)
(0.113711 0.0528872 0)
(0.122691 0.0372096 0)
(0.128511 0.0211235 0)
(0.131199 0.0052487 0)
(0.130918 -0.00998248 0)
(0.127957 -0.0239278 0)
(0.12268 -0.0361798 0)
(0.115488 -0.0464347 0)
(0.106814 -0.0545006 0)
(0.0971032 -0.0603047 0)
(0.0867772 -0.0638841 0)
(0.0762184 -0.0653694 0)
(0.0657543 -0.0649612 0)
(0.0556524 -0.0629072 0)
(0.0461217 -0.0594821 0)
(0.037316 -0.0549746 0)
(0.0293343 -0.0496747 0)
(0.022225 -0.0438575 0)
(0.0160068 -0.0377735 0)
(0.0106507 -0.0316652 0)
(0.00605876 -0.0256473 0)
(0.00218257 -0.0198821 0)
(-0.000993616 -0.0144636 0)
(-0.00354893 -0.00945113 0)
(-0.00557096 -0.00487842 0)
(-0.00712411 -0.000751424 0)
(-0.0082329 0.00294824 0)
(-0.00895054 0.00625805 0)
(-0.00934326 0.00921418 0)
(-0.00942715 0.0118594 0)
(-0.00920973 0.01423 0)
(-0.00870141 0.0163503 0)
(-0.00791543 0.0182319 0)
(-0.00686855 0.019872 0)
(-0.00557707 0.0212543 0)
(-0.00404422 0.0223508 0)
(-0.00237431 0.0231161 0)
(-0.000761683 0.0203641 0)
(0.0069704 0.0522427 0)
(0.0241643 0.0586679 0)
(0.0401741 0.0553874 0)
(0.0554782 0.0505509 0)
(0.0697672 0.0442782 0)
(0.0823274 0.0367699 0)
(0.0929175 0.0282932 0)
(0.101342 0.0191696 0)
(0.1075 0.00974867 0)
(0.111355 0.000371752 0)
(0.112964 -0.00865722 0)
(0.112487 -0.0170015 0)
(0.110129 -0.0243956 0)
(0.106115 -0.0306361 0)
(0.100715 -0.0355846 0)
(0.0942197 -0.03917 0)
(0.0869234 -0.0413865 0)
(0.0791065 -0.0422855 0)
(0.071025 -0.0419665 0)
(0.0629037 -0.0405656 0)
(0.0549343 -0.0382439 0)
(0.0472753 -0.0351767 0)
(0.0400491 -0.0315449 0)
(0.0333415 -0.0275262 0)
(0.0272105 -0.0232854 0)
(0.0216819 -0.0189709 0)
(0.0167584 -0.0147038 0)
(0.0124381 -0.01059 0)
(0.00870419 -0.00671219 0)
(0.00551915 -0.00309803 0)
(0.00284595 0.000215183 0)
(0.0006559 0.00320058 0)
(-0.00109147 0.00586317 0)
(-0.00244914 0.00822156 0)
(-0.00345779 0.0103007 0)
(-0.00413721 0.0121284 0)
(-0.00450334 0.0137316 0)
(-0.00457724 0.0151328 0)
(-0.00438204 0.016347 0)
(-0.00394312 0.0173805 0)
(-0.00328665 0.0182315 0)
(-0.00243445 0.018891 0)
(-0.00143086 0.0193417 0)
(-0.000515334 0.0169723 0)
(0.0055378 0.0235954 0)
(0.0196692 0.0262681 0)
(0.0324265 0.0244381 0)
(0.0447764 0.0217805 0)
(0.056502 0.0183493 0)
(0.0669573 0.0142375 0)
(0.0759515 0.00958707 0)
(0.0832992 0.00459544 0)
(0.0889201 -0.000548084 0)
(0.0927784 -0.00564414 0)
(0.0949218 -0.0104672 0)
(0.0954407 -0.0148801 0)
(0.0943842 -0.0187293 0)
(0.091894 -0.0218922 0)
(0.088158 -0.0242856 0)
(0.0833846 -0.0258642 0)
(0.0777926 -0.0266207 0)
(0.0715994 -0.0265821 0)
(0.0650114 -0.025806 0)
(0.0582177 -0.0243744 0)
(0.0513899 -0.0223899 0)
(0.044678 -0.0199601 0)
(0.0382066 -0.0171994 0)
(0.0320752 -0.0142234 0)
(0.0263567 -0.0111422 0)
(0.021104 -0.00804028 0)
(0.0163553 -0.00500588 0)
(0.0121364 -0.00210379 0)
(0.00847774 0.000621773 0)
(0.00534226 0.00309721 0)
(0.00264198 0.0053087 0)
(0.000369543 0.00726743 0)
(-0.00145896 0.00898981 0)
(-0.00286346 0.0104689 0)
(-0.00387763 0.011735 0)
(-0.00453399 0.0128119 0)
(-0.00485654 0.0137235 0)
(-0.0048726 0.0144931 0)
(-0.00461223 0.0151392 0)
(-0.00410805 0.0156742 0)
(-0.00339306 0.0161039 0)
(-0.00249504 0.016428 0)
(-0.00144518 0.0166448 0)
(-0.000521274 0.0145634 0)
(0.00406085 0.00400436 0)
(0.015005 0.00413234 0)
(0.0242396 0.00316288 0)
(0.0333 0.00187173 0)
(0.0419911 0.000263916 0)
(0.0497102 -0.00160666 0)
(0.0563759 -0.00365644 0)
(0.0619035 -0.00582477 0)
(0.0661123 -0.00802027 0)
(0.0689132 -0.010129 0)
(0.0702578 -0.0120284 0)
(0.0701533 -0.0136605 0)
(0.068749 -0.0149507 0)
(0.0661746 -0.0158406 0)
(0.0625718 -0.0162929 0)
(0.0581031 -0.0162921 0)
(0.0529432 -0.015843 0)
(0.0472714 -0.0149683 0)
(0.0412691 -0.0137022 0)
(0.0351096 -0.0121034 0)
(0.0289617 -0.0102669 0)
(0.0229655 -0.00822596 0)
(0.0172264 -0.00605418 0)
(0.0118538 -0.00382446 0)
(0.00693315 -0.00159983 0)
(0.00248593 0.000542882 0)
(-0.00147594 0.00256708 0)
(-0.00491894 0.00443981 0)
(-0.00785847 0.00613819 0)
(-0.0102784 0.00761645 0)
(-0.0121145 0.00887208 0)
(-0.0133781 0.0099241 0)
(-0.0141814 0.0107843 0)
(-0.0145628 0.0114711 0)
(-0.0145032 0.0120043 0)
(-0.0140514 0.0124078 0)
(-0.0132471 0.0127069 0)
(-0.0121243 0.0129256 0)
(-0.0107179 0.0130852 0)
(-0.00906527 0.0132023 0)
(-0.0072017 0.0132871 0)
(-0.00514868 0.0133432 0)
(-0.00294915 0.0133762 0)
(-0.000973246 0.0116802 0)
(0.00222463 -0.00757088 0)
(0.00927751 -0.00883387 0)
(0.0143869 -0.00922019 0)
(0.0196358 -0.00959623 0)
(0.0246791 -0.00998398 0)
(0.0289316 -0.0103606 0)
(0.0322372 -0.0106888 0)
(0.0344978 -0.0109542 0)
(0.0356648 -0.011118 0)
(0.0357073 -0.0111581 0)
(0.0346255 -0.0110777 0)
(0.0324397 -0.0108193 0)
(0.029249 -0.0103714 0)
(0.0251965 -0.00972654 0)
(0.0204265 -0.00888317 0)
(0.0150777 -0.00784919 0)
(0.00929649 -0.00664172 0)
(0.0032377 -0.00528544 0)
(-0.00293119 -0.00381605 0)
(-0.00905427 -0.00231017 0)
(-0.0149242 -0.000710917 0)
(-0.0203909 0.000876208 0)
(-0.0254133 0.0024076 0)
(-0.0299318 0.00385205 0)
(-0.0338766 0.00518158 0)
(-0.0371616 0.0063551 0)
(-0.0397446 0.00736059 0)
(-0.0416282 0.00818389 0)
(-0.0428221 0.00881375 0)
(-0.0433342 0.0092886 0)
(-0.0431719 0.00961139 0)
(-0.0423639 0.00977937 0)
(-0.0409593 0.0098022 0)
(-0.0390108 0.00972931 0)
(-0.0365754 0.0095746 0)
(-0.0337182 0.00936294 0)
(-0.0305028 0.00911803 0)
(-0.0269842 0.00886171 0)
(-0.0232032 0.00861207 0)
(-0.0191983 0.00838449 0)
(-0.0150016 0.00818955 0)
(-0.0106158 0.00803105 0)
(-0.00609295 0.00791768 0)
(-0.00194236 0.00689053 0)
(9.98256e-05 -0.0118841 0)
(0.00246095 -0.0135292 0)
(0.00248152 -0.0135164 0)
(0.00287286 -0.0132607 0)
(0.00315144 -0.0128055 0)
(0.00274476 -0.0121685 0)
(0.00154714 -0.0113674 0)
(-0.000476031 -0.0103891 0)
(-0.00340616 -0.00925361 0)
(-0.0071924 -0.00798988 0)
(-0.0117089 -0.00662776 0)
(-0.0169713 -0.00519082 0)
(-0.0228797 -0.00370546 0)
(-0.02924 -0.00219708 0)
(-0.035901 -0.000688054 0)
(-0.0427502 0.000801826 0)
(-0.0496474 0.00224849 0)
(-0.0564462 0.00362187 0)
(-0.0630538 0.00487972 0)
(-0.0692523 0.00605965 0)
(-0.0749297 0.00711474 0)
(-0.0800622 0.00799126 0)
(-0.0844812 0.00867346 0)
(-0.0880937 0.00915109 0)
(-0.0908437 0.00941546 0)
(-0.0926786 0.00948264 0)
(-0.0935661 0.00934591 0)
(-0.0934999 0.00901667 0)
(-0.0924889 0.008515 0)
(-0.0905505 0.00787081 0)
(-0.08772 0.00711358 0)
(-0.0840501 0.00627224 0)
(-0.0795771 0.00537854 0)
(-0.0743724 0.00446893 0)
(-0.0685522 0.00357686 0)
(-0.0622172 0.00273105 0)
(-0.0554842 0.0019548 0)
(-0.0484581 0.00126416 0)
(-0.0412009 0.000668334 0)
(-0.0337698 0.000169468 0)
(-0.0262047 -0.000234275 0)
(-0.0184846 -0.000549648 0)
(-0.0106509 -0.000773004 0)
(-0.00336938 -0.000763156 0)
(-0.00229441 -0.010107 0)
(-0.00533017 -0.0114413 0)
(-0.0111186 -0.0112603 0)
(-0.0163394 -0.0105902 0)
(-0.0215999 -0.00953163 0)
(-0.0274199 -0.00816115 0)
(-0.0338586 -0.00655106 0)
(-0.0408948 -0.00476249 0)
(-0.0484536 -0.00286191 0)
(-0.0563804 -0.000894709 0)
(-0.0645223 0.00108054 0)
(-0.0727988 0.00301837 0)
(-0.0811424 0.00487681 0)
(-0.0895239 0.00661904 0)
(-0.0978387 0.00821568 0)
(-0.105933 0.00964348 0)
(-0.113676 0.0108775 0)
(-0.120948 0.011892 0)
(-0.127619 0.0126676 0)
(-0.13366 0.0132378 0)
(-0.139035 0.0134857 0)
(-0.143606 0.0134579 0)
(-0.147269 0.0131495 0)
(-0.149953 0.0125563 0)
(-0.151601 0.0116842 0)
(-0.152165 0.0105509 0)
(-0.151604 0.00917646 0)
(-0.149892 0.00758958 0)
(-0.147013 0.00582704 0)
(-0.142949 0.00393274 0)
(-0.137711 0.00195207 0)
(-0.131361 -6.23548e-05 0)
(-0.123996 -0.00205737 0)
(-0.115689 -0.00397807 0)
(-0.106495 -0.00577116 0)
(-0.0965299 -0.00738974 0)
(-0.0859107 -0.00879657 0)
(-0.0747746 -0.0099699 0)
(-0.0632986 -0.0109056 0)
(-0.0516383 -0.0116201 0)
(-0.0399035 -0.0121446 0)
(-0.0280884 -0.0125257 0)
(-0.0162182 -0.0127954 0)
(-0.00512305 -0.0114322 0)
(-0.00488775 -0.00304662 0)
(-0.0138213 -0.00350187 0)
(-0.0258748 -0.00321432 0)
(-0.0372164 -0.00223869 0)
(-0.0485243 -0.000784543 0)
(-0.0601297 0.000961607 0)
(-0.0718419 0.00286911 0)
(-0.0834728 0.00484453 0)
(-0.094897 0.00682189 0)
(-0.106047 0.00876242 0)
(-0.116812 0.0106331 0)
(-0.12705 0.0123982 0)
(-0.136724 0.0140155 0)
(-0.145852 0.0154515 0)
(-0.154427 0.0166795 0)
(-0.162407 0.0176738 0)
(-0.169752 0.0184073 0)
(-0.176417 0.0188591 0)
(-0.182357 0.0190141 0)
(-0.18757 0.0188076 0)
(-0.192033 0.0182627 0)
(-0.19567 0.0173719 0)
(-0.198424 0.0161292 0)
(-0.200239 0.0145391 0)
(-0.201065 0.0126117 0)
(-0.200847 0.0103688 0)
(-0.199532 0.00783759 0)
(-0.197072 0.00505338 0)
(-0.193413 0.00205637 0)
(-0.188514 -0.00109867 0)
(-0.182336 -0.0043551 0)
(-0.174832 -0.00764743 0)
(-0.165997 -0.0109047 0)
(-0.155839 -0.0140474 0)
(-0.144367 -0.0169962 0)
(-0.131632 -0.0196701 0)
(-0.117733 -0.0219929 0)
(-0.102836 -0.023904 0)
(-0.0871847 -0.0253686 0)
(-0.0710637 -0.0263923 0)
(-0.0547718 -0.0270227 0)
(-0.038437 -0.0273794 0)
(-0.0221691 -0.0275812 0)
(-0.00699301 -0.0246521 0)
(-0.00768059 0.00853382 0)
(-0.0230175 0.00938946 0)
(-0.0417616 0.00972245 0)
(-0.0594894 0.0107311 0)
(-0.0767595 0.0121049 0)
(-0.0936344 0.0135597 0)
(-0.109624 0.0149827 0)
(-0.124428 0.01632 0)
(-0.137921 0.0175696 0)
(-0.150127 0.0187486 0)
(-0.161101 0.0198757 0)
(-0.170903 0.0209356 0)
(-0.179636 0.02189 0)
(-0.187421 0.0227015 0)
(-0.194362 0.0233317 0)
(-0.200536 0.023746 0)
(-0.206003 0.0239056 0)
(-0.210802 0.0237811 0)
(-0.214958 0.0233377 0)
(-0.218499 0.0225341 0)
(-0.221435 0.0213608 0)
(-0.223745 0.0198064 0)
(-0.225406 0.0178607 0)
(-0.226387 0.0155266 0)
(-0.22665 0.012811 0)
(-0.226146 0.00973266 0)
(-0.224822 0.00631449 0)
(-0.222627 0.00258791 0)
(-0.219465 -0.00141127 0)
(-0.215241 -0.0056333 0)
(-0.209868 -0.0100204 0)
(-0.203213 -0.0145092 0)
(-0.195147 -0.0190295 0)
(-0.185539 -0.0234964 0)
(-0.174253 -0.0278151 0)
(-0.161173 -0.0318746 0)
(-0.146236 -0.0355471 0)
(-0.129463 -0.0386991 0)
(-0.111017 -0.0412031 0)
(-0.0912028 -0.0429797 0)
(-0.0705586 -0.0439943 0)
(-0.0494514 -0.0444187 0)
(-0.0284401 -0.0444311 0)
(-0.00894922 -0.0397963 0)
(-0.0108853 0.0238487 0)
(-0.033528 0.0262323 0)
(-0.0596423 0.0263838 0)
(-0.0838573 0.0267017 0)
(-0.105961 0.027086 0)
(-0.126007 0.0272238 0)
(-0.14347 0.0271848 0)
(-0.1583 0.0270366 0)
(-0.17065 0.0268799 0)
(-0.180818 0.0267935 0)
(-0.189128 0.0268143 0)
(-0.195889 0.0269254 0)
(-0.201384 0.0270736 0)
(-0.205849 0.0272009 0)
(-0.20948 0.0272412 0)
(-0.212433 0.0271428 0)
(-0.214832 0.0268463 0)
(-0.216769 0.026309 0)
(-0.218316 0.0254776 0)
(-0.219526 0.0243078 0)
(-0.220436 0.0227736 0)
(-0.221068 0.020856 0)
(-0.22143 0.0185351 0)
(-0.221517 0.0158084 0)
(-0.221315 0.0126743 0)
(-0.220797 0.00914465 0)
(-0.219924 0.00523194 0)
(-0.21865 0.000956287 0)
(-0.216883 -0.00365251 0)
(-0.214514 -0.00856653 0)
(-0.211425 -0.0137448 0)
(-0.207439 -0.0191407 0)
(-0.202344 -0.0247047 0)
(-0.195885 -0.0303738 0)
(-0.187759 -0.0360678 0)
(-0.177622 -0.041678 0)
(-0.165119 -0.0470543 0)
(-0.149916 -0.0520048 0)
(-0.131812 -0.0562856 0)
(-0.110748 -0.0596702 0)
(-0.0872878 -0.0618495 0)
(-0.061693 -0.0629495 0)
(-0.0356137 -0.0628357 0)
(-0.0112342 -0.0564531 0)
(-0.0152353 0.0424812 0)
(-0.0466313 0.0460332 0)
(-0.0799564 0.0452941 0)
(-0.109306 0.0434611 0)
(-0.133009 0.0415646 0)
(-0.152319 0.0392483 0)
(-0.167079 0.0369216 0)
(-0.178001 0.0347352 0)
(-0.185727 0.032855 0)
(-0.190937 0.0313622 0)
(-0.194203 0.0302612 0)
(-0.196007 0.0294919 0)
(-0.196732 0.0289517 0)
(-0.196671 0.0285448 0)
(-0.196046 0.0281703 0)
(-0.195031 0.0277556 0)
(-0.193763 0.0272165 0)
(-0.19235 0.0264968 0)
(-0.190881 0.0255238 0)
(-0.189419 0.0242553 0)
(-0.188022 0.0226438 0)
(-0.186737 0.0206667 0)
(-0.185603 0.0182959 0)
(-0.184644 0.0155242 0)
(-0.183879 0.0123412 0)
(-0.183317 0.00875243 0)
(-0.182954 0.00475919 0)
(-0.182751 0.000370058 0)
(-0.182673 -0.00440254 0)
(-0.182665 -0.00954854 0)
(-0.1826 -0.0150538 0)
(-0.182323 -0.0209005 0)
(-0.181616 -0.0270762 0)
(-0.180183 -0.0335606 0)
(-0.177635 -0.0403235 0)
(-0.173463 -0.0473088 0)
(-0.167044 -0.0544051 0)
(-0.157607 -0.0614436 0)
(-0.144393 -0.0681243 0)
(-0.126444 -0.07414 0)
(-0.103922 -0.0787306 0)
(-0.0756175 -0.0819528 0)
(-0.0450512 -0.0823272 0)
(-0.0146109 -0.074667 0)
(-0.0219784 0.0647376 0)
(-0.063816 0.0676244 0)
(-0.101459 0.0645049 0)
(-0.132155 0.0583355 0)
(-0.151839 0.0528432 0)
(-0.165295 0.047252 0)
(-0.172904 0.0423209 0)
(-0.176463 0.0380748 0)
(-0.177011 0.0346339 0)
(-0.175488 0.0319859 0)
(-0.17254 0.0300536 0)
(-0.16866 0.0286998 0)
(-0.164198 0.0277536 0)
(-0.159401 0.027075 0)
(-0.154445 0.0265278 0)
(-0.149463 0.026023 0)
(-0.144563 0.0254565 0)
(-0.139836 0.0247648 0)
(-0.135364 0.0238614 0)
(-0.131214 0.0227071 0)
(-0.127453 0.0212402 0)
(-0.124152 0.0194389 0)
(-0.121373 0.0172695 0)
(-0.119174 0.0147238 0)
(-0.117611 0.0117852 0)
(-0.116736 0.00845508 0)
(-0.116593 0.00472688 0)
(-0.117183 0.000602513 0)
(-0.118541 -0.00393047 0)
(-0.120683 -0.00886754 0)
(-0.12354 -0.0142205 0)
(-0.127029 -0.0200011 0)
(-0.131008 -0.0262383 0)
(-0.135248 -0.0329644 0)
(-0.139409 -0.0402192 0)
(-0.142978 -0.0480392 0)
(-0.145255 -0.0564148 0)
(-0.145185 -0.0653092 0)
(-0.141586 -0.0744955 0)
(-0.132258 -0.083829 0)
(-0.116832 -0.0920871 0)
(-0.0900777 -0.0996552 0)
(-0.0584739 -0.102007 0)
(-0.0204072 -0.0950988 0)
(-0.0322965 0.0913129 0)
(-0.0855428 0.0888886 0)
(-0.119614 0.0812169 0)
(-0.145315 0.0684728 0)
(-0.15402 0.0587143 0)
(-0.156845 0.0498088 0)
(-0.154041 0.0426745 0)
(-0.148404 0.0369142 0)
(-0.14092 0.0324869 0)
(-0.132494 0.0292129 0)
(-0.123589 0.0269061 0)
(-0.114529 0.0253479 0)
(-0.105504 0.0243075 0)
(-0.096633 0.0236117 0)
(-0.0879907 0.0231009 0)
(-0.0796368 0.0226807 0)
(-0.0716278 0.0222376 0)
(-0.0640231 0.0217098 0)
(-0.056888 0.0210062 0)
(-0.0502874 0.0200898 0)
(-0.0443031 0.018897 0)
(-0.0390188 0.017409 0)
(-0.034526 0.0155911 0)
(-0.0309146 0.0134367 0)
(-0.028281 0.0109268 0)
(-0.0267194 0.00806159 0)
(-0.0263264 0.00482958 0)
(-0.0271651 0.00123 0)
(-0.0293335 -0.00276255 0)
(-0.0329197 -0.007149 0)
(-0.0379506 -0.0119583 0)
(-0.0444506 -0.0172238 0)
(-0.0524049 -0.0230031 0)
(-0.0617313 -0.0293747 0)
(-0.0722625 -0.0364422 0)
(-0.0836616 -0.0443416 0)
(-0.0954194 -0.0531901 0)
(-0.106511 -0.0631626 0)
(-0.115838 -0.0742277 0)
(-0.120061 -0.0867373 0)
(-0.119085 -0.0992125 0)
(-0.100634 -0.11339 0)
(-0.0765614 -0.119962 0)
(-0.0298206 -0.118815 0)
(-0.0456852 0.122495 0)
(-0.109153 0.10645 0)
(-0.125748 0.0921156 0)
(-0.138968 0.0716786 0)
(-0.130611 0.0581737 0)
(-0.120126 0.0468822 0)
(-0.105976 0.0385666 0)
(-0.0914719 0.0322004 0)
(-0.0769344 0.027538 0)
(-0.0629203 0.0242247 0)
(-0.0494889 0.0219856 0)
(-0.036666 0.0205476 0)
(-0.0244122 0.0196486 0)
(-0.0126841 0.0191049 0)
(-0.00144083 0.0187526 0)
(0.00933676 0.0185039 0)
(0.0196445 0.018249 0)
(0.0294525 0.0179336 0)
(0.0387086 0.0174724 0)
(0.0473457 0.0168324 0)
(0.0552685 0.0159556 0)
(0.0623743 0.014828 0)
(0.0685443 0.0134175 0)
(0.0736562 0.0117206 0)
(0.0775765 0.00971938 0)
(0.0801707 0.00741482 0)
(0.0812951 0.0047935 0)
(0.080826 0.00185409 0)
(0.0786103 -0.00142755 0)
(0.0744953 -0.00505984 0)
(0.0683574 -0.00907762 0)
(0.0600628 -0.0135231 0)
(0.0494877 -0.0184664 0)
(0.036536 -0.0240113 0)
(0.0211391 -0.0302999 0)
(0.0033456 -0.0375395 0)
(-0.0167484 -0.0459494 0)
(-0.0384599 -0.0559154 0)
(-0.0614433 -0.0676403 0)
(-0.0817206 -0.0822016 0)
(-0.10135 -0.0981987 0)
(-0.0988322 -0.120079 0)
(-0.0967426 -0.133073 0)
(-0.0421587 -0.146476 0)
(-0.0575525 0.15699 0)
(-0.126731 0.116303 0)
(-0.107985 0.0943841 0)
(-0.102734 0.067332 0)
(-0.0745486 0.0517862 0)
(-0.0512483 0.0397291 0)
(-0.0274445 0.0314956 0)
(-0.00634443 0.0254653 0)
(0.0128792 0.0212389 0)
(0.0302048 0.018347 0)
(0.046077 0.01648 0)
(0.0607992 0.0153537 0)
(0.0746417 0.0147112 0)
(0.0877941 0.0143821 0)
(0.100392 0.0142174 0)
(0.112515 0.0141448 0)
(0.124195 0.0140682 0)
(0.135421 0.0139448 0)
(0.146145 0.0137019 0)
(0.156288 0.0133132 0)
(0.165741 0.0127301 0)
(0.174378 0.0119436 0)
(0.182053 0.0109269 0)
(0.188616 0.00967969 0)
(0.193901 0.00818684 0)
(0.19774 0.00645101 0)
(0.199954 0.0044597 0)
(0.200371 0.00221251 0)
(0.198797 -0.000309282 0)
(0.195031 -0.00311697 0)
(0.188874 -0.00624315 0)
(0.180105 -0.0097279 0)
(0.168485 -0.0136402 0)
(0.153761 -0.0180855 0)
(0.135636 -0.0232125 0)
(0.113853 -0.0292546 0)
(0.0880095 -0.0364756 0)
(0.0582782 -0.0453954 0)
(0.0237434 -0.056389 0)
(-0.0116056 -0.0712056 0)
(-0.0542608 -0.0888269 0)
(-0.0733508 -0.117269 0)
(-0.111114 -0.137693 0)
(-0.05242 -0.177041 0)
(-0.0570884 0.190725 0)
(-0.124175 0.115215 0)
(-0.053997 0.0868358 0)
(-0.0284225 0.05667 0)
(0.0175655 0.0414137 0)
(0.0501172 0.0303375 0)
(0.0798454 0.0232629 0)
(0.104111 0.0182681 0)
(0.125019 0.0149033 0)
(0.143083 0.012682 0)
(0.159204 0.0113161 0)
(0.173957 0.0105525 0)
(0.187788 0.0101711 0)
(0.200982 0.0100331 0)
(0.213727 0.0100172 0)
(0.226135 0.0100704 0)
(0.238252 0.0101165 0)
(0.250072 0.0101256 0)
(0.261538 0.0100401 0)
(0.272557 0.00984223 0)
(0.283002 0.00949427 0)
(0.292725 0.00899143 0)
(0.301561 0.00831324 0)
(0.309332 0.00746155 0)
(0.315853 0.00642495 0)
(0.320931 0.00520718 0)
(0.324366 0.00379839 0)
(0.325958 0.00219951 0)
(0.325488 0.000396918 0)
(0.322729 -0.00161872 0)
(0.317438 -0.00387347 0)
(0.309344 -0.00639976 0)
(0.298136 -0.00925462 0)
(0.283455 -0.0125286 0)
(0.264841 -0.016351 0)
(0.241799 -0.0209376 0)
(0.213487 -0.0265381 0)
(0.179587 -0.0336929 0)
(0.137805 -0.0428341 0)
(0.0916694 -0.0560514 0)
(0.0287993 -0.072928 0)
(-0.0128896 -0.104171 0)
(-0.105751 -0.131058 0)
(-0.04943 -0.206585 0)
(-0.0268497 0.216371 0)
(-0.0824675 0.102183 0)
(0.0454653 0.0707172 0)
(0.087763 0.0423401 0)
(0.144976 0.0295065 0)
(0.181299 0.0207293 0)
(0.212319 0.0154302 0)
(0.236139 0.0118031 0)
(0.255863 0.00944273 0)
(0.27238 0.00793517 0)
(0.286891 0.00705268 0)
(0.300125 0.00660154 0)
(0.312615 0.00641718 0)
(0.324679 0.00640021 0)
(0.336515 0.00646304 0)
(0.348235 0.0065711 0)
(0.359882 0.00666937 0)
(0.371441 0.00674131 0)
(0.382845 0.00674364 0)
(0.393986 0.00666642 0)
(0.404722 0.00648315 0)
(0.414891 0.00619193 0)
(0.424314 0.00577858 0)
(0.432802 0.00524575 0)
(0.440157 0.0045856 0)
(0.446182 0.00380198 0)
(0.450667 0.00288803 0)
(0.453407 0.00184547 0)
(0.454179 0.000665117 0)
(0.45275 -0.000658949 0)
(0.44887 -0.00214509 0)
(0.442254 -0.00381605 0)
(0.432571 -0.00571258 0)
(0.419422 -0.00790174 0)
(0.40227 -0.0104799 0)
(0.380498 -0.0136158 0)
(0.352989 -0.0175065 0)
(0.319095 -0.0226103 0)
(0.275455 -0.0293148 0)
(0.224933 -0.0395859 0)
(0.149678 -0.0535426 0)
(0.0903455 -0.0825854 0)
(-0.0622359 -0.112815 0)
(-0.0159423 -0.227942 0)
(0.0549435 0.224153 0)
(0.0185882 0.0792978 0)
(0.193732 0.0495379 0)
(0.244443 0.0274861 0)
(0.303567 0.0183318 0)
(0.337887 0.0124301 0)
(0.365879 0.00901405 0)
(0.3863 0.00674048 0)
(0.402685 0.0053013 0)
(0.416065 0.00440733 0)
(0.427711 0.00390537 0)
(0.438374 0.00367052 0)
(0.448577 0.00359762 0)
(0.458617 0.00362605 0)
(0.468669 0.00370041 0)
(0.478823 0.00380106 0)
(0.48911 0.00389196 0)
(0.499504 0.00396885 0)
(0.509928 0.00400007 0)
(0.520269 0.00398212 0)
(0.530382 0.00389866 0)
(0.540105 0.00374923 0)
(0.54926 0.00352514 0)
(0.557665 0.00322869 0)
(0.56513 0.00285504 0)
(0.571465 0.00240718 0)
(0.576475 0.00188083 0)
(0.579968 0.00127766 0)
(0.581737 0.000592219 0)
(0.581569 -0.000178736 0)
(0.579234 -0.00104651 0)
(0.574471 -0.00202491 0)
(0.566971 -0.003139 0)
(0.556361 -0.00443141 0)
(0.542115 -0.00596315 0)
(0.523614 -0.00784525 0)
(0.499681 -0.0102094 0)
(0.469552 -0.0133726 0)
(0.42942 -0.0176266 0)
(0.381507 -0.024423 0)
(0.304877 -0.0342022 0)
(0.238006 -0.0566334 0)
(0.0387305 -0.0856025 0)
(0.0686585 -0.231541 0)
(0.209447 0.204369 0)
(0.195124 0.0511057 0)
(0.387233 0.0280899 0)
(0.435779 0.0147662 0)
(0.487347 0.00944628 0)
(0.515078 0.00624658 0)
(0.536949 0.00443219 0)
(0.552204 0.00325895 0)
(0.564133 0.00252802 0)
(0.57366 0.0020817 0)
(0.581902 0.00183497 0)
(0.589494 0.00172399 0)
(0.596871 0.00169462 0)
(0.604272 0.00171726 0)
(0.61183 0.00176274 0)
(0.619612 0.00182173 0)
(0.627634 0.00187517 0)
(0.635866 0.00192229 0)
(0.644237 0.00194626 0)
(0.652645 0.00194592 0)
(0.660966 0.00191309 0)
(0.669058 0.00184763 0)
(0.676772 0.00174519 0)
(0.683952 0.00160704 0)
(0.69044 0.00143069 0)
(0.696079 0.00121774 0)
(0.700706 0.000965921 0)
(0.704164 0.000676232 0)
(0.706287 0.000345985 0)
(0.706902 -2.65122e-05 0)
(0.705823 -0.000446996 0)
(0.702843 -0.000922674 0)
(0.697712 -0.00146616 0)
(0.690125 -0.00209979 0)
(0.67965 -0.00285502 0)
(0.665765 -0.00379033 0)
(0.647442 -0.00497854 0)
(0.623994 -0.00658921 0)
(0.591906 -0.00881075 0)
(0.552845 -0.0124331 0)
(0.486605 -0.0180221 0)
(0.425016 -0.0315108 0)
(0.212408 -0.0541856 0)
(0.223616 -0.208173 0)
(0.450971 0.159085 0)
(0.454216 0.0250828 0)
(0.616463 0.0116414 0)
(0.652639 0.00599701 0)
(0.688905 0.00367604 0)
(0.707329 0.00240655 0)
(0.721554 0.00167942 0)
(0.731162 0.00122516 0)
(0.738547 0.000941692 0)
(0.744341 0.000768702 0)
(0.749304 0.000670156 0)
(0.753856 0.000623036 0)
(0.758285 0.000607129 0)
(0.762752 0.000611981 0)
(0.767345 0.000626 0)
(0.772111 0.000645543 0)
(0.77706 0.000663881 0)
(0.782174 0.000679643 0)
(0.787406 0.000687984 0)
(0.792692 0.000687755 0)
(0.797951 0.000676393 0)
(0.803094 0.000653361 0)
(0.808025 0.000617435 0)
(0.812644 0.000568732 0)
(0.81685 0.000506487 0)
(0.820541 0.000431053 0)
(0.823614 0.000341637 0)
(0.825968 0.000238419 0)
(0.827495 0.000120553 0)
(0.828085 -1.29448e-05 0)
(0.827619 -0.000164085 0)
(0.82596 -0.000336042 0)
(0.822946 -0.000533408 0)
(0.818376 -0.000765131 0)
(0.811961 -0.00104322 0)
(0.803356 -0.00139004 0)
(0.791848 -0.00183665 0)
(0.776969 -0.00244563 0)
(0.756175 -0.00331618 0)
(0.73059 -0.00472243 0)
(0.685018 -0.00712227 0)
(0.641116 -0.0127987 0)
(0.465424 -0.0261885 0)
(0.461621 -0.160484 0)
(0.781452 0.0411868 0)
(0.789433 0.00452237 0)
(0.865531 0.00178074 0)
(0.880402 0.00092459 0)
(0.894954 0.00054601 0)
(0.90209 0.000358407 0)
(0.907575 0.000247579 0)
(0.911237 0.000180644 0)
(0.914041 0.000138281 0)
(0.916216 0.000112141 0)
(0.918047 9.64231e-05 0)
(0.919683 8.81111e-05 0)
(0.921232 8.44048e-05 0)
(0.922755 8.3905e-05 0)
(0.92429 8.48654e-05 0)
(0.925859 8.66714e-05 0)
(0.927468 8.84843e-05 0)
(0.929115 8.99973e-05 0)
(0.930788 9.07064e-05 0)
(0.932468 9.02735e-05 0)
(0.934132 8.85105e-05 0)
(0.935751 8.51727e-05 0)
(0.937297 8.02275e-05 0)
(0.938739 7.35665e-05 0)
(0.940043 6.51551e-05 0)
(0.941177 5.49538e-05 0)
(0.942108 4.28918e-05 0)
(0.942801 2.89219e-05 0)
(0.94322 1.29797e-05 0)
(0.943328 -5.17601e-06 0)
(0.943082 -2.57741e-05 0)
(0.942434 -4.93898e-05 0)
(0.941323 -7.66242e-05 0)
(0.939677 -0.000108874 0)
(0.937386 -0.00014786 0)
(0.934323 -0.000196777 0)
(0.930215 -0.000260693 0)
(0.924887 -0.000347829 0)
(0.917314 -0.000477583 0)
(0.907965 -0.000680816 0)
(0.890499 -0.00106776 0)
(0.873509 -0.00192218 0)
(0.792879 -0.00467388 0)
(0.78509 -0.0413875 0)
)
;

boundaryField
{
    movingWall
    {
        type            fixedValue;
        value           uniform (1 0 0);
    }
    fixedWalls
    {
        type            noSlip;
    }
    frontAndBack
    {
        type            empty;
    }
    defaultFaces
    {
        type            empty;
    }
}


// ************************************************************************* //
