/*--------------------------------*- C++ -*----------------------------------*\
  =========                 |
  \\      /  F ield         | OpenFOAM: The Open Source CFD Toolbox
   \\    /   O peration     | Website:  https://openfoam.org
    \\  /    A nd           | Version:  7
     \\/     M anipulation  |
\*---------------------------------------------------------------------------*/
FoamFile
{
    version     2.0;
    format      ascii;
    class       surfaceScalarField;
    location    "0.68";
    object      phi;
}
// * * * * * * * * * * * * * * * * * * * * * * * * * * * * * * * * * * * * * //

dimensions      [0 3 -1 0 0 0 0];

internalField   nonuniform List<scalar> 
3784
(
-0.00245258
0.00245258
-0.00242791
-2.46703e-05
-0.00118389
-0.00124402
-0.000454699
-0.000729185
-0.000196089
-0.000258611
0.000383856
-0.000579946
0.00108297
-0.000699113
0.00143894
-0.000355975
0.0011823
0.000256643
0.000332386
0.000849916
-0.000601644
0.00093403
-0.0010533
0.000451649
-0.000776472
-0.000276825
0.000334785
-0.00111126
0.00134914
-0.00101435
0.000995148
0.000353989
-0.000434609
0.00142976
-0.00156037
0.00112576
-0.00142287
-0.000137499
-0.000122552
-0.00130031
0.0012588
-0.00138135
0.00144021
-0.000181412
0.000196049
0.00124416
-0.00119208
0.00138813
-0.00130457
0.000112488
-5.66932e-05
-0.00124788
0.00130702
-0.00136371
0.00149741
-0.000190388
0.000287952
0.00120946
-0.00107323
0.00136118
-0.00119528
0.000122047
1.28956e-05
-0.00120818
0.00139029
-0.0013774
0.00155236
-0.000162064
0.000303748
0.00124861
-0.00101017
0.00131392
-0.00126485
0.000254678
-0.000363703
-0.000901148
0.000899023
-0.00126273
0.00102876
-0.000129741
-0.000242965
0.00127173
-0.00150431
0.00126134
-0.00138398
-0.000120333
-0.00138398
-0.00337733
0.00582991
-0.00352223
0.000120226
-0.00136899
-0.00339726
-0.000553655
-0.00154453
-0.00040323
-0.000409036
0.000353439
-0.00133661
0.00124365
-0.00158933
0.00156968
-0.000682012
0.00115317
0.000673155
0.000328844
0.00167425
-0.000526841
0.00178971
-0.00127353
0.00119834
-0.00116672
-0.00038363
0.000435738
-0.00271372
0.00162857
-0.00220718
0.000908616
0.00107394
-0.000366318
0.00270469
-0.00143481
0.00219425
-0.00183661
0.000264306
-0.000215423
-0.0029215
0.00167419
-0.00327097
0.00140326
8.95142e-05
0.000179596
0.00246783
-0.00104816
0.00261589
-0.00169108
0.000755401
-0.00014486
-0.00279409
0.00174735
-0.00325593
0.00144552
0.000111447
0.000254187
0.00240079
-0.00095141
0.00256678
-0.0016008
0.00077144
-4.31787e-05
-0.0027658
0.00181152
-0.0032321
0.00147146
0.000177999
0.000267605
0.00245247
-0.00092326
0.00250479
-0.00170154
0.00103296
-0.000507753
-0.00209493
0.00123733
-0.00300781
0.000978035
0.000129556
-0.000232067
0.00248183
-0.00135707
0.00238635
-0.00179546
0.000318053
-0.00317943
-0.00318982
0.00901973
-0.00378556
0.000715957
-0.00182908
-0.00535373
-0.000701653
-0.00267195
-0.000367808
-0.000742883
0.000410576
-0.002115
0.00134923
-0.00252798
0.00167547
-0.00100824
0.00113387
0.00121476
0.00011681
0.0026913
-0.000903886
0.00281041
-0.00162943
0.00192388
-0.00116869
-0.000844373
0.000811544
-0.00469395
0.00208011
-0.00347575
0.00128732
0.00186674
-0.00017016
0.00416217
-0.0015392
0.00356328
-0.00204274
0.000767845
-0.000194429
-0.00476981
0.00196581
-0.00543121
0.00171776
0.000337571
0.000231859
0.00395373
-0.00129884
0.00414659
-0.00200434
0.0014609
-0.000231207
-0.00456723
0.00196398
-0.00545112
0.00169642
0.000379004
0.000201764
0.00389545
-0.00129627
0.00406482
-0.00191866
0.00139382
-7.37024e-05
-0.00461075
0.00203327
-0.00533907
0.00162139
0.000589876
6.86406e-05
0.00400521
-0.00136741
0.00394084
-0.00197725
0.0016428
-0.000368024
-0.00370416
0.00164058
-0.00501641
0.00140888
0.000361259
4.7498e-06
0.00388596
-0.00145573
0.00384683
-0.00199584
0.000858161
-0.00517527
-0.00250858
0.0115283
-0.00345363
0.00166101
-0.00224911
-0.00655825
-0.00110306
-0.003818
-0.000456516
-0.00138943
0.000257549
-0.00282907
0.00095847
-0.0032289
0.00111784
-0.00116761
0.000601947
0.00173065
-0.000175987
0.00346923
-0.000876147
0.00351057
-0.00128028
0.00232802
-0.000722353
-0.0014023
0.000805223
-0.00622153
0.00161341
-0.00428393
0.00107141
0.00240874
0.000138341
0.00509523
-0.000869694
0.00457132
-0.00134348
0.00124163
-0.000126448
-0.00598684
0.00136495
-0.00692261
0.00118659
0.000515937
0.000186427
0.00495389
-0.000829374
0.00516239
-0.0013664
0.00199793
-0.000205664
-0.00572796
0.00129873
-0.00695551
0.00108841
0.000589323
6.55326e-05
0.00491832
-0.000912739
0.00504309
-0.00132471
0.0018058
-5.94905e-05
-0.00587598
0.00133628
-0.00673484
0.000944674
0.000981477
-0.000140728
0.00509062
-0.00107844
0.00487855
-0.00138712
0.00195148
-0.000146796
-0.00494449
0.00122203
-0.00638524
0.00107958
0.000503708
0.000219604
0.00474593
-0.000778543
0.00484498
-0.001265
0.00134462
-0.00644027
-0.00180653
0.0133348
-0.00302162
0.00287609
-0.00254287
-0.007037
-0.00151998
-0.0048409
-0.00064295
-0.00226646
-4.4796e-05
-0.00342722
0.000370344
-0.00364404
0.000393009
-0.00119028
-6.06559e-06
0.00212972
-0.000442915
0.00390609
-0.000793156
0.00386081
-0.000867849
0.00240271
-0.000229687
-0.00204046
0.00074699
-0.00719821
0.00107262
-0.00460956
0.00074545
0.00273591
0.00031569
0.00552499
-0.00025482
0.00514183
-0.00063172
0.00161853
-4.78011e-05
-0.00657076
0.000726353
-0.00769676
0.000588922
0.000653371
0.000130555
0.00541226
-0.000343039
0.00563598
-0.000715493
0.00237038
-0.000176311
-0.00626715
0.000605177
-0.00773699
0.000449241
0.000745259
-2.92433e-05
0.00539681
-0.000471681
0.00548553
-0.000709095
0.00204321
-5.22962e-05
-0.00653277
0.000608888
-0.00739602
0.000289351
0.00130101
-0.000237046
0.00561701
-0.000665004
0.00530651
-0.000743151
0.00202963
8.1866e-05
-0.00576951
0.000763485
-0.00706685
0.000648186
0.000619008
0.000323642
0.00507047
-0.000167479
0.0053361
-0.000542351
0.00171949
-0.00698263
-0.000989323
0.0143242
-0.00237629
0.00426306
-0.00261259
-0.00680069
-0.00184969
-0.0056038
-0.000927054
-0.00318909
-0.000492567
-0.00386171
-0.000372379
-0.00376423
-0.000440367
-0.00112229
-0.000586357
0.00227571
-0.00060962
0.00392935
-0.000565004
0.0038162
-0.000355788
0.00219349
0.000266254
-0.00266251
0.000590208
-0.00752216
0.000426321
-0.00444568
0.000313047
0.00284918
0.000331315
0.00550672
0.000233784
0.00523937
3.77407e-05
0.00181458
5.03462e-05
-0.00658337
9.94589e-05
-0.00774587
6.50684e-06
0.000746325
5.61334e-05
0.00536263
9.73339e-05
0.00559478
-6.25674e-05
0.00253028
-0.000129403
-0.00620031
-6.41989e-05
-0.0078022
-0.000127063
0.000808121
-7.30299e-05
0.00534277
-2.02577e-05
0.00543275
-8.35714e-05
0.00210652
-4.3081e-05
-0.00657326
-8.23164e-05
-0.00735679
-0.000254116
0.00147281
-0.000217125
0.00558002
-0.000178598
0.00526798
-5.5253e-05
0.00190628
0.000266329
-0.00609109
0.000251533
-0.00705206
0.000137514
0.000733027
0.000245699
0.00496229
0.00027866
0.00530313
0.000119166
0.00187898
-0.00686346
-2.6991e-05
0.0143512
-0.00136316
0.00559923
-0.00230502
-0.00585884
-0.00199383
-0.00591499
-0.00123517
-0.00394775
-0.000992521
-0.00410436
-0.00113373
-0.00362301
-0.00121608
-0.00103994
-0.00104544
0.00210507
-0.00068225
0.00356616
-0.000278309
0.00341226
0.000174018
0.00174117
0.000648054
-0.00313654
0.000323144
-0.00719726
-0.000310456
-0.00381208
-0.0002035
0.00274223
0.000244168
0.00505906
0.000592104
0.00489144
0.000669353
0.00173733
0.000158782
-0.00607279
-0.000485083
-0.00710201
-0.000490051
0.000751292
-1.41096e-05
0.00488669
0.000466448
0.00511422
0.00055032
0.00244641
-3.50177e-05
-0.00561497
-0.000654812
-0.0071824
-0.000581635
0.000734941
-7.92044e-05
0.00484034
0.000393675
0.00495987
0.000524047
0.00197615
-1.81332e-05
-0.00603108
-0.000697244
-0.00667767
-0.000647662
0.00142323
-0.000128292
0.00506065
0.000308494
0.00483119
0.000595649
0.00161913
0.000359501
-0.00585494
-0.000292724
-0.00639983
-0.000384482
0.000824786
7.14083e-05
0.0045064
0.000574276
0.00480026
0.000675512
0.00177775
-0.00618795
0.00109934
0.0132518
0.000130979
0.00656759
-0.00149168
-0.00423618
-0.00180053
-0.00560615
-0.00140786
-0.00434041
-0.00141507
-0.00409715
-0.00172535
-0.00331273
-0.00177997
-0.000985323
-0.0013346
0.0016597
-0.000669783
0.00290134
-2.71247e-05
0.0027696
0.000654077
0.00105997
0.000836387
-0.00331885
-6.25492e-05
-0.00629832
-0.000944545
-0.00293009
-0.000639799
0.00243749
0.000136448
0.00428281
0.000826957
0.00420093
0.00118295
0.00138133
0.000266068
-0.00515591
-0.000938408
-0.00589753
-0.000856681
0.000669565
-5.13036e-05
0.00408131
0.000749645
0.00431327
0.00107307
0.00212299
0.000104417
-0.00464632
-0.00106672
-0.00601127
-0.000899358
0.000567576
-7.73573e-05
0.00401834
0.000724639
0.00415788
0.00102937
0.00167141
2.35386e-05
-0.00502525
-0.00113596
-0.00551817
-0.000901598
0.00118886
-3.80929e-05
0.00419715
0.000702981
0.00409012
0.00111148
0.00121063
0.000340743
-0.0050842
-0.000810283
-0.00524881
-0.000797199
0.000811704
-6.58407e-05
0.00377504
0.000773126
0.0039613
0.00108687
0.001464
-0.00510107
0.00212469
0.0111271
0.00189958
0.0067927
-0.000153276
-0.00218333
-0.00115123
-0.0046082
-0.00128262
-0.00420901
-0.00156637
-0.0038134
-0.00198677
-0.00289233
-0.00200589
-0.000966203
-0.00141435
0.00106816
-0.000577818
0.00206481
0.00024656
0.00194522
0.000971244
0.000335276
0.000784234
-0.00313184
-0.000513402
-0.00500069
-0.00139987
-0.00204362
-0.000912329
0.00194995
6.4456e-05
0.00330602
0.00100213
0.00326325
0.00152481
0.000858652
0.000331508
-0.00396261
-0.00121398
-0.00435204
-0.00102831
0.000483898
-7.96121e-05
0.00313261
0.000888625
0.00334504
0.00143969
0.00157192
0.000242775
-0.00344941
-0.00127521
-0.00449328
-0.00102274
0.000315099
-7.45492e-05
0.00307015
0.000894001
0.00318932
0.00136679
0.00119863
6.85885e-05
-0.00372705
-0.00136807
-0.00408151
-0.000991098
0.000811887
2.14848e-05
0.00318457
0.000949106
0.00316249
0.00142174
0.000737999
0.00024327
-0.00390573
-0.00117407
-0.00383147
-0.000993326
0.000630963
-0.000108088
0.0028898
0.000854564
0.00299864
0.00132951
0.000989053
-0.00377157
0.00261509
0.00851203
0.00330966
0.00609813
0.00139988
-0.00027354
-8.4449e-05
-0.00312387
-0.000787367
-0.00350608
-0.00137032
-0.00323045
-0.00187054
-0.00239211
-0.00188539
-0.000951364
-0.00129606
0.000478823
-0.000434443
0.0012032
0.000435745
0.00107503
0.00102959
-0.000258574
0.000518912
-0.00262117
-0.000914665
-0.00356711
-0.00161281
-0.00134547
-0.00100765
0.0013448
3.95883e-05
0.00225878
0.00108279
0.00222005
0.00156582
0.000375627
0.000303997
-0.00270079
-0.00125709
-0.00279095
-0.00107174
0.000298551
-9.89075e-05
0.00215978
0.000924567
0.00232156
0.00152252
0.00097396
0.000319701
-0.00224659
-0.00125206
-0.00292151
-0.00104552
0.000108553
-6.15783e-05
0.00208621
0.000941062
0.00218668
0.00142232
0.000717364
0.000101765
-0.00240649
-0.00134312
-0.00263662
-0.00097289
0.000441652
5.44824e-05
0.00215719
0.0010666
0.00215038
0.00144763
0.000356967
0.000124467
-0.00258256
-0.00126519
-0.00244181
-0.00103124
0.00039701
-9.33463e-05
0.0019519
0.000880657
0.00202464
0.00133606
0.000533649
-0.0024355
0.0024532
0.00605883
0.00372068
0.00483065
0.00254157
0.000905571
0.00101442
-0.00159671
-4.62622e-05
-0.0024454
-0.000871216
-0.0024055
-0.00143578
-0.00182755
-0.00150318
-0.000883965
-0.0010319
7.53483e-06
-0.000279136
0.00045043
0.000486658
0.000309235
0.000847267
-0.000619185
0.000181177
-0.00195508
-0.00110435
-0.00228158
-0.00157722
-0.000872599
-0.000975364
0.000742947
-4.60352e-05
0.00132945
0.000946369
0.00122765
0.00127626
4.57378e-05
0.000162802
-0.00158733
-0.00109759
-0.00153056
-0.000967366
0.000168326
-0.000103394
0.00129581
0.000830166
0.00138799
0.00130488
0.000499244
0.000303246
-0.00124495
-0.00101879
-0.00159947
-0.000921722
1.1477e-05
-5.44282e-05
0.00121891
0.000841921
0.00129034
0.00120274
0.000356547
0.000111436
-0.00131519
-0.00108418
-0.001441
-0.000834508
0.000191971
6.82865e-05
0.0012544
0.000977392
0.00124128
0.00119879
0.000135569
3.69046e-05
-0.00142067
-0.00108865
-0.00131626
-0.000892837
0.000201195
-8.00252e-05
0.00113909
0.000783228
0.00116139
0.00110304
0.000213844
-0.00133247
0.00194453
0.0041143
0.00327278
0.00350239
0.00280208
0.00137628
0.0017015
-0.000496135
0.000605472
-0.00134937
-0.000269356
-0.00153067
-0.000840606
-0.0012563
-0.000973037
-0.000751536
-0.000673106
-0.000292399
-0.000116213
-0.000106463
0.000427438
-0.000234419
0.000547641
-0.000739392
-8.79621e-05
-0.00131947
-0.00103853
-0.00133101
-0.00133663
-0.000574503
-0.000864618
0.000270939
-0.000135667
0.000600504
0.000606883
0.000485101
0.000773559
-0.000120941
-1.74003e-05
-0.000796369
-0.000842365
-0.00070559
-0.000752425
7.83852e-05
-0.000106955
0.000650337
0.000589735
0.000691302
0.000882377
0.000206602
0.000201891
-0.000564462
-0.000691186
-0.000706389
-0.000678122
-1.59026e-06
-5.18556e-05
0.000592649
0.000608612
0.000629871
0.000819711
0.000145447
8.89588e-05
-0.000584439
-0.000714353
-0.000637689
-0.000591446
6.90627e-05
6.25851e-05
0.000600372
0.000713777
0.000590092
0.000800693
4.86492e-05
-3.80142e-06
-0.000616176
-0.000754993
-0.000565069
-0.000643253
8.94563e-05
-5.76563e-05
0.000553492
0.000566093
0.000537635
0.000734874
4.50674e-05
-0.000597593
0.00119137
0.00292294
0.00227108
0.00242269
0.00237679
0.00127057
0.00171604
0.000164624
0.000898193
-0.000531522
0.00017807
-0.00081055
-0.000292041
-0.000786181
-0.000434548
-0.000609026
-0.000274885
-0.000452067
3.65511e-05
-0.000417903
0.000311046
-0.000508912
0.000269828
-0.000698177
-0.000208651
-0.000840998
-0.00079986
-0.000739798
-0.000987326
-0.000387034
-0.000698808
-1.75765e-05
-0.000217742
0.000119436
0.000220393
4.69657e-05
0.000275171
-0.000175717
-0.000165937
-0.000355259
-0.000598851
-0.000272675
-0.000543917
2.34486e-05
-0.000149055
0.000255474
0.000283798
0.00025845
0.000429282
6.11188e-05
5.89331e-05
-0.000194113
-0.000417119
-0.000230335
-0.000429488
1.07761e-05
-6.35621e-05
0.000226723
0.000330124
0.000236187
0.000427742
4.78278e-05
3.84412e-05
-0.000195142
-0.000390656
-0.000208588
-0.000347705
2.61144e-05
3.07723e-05
0.000221892
0.000400863
0.000220004
0.000417333
3.2179e-05
-2.2389e-05
-0.000176452
-0.000426526
-0.000160933
-0.000383033
4.59626e-05
-3.6239e-05
0.000206696
0.000323354
0.000178037
0.000386078
-1.76565e-05
-0.000211512
0.000771237
0.0021517
0.00138654
0.00180738
0.00158079
0.00107632
0.00130243
0.000442991
0.000836334
-6.54279e-05
0.000380212
-0.000354432
6.63782e-05
-0.000472349
-4.48039e-05
-0.000497838
9.83483e-06
-0.00050671
0.000130266
-0.000538346
0.000193614
-0.000572263
8.14693e-05
-0.000586026
-0.000218589
-0.000540938
-0.000529231
-0.000429156
-0.00063871
-0.000277553
-0.000501252
-0.000155031
-0.000248431
-0.000133385
-5.21701e-05
-0.000149295
-4.78518e-05
-0.000180034
-0.000236568
-0.000166543
-0.00041526
-9.39861e-05
-0.000383823
-7.99154e-06
-0.000181001
5.26538e-05
3.17099e-05
4.57413e-05
9.3643e-05
-8.13941e-07
-5.82016e-05
-4.2271e-05
-0.000255893
-3.26445e-05
-0.00025803
1.29129e-05
-8.91102e-05
5.78008e-05
9.75203e-05
4.95577e-05
0.000136523
8.82797e-06
-2.11064e-05
-3.75157e-05
-0.000195254
-3.44417e-05
-0.000183811
1.4673e-05
-1.44944e-05
5.2575e-05
0.000149312
5.62016e-05
0.000150723
3.07697e-05
-3.3889e-05
8.16281e-06
-0.000201183
6.35847e-06
-0.000186117
3.08894e-05
-2.33854e-05
4.39624e-05
0.000138883
1.57691e-05
0.000152812
-3.1586e-05
-5.87005e-05
0.000557229
0.00159447
0.000919506
0.00144512
0.00103294
0.000962885
0.0009442
0.000531733
0.000695152
0.000183632
0.000439527
-9.88012e-05
0.000252529
-0.000285357
0.000159133
-0.000404448
0.000135238
-0.000482816
0.000124639
-0.000527749
7.66516e-05
-0.000524277
-3.61014e-05
-0.000473269
-0.000188027
-0.000389007
-0.000317867
-0.000299315
-0.000361757
-0.000233663
-0.000309005
-0.000207778
-0.000230041
-0.000212347
-0.000173053
-0.000206284
-0.000183956
-0.000169134
-0.000243603
-0.000106898
-0.000285219
-5.23709e-05
-0.000263774
-2.9437e-05
-0.00018232
-2.87982e-05
-0.000101976
-3.46007e-05
-7.77335e-05
-2.50578e-05
-0.000118869
-1.14005e-06
-0.000164441
1.29263e-05
-0.000161789
1.02638e-05
-0.000102409
-1.5781e-06
-3.7912e-05
-1.49394e-05
-1.98969e-05
-9.18645e-06
-6.09269e-05
3.51232e-06
-0.000107912
1.25404e-05
-0.000100936
7.69901e-06
-4.65265e-05
-1.82952e-06
4.97403e-06
4.70753e-06
8.47427e-06
2.72689e-05
-3.40219e-05
5.06541e-05
-7.48649e-05
4.71996e-05
-6.56074e-05
2.1629e-05
-1.02905e-05
-1.13569e-05
3.7783e-05
-3.23018e-05
4.02334e-05
-3.40344e-05
-1.84699e-05
0.000445752
0.00114871
0.00075558
0.00113529
0.000861829
0.000856639
0.000826989
0.000566571
0.000713076
0.000297545
0.000541149
7.31313e-05
0.000392528
-0.000136738
0.00027562
-0.000287549
0.000180681
-0.000387879
8.89355e-05
-0.000435998
2.0369e-07
-0.000435541
-8.38933e-05
-0.000389172
-0.000151739
-0.00032116
-0.000190036
-0.000261014
-0.000196768
-0.000226927
-0.000185043
-0.000219502
-0.000177763
-0.000219628
-0.000182341
-0.000201709
-0.000194587
-0.000156891
-0.00020084
-0.000100644
-0.000193352
-5.98569e-05
-0.000173616
-4.91721e-05
-0.000148403
-5.40116e-05
-0.000130436
-5.25698e-05
-0.000121569
-3.3928e-05
-0.000115907
-6.80299e-06
-0.000111196
8.21543e-06
-0.000102416
1.4871e-06
-8.76972e-05
-1.62939e-05
-7.64468e-05
-2.61926e-05
-6.93161e-05
-1.632e-05
-6.79974e-05
2.19367e-06
-6.47763e-05
9.32144e-06
-5.85094e-05
1.43493e-06
-5.14245e-05
-8.91172e-06
-4.29635e-05
-3.7493e-06
-3.39417e-05
1.82491e-05
-2.33275e-05
4.00346e-05
-1.52629e-05
3.91319e-05
-6.05487e-06
1.24238e-05
1.60132e-06
-1.90131e-05
3.91658e-06
-3.462e-05
1.26559e-06
-3.13817e-05
-1.72035e-05
0.000349336
0.000799375
0.000643749
0.000840879
0.000797975
0.000702421
0.000833481
0.000531066
0.000784806
0.000346215
0.000693975
0.00016396
0.000556336
9.03433e-07
0.000415941
-0.000147154
0.000277524
-0.000249462
0.000149504
-0.000307975
3.87043e-05
-0.000324739
-4.2382e-05
-0.000308086
-8.75822e-05
-0.000275958
-0.00010465
-0.000243939
-0.000108158
-0.000223415
-0.000113698
-0.000213966
-0.000128405
-0.000204927
-0.000145868
-0.000184245
-0.0001536
-0.000149156
-0.000145
-0.000109242
-0.000126052
-7.88046e-05
-0.000110271
-6.49534e-05
-0.000103188
-6.10975e-05
-0.000100834
-5.49281e-05
-9.49301e-05
-3.98343e-05
-8.1124e-05
-2.06067e-05
-6.4401e-05
-8.50463e-06
-5.32481e-05
-9.66468e-06
-5.09627e-05
-1.85797e-05
-5.3535e-05
-2.36226e-05
-5.16223e-05
-1.82344e-05
-4.17034e-05
-7.7244e-06
-3.07084e-05
-1.66954e-06
-2.58093e-05
-3.46015e-06
-2.76287e-05
-7.09225e-06
-2.80381e-05
-3.34085e-06
-1.90983e-05
9.31353e-06
-3.50216e-07
2.12909e-05
1.77858e-05
2.09934e-05
2.40802e-05
6.12669e-06
1.79031e-05
-1.28352e-05
7.11424e-06
-2.38342e-05
-1.69327e-07
-2.40996e-05
-1.73698e-05
0.000256665
0.000542713
0.000505234
0.000592307
0.000679871
0.000527784
0.000774207
0.00043673
0.000795069
0.000325352
0.000756023
0.000203006
0.000675028
8.19011e-05
0.000556096
-2.82196e-05
0.000422385
-0.00011575
0.000290778
-0.00017637
0.000175818
-0.000209779
8.88192e-05
-0.000221085
3.10336e-05
-0.000218169
-3.62173e-06
-0.000209281
-2.64358e-05
-0.000200602
-4.78842e-05
-0.000192523
-7.10132e-05
-0.000181799
-9.04934e-05
-0.00016476
-9.85701e-05
-0.000141077
-9.28454e-05
-0.000114969
-7.91511e-05
-9.25008e-05
-6.7064e-05
-7.70415e-05
-6.12336e-05
-6.69309e-05
-5.87008e-05
-5.7464e-05
-5.28675e-05
-4.56676e-05
-4.03569e-05
-3.31152e-05
-2.49925e-05
-2.38676e-05
-1.43974e-05
-2.02602e-05
-1.192e-05
-2.10587e-05
-1.37782e-05
-2.17652e-05
-1.3138e-05
-1.88733e-05
-7.51776e-06
-1.33442e-05
-2.65746e-07
-8.92211e-06
3.35515e-06
-7.08008e-06
2.47197e-06
-6.20592e-06
2.25722e-06
-3.12391e-06
8.62124e-06
2.95022e-06
2.13749e-05
8.54289e-06
3.33322e-05
9.03847e-06
3.62232e-05
3.22863e-06
2.87063e-05
-5.3214e-06
1.6438e-05
-1.15636e-05
5.84286e-06
-1.35022e-05
-1.15256e-05
0.000180348
0.000362367
0.000369297
0.000403354
0.000524525
0.000372552
0.000635775
0.000325479
0.000697655
0.000263475
0.000710096
0.000190568
0.000679108
0.000112889
0.000609865
4.10218e-05
0.000520698
-2.65841e-05
0.000421476
-7.71496e-05
0.000325547
-0.000113849
0.000241952
-0.000137487
0.000174541
-0.000150756
0.000122214
-0.000156955
7.9926e-05
-0.000158318
4.33482e-05
-0.000155944
1.13241e-05
-0.000149769
-1.39905e-05
-0.000139443
-2.95382e-05
-0.000125533
-3.4726e-05
-0.000109784
-3.27261e-05
-9.44998e-05
-2.84871e-05
-8.12821e-05
-2.52216e-05
-7.02017e-05
-2.24577e-05
-6.02295e-05
-1.76945e-05
-5.04284e-05
-9.71591e-06
-4.10942e-05
-2.24015e-07
-3.33609e-05
7.47891e-06
-2.79619e-05
1.11311e-05
-2.47111e-05
1.16547e-05
-2.22912e-05
1.21407e-05
-1.93603e-05
1.45261e-05
-1.57293e-05
1.76271e-05
-1.20233e-05
1.94479e-05
-8.90273e-06
1.97407e-05
-6.4972e-06
2.02839e-05
-3.65978e-06
2.34696e-05
-2.35839e-07
2.9207e-05
2.80238e-06
3.40967e-05
4.15222e-06
3.41799e-05
3.14611e-06
2.82014e-05
6.55062e-07
1.84378e-05
-1.79785e-06
8.21953e-06
-3.27957e-06
-3.30548e-06
0.000124766
0.000237598
0.000260793
0.000267323
0.000381508
0.000251837
0.000479694
0.000227293
0.00054932
0.000193847
0.000586728
0.00015316
0.000591577
0.000108036
0.000570864
6.17319e-05
0.000525405
1.88745e-05
0.000467715
-1.94588e-05
0.000403869
-5.00002e-05
0.000340387
-7.40036e-05
0.000281257
-9.16259e-05
0.000227917
-0.000103616
0.000180333
-0.000110732
0.000138017
-0.000113624
0.000101025
-0.000112774
7.02818e-05
-0.000108702
4.67771e-05
-0.000102033
3.06228e-05
-9.36295e-05
2.05818e-05
-8.44564e-05
1.45678e-05
-7.5272e-05
1.08671e-05
-6.6507e-05
8.83909e-06
-5.82011e-05
8.75123e-06
-5.03377e-05
1.0664e-05
-4.30091e-05
1.37759e-05
-3.64754e-05
1.67837e-05
-3.09687e-05
1.85347e-05
-2.64616e-05
1.88892e-05
-2.26477e-05
1.87158e-05
-1.91906e-05
1.88067e-05
-1.58238e-05
1.93274e-05
-1.25413e-05
1.98895e-05
-9.46288e-06
1.99703e-05
-6.58148e-06
2.0135e-05
-3.82038e-06
2.10595e-05
-1.1559e-06
2.26186e-05
1.2384e-06
2.37242e-05
3.04438e-06
2.28532e-05
4.02096e-06
1.92591e-05
4.25234e-06
1.3407e-05
4.05533e-06
6.36516e-06
3.76293e-06
3.0589e-06
8.57363e-05
0.000151858
0.000181168
0.00017189
0.000269213
0.00016379
0.000345671
0.000150832
0.000406549
0.000132964
0.000448862
0.000110843
0.000471264
8.5632e-05
0.000474199
5.8796e-05
0.000460493
3.25802e-05
0.000434139
6.89668e-06
0.000399594
-1.54552e-05
0.000359891
-3.43e-05
0.000318053
-4.97886e-05
0.000276194
-6.17567e-05
0.000235761
-7.02967e-05
0.000197763
-7.56236e-05
0.000163038
-7.80496e-05
0.000132299
-7.79686e-05
0.000106114
-7.58496e-05
8.46127e-05
-7.21273e-05
6.75074e-05
-6.73526e-05
5.41345e-05
-6.1904e-05
4.37268e-05
-5.61011e-05
3.57615e-05
-5.02341e-05
2.98851e-05
-4.44621e-05
2.58004e-05
-3.89268e-05
2.30648e-05
-3.3739e-05
2.10816e-05
-2.89859e-05
1.93198e-05
-2.47037e-05
1.75358e-05
-2.08636e-05
1.57301e-05
-1.73845e-05
1.4076e-05
-1.41758e-05
1.274e-05
-1.12052e-05
1.16896e-05
-8.40562e-06
1.08267e-05
-5.72032e-06
1.0226e-05
-3.22238e-06
9.96905e-06
-8.9447e-07
9.98829e-06
1.22092e-06
9.97849e-06
3.05141e-06
9.47261e-06
4.5259e-06
8.11656e-06
5.60985e-06
5.84731e-06
6.32582e-06
2.87367e-06
6.73691e-06
5.93285e-06
5.86375e-05
9.32176e-05
0.000124681
0.000105846
0.000187008
0.00010146
0.000243306
9.45279e-05
0.000291244
8.50223e-05
0.000328884
7.32025e-05
0.000354982
5.95351e-05
0.000369125
4.46536e-05
0.000372653
2.90528e-05
0.000364602
1.49487e-05
0.000349952
-8.04609e-07
0.000328935
-1.32826e-05
0.000303559
-2.44125e-05
0.000275508
-3.37044e-05
0.000246221
-4.10086e-05
0.000216914
-4.63171e-05
0.000188584
-4.97214e-05
0.000162008
-5.13939e-05
0.000137715
-5.15558e-05
0.000116092
-5.05052e-05
9.71541e-05
-4.84192e-05
8.08313e-05
-4.55836e-05
6.69593e-05
-4.22255e-05
5.52637e-05
-3.85365e-05
4.54852e-05
-3.46883e-05
3.73664e-05
-3.081e-05
3.06477e-05
-2.70154e-05
2.50379e-05
-2.33758e-05
2.0272e-05
-1.99447e-05
1.61576e-05
-1.6749e-05
1.25755e-05
-1.37973e-05
9.46823e-06
-1.10722e-05
6.78599e-06
-8.52683e-06
4.5554e-06
-6.16955e-06
2.81468e-06
-3.97648e-06
1.53207e-06
-1.9425e-06
7.01385e-07
-6.35317e-08
2.57876e-07
1.66763e-06
1.48037e-07
3.16244e-06
2.12965e-07
4.46016e-06
3.04667e-07
5.51748e-06
3.1318e-07
6.31749e-06
2.01754e-07
6.84917e-06
6.13618e-06
3.70622e-05
5.61533e-05
7.90884e-05
6.38185e-05
0.00011924
6.13026e-05
0.000156356
5.74062e-05
0.000189244
5.21335e-05
0.000216844
4.56043e-05
0.000238359
3.80209e-05
0.000253353
2.96594e-05
0.000261578
2.08264e-05
0.000264542
1.19852e-05
0.000260488
3.24954e-06
0.000252381
-5.17532e-06
0.000240227
-1.22589e-05
0.000225111
-1.85879e-05
0.000207934
-2.38325e-05
0.00018954
-2.7925e-05
0.000170681
-3.0864e-05
0.000151988
-3.27001e-05
0.000133958
-3.35253e-05
0.000116915
-3.3463e-05
0.000101131
-3.26395e-05
8.67464e-05
-3.11995e-05
7.38089e-05
-2.92831e-05
6.2289e-05
-2.70147e-05
5.2116e-05
-2.45195e-05
4.32119e-05
-2.19073e-05
3.54532e-05
-1.92514e-05
2.87099e-05
-1.6631e-05
2.28519e-05
-1.40918e-05
1.77737e-05
-1.16713e-05
1.33788e-05
-9.39715e-06
9.59499e-06
-7.28847e-06
6.39414e-06
-5.32967e-06
3.7492e-06
-3.52313e-06
1.63453e-06
-1.85837e-06
2.13468e-08
-3.29355e-07
-1.11207e-06
1.06887e-06
-1.79087e-06
2.34734e-06
-2.16164e-06
3.53499e-06
-2.0986e-06
4.39835e-06
-1.75743e-06
5.17707e-06
-1.22144e-06
5.78236e-06
-5.65147e-07
6.19411e-06
5.5718e-06
2.29634e-05
3.31895e-05
4.91251e-05
3.76577e-05
7.42765e-05
3.61473e-05
9.7828e-05
3.38513e-05
0.000119181
3.07825e-05
0.000137785
2.7004e-05
0.000153191
2.26155e-05
0.000165094
1.7756e-05
0.000173337
1.25828e-05
0.000178028
7.2937e-06
0.000179196
2.08147e-06
0.000177107
-3.0854e-06
0.000172399
-7.55079e-06
0.00016541
-1.15997e-05
0.000156613
-1.5036e-05
0.000146479
-1.77921e-05
0.000135459
-1.9843e-05
0.000123957
-2.11971e-05
0.000112324
-2.18903e-05
0.000100841
-2.19806e-05
8.97407e-05
-2.15409e-05
7.91949e-05
-2.06529e-05
6.932e-05
-1.9404e-05
6.01887e-05
-1.78816e-05
5.18255e-05
-1.61587e-05
4.42322e-05
-1.43146e-05
3.74061e-05
-1.24213e-05
3.13002e-05
-1.05231e-05
2.5873e-05
-8.66746e-06
2.10629e-05
-6.86196e-06
1.687e-05
-5.20096e-06
1.32234e-05
-3.64076e-06
1.00708e-05
-2.17948e-06
7.39024e-06
-8.43645e-07
5.15838e-06
3.74485e-07
3.34907e-06
1.48011e-06
1.94e-06
2.47692e-06
9.15869e-07
3.37094e-06
2.39115e-07
4.21237e-06
-1.817e-07
4.82048e-06
-3.49241e-07
5.34605e-06
-3.28172e-07
5.76261e-06
-1.80647e-07
6.04763e-06
5.39038e-06
1.56704e-05
1.75202e-05
3.35684e-05
1.97607e-05
5.08355e-05
1.8876e-05
6.71204e-05
1.75642e-05
8.20732e-05
1.58318e-05
9.53701e-05
1.37086e-05
0.000106743
1.12428e-05
0.000115999
8.49898e-06
0.000123007
5.57418e-06
0.000127717
2.58194e-06
0.00013021
-4.11448e-07
0.000130457
-3.33205e-06
0.000128909
-6.00204e-06
0.000125679
-8.36937e-06
0.000121014
-1.03703e-05
0.000115183
-1.19609e-05
0.000108459
-1.31183e-05
0.000101104
-1.38393e-05
9.33548e-05
-1.41388e-05
8.54218e-05
-1.40475e-05
7.74894e-05
-1.36096e-05
6.97124e-05
-1.28751e-05
6.22097e-05
-1.18984e-05
5.50652e-05
-1.07358e-05
4.83529e-05
-9.44802e-06
4.21172e-05
-8.07925e-06
3.63709e-05
-6.67213e-06
3.1126e-05
-5.27622e-06
2.63731e-05
-3.91589e-06
2.21282e-05
-2.61808e-06
1.83372e-05
-1.40829e-06
1.50431e-05
-3.45689e-07
1.20951e-05
7.67107e-07
9.54693e-06
1.7028e-06
7.37002e-06
2.55093e-06
5.54202e-06
3.30794e-06
4.03882e-06
3.97942e-06
2.8455e-06
4.56338e-06
1.97352e-06
5.08384e-06
1.28074e-06
5.5132e-06
7.67396e-07
5.85951e-06
4.05215e-07
6.12478e-06
1.48429e-07
6.30413e-06
5.53791e-06
1.09341e-05
6.58877e-06
2.3405e-05
7.29048e-06
3.54663e-05
6.8112e-06
4.68835e-05
6.14586e-06
5.74239e-05
5.29286e-06
6.6872e-05
4.26073e-06
7.5053e-05
3.06209e-06
8.18757e-05
1.67691e-06
8.72592e-05
1.90346e-07
9.09788e-05
-1.13824e-06
9.33267e-05
-2.75893e-06
9.42022e-05
-4.20573e-06
9.37535e-05
-5.55097e-06
9.20637e-05
-6.67745e-06
8.92755e-05
-7.58072e-06
8.55546e-05
-8.23911e-06
8.10752e-05
-8.63723e-06
7.60083e-05
-8.77014e-06
7.0527e-05
-8.65566e-06
6.47936e-05
-8.31394e-06
5.89461e-05
-7.76312e-06
5.31087e-05
-7.0375e-06
4.73869e-05
-6.17502e-06
4.18722e-05
-5.22061e-06
3.66213e-05
-4.19843e-06
3.17033e-05
-3.16195e-06
2.71388e-05
-2.10582e-06
2.29543e-05
-1.09003e-06
1.91485e-05
-1.10604e-07
1.57293e-05
8.0006e-07
1.27978e-05
1.52355e-06
1.00729e-05
2.37966e-06
7.79315e-06
3.04593e-06
5.85075e-06
3.64352e-06
4.23224e-06
4.16824e-06
2.91871e-06
4.62077e-06
1.8929e-06
5.00446e-06
1.09848e-06
5.35674e-06
5.35558e-07
5.64559e-06
1.69925e-07
5.87768e-06
-2.99561e-08
6.05829e-06
-9.61222e-08
6.18991e-06
-6.85393e-08
6.27567e-06
5.4695e-06
7.13666e-06
-5.46253e-07
1.51996e-05
-7.73289e-07
2.29909e-05
-9.8332e-07
3.03503e-05
-1.21384e-06
3.7125e-05
-1.48113e-06
4.3174e-05
-1.78863e-06
4.83988e-05
-2.16167e-06
5.25487e-05
-2.47124e-06
5.57811e-05
-3.04159e-06
5.81555e-05
-3.51232e-06
5.9367e-05
-3.96892e-06
5.95835e-05
-4.41965e-06
5.88177e-05
-4.78218e-06
5.71773e-05
-5.03465e-06
5.47637e-05
-5.1658e-06
5.16872e-05
-5.16192e-06
4.80704e-05
-5.01955e-06
4.4032e-05
-4.73027e-06
3.97143e-05
-4.33689e-06
3.52659e-05
-3.86566e-06
3.07663e-05
-3.2646e-06
2.63124e-05
-2.58385e-06
2.19893e-05
-1.85101e-06
1.78806e-05
-1.1117e-06
1.40451e-05
-3.64096e-07
1.04965e-05
3.85695e-07
7.29773e-06
1.09374e-06
4.54919e-06
1.65955e-06
2.1255e-06
2.31256e-06
3.09438e-08
2.89317e-06
-1.79783e-06
3.35146e-06
-3.1702e-06
3.75155e-06
-4.20956e-06
4.08421e-06
-4.93595e-06
4.36832e-06
-5.3657e-06
4.59663e-06
-5.52275e-06
4.77705e-06
-5.441e-06
4.9223e-06
-5.11728e-06
5.0327e-06
-4.58334e-06
5.11127e-06
-3.86918e-06
5.16311e-06
-3.00431e-06
5.19304e-06
-2.02035e-06
5.2057e-06
-9.52212e-07
5.2076e-06
4.5181e-06
3.68996e-06
-4.2356e-06
7.82123e-06
-4.90552e-06
1.1776e-05
-4.93934e-06
1.54352e-05
-4.8718e-06
1.86959e-05
-4.74131e-06
2.14707e-05
-4.56376e-06
2.36521e-05
-4.3411e-06
2.52778e-05
-4.09459e-06
2.60943e-05
-3.85683e-06
2.62247e-05
-3.64167e-06
2.56746e-05
-3.41717e-06
2.44196e-05
-3.16256e-06
2.25119e-05
-2.8723e-06
2.00503e-05
-2.57153e-06
1.71345e-05
-2.24935e-06
1.38315e-05
-1.85904e-06
1.02358e-05
-1.42372e-06
6.51749e-06
-1.01114e-06
2.73335e-06
-5.518e-07
-1.04644e-06
-8.57285e-08
-4.71281e-06
4.01251e-07
-8.1696e-06
8.72902e-07
-1.13576e-05
1.33764e-06
-1.42345e-05
1.76542e-06
-1.67604e-05
2.16052e-06
-1.88826e-05
2.50644e-06
-2.05826e-05
2.79324e-06
-2.1934e-05
3.01085e-06
-2.28086e-05
3.18615e-06
-2.32137e-05
3.29643e-06
-2.3201e-05
3.33713e-06
-2.28058e-05
3.35528e-06
-2.20822e-05
3.35964e-06
-2.10399e-05
3.3249e-06
-1.97053e-05
3.26124e-06
-1.81039e-05
3.17548e-06
-1.63047e-05
3.1235e-06
-1.43156e-05
3.04431e-06
-1.21578e-05
2.95435e-06
-9.85519e-06
2.86151e-06
-7.43201e-06
2.77087e-06
-4.91029e-06
2.68504e-06
-2.31411e-06
2.61252e-06
2.20479e-06
5.81144e-07
-4.81631e-06
1.18925e-06
-5.51412e-06
1.68543e-06
-5.4349e-06
1.98503e-06
-5.1692e-06
2.00297e-06
-4.75942e-06
1.66693e-06
-4.22805e-06
9.01435e-07
-3.57359e-06
-2.54486e-07
-2.93666e-06
-1.8563e-06
-2.25399e-06
-3.88945e-06
-1.60791e-06
-6.31557e-06
-9.90711e-07
-9.132e-06
-3.45759e-07
-1.22846e-05
2.80905e-07
-1.57101e-05
8.54595e-07
-1.93313e-05
1.37196e-06
-2.3055e-05
1.86439e-06
-2.67963e-05
2.31766e-06
-3.0485e-05
2.67864e-06
-3.40315e-05
2.99628e-06
-3.73772e-05
3.26102e-06
-4.04864e-05
3.51086e-06
-4.32042e-05
3.59103e-06
-4.55288e-05
3.66283e-06
-4.742e-05
3.65667e-06
-4.88354e-05
3.57465e-06
-4.97485e-05
3.41777e-06
-5.01456e-05
3.18907e-06
-5.00279e-05
2.89229e-06
-4.93738e-05
2.53104e-06
-4.81628e-05
2.0838e-06
-4.64784e-05
1.65138e-06
-4.43925e-05
1.2687e-06
-4.18812e-05
8.48024e-07
-3.89876e-05
4.31278e-07
-3.57739e-05
4.77199e-08
-3.23012e-05
-2.96712e-07
-2.85905e-05
-5.86202e-07
-2.47074e-05
-8.37581e-07
-2.06949e-05
-1.05668e-06
-1.65844e-05
-1.24745e-06
-1.23966e-05
-1.41528e-06
-8.14433e-06
-1.56565e-06
-3.83705e-06
-1.69327e-06
-1.6314e-06
-2.08103e-06
-2.73453e-06
-4.45807e-06
-3.13707e-06
-6.89255e-06
-2.99873e-06
-9.46233e-06
-2.59758e-06
-1.22381e-05
-1.98478e-06
-1.52594e-05
-1.20754e-06
-1.84294e-05
-4.0264e-07
-2.18328e-05
4.67468e-07
-2.54291e-05
1.34209e-06
-2.92e-05
2.16232e-06
-3.31162e-05
2.92422e-06
-3.70975e-05
3.63453e-06
-4.10917e-05
4.27511e-06
-4.50668e-05
4.83031e-06
-4.89866e-05
5.29228e-06
-5.27827e-05
5.66077e-06
-5.64012e-05
5.93692e-06
-5.98182e-05
6.09711e-06
-6.29762e-05
6.15635e-06
-6.58345e-05
6.12106e-06
-6.82927e-05
5.96979e-06
-7.03948e-05
5.69345e-06
-7.20465e-05
5.31459e-06
-7.32179e-05
4.82769e-06
-7.38792e-05
4.23457e-06
-7.40044e-05
3.54097e-06
-7.35728e-05
2.7557e-06
-7.25701e-05
1.88846e-06
-7.09821e-05
9.41991e-07
-6.88683e-05
-3.12632e-08
-6.61944e-05
-1.02349e-06
-6.2939e-05
-1.98698e-06
-5.91599e-05
-2.93098e-06
-5.49039e-05
-3.82411e-06
-5.02186e-05
-4.63691e-06
-4.51672e-05
-5.34716e-06
-3.98117e-05
-5.94067e-06
-3.42354e-05
-6.41271e-06
-2.85199e-05
-6.77084e-06
-2.2732e-05
-7.03387e-06
-1.69158e-05
-7.22989e-06
-1.10872e-05
-7.3924e-06
-5.23653e-06
-7.54206e-06
-6.86677e-06
-4.24068e-06
1.50673e-06
-8.96641e-06
1.58861e-06
-1.3702e-05
1.73864e-06
-1.85384e-05
2.23955e-06
-2.34734e-05
2.94823e-06
-2.84451e-05
3.76288e-06
-3.34347e-05
4.58653e-06
-3.83513e-05
5.38333e-06
-4.31287e-05
6.11816e-06
-4.77371e-05
6.76923e-06
-5.21499e-05
7.33523e-06
-5.63382e-05
7.82187e-06
-6.02913e-05
8.22862e-06
-6.40099e-05
8.5501e-06
-6.74939e-05
8.77761e-06
-7.07356e-05
8.90319e-06
-7.37188e-05
8.92105e-06
-7.6444e-05
8.82368e-06
-7.88927e-05
8.60669e-06
-8.10337e-05
8.26351e-06
-8.28513e-05
7.78777e-06
-8.43287e-05
7.17064e-06
-8.54319e-05
6.41727e-06
-8.61323e-05
5.52738e-06
-8.64031e-05
4.50414e-06
-8.62178e-05
3.35378e-06
-8.55495e-05
2.08585e-06
-8.43761e-05
7.13496e-07
-8.26843e-05
-7.5108e-07
-8.04394e-05
-2.2775e-06
-7.76228e-05
-3.8416e-06
-7.41958e-05
-5.41488e-06
-7.016e-05
-6.96749e-06
-6.55203e-05
-8.46378e-06
-6.02938e-05
-9.86319e-06
-5.45168e-05
-1.11235e-05
-4.82523e-05
-1.22044e-05
-4.15919e-05
-1.30719e-05
-3.46531e-05
-1.37083e-05
-2.75639e-05
-1.41213e-05
-2.04424e-05
-1.43493e-05
-1.33613e-05
-1.44712e-05
-6.32705e-06
-1.45739e-05
-1.31925e-05
-5.92171e-06
7.4285e-06
-1.24794e-05
8.14561e-06
-1.90437e-05
8.30435e-06
-2.55794e-05
8.77478e-06
-3.19874e-05
9.35384e-06
-3.81102e-05
9.88425e-06
-4.3841e-05
1.03162e-05
-4.90957e-05
1.06368e-05
-5.38438e-05
1.08648e-05
-5.80973e-05
1.10215e-05
-6.18918e-05
1.11286e-05
-6.52727e-05
1.12023e-05
-6.82875e-05
1.12445e-05
-7.09828e-05
1.12467e-05
-7.3397e-05
1.11933e-05
-7.55619e-05
1.10686e-05
-7.7498e-05
1.08574e-05
-7.92201e-05
1.05464e-05
-8.07364e-05
1.01237e-05
-8.2043e-05
9.5712e-06
-8.3141e-05
8.88566e-06
-8.40198e-05
8.04922e-06
-8.46647e-05
7.06184e-06
-8.50577e-05
5.92016e-06
-8.5178e-05
4.62442e-06
-8.50029e-05
3.17811e-06
-8.45065e-05
1.5893e-06
-8.36589e-05
-1.34518e-07
-8.24229e-05
-1.98751e-06
-8.07565e-05
-3.94441e-06
-7.86119e-05
-5.98737e-06
-7.59334e-05
-8.09406e-06
-7.26689e-05
-1.02331e-05
-6.87644e-05
-1.23684e-05
-6.41741e-05
-1.44539e-05
-5.88636e-05
-1.64333e-05
-5.28278e-05
-1.82393e-05
-4.61013e-05
-1.9797e-05
-3.87773e-05
-2.10304e-05
-3.10113e-05
-2.1885e-05
-2.30191e-05
-2.23389e-05
-1.50006e-05
-2.24871e-05
-7.10493e-06
-2.2467e-05
-2.02964e-05
-7.33565e-06
1.47637e-05
-1.54213e-05
1.62301e-05
-2.33944e-05
1.62785e-05
-3.09182e-05
1.62974e-05
-3.78064e-05
1.62403e-05
-4.38745e-05
1.59516e-05
-4.90743e-05
1.55149e-05
-5.34236e-05
1.49854e-05
-5.7001e-05
1.44412e-05
-5.99105e-05
1.39307e-05
-6.22657e-05
1.34835e-05
-6.41745e-05
1.31109e-05
-6.57275e-05
1.27984e-05
-6.70017e-05
1.25215e-05
-6.80562e-05
1.22488e-05
-6.89398e-05
1.19521e-05
-6.96881e-05
1.16051e-05
-7.03257e-05
1.11839e-05
-7.08709e-05
1.06688e-05
-7.13351e-05
1.00363e-05
-7.17246e-05
9.27513e-06
-7.20411e-05
8.36565e-06
-7.22807e-05
7.30147e-06
-7.24362e-05
6.0757e-06
-7.24955e-05
4.68445e-06
-7.24451e-05
3.12763e-06
-7.2264e-05
1.40852e-06
-7.19271e-05
-4.71611e-07
-7.13999e-05
-2.5149e-06
-7.06397e-05
-4.70451e-06
-6.95941e-05
-7.03377e-06
-6.81952e-05
-9.49274e-06
-6.63661e-05
-1.20631e-05
-6.40102e-05
-1.47238e-05
-6.10233e-05
-1.74409e-05
-5.7287e-05
-2.01685e-05
-5.2689e-05
-2.28362e-05
-4.71344e-05
-2.53495e-05
-4.05881e-05
-2.75746e-05
-3.31025e-05
-2.93681e-05
-2.49041e-05
-3.05348e-05
-1.62814e-05
-3.11076e-05
-7.72268e-06
-3.10233e-05
-2.80186e-05
-8.77696e-06
2.354e-05
-1.80791e-05
2.5531e-05
-2.68311e-05
2.50315e-05
-3.42747e-05
2.374e-05
-4.03853e-05
2.23503e-05
-4.51275e-05
2.06942e-05
-4.86702e-05
1.90567e-05
-5.11972e-05
1.75122e-05
-5.2912e-05
1.61555e-05
-5.39976e-05
1.50162e-05
-5.46119e-05
1.40978e-05
-5.48881e-05
1.33863e-05
-5.49241e-05
1.2835e-05
-5.47984e-05
1.23954e-05
-5.45666e-05
1.20175e-05
-5.42741e-05
1.16593e-05
-5.39548e-05
1.1285e-05
-5.36322e-05
1.08616e-05
-5.33263e-05
1.03627e-05
-5.30507e-05
9.76228e-06
-5.28171e-05
9.04211e-06
-5.26335e-05
8.18274e-06
-5.25042e-05
7.17311e-06
-5.24325e-05
6.00437e-06
-5.24157e-05
4.66918e-06
-5.24528e-05
3.16495e-06
-5.25333e-05
1.48955e-06
-5.26452e-05
-3.59871e-07
-5.27713e-05
-2.38938e-06
-5.28797e-05
-4.59595e-06
-5.29331e-05
-6.98164e-06
-5.28726e-05
-9.55269e-06
-5.26278e-05
-1.2309e-05
-5.20957e-05
-1.52549e-05
-5.11517e-05
-1.83851e-05
-4.96295e-05
-2.16893e-05
-4.73331e-05
-2.51319e-05
-4.4029e-05
-2.8652e-05
-3.94903e-05
-3.21115e-05
-3.35147e-05
-3.53419e-05
-2.61457e-05
-3.7902e-05
-1.74842e-05
-3.97678e-05
-8.47172e-06
-4.00339e-05
-3.64903e-05
-1.05322e-05
3.40716e-05
-2.04206e-05
3.54185e-05
-2.88916e-05
3.35033e-05
-3.48956e-05
2.97436e-05
-3.89869e-05
2.64417e-05
-4.14397e-05
2.31479e-05
-4.26926e-05
2.03086e-05
-4.30605e-05
1.788e-05
-4.28115e-05
1.59061e-05
-4.21451e-05
1.43496e-05
-4.1207e-05
1.31599e-05
-4.01118e-05
1.22896e-05
-3.89306e-05
1.1654e-05
-3.77191e-05
1.11831e-05
-3.65127e-05
1.08115e-05
-3.5341e-05
1.04878e-05
-3.42276e-05
1.01709e-05
-3.31877e-05
9.82278e-06
-3.22397e-05
9.41475e-06
-3.13945e-05
8.91921e-06
-3.06669e-05
8.31572e-06
-3.0069e-05
7.58585e-06
-2.96108e-05
6.71645e-06
-2.9305e-05
5.69887e-06
-2.91579e-05
4.52387e-06
-2.91807e-05
3.18787e-06
-2.93763e-05
1.68562e-06
-2.9748e-05
1.16726e-08
-3.02975e-05
-1.84106e-06
-3.10124e-05
-3.88077e-06
-3.18808e-05
-6.11534e-06
-3.28679e-05
-8.56491e-06
-3.39336e-05
-1.12451e-05
-3.50015e-05
-1.41863e-05
-3.59721e-05
-1.74156e-05
-3.66896e-05
-2.0971e-05
-3.69446e-05
-2.48769e-05
-3.64352e-05
-2.91606e-05
-3.4792e-05
-3.3754e-05
-3.15121e-05
-3.86212e-05
-2.62943e-05
-4.31188e-05
-1.86037e-05
-4.74582e-05
-9.67444e-06
-4.89616e-05
-4.61652e-05
-1.26828e-05
4.67541e-05
-2.19309e-05
4.46661e-05
-2.86422e-05
4.02151e-05
-3.19113e-05
3.30128e-05
-3.31638e-05
2.76945e-05
-3.29759e-05
2.29611e-05
-3.19444e-05
1.92758e-05
-3.03995e-05
1.63351e-05
-2.8576e-05
1.40823e-05
-2.6615e-05
1.23884e-05
-2.46204e-05
1.11656e-05
-2.26401e-05
1.03076e-05
-2.0706e-05
9.72026e-06
-1.88412e-05
9.31763e-06
-1.70561e-05
9.02707e-06
-1.53617e-05
8.79432e-06
-1.37698e-05
8.57877e-06
-1.22872e-05
8.3418e-06
-1.09289e-05
8.05654e-06
-9.70357e-06
7.69608e-06
-8.62765e-06
7.24107e-06
-7.71636e-06
6.67531e-06
-6.984e-06
5.98558e-06
-6.45066e-06
5.16507e-06
-6.12977e-06
4.20425e-06
-6.04245e-06
3.09992e-06
-6.20329e-06
1.84619e-06
-6.62845e-06
4.36433e-07
-7.3359e-06
-1.13573e-06
-8.3323e-06
-2.88426e-06
-9.63106e-06
-4.81959e-06
-1.12257e-05
-6.96991e-06
-1.31138e-05
-9.35982e-06
-1.52624e-05
-1.20375e-05
-1.76256e-05
-1.50545e-05
-2.01055e-05
-1.84912e-05
-2.25524e-05
-2.2431e-05
-2.4702e-05
-2.70112e-05
-2.61756e-05
-3.22805e-05
-2.62975e-05
-3.84996e-05
-2.44452e-05
-4.49705e-05
-1.91411e-05
-5.27629e-05
-1.14328e-05
-5.66686e-05
-5.75987e-05
-1.48377e-05
6.15918e-05
-2.16519e-05
5.14798e-05
-2.5051e-05
4.36142e-05
-2.48384e-05
3.28004e-05
-2.31387e-05
2.59947e-05
-2.06278e-05
2.04511e-05
-1.78573e-05
1.65038e-05
-1.5032e-05
1.35098e-05
-1.22803e-05
1.13306e-05
-9.65281e-06
9.7606e-06
-7.16195e-06
8.67567e-06
-4.81199e-06
7.95618e-06
-2.58791e-06
7.49685e-06
-4.81746e-07
7.21106e-06
1.51602e-06
7.03e-06
3.40941e-06
6.90236e-06
5.19524e-06
6.79274e-06
6.87272e-06
6.66619e-06
8.42907e-06
6.50004e-06
9.85628e-06
6.27048e-06
1.11372e-05
5.96111e-06
1.22537e-05
5.5589e-06
1.31886e-05
5.05186e-06
1.39169e-05
4.43567e-06
1.442e-05
3.7018e-06
1.46706e-05
2.84803e-06
1.46462e-05
1.86958e-06
1.43225e-05
7.59529e-07
1.367e-05
-4.86171e-07
1.26691e-05
-1.88334e-06
1.12873e-05
-3.44139e-06
9.50798e-06
-5.19043e-06
7.30167e-06
-7.15691e-06
4.65928e-06
-9.39524e-06
1.56969e-06
-1.19674e-05
-1.9452e-06
-1.49768e-05
-5.83425e-06
-1.85434e-05
-9.95294e-06
-2.28932e-05
-1.4051e-05
-2.81829e-05
-1.75181e-05
-3.50333e-05
-1.96291e-05
-4.28592e-05
-1.81452e-05
-5.42478e-05
-1.33341e-05
-6.14786e-05
-7.09337e-05
-1.59806e-05
7.75727e-05
-1.84865e-05
5.39849e-05
-1.75034e-05
4.26304e-05
-1.39317e-05
2.92285e-05
-9.87747e-06
2.19399e-05
-5.85735e-06
1.64318e-05
-2.14907e-06
1.27944e-05
1.20874e-06
1.01522e-05
4.22959e-06
8.31002e-06
6.9588e-06
7.03112e-06
9.45076e-06
6.185e-06
1.17497e-05
5.65624e-06
1.39006e-05
5.34688e-06
1.59311e-05
5.18048e-06
1.78628e-05
5.09876e-06
1.97079e-05
5.05871e-06
2.14677e-05
5.03255e-06
2.31438e-05
4.99181e-06
2.47247e-05
4.91873e-06
2.62014e-05
4.79471e-06
2.75564e-05
4.6066e-06
2.87697e-05
4.34511e-06
2.98223e-05
4.00019e-06
3.06866e-05
3.56979e-06
3.13416e-05
3.04709e-06
3.17574e-05
2.43086e-06
3.19075e-05
1.71808e-06
3.1764e-05
9.02453e-07
3.12925e-05
-1.77191e-08
3.04663e-05
-1.05691e-06
2.92432e-05
-2.22193e-06
2.75929e-05
-3.53987e-06
2.54664e-05
-5.03375e-06
2.28251e-05
-6.7541e-06
1.96151e-05
-8.7599e-06
1.57931e-05
-1.11555e-05
1.13153e-05
-1.4067e-05
6.18005e-06
-1.77588e-05
4.4222e-07
-2.24455e-05
-5.5764e-06
-2.90157e-05
-1.13255e-05
-3.71098e-05
-1.45357e-05
-5.10389e-05
-1.43055e-05
-6.1708e-05
-8.524e-05
-1.4629e-05
9.2202e-05
-1.16561e-05
5.10109e-05
-6.18831e-06
3.71614e-05
-2.00815e-07
2.32408e-05
5.1616e-06
1.65766e-05
9.72495e-06
1.18693e-05
1.35655e-05
8.95321e-06
1.68109e-05
6.90712e-06
1.9589e-05
5.53241e-06
2.20111e-05
4.60868e-06
2.41743e-05
4.02314e-06
2.61499e-05
3.68e-06
2.7997e-05
3.50076e-06
2.97517e-05
3.42589e-06
3.14389e-05
3.41172e-06
3.30732e-05
3.4258e-06
3.46565e-05
3.44859e-06
3.61905e-05
3.45923e-06
3.76642e-05
3.44462e-06
3.90671e-05
3.39218e-06
4.03821e-05
3.29191e-06
4.15883e-05
3.13804e-06
4.26665e-05
2.92281e-06
4.35891e-05
2.64573e-06
4.43343e-05
2.30191e-06
4.48734e-05
1.89079e-06
4.51791e-05
1.41097e-06
4.52241e-05
8.57289e-07
4.49738e-05
2.29856e-07
4.44003e-05
-4.82878e-07
4.34601e-05
-1.28484e-06
4.21181e-05
-2.19732e-06
4.03189e-05
-3.23737e-06
3.80101e-05
-4.44527e-06
3.51166e-05
-5.86834e-06
3.15553e-05
-7.59459e-06
2.72194e-05
-9.73225e-06
2.19881e-05
-1.25282e-05
1.57376e-05
-1.61954e-05
8.41442e-06
-2.16935e-05
2.68689e-07
-2.89637e-05
-7.56327e-06
-4.32082e-05
-1.2841e-05
-5.64295e-05
-9.80817e-05
-9.31255e-06
0.000101515
-9.99386e-07
4.26967e-05
7.87468e-06
2.82861e-05
1.48848e-05
1.62303e-05
2.04087e-05
1.10518e-05
2.46728e-05
7.6059e-06
2.80469e-05
5.57887e-06
3.07566e-05
4.19776e-06
3.29918e-05
3.29775e-06
3.48902e-05
2.70982e-06
3.65631e-05
2.35143e-06
3.80879e-05
2.15468e-06
3.95241e-05
2.0655e-06
4.09068e-05
2.04355e-06
4.22582e-05
2.06024e-06
4.35914e-05
2.09376e-06
4.49074e-05
2.13195e-06
4.62064e-05
2.16131e-06
4.74779e-05
2.17282e-06
4.87108e-05
2.15943e-06
4.98891e-05
2.11398e-06
5.09927e-05
2.03356e-06
5.20035e-05
1.91266e-06
5.28964e-05
1.75167e-06
5.36511e-05
1.54738e-06
5.42418e-05
1.29954e-06
5.46437e-05
1.0079e-06
5.48327e-05
6.68538e-07
5.47779e-05
2.82602e-07
5.4454e-05
-1.5818e-07
5.38221e-05
-6.55384e-07
5.28493e-05
-1.22377e-06
5.1484e-05
-1.87412e-06
4.96732e-05
-2.63419e-06
4.734e-05
-3.53653e-06
4.43891e-05
-4.64397e-06
4.06909e-05
-6.03477e-06
3.60598e-05
-7.89771e-06
3.02694e-05
-1.04051e-05
2.29409e-05
-1.4366e-05
1.38886e-05
-1.99111e-05
2.84165e-06
-3.21624e-05
-7.49597e-06
-4.60914e-05
-0.000105578
8.49203e-07
0.000100666
1.28718e-05
3.06732e-05
2.31464e-05
1.80106e-05
2.97533e-05
9.6233e-06
3.45308e-05
6.27342e-06
3.79534e-05
4.18382e-06
4.05373e-05
2.99482e-06
4.25276e-05
2.20769e-06
4.41203e-05
1.70561e-06
4.54447e-05
1.38486e-06
4.66025e-05
1.19448e-06
4.76619e-05
1.0949e-06
4.8673e-05
1.05522e-06
4.96642e-05
1.05267e-06
5.06528e-05
1.07162e-06
5.16481e-05
1.09931e-06
5.26501e-05
1.12949e-06
5.36579e-05
1.15436e-06
5.46614e-05
1.16904e-06
5.5651e-05
1.16997e-06
5.66125e-05
1.15281e-06
5.75289e-05
1.11654e-06
5.83846e-05
1.05763e-06
5.91587e-05
9.76773e-07
5.98342e-05
8.7208e-07
6.03902e-05
7.43347e-07
6.08064e-05
5.90886e-07
6.10635e-05
4.11949e-07
6.11366e-05
2.07987e-07
6.10057e-05
-2.63145e-08
6.06397e-05
-2.91102e-07
6.0012e-05
-5.95197e-07
5.90807e-05
-9.44308e-07
5.78014e-05
-1.35451e-06
5.61086e-05
-1.84465e-06
5.39162e-05
-2.45166e-06
5.11041e-05
-3.22314e-06
4.74799e-05
-4.27391e-06
4.27974e-05
-5.72256e-06
3.65188e-05
-8.08816e-06
2.82235e-05
-1.16155e-05
1.61595e-05
-2.00993e-05
2.55873e-06
-3.24903e-05
-0.00010302
1.51469e-05
8.55187e-05
2.8555e-05
1.72646e-05
3.7935e-05
8.62995e-06
4.31196e-05
4.43874e-06
4.66258e-05
2.76656e-06
4.89961e-05
1.81367e-06
5.07185e-05
1.2722e-06
5.2e-05
9.2641e-07
5.2999e-05
7.07019e-07
5.38147e-05
5.68734e-07
5.45233e-05
4.86515e-07
5.51746e-05
4.43235e-07
5.58046e-05
4.25715e-07
5.64334e-05
4.2424e-07
5.70725e-05
4.32517e-07
5.77281e-05
4.44524e-07
5.83992e-05
4.57911e-07
5.90851e-05
4.69176e-07
5.97778e-05
4.76253e-07
6.04699e-05
4.77946e-07
6.11511e-05
4.7197e-07
6.18087e-05
4.58424e-07
6.24316e-05
4.35362e-07
6.30045e-05
4.03377e-07
6.35152e-05
3.61583e-07
6.39489e-05
3.09677e-07
6.42911e-05
2.48167e-07
6.45283e-05
1.75325e-07
6.46429e-05
9.23375e-08
6.46211e-05
-3.65034e-09
6.44412e-05
-1.12308e-07
6.40845e-05
-2.3777e-07
6.35217e-05
-3.8244e-07
6.2721e-05
-5.53379e-07
6.16349e-05
-7.59199e-07
6.01992e-05
-1.01597e-06
5.83227e-05
-1.34687e-06
5.58497e-05
-1.80123e-06
5.2575e-05
-2.44785e-06
4.79928e-05
-3.5065e-06
4.16156e-05
-5.23805e-06
3.09696e-05
-9.45413e-06
1.64896e-05
-1.801e-05
-8.65307e-05
3.28991e-05
5.26195e-05
4.44217e-05
5.74182e-06
5.07956e-05
2.25584e-06
5.40618e-05
1.17265e-06
5.6135e-05
6.9276e-07
5.74931e-05
4.55547e-07
5.84507e-05
3.14361e-07
5.91482e-05
2.28989e-07
5.96819e-05
1.73789e-07
6.01111e-05
1.39151e-07
6.04804e-05
1.17617e-07
6.08181e-05
1.0526e-07
6.11449e-05
9.92608e-08
6.14723e-05
9.71495e-08
6.18071e-05
9.77897e-08
6.21529e-05
9.9267e-08
6.25093e-05
1.01268e-07
6.28759e-05
1.02988e-07
6.32484e-05
1.03772e-07
6.36227e-05
1.03709e-07
6.39932e-05
1.01789e-07
6.43528e-05
9.84694e-08
6.46956e-05
9.30125e-08
6.50131e-05
8.56483e-08
6.52986e-05
7.62721e-08
6.55439e-05
6.44774e-08
6.57409e-05
5.07839e-08
6.58825e-05
3.432e-08
6.59584e-05
1.57291e-08
6.59614e-05
-5.95118e-09
6.58789e-05
-3.05816e-08
6.57009e-05
-5.91271e-08
6.54102e-05
-9.23999e-08
6.4989e-05
-1.31871e-07
6.44095e-05
-1.8008e-07
6.36341e-05
-2.40526e-07
6.26073e-05
-3.2022e-07
6.12351e-05
-4.29289e-07
5.93803e-05
-5.93031e-07
5.67232e-05
-8.49786e-07
5.28244e-05
-1.33909e-06
4.57879e-05
-2.41816e-06
3.36956e-05
-5.9175e-06
-5.28354e-05
5.26195e-05
5.83614e-05
6.06172e-05
6.17898e-05
6.24821e-05
6.29376e-05
6.32522e-05
6.34813e-05
6.36552e-05
6.37941e-05
6.39118e-05
6.4017e-05
6.41165e-05
6.42139e-05
6.43116e-05
6.44111e-05
6.45122e-05
6.46154e-05
6.47192e-05
6.48229e-05
6.49248e-05
6.50232e-05
6.51164e-05
6.5202e-05
6.52782e-05
6.53428e-05
6.53934e-05
6.5428e-05
6.54434e-05
6.54378e-05
6.54069e-05
6.5348e-05
6.52554e-05
6.51236e-05
6.49434e-05
6.47029e-05
6.43826e-05
6.39532e-05
6.33602e-05
6.25102e-05
6.11712e-05
5.87528e-05
5.28354e-05
)
;

boundaryField
{
    movingWall
    {
        type            calculated;
        value           uniform 0;
    }
    fixedWalls
    {
        type            calculated;
        value           uniform 0;
    }
    frontAndBack
    {
        type            empty;
        value           nonuniform 0();
    }
    defaultFaces
    {
        type            empty;
        value           nonuniform 0();
    }
}


// ************************************************************************* //
