/*--------------------------------*- C++ -*----------------------------------*\
  =========                 |
  \\      /  F ield         | OpenFOAM: The Open Source CFD Toolbox
   \\    /   O peration     | Website:  https://openfoam.org
    \\  /    A nd           | Version:  7
     \\/     M anipulation  |
\*---------------------------------------------------------------------------*/
FoamFile
{
    version     2.0;
    format      ascii;
    class       surfaceScalarField;
    location    "0.34";
    object      phi;
}
// * * * * * * * * * * * * * * * * * * * * * * * * * * * * * * * * * * * * * //

dimensions      [0 3 -1 0 0 0 0];

internalField   nonuniform List<scalar> 
3784
(
-0.00271184
0.00271184
-0.00279088
7.90462e-05
-0.00142418
-0.0013667
-0.000390273
-0.00103391
0.000182866
-0.000573138
0.000825564
-0.000642698
0.00133043
-0.000504866
0.00141102
-8.05877e-05
0.000921441
0.000489578
-9.4327e-05
0.00101577
-0.00111926
0.00102493
-0.0015121
0.000392846
-0.000928157
-0.000583942
0.000348649
-0.00127681
0.00115238
-0.000803735
0.000604643
0.00054774
-0.000903869
0.00150851
-0.00202862
0.00112475
-0.00165587
-0.000372751
-0.000219429
-0.00143644
0.000887253
-0.00110668
0.000707215
0.000180039
-0.000645839
0.00135305
-0.00183213
0.00118629
-0.00141833
-0.0004138
0.000104556
-0.00152289
0.0011324
-0.00102785
0.000950309
0.000182092
-0.000308782
0.00125909
-0.00153054
0.00122176
-0.00139765
-0.000132895
-8.88882e-05
-0.00130876
0.00108838
-0.00117727
0.00103931
4.90715e-05
-0.00020877
0.00124808
-0.00143089
0.00122212
-0.0014288
-2.0925e-06
-0.00016155
-0.00126725
0.00132074
-0.00148229
0.00163319
-0.000312446
0.000535404
0.00109778
-0.000763641
0.00129905
-0.000953154
0.000189513
-0.000953153
-0.00357196
0.0062838
-0.00394374
0.000450816
-0.00169879
-0.00361165
-0.000484743
-0.00224794
4.64947e-05
-0.00110437
0.000892841
-0.00148905
0.00151021
-0.00112223
0.0014724
-4.27824e-05
0.000834518
0.00112746
-8.16338e-05
0.00193192
-0.00103664
0.00197994
-0.00180398
0.00116018
-0.00130599
-0.00108194
0.000573645
-0.00315644
0.00137663
-0.00160672
0.000391765
0.0015326
-0.000869894
0.00277017
-0.00205558
0.00231043
-0.0021138
-0.000314524
-0.000118948
-0.0034313
0.00126159
-0.00248722
0.000533405
0.00090823
-0.000660346
0.0025468
-0.00184704
0.00237298
-0.00180983
-0.000451002
0.00027368
-0.0036064
0.00152487
-0.00227904
0.000787544
0.000919423
-0.00031724
0.00236387
-0.00151014
0.00241466
-0.00180714
0.000164106
-3.39886e-05
-0.00308191
0.00147139
-0.00268264
0.000922758
0.000597701
-0.000240588
0.00241142
-0.00136841
0.00234994
-0.001835
0.000464499
-0.000213321
-0.00288893
0.00168207
-0.00337768
0.00153356
-0.000163938
0.000492181
0.00213916
-0.000698947
0.00249017
-0.00133494
0.00082551
-0.0022881
-0.00338273
0.00966653
-0.00428188
0.00134997
-0.00226635
-0.00562718
-0.000672718
-0.00384158
8.37921e-05
-0.00186088
0.000974507
-0.00237975
0.00166452
-0.00181224
0.00162845
-6.71819e-06
0.000853873
0.00190204
-0.000269021
0.00305482
-0.00141276
0.00312367
-0.00217298
0.0019204
-0.00136128
-0.00189364
0.000874214
-0.00539193
0.00182602
-0.00255853
0.000798492
0.00256013
-0.000714372
0.00428303
-0.00222529
0.00382135
-0.00234137
-0.000198445
-8.22256e-05
-0.00569044
0.00160077
-0.00417022
0.000935992
0.001573
-0.000490626
0.00397342
-0.00200391
0.00388626
-0.00211447
-0.000340446
0.000176417
-0.00589728
0.00177378
-0.00387641
0.00106532
0.00162789
-0.000342511
0.00377171
-0.00179814
0.00387029
-0.00207723
0.000443191
-2.53541e-05
-0.00513379
0.00175842
-0.00446642
0.00123003
0.00112608
-0.00019415
0.00383561
-0.0016104
0.00376619
-0.00207576
0.000929856
-0.000190844
-0.00477384
0.00183897
-0.00540749
0.00147832
0.000196714
7.96108e-05
0.00353787
-0.00123987
0.00380966
-0.00167081
0.00125645
-0.00395891
-0.00266962
0.0123361
-0.00385568
0.00253604
-0.00260275
-0.00688011
-0.0011207
-0.00532363
-0.000161685
-0.00281989
0.000657054
-0.00319849
0.0011966
-0.00235179
0.00110199
8.78976e-05
0.000431108
0.00257292
-0.000429202
0.00391513
-0.00123878
0.00393325
-0.00168957
0.00237119
-0.000958827
-0.00262438
0.000686257
-0.00703701
0.001321
-0.00319327
0.000647909
0.00323323
-0.000346635
0.00527758
-0.00145495
0.00492966
-0.00164966
-3.73196e-06
-0.000119364
-0.00722074
0.0010616
-0.00535118
0.000666363
0.00196824
-0.000221305
0.00486109
-0.00125882
0.00492378
-0.00151437
-8.48939e-05
-1.45485e-05
-0.0073971
0.0011495
-0.00504045
0.000672567
0.00210482
-0.000290829
0.0047351
-0.00125094
0.0048304
-0.0014631
0.000655347
-4.50759e-05
-0.00655181
0.00118238
-0.00569387
0.000820933
0.00148753
-0.000119919
0.00477646
-0.00108454
0.00473081
-0.00142446
0.00126978
-0.000126235
-0.00607206
0.00112644
-0.00666017
0.00065604
0.000667112
-0.000360153
0.00455406
-0.00110503
0.00455453
-0.00122578
0.00137721
-0.00518469
-0.00191366
0.0142498
-0.00331026
0.00393264
-0.00282581
-0.00736457
-0.00160659
-0.00654285
-0.000547512
-0.00387897
0.000147243
-0.00389325
0.000523889
-0.00272844
0.000438382
0.000173408
-4.21456e-05
0.00305344
-0.000550487
0.00442346
-0.00100121
0.00438397
-0.00114257
0.00251255
-0.000521595
-0.00324535
0.000464588
-0.0080232
0.000804846
-0.00353353
0.000433266
0.00360481
-3.45509e-05
0.00574539
-0.000640644
0.00553575
-0.000892916
0.000248539
-0.000128694
-0.00798496
0.000532362
-0.00601224
0.0003525
0.0021481
1.57717e-05
0.00519782
-0.00049295
0.0054325
-0.000840876
0.000263033
-0.000188509
-0.00804947
0.000512566
-0.00574153
0.000266222
0.00235117
-0.000193016
0.00519434
-0.000629143
0.00526653
-0.000787105
0.00081331
-5.13861e-05
-0.00728753
0.000588765
-0.00633402
0.000372599
0.0017037
-3.70415e-05
0.0051861
-0.00050965
0.00520342
-0.000726403
0.00148653
-6.73783e-05
-0.00673109
0.000401429
-0.00712897
-5.20204e-05
0.00112056
-0.000568628
0.00507067
-0.000812813
0.00479872
-0.000746262
0.00131066
-0.00593095
-0.00100165
0.0152515
-0.00252062
0.00545161
-0.00282667
-0.00705852
-0.00202175
-0.00734777
-0.00104687
-0.00485386
-0.000528531
-0.00441159
-0.000315894
-0.00294107
-0.000336971
0.000194486
-0.00050985
0.00322632
-0.000593693
0.0045073
-0.000632853
0.00442313
-0.000508736
0.00238843
-0.000101089
-0.003653
0.000196385
-0.00832067
0.000224911
-0.00356206
0.000161846
0.00366787
0.000171904
0.00573534
9.46872e-05
0.00561297
-0.000141335
0.000484561
-0.000127971
-0.00799832
2.19831e-05
-0.00616219
4.45609e-05
0.00212552
0.000169087
0.00507329
0.000205911
0.00539568
-0.000139664
0.000608608
-0.000314744
-0.00787439
-0.000112153
-0.00594412
-9.02766e-05
0.00232929
-6.24622e-05
0.00516653
-3.47127e-06
0.00520754
-9.14072e-05
0.000901246
-5.09785e-05
-0.00732796
8.59319e-06
-0.00639359
-4.71286e-05
0.00175942
2.39003e-05
0.00511507
4.57996e-05
0.00518152
-2.0934e-05
0.00155326
-2.97326e-05
-0.00672229
-0.000249159
-0.00690955
-0.000521268
0.00139267
-0.000493185
0.00504259
-0.000359749
0.00466528
-0.000217165
0.00116808
-0.00614812
5.95071e-05
0.0151919
-0.00134173
0.00685285
-0.00244204
-0.0059582
-0.00224548
-0.00754432
-0.00155442
-0.00554491
-0.00126468
-0.00470132
-0.00120787
-0.00299789
-0.00112148
0.000108095
-0.000921141
0.00302598
-0.000589508
0.00417567
-0.000242552
0.00407617
9.03984e-05
0.00205548
0.000228196
-0.0037908
-0.000140642
-0.00795183
-0.000398975
-0.00330373
-0.000182883
0.00345178
0.000254768
0.00529768
0.000674541
0.00519319
0.000550042
0.000609059
-0.000137274
-0.00731101
-0.000496224
-0.00580325
-0.000259202
0.0018885
0.000224091
0.00459
0.00074198
0.00487779
0.000519409
0.000831178
-0.000374381
-0.0069806
-0.000696546
-0.00562196
-0.000401178
0.00203392
5.92589e-05
0.00470609
0.000543122
0.00472367
0.000565426
0.000878942
-5.68597e-05
-0.00670567
-0.000553025
-0.00589743
-0.000417208
0.0016236
5.48973e-05
0.00464297
0.00052077
0.00471565
0.000616771
0.00145726
-2.10689e-05
-0.00608445
-0.000803281
-0.00612733
-0.00078742
0.00137681
-0.000273282
0.00452845
0.000173984
0.00421802
0.00033508
0.00100698
-0.00581304
0.00119994
0.013992
0.000282386
0.0077704
-0.00153393
-0.00414189
-0.00210932
-0.00696893
-0.00189486
-0.00575938
-0.00189183
-0.00470435
-0.00196633
-0.00292339
-0.00176001
-9.82212e-05
-0.00120592
0.00247189
-0.000558617
0.00352837
8.17308e-05
0.00343582
0.000598644
0.00153856
0.000418533
-0.00361069
-0.000558177
-0.00697512
-0.00102411
-0.0028378
-0.000559578
0.00298724
0.000235915
0.00450219
0.00105627
0.00437284
0.00106406
0.000601276
-0.000165882
-0.00608107
-0.000947553
-0.00502158
-0.000528335
0.00146929
0.000210098
0.00385157
0.00107901
0.00400888
0.00104095
0.00086923
-0.000375256
-0.00556439
-0.00115909
-0.00483812
-0.000650524
0.00152536
0.000122409
0.00393315
0.00094418
0.0039019
0.00107981
0.000743315
-7.73772e-05
-0.00554849
-0.00101052
-0.00496428
-0.000700687
0.00131376
6.41077e-05
0.00387817
0.00087597
0.00390378
0.00111332
0.00121992
-2.83328e-05
-0.0049428
-0.00118588
-0.00496978
-0.000923672
0.0011146
-7.099e-05
0.00367577
0.000612666
0.00353437
0.000844123
0.000775526
-0.00496892
0.00218773
0.0118043
0.00212568
0.00783246
-0.000106253
-0.00190995
-0.00147456
-0.00560062
-0.00187572
-0.00535822
-0.00219915
-0.00438092
-0.00239674
-0.0027258
-0.00212187
-0.000373084
-0.00136143
0.00171145
-0.000486038
0.00265297
0.000342392
0.00260739
0.00093565
0.000945312
0.000450113
-0.00312515
-0.000968847
-0.00555616
-0.00154693
-0.00225972
-0.000816751
0.00225706
0.000159524
0.00352591
0.00118429
0.00334807
0.00135627
0.000429289
-0.000198131
-0.00452666
-0.0012893
-0.0039304
-0.000719219
0.000899202
0.000143021
0.00298933
0.00116539
0.00298651
0.00131823
0.000716388
-0.000319022
-0.00392713
-0.0014361
-0.00372105
-0.000818406
0.000907665
0.000115014
0.00299973
0.00109997
0.00291695
0.00135666
0.000486626
-0.000113827
-0.00407801
-0.00132225
-0.00375586
-0.000855381
0.000846891
5.33103e-05
0.00296948
0.00101637
0.00294073
0.0013758
0.000860486
-3.57065e-05
-0.0035313
-0.00137205
-0.00363343
-0.000927603
0.000670152
2.63277e-05
0.00272184
0.000908287
0.00265241
0.00119937
0.000484446
-0.00376955
0.00264645
0.00915783
0.00353913
0.00693978
0.00153084
9.83336e-05
-0.000359058
-0.00371072
-0.0013879
-0.00432938
-0.00205321
-0.00371561
-0.00237977
-0.00239924
-0.00212363
-0.000629222
-0.00134036
0.000928186
-0.000397349
0.00170997
0.000508186
0.00170186
0.00105133
0.000402166
0.000361964
-0.00243578
-0.00122559
-0.00396861
-0.00182138
-0.00166393
-0.00101292
0.0014486
5.34133e-05
0.00245958
0.00113523
0.00226625
0.00135014
0.000214381
-0.000211987
-0.00296453
-0.00141171
-0.00273068
-0.00089787
0.000385356
4.1346e-05
0.00205011
0.00104367
0.0019842
0.00128006
0.000480002
-0.000231365
-0.00241571
-0.00145476
-0.00249766
-0.000929724
0.000382633
7.69923e-05
0.00199302
0.00108255
0.00191139
0.00132474
0.000244441
-0.000137286
-0.00261598
-0.00138992
-0.00250323
-0.000951912
0.000408889
1.73577e-05
0.00200021
0.00100278
0.00195531
0.00134224
0.000521022
-1.26075e-05
-0.00217645
-0.00130447
-0.00234157
-0.000896794
0.000262478
7.11212e-05
0.00175393
0.00100827
0.00171526
0.00127783
0.00021489
-0.00249172
0.00251306
0.00664477
0.00396104
0.0054918
0.00274186
0.00131751
0.000873021
-0.00184189
-0.000516446
-0.00293992
-0.00145395
-0.0027781
-0.00192068
-0.00193251
-0.00179078
-0.000759123
-0.00114987
0.000287279
-0.000299708
0.000859801
0.000536907
0.000865243
0.000950506
-1.14327e-05
0.000217064
-0.00170234
-0.00125095
-0.0025006
-0.00178461
-0.00113027
-0.00107298
0.000736964
-7.19527e-05
0.00145856
0.000903028
0.00129127
0.0010774
4.0011e-05
-0.000194886
-0.00169225
-0.00127446
-0.0016511
-0.000933115
4.40127e-05
-4.88449e-05
0.00116584
0.000784885
0.00115047
0.00100367
0.000261219
-0.000135334
-0.00127671
-0.00120295
-0.00143004
-0.00087417
5.3855e-05
2.80438e-05
0.0010908
0.000884969
0.00105446
0.00104799
8.1417e-05
-0.000125568
-0.00144243
-0.00119218
-0.00143662
-0.000889803
0.000106516
-1.94402e-05
0.00112985
0.000819262
0.0011166
0.00108048
0.000259802
4.40175e-05
-0.00113999
-0.00100457
-0.00129298
-0.000743999
1.91243e-06
9.00033e-05
0.000919928
0.000895959
0.000909304
0.00108837
2.24754e-05
-0.00140335
0.00204704
0.00459773
0.00350729
0.00403156
0.00309159
0.00173321
0.00176152
-0.000511819
0.000394315
-0.00157272
-0.000624632
-0.00175916
-0.00119317
-0.00136397
-0.00124397
-0.000708327
-0.000828525
-0.000128162
-0.000191567
0.000222844
0.000454486
0.000219189
0.000700236
-0.000257178
6.75814e-05
-0.00106968
-0.00105563
-0.0013774
-0.00148083
-0.000705069
-0.00098058
0.000236715
-0.000184014
0.000661988
0.000545249
0.000562003
0.000660924
-7.56636e-05
-0.00017264
-0.000858685
-0.000954458
-0.000869287
-0.000792433
-0.000118011
-0.000126573
0.000499986
0.000477321
0.000546579
0.000632167
0.000106374
-6.70841e-05
-0.000577458
-0.00080123
-0.000695893
-0.000652264
-9.51096e-05
1.9116e-06
0.000436627
0.000595607
0.000460762
0.000685411
-8.38685e-06
-8.02138e-05
-0.000676798
-0.000814119
-0.000702719
-0.000665371
-4.22328e-05
-2.87678e-05
0.000493242
0.000562068
0.000525761
0.000723772
9.81007e-05
8.93972e-05
-0.000505613
-0.000598074
-0.000605507
-0.000484031
-0.00011213
0.000102834
0.000333065
0.000653458
0.000358682
0.00074434
-6.84104e-05
-0.000659007
0.00130606
0.00329167
0.00252409
0.00281352
0.00270442
0.00155287
0.0019178
0.000274793
0.000926787
-0.000581709
5.78103e-05
-0.000890183
-0.000492378
-0.000813787
-0.000646443
-0.000554267
-0.000466248
-0.000308355
-6.85599e-05
-0.000174839
0.000323283
-0.000172654
0.000414774
-0.000348668
-4.14687e-05
-0.000613438
-0.000748461
-0.000670406
-0.0010487
-0.000404834
-0.000774978
-3.70096e-05
-0.000258627
0.000145639
0.000196079
0.000107297
0.00026375
-0.000143337
-0.000174976
-0.000419961
-0.000617937
-0.000426323
-0.000571223
-0.000164721
-0.000176626
0.000105391
0.000205015
0.000164939
0.000301499
9.89112e-06
-4.06484e-05
-0.00023531
-0.000430379
-0.000306164
-0.000390794
-0.000134693
-2.53668e-05
7.11999e-05
0.000322182
0.000113212
0.000361596
-4.78011e-05
-4.00231e-05
-0.000275178
-0.000439984
-0.000302762
-0.000393987
-8.82303e-05
-3.11875e-05
0.000130443
0.000323343
0.000171228
0.000410237
1.12071e-05
9.64608e-05
-0.000191837
-0.00025341
-0.000255635
-0.000230873
-0.000134667
8.08759e-05
2.13182e-05
0.000385794
5.37672e-05
0.000405848
-8.8466e-05
-0.000253162
0.000856578
0.0024351
0.00157103
0.00209907
0.00183285
0.00129105
0.00151733
0.000590305
0.000936753
-1.13333e-06
0.000349881
-0.00030331
-5.92209e-05
-0.000404684
-0.000219358
-0.000394136
-0.000164069
-0.000363644
9.22168e-06
-0.000348121
0.000172107
-0.000335535
0.000158763
-0.000335327
-0.000111842
-0.000342835
-0.000471959
-0.000310289
-0.000642039
-0.000234753
-0.000528116
-0.000150936
-0.000273777
-0.000108702
-4.50677e-05
-0.000121413
-8.65416e-06
-0.000179753
-0.000190921
-0.000237694
-0.000383716
-0.000233523
-0.000382678
-0.000165754
-0.000196527
-8.07598e-05
7.45275e-06
-3.90417e-05
7.25685e-05
-5.52242e-05
-5.14611e-05
-0.000111279
-0.000206579
-0.000151045
-0.000207545
-0.000133726
-5.1845e-05
-8.44988e-05
0.000112263
-5.08983e-05
0.000134421
-6.99611e-05
-2.77167e-05
-0.000113039
-0.000198686
-0.000131792
-0.000191112
-9.58047e-05
-2.93283e-05
-3.13397e-05
0.000144674
-2.77573e-06
0.000189337
-3.34579e-05
8.11298e-05
-8.36322e-05
-5.97952e-05
-0.000114708
-7.16014e-05
-0.000122856
4.694e-05
-9.72225e-05
0.000172487
-7.17804e-05
0.00016486
-8.08384e-05
-8.83044e-05
0.000592698
0.0018424
0.000993473
0.00169829
0.00112481
0.00115972
0.00102659
0.000688525
0.000695292
0.000330157
0.000365193
2.67792e-05
0.00011161
-0.000151098
-1.73665e-05
-0.000265153
-4.10254e-05
-0.000339983
-1.64833e-05
-0.00037266
-1.99995e-06
-0.000350015
-4.93686e-05
-0.000287959
-0.000173555
-0.000218652
-0.000308293
-0.00017555
-0.000372882
-0.000170163
-0.000337238
-0.000186582
-0.000243435
-0.000202509
-0.000161294
-0.000203554
-0.000146624
-0.000194419
-0.000200041
-0.000184274
-0.000257975
-0.000175587
-0.000256713
-0.000167015
-0.000190482
-0.000146991
-0.00011
-0.000119525
-6.70292e-05
-9.81923e-05
-7.91195e-05
-9.91851e-05
-0.000116572
-0.000113591
-0.000120178
-0.000130123
-7.64211e-05
-0.000128257
-2.18331e-05
-0.000105486
-9.72492e-06
-8.20689e-05
-4.29525e-05
-7.98092e-05
-8.59362e-05
-8.88067e-05
-8.71055e-05
-9.46365e-05
-3.23551e-05
-8.60931e-05
3.49342e-05
-7.00683e-05
6.39156e-05
-6.24385e-05
4.41135e-05
-6.38279e-05
9.80292e-06
-8.03974e-05
-7.15808e-06
-0.000105895
1.36008e-05
-0.000117981
4.43389e-05
-0.000102522
4.03372e-05
-7.68386e-05
-4.79664e-05
0.000450163
0.00139224
0.000755534
0.00139292
0.000837968
0.00107728
0.000766877
0.000759618
0.000615784
0.000481251
0.00039078
0.000251779
0.000209619
3.00627e-05
7.78522e-05
-0.00013338
-1.25485e-05
-0.000249578
-8.12686e-05
-0.000303943
-0.000137159
-0.000294127
-0.000183543
-0.000241574
-0.00021878
-0.000183414
-0.000238626
-0.000155706
-0.000240863
-0.000167929
-0.000226883
-0.000200563
-0.000205573
-0.000223817
-0.000187927
-0.000221197
-0.000182169
-0.000200173
-0.000187345
-0.000179098
-0.000192165
-0.000170768
-0.000187492
-0.000171688
-0.000167981
-0.000166502
-0.000138934
-0.000148569
-0.000110817
-0.000126307
-9.5374e-05
-0.000114627
-9.02947e-05
-0.000118671
-8.99978e-05
-0.000130422
-8.60211e-05
-0.000132234
-7.44281e-05
-0.000117076
-6.06133e-05
-9.58816e-05
-5.40739e-05
-8.63485e-05
-5.19279e-05
-9.09534e-05
-4.62853e-05
-0.00010028
-3.26036e-05
-9.97756e-05
-1.25441e-05
-9.01306e-05
4.07474e-06
-7.90582e-05
1.37007e-05
-7.3452e-05
1.29023e-05
-7.95991e-05
3.44218e-06
-9.64391e-05
-6.05214e-06
-0.000108487
-7.15732e-06
-0.000101418
-4.14507e-06
-7.98559e-05
-5.21135e-05
0.000340553
0.00105169
0.000615858
0.00111762
0.000736431
0.000956702
0.000732062
0.000763984
0.000648827
0.000564489
0.000530881
0.000369727
0.000369628
0.000191315
0.000220166
1.60829e-05
7.94124e-05
-0.000108824
-4.15397e-05
-0.000182992
-0.000130599
-0.000205069
-0.000180472
-0.0001917
-0.000192256
-0.000171629
-0.000181343
-0.000166623
-0.000166784
-0.00018249
-0.000160082
-0.000207262
-0.000161052
-0.000222842
-0.000162501
-0.000219748
-0.000158959
-0.000203717
-0.00015022
-0.000187837
-0.000140667
-0.000180322
-0.000133969
-0.000178385
-0.00012739
-0.000173078
-0.000116242
-0.000159714
-9.97414e-05
-0.000142807
-8.30922e-05
-0.000131278
-7.23485e-05
-0.000129417
-7.06415e-05
-0.000132129
-7.2921e-05
-0.000129953
-7.05838e-05
-0.000119411
-5.99528e-05
-0.000106511
-4.67325e-05
-9.95698e-05
-3.63387e-05
-0.000101349
-3.06673e-05
-0.000105951
-2.56592e-05
-0.000104781
-1.80077e-05
-9.77831e-05
-8.74961e-06
-8.83211e-05
5.80992e-07
-8.27876e-05
5.40192e-06
-8.44188e-05
7.22603e-07
-9.17605e-05
-1.01969e-05
-9.757e-05
-1.67118e-05
-9.49026e-05
-1.22492e-05
-8.43219e-05
-6.4367e-05
0.000244171
0.000807521
0.000473765
0.000888029
0.000622553
0.000807916
0.000687828
0.000698709
0.000683069
0.000569249
0.000624817
0.000427978
0.00053265
0.000283481
0.000401983
0.000146748
0.000265132
2.80267e-05
0.000136655
-5.45134e-05
3.65875e-05
-0.000105
-2.49003e-05
-0.000130213
-5.27425e-05
-0.00014379
-6.02125e-05
-0.000159154
-6.31098e-05
-0.000179591
-7.07745e-05
-0.000199592
-8.24734e-05
-0.000211142
-9.12997e-05
-0.000210925
-9.22713e-05
-0.000202748
-8.65523e-05
-0.000193555
-7.95405e-05
-0.000187332
-7.51427e-05
-0.000182782
-7.23345e-05
-0.000175885
-6.72907e-05
-0.000164757
-5.81667e-05
-0.000151932
-4.75861e-05
-0.00014186
-4.0407e-05
-0.000136596
-3.88703e-05
-0.000133665
-3.98218e-05
-0.000129
-3.78977e-05
-0.000121335
-3.09517e-05
-0.000113458
-2.14648e-05
-0.000109055
-1.40758e-05
-0.000108737
-1.08365e-05
-0.00010919
-8.92043e-06
-0.000106699
-5.96007e-06
-0.000100747
-6.75917e-07
-9.36079e-05
4.82598e-06
-8.82964e-05
7.22731e-06
-8.6821e-05
4.10955e-06
-8.86379e-05
-3.04756e-06
-9.04139e-05
-8.42986e-06
-8.95247e-05
-6.94736e-06
-8.5808e-05
-7.13159e-05
0.000173065
0.000634456
0.000351647
0.000709451
0.000494163
0.0006654
0.000591987
0.000600886
0.000642459
0.000518776
0.000647166
0.000423269
0.000610757
0.00031989
0.00054045
0.000217056
0.000446924
0.000121555
0.000351646
4.07667e-05
0.000266423
-1.97771e-05
0.000200718
-6.45099e-05
0.000155707
-9.87793e-05
0.000124011
-0.000127456
9.71964e-05
-0.000152772
7.08946e-05
-0.000173289
4.61519e-05
-0.000186402
2.66536e-05
-0.000191428
1.43698e-05
-0.000190461
7.83102e-06
-0.000187014
3.83849e-06
-0.00018334
1.01844e-07
-0.000179046
-3.09025e-06
-0.000172691
-4.04963e-06
-0.000163797
-2.14806e-06
-0.000153836
1.04847e-06
-0.000145057
2.95258e-06
-0.000138499
2.62738e-06
-0.00013334
1.61205e-06
-0.000127985
2.19478e-06
-0.000121917
5.20278e-06
-0.000116466
8.85111e-06
-0.000112702
1.10948e-05
-0.000110979
1.11973e-05
-0.000109292
1.05152e-05
-0.000106019
1.0555e-05
-0.000100793
1.18792e-05
-9.4931e-05
1.36677e-05
-9.00847e-05
1.40117e-05
-8.71695e-05
1.13297e-05
-8.59558e-05
6.40704e-06
-8.54907e-05
1.68991e-06
-8.48113e-05
-4.30762e-07
-8.36918e-05
-7.17466e-05
0.000131344
0.000503114
0.000273631
0.000567166
0.000399456
0.000539575
0.000502124
0.000498217
0.000576583
0.000444317
0.000619701
0.00038015
0.000630792
0.0003088
0.000613593
0.000234255
0.000571205
0.000163943
0.000516752
9.52188e-05
0.000459962
3.70106e-05
0.000406614
-1.1163e-05
0.000359049
-5.12138e-05
0.00031641
-8.48158e-05
0.000276411
-0.000112774
0.000238076
-0.000134959
0.00020254
-0.000150869
0.000171724
-0.00016061
0.000146707
-0.000165441
0.000126691
-0.000166999
0.000109807
-0.00016646
9.49642e-05
-0.000164201
8.23276e-05
-0.000160052
7.26412e-05
-0.000154113
6.59378e-05
-0.000147134
6.10764e-05
-0.000140194
5.66109e-05
-0.000134034
5.18877e-05
-0.000128619
4.74517e-05
-0.000123549
4.41885e-05
-0.000118652
4.19426e-05
-0.000114217
3.9936e-05
-0.000110692
3.67388e-05
-0.000107784
3.26058e-05
-0.000105159
2.85187e-05
-0.000101929
2.53146e-05
-9.75933e-05
2.32786e-05
-9.28968e-05
2.17886e-05
-8.859e-05
1.98163e-05
-8.51975e-05
1.66749e-05
-8.28186e-05
1.24073e-05
-8.12253e-05
7.71629e-06
-8.01208e-05
3.36147e-06
-7.93372e-05
-6.8384e-05
0.000110326
0.000392791
0.000232808
0.000444685
0.000346168
0.000426213
0.000445848
0.00039854
0.000527761
0.000362408
0.000588791
0.000319122
0.000627164
0.000270428
0.000642868
0.000218552
0.000640769
0.000166042
0.000620166
0.000115821
0.000589483
6.76932e-05
0.000553549
2.47724e-05
0.000514799
-1.24622e-05
0.000474573
-4.45894e-05
0.000433571
-7.17726e-05
0.000392612
-9.40016e-05
0.00035303
-0.000111285
0.000316279
-0.000123856
0.000283143
-0.000132304
0.000253564
-0.000137422
0.000227058
-0.000139954
0.000203228
-0.000140368
0.000182111
-0.000138933
0.000163931
-0.000135935
0.000148624
-0.000131827
0.000135612
-0.000127179
0.000124061
-0.000122483
0.000113425
-0.000117983
0.000103589
-0.000113711
9.46266e-05
-0.000109689
8.63231e-05
-0.000105912
7.85399e-05
-0.000102904
7.02126e-05
-9.94584e-05
6.16221e-05
-9.65723e-05
5.31969e-05
-9.35001e-05
4.59475e-05
-9.03427e-05
3.98384e-05
-8.67915e-05
3.44048e-05
-8.31559e-05
2.92071e-05
-7.99968e-05
2.38184e-05
-7.74293e-05
1.80405e-05
-7.54483e-05
1.19101e-05
-7.39905e-05
5.59e-06
-7.30164e-05
-6.27937e-05
9.82269e-05
0.000294566
0.000208679
0.00033423
0.000312992
0.000321899
0.000408059
0.000303475
0.000490985
0.000279483
0.000559375
0.00025073
0.000611582
0.000218218
0.000647004
0.000183128
0.000666311
0.000146733
0.000671267
0.000110863
0.000663255
7.5703e-05
0.000645544
4.24825e-05
0.000621076
1.20055e-05
0.000591057
-1.4572e-05
0.000557249
-3.79663e-05
0.000521132
-5.78847e-05
0.000484136
-7.42878e-05
0.00044756
-8.72794e-05
0.000412366
-9.71113e-05
0.00037909
-0.000104147
0.000347921
-0.000108782
0.000318926
-0.000111372
0.000292213
-0.000112223
0.000267903
-0.000111626
0.00024599
-0.000109911
0.000226214
-0.000107402
0.000208157
-0.000104429
0.000191415
-0.00010124
0.000175699
-9.79897e-05
0.000160791
-9.47828e-05
0.000146547
-9.16695e-05
0.000132478
-8.88301e-05
0.000118854
-8.58322e-05
0.000105368
-8.30914e-05
9.23033e-05
-8.04353e-05
7.96897e-05
-7.7726e-05
6.80242e-05
-7.51267e-05
5.73241e-05
-7.24578e-05
4.71734e-05
-6.98457e-05
3.73731e-05
-6.76273e-05
2.77253e-05
-6.57993e-05
1.80995e-05
-6.43643e-05
8.44166e-06
-6.33588e-05
-5.43533e-05
7.74692e-05
0.000217099
0.000165356
0.000246343
0.000249478
0.00023778
0.000327871
0.000225087
0.000398657
0.000208698
0.000460222
0.000189163
0.000511359
0.00016708
0.000551365
0.000143122
0.000580079
0.00011802
0.000598395
9.25474e-05
0.00060668
6.74185e-05
0.000605846
4.33177e-05
0.000597259
2.05932e-05
0.000583219
-5.29895e-07
0.000563949
-1.86947e-05
0.000541
-3.49331e-05
0.000515502
-4.8787e-05
0.000488481
-6.02578e-05
0.000460804
-6.94337e-05
0.000433133
-7.64731e-05
0.000405934
-8.15783e-05
0.000379531
-8.49684e-05
0.00035417
-8.68631e-05
0.000330026
-8.74816e-05
0.000307162
-8.70417e-05
0.000285559
-8.57985e-05
0.000265088
-8.39616e-05
0.000245576
-8.17271e-05
0.000226844
-7.92532e-05
0.000208721
-7.66602e-05
0.000191087
-7.40394e-05
0.000173715
-7.14549e-05
0.000156811
-6.89258e-05
0.000140199
-6.64809e-05
0.000123896
-6.41338e-05
0.000108035
-6.18635e-05
9.2648e-05
-5.97391e-05
7.78294e-05
-5.764e-05
6.36831e-05
-5.57004e-05
5.00567e-05
-5.40013e-05
3.68176e-05
-5.25602e-05
2.38461e-05
-5.13932e-05
1.10357e-05
-5.05494e-05
-4.33186e-05
5.58696e-05
0.000161229
0.000119671
0.000182538
0.000181303
0.000176147
0.000239501
0.000166889
0.000293051
0.000155144
0.000340964
0.000141245
0.000382491
0.000125551
0.000417127
0.000108485
0.000444634
9.05116e-05
0.000465064
7.2117e-05
0.000478684
5.37986e-05
0.000486001
3.60015e-05
0.000487535
1.90595e-05
0.000483754
3.25185e-06
0.000476048
-1.09869e-05
0.000464783
-2.36661e-05
0.000450686
-3.46892e-05
0.000434433
-4.40055e-05
0.000416635
-5.1635e-05
0.000397812
-5.76484e-05
0.000378391
-6.21536e-05
0.000358705
-6.52831e-05
0.000339024
-6.71833e-05
0.000319553
-6.80108e-05
0.000300443
-6.79281e-05
0.000281745
-6.70999e-05
0.000263476
-6.56957e-05
0.000245617
-6.38684e-05
0.00022812
-6.17538e-05
0.000210915
-5.9455e-05
0.000193971
-5.7099e-05
0.000177238
-5.47217e-05
0.000160712
-5.23972e-05
0.000144384
-5.01526e-05
0.000128272
-4.80221e-05
0.000112428
-4.60197e-05
9.68573e-05
-4.41671e-05
8.16888e-05
-4.24713e-05
6.69348e-05
-4.09473e-05
5.25703e-05
-3.96383e-05
3.85648e-05
-3.85563e-05
2.48802e-05
-3.77101e-05
1.1447e-05
-3.71176e-05
-3.18718e-05
4.25281e-05
0.0001187
9.11497e-05
0.000133915
0.000138207
0.000129093
0.000182824
0.000122274
0.000224219
0.000113746
0.000261784
0.000103679
0.000295037
9.22984e-05
0.000323626
7.98974e-05
0.00034736
6.67798e-05
0.000366171
5.33081e-05
0.000380163
3.9809e-05
0.000389556
2.66109e-05
0.00039462
1.39967e-05
0.000395703
2.1715e-06
0.00039337
-8.65147e-06
0.00038803
-1.83228e-05
0.000380127
-2.67844e-05
0.000370106
-3.39847e-05
0.00035839
-3.99182e-05
0.000345361
-4.4617e-05
0.000331352
-4.81427e-05
0.000316649
-5.05788e-05
0.000301489
-5.20252e-05
0.000286072
-5.25929e-05
0.000270548
-5.24012e-05
0.000255022
-5.15739e-05
0.000239563
-5.02388e-05
0.00022421
-4.85164e-05
0.000208978
-4.65198e-05
0.000193872
-4.43491e-05
0.000178871
-4.20995e-05
0.000163919
-3.977e-05
0.000149054
-3.75304e-05
0.000134297
-3.53947e-05
0.000119662
-3.33872e-05
0.000105174
-3.15316e-05
9.08721e-05
-2.98646e-05
7.68115e-05
-2.84104e-05
6.30193e-05
-2.71555e-05
4.94974e-05
-2.61175e-05
3.62692e-05
-2.53294e-05
2.33502e-05
-2.47925e-05
1.07084e-05
-2.44769e-05
-2.11635e-05
3.27144e-05
8.59823e-05
7.00098e-05
9.66165e-05
0.000106053
9.30501e-05
0.000140235
8.8092e-05
0.00017209
8.1888e-05
0.000201256
7.45119e-05
0.000227391
6.61637e-05
0.000250111
5.7177e-05
0.000269497
4.73939e-05
0.000285334
3.74732e-05
0.000297663
2.74814e-05
0.00030656
1.77149e-05
0.000312175
8.38231e-06
0.000314759
-4.11292e-07
0.000314571
-8.46192e-06
0.000311924
-1.56743e-05
0.000307117
-2.19764e-05
0.000300458
-2.73263e-05
0.000292248
-3.17084e-05
0.000282772
-3.51404e-05
0.000272291
-3.76596e-05
0.000261036
-3.93242e-05
0.000249213
-4.02031e-05
0.000236995
-4.03754e-05
0.000224528
-3.99333e-05
0.000211925
-3.89706e-05
0.000199265
-3.75807e-05
0.000186617
-3.58705e-05
0.000174031
-3.39331e-05
0.000161649
-3.19662e-05
0.000149121
-2.95728e-05
0.000136702
-2.73512e-05
0.000124366
-2.51936e-05
0.000112095
-2.31234e-05
9.99285e-05
-2.12199e-05
8.78898e-05
-1.9493e-05
7.59966e-05
-1.79713e-05
6.42603e-05
-1.66739e-05
5.27159e-05
-1.56112e-05
4.13991e-05
-1.4801e-05
3.03258e-05
-1.42566e-05
1.95173e-05
-1.39846e-05
8.95389e-06
-1.39143e-05
-1.22102e-05
2.46345e-05
6.13463e-05
5.2579e-05
6.86715e-05
7.95502e-05
6.6081e-05
0.000104996
6.26463e-05
0.000128769
5.81129e-05
0.000150696
5.25865e-05
0.000170524
4.63358e-05
0.000188077
3.96235e-05
0.000202962
3.251e-05
0.000215233
2.52044e-05
0.000224821
1.78942e-05
0.000231805
1.07317e-05
0.000236318
3.86859e-06
0.000238461
-2.55347e-06
0.000238408
-8.40818e-06
0.000236448
-1.37134e-05
0.000232767
-1.82947e-05
0.000227589
-2.21491e-05
0.000221158
-2.52784e-05
0.000213697
-2.76793e-05
0.000205405
-2.93675e-05
0.000196482
-3.04015e-05
0.0001871
-3.08229e-05
0.000177404
-3.06808e-05
0.000167527
-3.00554e-05
0.000157585
-2.90294e-05
0.000147638
-2.76358e-05
0.000137748
-2.59819e-05
0.000128087
-2.4272e-05
0.000118249
-2.21268e-05
0.000108718
-2.00419e-05
9.93313e-05
-1.79646e-05
9.00782e-05
-1.59397e-05
8.09963e-05
-1.40404e-05
7.20438e-05
-1.22666e-05
6.32287e-05
-1.06777e-05
5.4559e-05
-9.30175e-06
4.60461e-05
-8.16108e-06
3.77083e-05
-7.27365e-06
2.956e-05
-6.65294e-06
2.16138e-05
-6.31085e-06
1.3884e-05
-6.25525e-06
6.37115e-06
-6.40224e-06
-5.8394e-06
1.76436e-05
4.37013e-05
3.76592e-05
4.8655e-05
5.69915e-05
4.67494e-05
7.54902e-05
4.41459e-05
9.27722e-05
4.08302e-05
0.000108524
3.68355e-05
0.000122566
3.22941e-05
0.000134822
2.7366e-05
0.000145154
2.21783e-05
0.000153487
1.68718e-05
0.000159819
1.15618e-05
0.000164179
6.37077e-06
0.000166643
1.40449e-06
0.000167331
-3.24264e-06
0.000166292
-7.36907e-06
0.000163881
-1.13016e-05
0.000160176
-1.45896e-05
0.00015534
-1.73146e-05
0.00014963
-1.95708e-05
0.000143208
-2.12587e-05
0.000136244
-2.24048e-05
0.000128886
-2.30453e-05
0.000121277
-2.32158e-05
0.000113563
-2.29691e-05
0.00010584
-2.23324e-05
9.81863e-05
-2.13759e-05
9.08558e-05
-2.03063e-05
8.36178e-05
-1.87447e-05
7.65059e-05
-1.71595e-05
6.97995e-05
-1.54192e-05
6.33825e-05
-1.36238e-05
5.72405e-05
-1.18217e-05
5.13601e-05
-1.00582e-05
4.5702e-05
-8.38109e-06
4.02636e-05
-6.82728e-06
3.50232e-05
-5.43678e-06
2.99655e-05
-4.24402e-06
2.50826e-05
-3.27833e-06
2.03719e-05
-2.56334e-06
1.58352e-05
-2.11661e-06
1.14762e-05
-1.95219e-06
7.29833e-06
-2.07767e-06
3.32162e-06
-2.4258e-06
-2.51754e-06
1.19618e-05
3.17384e-05
2.55311e-05
3.50851e-05
3.86309e-05
3.36491e-05
5.10484e-05
3.17264e-05
6.25583e-05
2.93205e-05
7.29364e-05
2.64584e-05
8.20068e-05
2.32223e-05
8.96559e-05
1.97153e-05
9.58046e-05
1.6029e-05
0.00010043
1.22454e-05
0.00010353
8.46115e-06
0.000105154
4.74661e-06
0.000105381
1.17685e-06
0.000104315
-2.17774e-06
0.000102185
-5.23946e-06
9.89148e-05
-8.03186e-06
9.4786e-05
-1.04617e-05
8.99345e-05
-1.24653e-05
8.45041e-05
-1.41433e-05
7.86355e-05
-1.53927e-05
7.24865e-05
-1.6258e-05
6.6194e-05
-1.67553e-05
5.98851e-05
-1.69096e-05
5.36698e-05
-1.67557e-05
4.76678e-05
-1.6331e-05
4.19661e-05
-1.56744e-05
3.64926e-05
-1.48333e-05
3.15304e-05
-1.37829e-05
2.69844e-05
-1.26131e-05
2.29107e-05
-1.13444e-05
1.93028e-05
-1.00148e-05
1.61423e-05
-8.66027e-06
1.34008e-05
-7.3159e-06
1.10352e-05
-6.01442e-06
8.99882e-06
-4.78994e-06
7.24276e-06
-3.67989e-06
5.7217e-06
-2.72238e-06
4.39774e-06
-1.95398e-06
3.24429e-06
-1.40957e-06
2.24818e-06
-1.1202e-06
1.41257e-06
-1.11623e-06
7.56248e-07
-1.42099e-06
2.82849e-07
-1.95193e-06
-2.23418e-06
7.35183e-06
2.43853e-05
1.57197e-05
2.67165e-05
2.37666e-05
2.56009e-05
3.1278e-05
2.42129e-05
3.80692e-05
2.25299e-05
4.39696e-05
2.05582e-05
4.88572e-05
1.83329e-05
5.26655e-05
1.59057e-05
5.53688e-05
1.33249e-05
5.69642e-05
1.06494e-05
5.74882e-05
7.93678e-06
5.69981e-05
5.23626e-06
5.55601e-05
2.61383e-06
5.32646e-05
1.16162e-07
5.02192e-05
-2.19536e-06
4.6475e-05
-4.28881e-06
4.21519e-05
-6.14015e-06
3.74012e-05
-7.71728e-06
3.22811e-05
-9.02643e-06
2.69359e-05
-1.00504e-05
2.14819e-05
-1.08064e-05
1.60326e-05
-1.13081e-05
1.06986e-05
-1.15777e-05
5.58141e-06
-1.16401e-05
7.77094e-07
-1.15273e-05
-3.6342e-06
-1.12632e-05
-7.59657e-06
-1.08711e-05
-1.1015e-05
-1.03647e-05
-1.38553e-05
-9.77256e-06
-1.60849e-05
-9.11402e-06
-1.76912e-05
-8.40779e-06
-1.86751e-05
-7.67567e-06
-1.90536e-05
-6.93688e-06
-1.88696e-05
-6.19765e-06
-1.8181e-05
-5.47768e-06
-1.70517e-05
-4.80821e-06
-1.55617e-05
-4.21122e-06
-1.37937e-05
-3.72093e-06
-1.18215e-05
-3.38063e-06
-9.70037e-06
-3.24034e-06
-7.4541e-06
-3.36155e-06
-5.06753e-06
-3.80676e-06
-2.47769e-06
-4.54103e-06
-4.71149e-06
3.63459e-06
2.07498e-05
7.86747e-06
2.24828e-05
1.18567e-05
2.16098e-05
1.54082e-05
2.06595e-05
1.83988e-05
1.95401e-05
2.07467e-05
1.82099e-05
2.24234e-05
1.66548e-05
2.34243e-05
1.49042e-05
2.37628e-05
1.2986e-05
2.34536e-05
1.09582e-05
2.25198e-05
8.87019e-06
2.09786e-05
6.7767e-06
1.8861e-05
4.73006e-06
1.61986e-05
2.77653e-06
1.30442e-05
9.57639e-07
9.4498e-06
-6.95625e-07
5.47605e-06
-2.1676e-06
1.20479e-06
-3.44788e-06
-3.29958e-06
-4.52445e-06
-7.94519e-06
-5.40666e-06
-1.26437e-05
-6.10929e-06
-1.73028e-05
-6.65003e-06
-2.18312e-05
-7.05033e-06
-2.61389e-05
-7.33334e-06
-3.01381e-05
-7.52834e-06
-3.37497e-05
-7.65158e-06
-3.6897e-05
-7.72358e-06
-3.95033e-05
-7.75812e-06
-4.15071e-05
-7.76843e-06
-4.28539e-05
-7.76612e-06
-4.3504e-05
-7.75696e-06
-4.34288e-05
-7.74966e-06
-4.26168e-05
-7.74822e-06
-4.10622e-05
-7.75122e-06
-3.87845e-05
-7.75453e-06
-3.58387e-05
-7.75314e-06
-3.23044e-05
-7.74443e-06
-2.82884e-05
-7.73594e-06
-2.39138e-05
-7.75414e-06
-1.93059e-05
-7.84745e-06
-1.45621e-05
-8.10461e-06
-9.71161e-06
-8.65669e-06
-4.69088e-06
-9.56124e-06
-9.40215e-06
5.60385e-07
2.01888e-05
1.39501e-06
2.16472e-05
2.03081e-06
2.09721e-05
2.38872e-06
2.03001e-05
2.47076e-06
1.94586e-05
2.31729e-06
1.83627e-05
1.97334e-06
1.69977e-05
1.44739e-06
1.54301e-05
7.33453e-07
1.36993e-05
-2.0191e-07
1.18931e-05
-1.39647e-06
1.00642e-05
-2.89015e-06
8.26945e-06
-4.71307e-06
6.55187e-06
-6.88369e-06
4.94554e-06
-9.39937e-06
3.47274e-06
-1.22433e-05
2.14811e-06
-1.5387e-05
9.76211e-07
-1.87917e-05
-4.34979e-08
-2.23988e-05
-9.18266e-07
-2.61556e-05
-1.65056e-06
-2.99907e-05
-2.2747e-06
-3.38325e-05
-2.8085e-06
-3.76073e-05
-3.27602e-06
-4.12383e-05
-3.70356e-06
-4.46514e-05
-4.116e-06
-4.77712e-05
-4.53249e-06
-5.05245e-05
-4.97086e-06
-5.28387e-05
-5.44413e-06
-5.46422e-05
-5.96548e-06
-5.58674e-05
-6.5403e-06
-5.64533e-05
-7.17113e-06
-5.63371e-05
-7.86492e-06
-5.54625e-05
-8.62251e-06
-5.37736e-05
-9.43939e-06
-5.12306e-05
-1.02971e-05
-4.78198e-05
-1.11636e-05
-4.35583e-05
-1.20055e-05
-3.8507e-05
-1.27871e-05
-3.27765e-05
-1.34843e-05
-2.65297e-05
-1.40943e-05
-1.99628e-05
-1.46714e-05
-1.32208e-05
-1.53985e-05
-6.36093e-06
-1.64209e-05
-1.57629e-05
-2.17431e-06
2.23629e-05
-4.30165e-06
2.37735e-05
-6.50212e-06
2.3171e-05
-8.54112e-06
2.2338e-05
-1.03046e-05
2.12221e-05
-1.17032e-05
1.97605e-05
-1.27347e-05
1.80283e-05
-1.34819e-05
1.61774e-05
-1.40424e-05
1.42589e-05
-1.45395e-05
1.23898e-05
-1.50839e-05
1.06083e-05
-1.57745e-05
8.95947e-06
-1.66853e-05
7.46292e-06
-1.78689e-05
6.1288e-06
-1.93501e-05
4.95488e-06
-2.11338e-05
3.93307e-06
-2.32098e-05
3.05371e-06
-2.55535e-05
2.30145e-06
-2.81319e-05
1.66025e-06
-3.08916e-05
1.1094e-06
-3.37868e-05
6.20507e-07
-3.67616e-05
1.66321e-07
-3.97576e-05
-2.80238e-07
-4.27161e-05
-7.46246e-07
-4.55774e-05
-1.25557e-06
-4.82809e-05
-1.8298e-06
-5.0767e-05
-2.48581e-06
-5.29737e-05
-3.23753e-06
-5.48398e-05
-4.10085e-06
-5.62995e-05
-5.08041e-06
-5.72888e-05
-6.18335e-06
-5.77301e-05
-7.4235e-06
-5.75442e-05
-8.80934e-06
-5.6638e-05
-1.03459e-05
-5.49154e-05
-1.20202e-05
-5.2283e-05
-1.37968e-05
-4.86535e-05
-1.56352e-05
-4.39686e-05
-1.7473e-05
-3.82208e-05
-1.92323e-05
-3.14833e-05
-2.08325e-05
-2.39668e-05
-2.21881e-05
-1.5895e-05
-2.34702e-05
-7.64518e-06
-2.46706e-05
-2.34078e-05
-4.87822e-06
2.72411e-05
-9.61384e-06
2.85078e-05
-1.39927e-05
2.75486e-05
-1.73329e-05
2.56773e-05
-1.96489e-05
2.35373e-05
-2.09819e-05
2.10927e-05
-2.15209e-05
1.8566e-05
-2.15073e-05
1.61642e-05
-2.11505e-05
1.39013e-05
-2.06477e-05
1.18869e-05
-2.01518e-05
1.01131e-05
-1.97858e-05
8.5939e-06
-1.96341e-05
7.31322e-06
-1.97552e-05
6.25079e-06
-2.01759e-05
5.37788e-06
-2.09018e-05
4.66119e-06
-2.19277e-05
4.0815e-06
-2.32328e-05
3.60859e-06
-2.47905e-05
3.21801e-06
-2.65619e-05
2.88114e-06
-2.85088e-05
2.56709e-06
-3.05914e-05
2.24843e-06
-3.27667e-05
1.89477e-06
-3.49951e-05
1.48076e-06
-3.72348e-05
9.8306e-07
-3.94446e-05
3.79364e-07
-4.15865e-05
-3.45226e-07
-4.36144e-05
-1.20907e-06
-4.54946e-05
-2.22271e-06
-4.71739e-05
-3.4005e-06
-4.86066e-05
-4.75289e-06
-4.97255e-05
-6.30478e-06
-5.04591e-05
-8.07755e-06
-5.07105e-05
-1.00957e-05
-5.03624e-05
-1.23691e-05
-4.92767e-05
-1.4884e-05
-4.72819e-05
-1.76304e-05
-4.41871e-05
-2.05692e-05
-3.9803e-05
-2.36166e-05
-3.39624e-05
-2.66737e-05
-2.67036e-05
-2.94468e-05
-1.80588e-05
-3.21148e-05
-8.84895e-06
-3.38804e-05
-3.22565e-05
-7.81982e-06
3.50613e-05
-1.44981e-05
3.51845e-05
-1.9953e-05
3.30029e-05
-2.31785e-05
2.89019e-05
-2.47374e-05
2.50945e-05
-2.49606e-05
2.13154e-05
-2.42893e-05
1.78935e-05
-2.30861e-05
1.49618e-05
-2.16185e-05
1.24333e-05
-2.00937e-05
1.03626e-05
-1.86536e-05
8.67496e-06
-1.74016e-05
7.34316e-06
-1.63987e-05
6.31353e-06
-1.56836e-05
5.53717e-06
-1.52648e-05
4.96157e-06
-1.51486e-05
4.54738e-06
-1.53158e-05
4.25025e-06
-1.5745e-05
4.0397e-06
-1.64145e-05
3.88714e-06
-1.72946e-05
3.761e-06
-1.83579e-05
3.62973e-06
-1.95769e-05
3.46632e-06
-2.09244e-05
3.24196e-06
-2.2379e-05
2.93385e-06
-2.39179e-05
2.52078e-06
-2.55199e-05
1.98111e-06
-2.71704e-05
1.30345e-06
-2.88446e-05
4.66403e-07
-3.05353e-05
-5.34495e-07
-3.22129e-05
-1.72175e-06
-3.38601e-05
-3.10829e-06
-3.54367e-05
-4.72813e-06
-3.69019e-05
-6.61395e-06
-3.81886e-05
-8.81009e-06
-3.92014e-05
-1.13567e-05
-3.98132e-05
-1.42739e-05
-3.98351e-05
-1.76082e-05
-3.90088e-05
-2.13966e-05
-3.70076e-05
-2.56176e-05
-3.33766e-05
-3.0305e-05
-2.78281e-05
-3.49952e-05
-1.97677e-05
-4.01748e-05
-1.03148e-05
-4.33334e-05
-4.25709e-05
-1.10279e-05
4.60897e-05
-1.83351e-05
4.24899e-05
-2.32751e-05
3.79426e-05
-2.49612e-05
3.05872e-05
-2.48101e-05
2.49416e-05
-2.34331e-05
1.99387e-05
-2.14269e-05
1.58864e-05
-1.91521e-05
1.26883e-05
-1.68438e-05
1.01253e-05
-1.46511e-05
8.17061e-06
-1.26568e-05
6.68334e-06
-1.09149e-05
5.60266e-06
-9.44463e-06
4.84683e-06
-8.25472e-06
4.34869e-06
-7.33522e-06
4.04406e-06
-6.66835e-06
3.88248e-06
-6.23851e-06
3.82109e-06
-6.02205e-06
3.82486e-06
-6.00082e-06
3.86528e-06
-6.15275e-06
3.91251e-06
-6.46059e-06
3.93697e-06
-6.9105e-06
3.91502e-06
-7.48905e-06
3.82045e-06
-8.18975e-06
3.63369e-06
-9.00791e-06
3.33805e-06
-9.93962e-06
2.91351e-06
-1.09912e-05
2.3531e-06
-1.21575e-05
1.63492e-06
-1.34538e-05
7.59056e-07
-1.48739e-05
-2.9967e-07
-1.64292e-05
-1.55531e-06
-1.81111e-05
-3.04577e-06
-1.99168e-05
-4.80915e-06
-2.18258e-05
-6.90193e-06
-2.37927e-05
-9.3893e-06
-2.57458e-05
-1.2322e-05
-2.755e-05
-1.5803e-05
-2.89801e-05
-1.99673e-05
-2.96991e-05
-2.48979e-05
-2.90861e-05
-3.0918e-05
-2.65538e-05
-3.75273e-05
-2.05968e-05
-4.61313e-05
-1.21733e-05
-5.17572e-05
-5.47439e-05
-1.40552e-05
6.01456e-05
-2.0025e-05
4.84582e-05
-2.27e-05
4.06178e-05
-2.18924e-05
2.97793e-05
-1.97174e-05
2.27649e-05
-1.68699e-05
1.70923e-05
-1.38941e-05
1.291e-05
-1.10179e-05
9.81359e-06
-8.36968e-06
7.4778e-06
-5.99609e-06
5.7975e-06
-3.90738e-06
4.5974e-06
-2.0994e-06
3.79553e-06
-5.48574e-07
3.29922e-06
7.65202e-07
3.036e-06
1.86963e-06
2.9409e-06
2.79098e-06
2.96266e-06
3.54884e-06
3.06324e-06
4.16578e-06
3.20931e-06
4.65475e-06
3.37584e-06
5.02981e-06
3.53718e-06
5.29876e-06
3.66792e-06
5.46413e-06
3.74866e-06
5.52723e-06
3.75767e-06
5.48174e-06
3.67904e-06
5.31891e-06
3.50026e-06
5.02954e-06
3.20459e-06
4.59145e-06
2.78922e-06
3.99593e-06
2.2335e-06
3.21123e-06
1.5411e-06
2.22598e-06
6.88131e-07
1.00704e-06
-3.38348e-07
-4.62882e-07
-1.57499e-06
-2.21358e-06
-3.05872e-06
-4.26881e-06
-4.84727e-06
-6.63865e-06
-7.01833e-06
-9.32232e-06
-9.63933e-06
-1.22769e-05
-1.28471e-05
-1.53888e-05
-1.6856e-05
-1.84411e-05
-2.18448e-05
-2.0879e-05
-2.848e-05
-2.20271e-05
-3.6379e-05
-1.96766e-05
-4.84814e-05
-1.40508e-05
-5.73833e-05
-6.87943e-05
-1.58453e-05
7.59914e-05
-1.83487e-05
5.09607e-05
-1.74237e-05
3.96934e-05
-1.39837e-05
2.63396e-05
-1.01346e-05
1.89145e-05
-6.39138e-06
1.33503e-05
-3.04651e-06
9.56467e-06
-1.28616e-07
6.89702e-06
2.36715e-06
4.98287e-06
4.49379e-06
3.67097e-06
6.30717e-06
2.78638e-06
7.85811e-06
2.24477e-06
9.20086e-06
1.95893e-06
1.03751e-05
1.86255e-06
1.14179e-05
1.89877e-06
1.23592e-05
2.02267e-06
1.32182e-05
2.20399e-06
1.40139e-05
2.41484e-06
1.47541e-05
2.63553e-06
1.54454e-05
2.84594e-06
1.60879e-05
3.02588e-06
1.66753e-05
3.16063e-06
1.72e-05
3.23357e-06
1.76473e-05
3.2322e-06
1.79981e-05
3.14889e-06
1.82364e-05
2.96861e-06
1.83301e-05
2.69345e-06
1.82623e-05
2.3047e-06
1.79926e-05
1.80828e-06
1.74991e-05
1.18416e-06
1.67373e-05
4.21806e-07
1.56733e-05
-5.1012e-07
1.42574e-05
-1.64272e-06
1.24354e-05
-3.02582e-06
1.01543e-05
-4.73582e-06
7.35498e-06
-6.84094e-06
3.99047e-06
-9.48115e-06
3.85106e-08
-1.29045e-05
-4.46973e-06
-1.73359e-05
-9.25245e-06
-2.36971e-05
-1.38144e-05
-3.1817e-05
-1.60055e-05
-4.62897e-05
-1.49249e-05
-5.84643e-05
-8.37189e-05
-1.48993e-05
9.0891e-05
-1.24646e-05
4.85257e-05
-7.54066e-06
3.47704e-05
-2.13073e-06
2.09307e-05
2.60593e-06
1.41768e-05
6.51733e-06
9.4402e-06
9.65372e-06
6.42777e-06
1.21678e-05
4.38392e-06
1.41753e-05
2.97624e-06
1.57978e-05
2.04827e-06
1.71323e-05
1.45382e-06
1.8256e-05
1.12074e-06
1.92377e-05
9.78827e-07
2.01253e-05
9.75418e-07
2.09576e-05
1.06694e-06
2.17627e-05
1.21873e-06
2.2557e-05
1.4094e-06
2.33548e-05
1.61817e-06
2.41593e-05
1.83111e-06
2.49716e-05
2.03391e-06
2.57864e-05
2.21185e-06
2.65922e-05
2.35462e-06
2.73757e-05
2.45064e-06
2.81181e-05
2.49056e-06
2.87958e-05
2.47052e-06
2.93884e-05
2.37836e-06
2.9862e-05
2.21783e-06
3.01954e-05
1.97444e-06
3.0347e-05
1.65424e-06
3.02912e-05
1.24216e-06
2.99811e-05
7.30561e-07
2.9376e-05
9.55268e-08
2.84196e-05
-6.86089e-07
2.70443e-05
-1.65125e-06
2.51743e-05
-2.86451e-06
2.27154e-05
-4.38304e-06
1.95612e-05
-6.32565e-06
1.55791e-05
-8.92292e-06
1.06349e-05
-1.23912e-05
4.64753e-06
-1.77095e-05
-2.24386e-06
-2.49256e-05
-8.91233e-06
-3.96207e-05
-1.33253e-05
-5.40515e-05
-9.70438e-05
-9.76205e-06
0.000100653
-2.22984e-06
4.09936e-05
5.88513e-06
2.66563e-05
1.21402e-05
1.46769e-05
1.68798e-05
9.43648e-06
2.03489e-05
5.97218e-06
2.2894e-05
3.88225e-06
2.47737e-05
2.5048e-06
2.61648e-05
1.58594e-06
2.72159e-05
9.96963e-07
2.80364e-05
6.34736e-07
2.87098e-05
4.46812e-07
2.93047e-05
3.84894e-07
2.98675e-05
4.1282e-07
3.04329e-05
5.01735e-07
3.10245e-05
6.28235e-07
3.16544e-05
7.79177e-07
3.23327e-05
9.40843e-07
3.30595e-05
1.1045e-06
3.38325e-05
1.26111e-06
3.46442e-05
1.40102e-06
3.54811e-05
1.51772e-06
3.63281e-05
1.60404e-06
3.7166e-05
1.65345e-06
3.79711e-05
1.66459e-06
3.87232e-05
1.62842e-06
3.93901e-05
1.54893e-06
3.99514e-05
1.41569e-06
4.03695e-05
1.23395e-06
4.06199e-05
9.93446e-07
4.06601e-05
6.89135e-07
4.04508e-05
3.04983e-07
3.99391e-05
-1.74219e-07
3.90589e-05
-7.71843e-07
3.77306e-05
-1.53518e-06
3.58514e-05
-2.50469e-06
3.32928e-05
-3.76614e-06
2.98651e-05
-5.49553e-06
2.53401e-05
-7.8658e-06
1.93292e-05
-1.16985e-05
1.15966e-05
-1.7193e-05
1.72271e-06
-2.97463e-05
-7.83722e-06
-4.44918e-05
-0.000104881
4.32948e-07
0.000100221
1.16768e-05
2.97501e-05
2.12162e-05
1.71175e-05
2.71121e-05
8.78195e-06
3.11551e-05
5.39303e-06
3.38386e-05
3.28959e-06
3.56573e-05
2.06331e-06
3.68892e-05
1.27315e-06
3.77183e-05
7.57633e-07
3.82835e-05
4.31479e-07
3.86842e-05
2.35239e-07
3.89936e-05
1.36871e-07
3.92701e-05
1.08942e-07
3.95523e-05
1.30701e-07
3.98676e-05
1.86435e-07
4.02339e-05
2.628e-07
4.06597e-05
3.53118e-07
4.11516e-05
4.49621e-07
4.17088e-05
5.47604e-07
4.23278e-05
6.42249e-07
4.30014e-05
7.28124e-07
4.37174e-05
8.01734e-07
4.44624e-05
8.59323e-07
4.52197e-05
8.96802e-07
4.59692e-05
9.14221e-07
4.66938e-05
9.05556e-07
4.73669e-05
8.74028e-07
4.79715e-05
8.13004e-07
4.84775e-05
7.26099e-07
4.88648e-05
6.07229e-07
4.90996e-05
4.53334e-07
4.91491e-05
2.55428e-07
4.89702e-05
4.85165e-09
4.85079e-05
-3.10384e-07
4.76931e-05
-7.19564e-07
4.64342e-05
-1.24658e-06
4.46123e-05
-1.94353e-06
4.20341e-05
-2.91769e-06
3.8457e-05
-4.28843e-06
3.33428e-05
-6.5841e-06
2.62333e-05
-1.00837e-05
1.52164e-05
-1.8729e-05
2.26519e-06
-3.15406e-05
-0.000102615
1.48856e-05
8.53352e-05
2.77258e-05
1.69101e-05
3.65785e-05
8.26503e-06
4.12628e-05
4.09834e-06
4.4244e-05
2.41152e-06
4.60849e-05
1.4496e-06
4.72534e-05
8.94703e-07
4.79838e-05
5.42924e-07
4.84245e-05
3.17512e-07
4.8682e-05
1.73751e-07
4.88305e-05
8.75568e-08
4.89239e-05
4.31474e-08
4.90041e-05
2.89518e-08
4.90991e-05
3.57761e-08
4.92279e-05
5.74571e-08
4.94033e-05
8.80623e-08
4.96311e-05
1.25116e-07
4.99161e-05
1.65147e-07
5.02579e-05
2.06085e-07
5.06541e-05
2.46103e-07
5.10999e-05
2.82802e-07
5.15869e-05
3.14776e-07
5.21056e-05
3.40645e-07
5.26448e-05
3.58207e-07
5.31901e-05
3.68151e-07
5.37298e-05
3.67135e-07
5.42451e-05
3.57191e-07
5.47245e-05
3.34947e-07
5.5147e-05
3.02113e-07
5.5499e-05
2.55981e-07
5.57567e-05
1.94797e-07
5.58969e-05
1.15081e-07
5.58892e-05
1.26182e-08
5.5695e-05
-1.16874e-07
5.52631e-05
-2.87072e-07
5.45253e-05
-5.0935e-07
5.33903e-05
-8.08134e-07
5.17027e-05
-1.23027e-06
4.92596e-05
-1.84522e-06
4.55557e-05
-2.88003e-06
4.00799e-05
-4.60787e-06
3.0244e-05
-8.89288e-06
1.63032e-05
-1.75999e-05
-8.6312e-05
3.27786e-05
5.25568e-05
4.40129e-05
5.67587e-06
5.01092e-05
2.16859e-06
5.31174e-05
1.09064e-06
5.49173e-05
6.11451e-07
5.59965e-05
3.71135e-07
5.66608e-05
2.30523e-07
5.70616e-05
1.42118e-07
5.72926e-05
8.69657e-08
5.74153e-05
5.07451e-08
5.74744e-05
2.91915e-08
5.74999e-05
1.73728e-08
5.75163e-05
1.27792e-08
5.75392e-05
1.28549e-08
5.75797e-05
1.66991e-08
5.76456e-05
2.2643e-08
5.77403e-05
3.02466e-08
5.78672e-05
3.86201e-08
5.80264e-05
4.7067e-08
5.82171e-05
5.54509e-08
5.84372e-05
6.3074e-08
5.86823e-05
6.96435e-08
5.89479e-05
7.50547e-08
5.92281e-05
7.83752e-08
5.95153e-05
8.03215e-08
5.98037e-05
7.96079e-08
6.00827e-05
7.70659e-08
6.03468e-05
7.1772e-08
6.0584e-05
6.38907e-08
6.07872e-05
5.31353e-08
6.0943e-05
3.84394e-08
6.10382e-05
1.96913e-08
6.10557e-05
-4.81778e-09
6.09739e-05
-3.55408e-08
6.0763e-05
-7.58625e-08
6.03825e-05
-1.29257e-07
5.97767e-05
-2.02046e-07
5.8851e-05
-3.04722e-07
5.74682e-05
-4.62288e-07
5.5305e-05
-7.16725e-07
5.19075e-05
-1.21034e-06
4.53232e-05
-2.30833e-06
3.35513e-05
-5.82812e-06
-5.27606e-05
5.2557e-05
5.82328e-05
6.04011e-05
6.14922e-05
6.21038e-05
6.24752e-05
6.27056e-05
6.28476e-05
6.29348e-05
6.29856e-05
6.30151e-05
6.30323e-05
6.30449e-05
6.30579e-05
6.30745e-05
6.30974e-05
6.31276e-05
6.31663e-05
6.32135e-05
6.32689e-05
6.33321e-05
6.34018e-05
6.34767e-05
6.35554e-05
6.36353e-05
6.37153e-05
6.37919e-05
6.3864e-05
6.39275e-05
6.39807e-05
6.4019e-05
6.40385e-05
6.40338e-05
6.3998e-05
6.39223e-05
6.37929e-05
6.3591e-05
6.32863e-05
6.2824e-05
6.21073e-05
6.0897e-05
5.85887e-05
5.27606e-05
)
;

boundaryField
{
    movingWall
    {
        type            calculated;
        value           uniform 0;
    }
    fixedWalls
    {
        type            calculated;
        value           uniform 0;
    }
    frontAndBack
    {
        type            empty;
        value           nonuniform 0();
    }
    defaultFaces
    {
        type            empty;
        value           nonuniform 0();
    }
}


// ************************************************************************* //
