/*--------------------------------*- C++ -*----------------------------------*\
  =========                 |
  \\      /  F ield         | OpenFOAM: The Open Source CFD Toolbox
   \\    /   O peration     | Website:  https://openfoam.org
    \\  /    A nd           | Version:  7
     \\/     M anipulation  |
\*---------------------------------------------------------------------------*/
FoamFile
{
    version     2.0;
    format      ascii;
    class       volVectorField;
    location    "1.12";
    object      U;
}
// * * * * * * * * * * * * * * * * * * * * * * * * * * * * * * * * * * * * * //

dimensions      [0 1 -1 0 0 0 0];

internalField   nonuniform List<vector> 
1936
(
(-15.4451 3.30868 0)
(-68.5905 183.545 0)
(-28.2304 403.596 0)
(-6.29982 425.369 0)
(-12.4418 405.55 0)
(-8.96062 428.884 0)
(5.44745 441.419 0)
(19.3963 404.145 0)
(24.3437 338.869 0)
(19.3302 288.044 0)
(6.53862 271.745 0)
(-7.15176 282.413 0)
(-17.1255 331.436 0)
(-24.9552 438.401 0)
(1.38204 488.849 0)
(29.6446 380.175 0)
(12.6246 264.288 0)
(-8.22022 244.89 0)
(-21.337 272.123 0)
(-36.4359 402.732 0)
(6.23041 506.782 0)
(40.0248 396.953 0)
(20.4919 267.11 0)
(7.21657 244.166 0)
(-7.76856 260.348 0)
(-31.2828 371.132 0)
(-11.3822 485.462 0)
(28.2686 405.26 0)
(12.5974 273.897 0)
(-8.08193 246.234 0)
(-23.209 280.914 0)
(-35.1836 423.242 0)
(15.3729 494.63 0)
(37.2828 358.642 0)
(12.4371 256.234 0)
(3.22839 245.741 0)
(-17.7544 282.844 0)
(-30.3575 424.057 0)
(10.899 483.063 0)
(32.2764 350.383 0)
(5.33252 253.521 0)
(-4.92564 245.285 0)
(-28.6798 306.152 0)
(-28.7943 459.194 0)
(-17.1993 8.02093 0)
(-76.1054 0.664543 0)
(-32.4342 -3.89013 0)
(-8.30441 -2.22409 0)
(-13.476 -0.716046 0)
(-9.87061 -1.75338 0)
(5.32332 -2.51981 0)
(19.3974 -1.74127 0)
(22.9011 -0.0438949 0)
(16.0611 1.63594 0)
(4.95453 2.65487 0)
(-4.91509 2.42042 0)
(-16.2174 0.988935 0)
(-26.4391 -1.8016 0)
(1.5936 -3.85864 0)
(29.2626 -1.4157 0)
(9.21905 2.75764 0)
(-7.17879 3.88689 0)
(-15.6976 1.65605 0)
(-35.7516 -3.08154 0)
(6.43463 -5.13906 0)
(40.128 -1.79778 0)
(15.5891 2.11001 0)
(5.83775 3.47828 0)
(-4.54535 2.90207 0)
(-32.0557 -0.302288 0)
(-12 -3.75064 0)
(28.2049 -2.3098 0)
(8.81139 2.31819 0)
(-6.87014 3.92838 0)
(-17.7256 1.30327 0)
(-34.9663 -3.54482 0)
(16.2818 -4.73977 0)
(36.2588 -0.827735 0)
(7.66713 2.74093 0)
(4.59698 3.53192 0)
(-14.6535 1.8166 0)
(-31.5215 -2.32686 0)
(11.0917 -4.05159 0)
(30.7627 -0.564805 0)
(1.47363 3.15459 0)
(-1.48011 3.59174 0)
(-24.8565 0.560787 0)
(-30.1692 -4.01351 0)
(-7.14668 16.659 0)
(-70.0144 1.98395 0)
(-33.8005 -8.37996 0)
(-10.3211 -4.77741 0)
(-12.6053 -1.48505 0)
(-9.3568 -3.65177 0)
(4.96975 -5.27643 0)
(18.6735 -3.53336 0)
(22.1029 0.147717 0)
(14.5431 3.48995 0)
(2.51253 5.24403 0)
(-7.31954 4.86805 0)
(-18.6669 2.28169 0)
(-26.3994 -3.94935 0)
(5.19772 -8.45706 0)
(32.1449 -2.65315 0)
(11.7683 5.7176 0)
(-2.41483 7.4592 0)
(-11.6518 3.91727 0)
(-37.5217 -5.72 0)
(3.39793 -11.073 0)
(39.9002 -3.42215 0)
(14.2332 4.80211 0)
(1.41617 6.84229 0)
(-9.08319 6.03104 0)
(-34.3735 -0.61145 0)
(-9.17238 -8.43616 0)
(32.0313 -4.63044 0)
(11.0674 4.90547 0)
(-2.29506 7.59283 0)
(-14.3057 3.25637 0)
(-37.2074 -6.91848 0)
(14.6052 -10.2513 0)
(36.7426 -1.22858 0)
(6.59924 5.78674 0)
(1.93399 6.90982 0)
(-17.3148 4.0961 0)
(-33.0507 -4.9273 0)
(12.7456 -8.91037 0)
(33.1255 -0.772602 0)
(3.12806 6.39294 0)
(0.199272 7.11097 0)
(-24.9739 1.8322 0)
(-31.4175 -8.48525 0)
(2.44114 23.3417 0)
(-57.9965 4.15025 0)
(-29.8463 -11.4233 0)
(-13.5214 -7.32058 0)
(-12.2251 -2.69789 0)
(-8.31426 -5.40224 0)
(3.01733 -7.58742 0)
(12.698 -4.96325 0)
(14.3223 0.468677 0)
(7.60425 5.21656 0)
(-1.03573 7.42148 0)
(-5.76811 6.81597 0)
(-13.2248 3.08812 0)
(-19.43 -6.16716 0)
(6.09778 -12.3807 0)
(24.4293 -3.57957 0)
(7.06823 7.8903 0)
(1.88083 10.1517 0)
(-0.60157 6.21566 0)
(-27.8448 -7.19993 0)
(0.314602 -15.8093 0)
(28.8803 -4.77548 0)
(5.39 7.28298 0)
(-2.34223 9.76735 0)
(-6.11993 8.33101 0)
(-26.2841 -1.41706 0)
(-5.07486 -12.5622 0)
(25.4638 -6.44388 0)
(5.03229 6.81142 0)
(1.95861 10.3066 0)
(-2.76455 5.29813 0)
(-28.7639 -9.12002 0)
(10.2149 -14.6936 0)
(26.1911 -1.54516 0)
(-0.361261 8.41508 0)
(1.39833 9.67628 0)
(-10.85 5.80628 0)
(-25.6162 -7.26592 0)
(10.5658 -12.9954 0)
(24.196 -0.956511 0)
(-0.780527 8.94262 0)
(4.3234 9.95756 0)
(-14.2712 3.06762 0)
(-25.2527 -12.0007 0)
(10.6448 28.4879 0)
(-46.7992 6.93797 0)
(-25.3038 -12.9549 0)
(-15.0159 -9.66493 0)
(-11.7827 -4.52291 0)
(-7.7388 -7.12607 0)
(0.382634 -9.34344 0)
(6.30679 -5.90585 0)
(6.79263 0.862755 0)
(1.58379 6.60814 0)
(-3.48371 8.92058 0)
(-4.07951 7.99028 0)
(-8.73103 3.28569 0)
(-12.9816 -8.06778 0)
(6.59962 -14.9967 0)
(17.3122 -4.13181 0)
(3.3306 9.03576 0)
(3.74807 11.6192 0)
(6.22242 7.99266 0)
(-19.1873 -7.48712 0)
(-2.35499 -18.5724 0)
(19.1531 -5.63599 0)
(-1.14093 9.00664 0)
(-3.7891 11.7415 0)
(-2.96415 9.54102 0)
(-19.0126 -2.38865 0)
(-1.31188 -15.3339 0)
(19.4319 -7.47065 0)
(0.548739 7.7482 0)
(3.8926 11.6104 0)
(4.76251 6.87827 0)
(-21.0998 -9.93277 0)
(6.05591 -17.3133 0)
(17.2778 -1.68639 0)
(-5.50908 10.0876 0)
(1.70228 11.3488 0)
(-5.8683 6.75575 0)
(-18.8047 -8.88038 0)
(8.47807 -15.5764 0)
(16.5555 -1.06604 0)
(-3.92566 10.3392 0)
(6.75497 11.5743 0)
(-6.24929 4.01368 0)
(-19.5051 -13.9551 0)
(17.0511 31.8671 0)
(-34.7162 10.1126 0)
(-19.808 -12.9896 0)
(-14.2269 -11.5363 0)
(-11.0777 -6.66551 0)
(-7.54923 -8.6669 0)
(-2.63119 -10.4145 0)
(0.154368 -6.35079 0)
(0.078742 1.20434 0)
(-3.17894 7.4104 0)
(-4.5502 9.56991 0)
(-1.90509 8.34235 0)
(-4.68344 2.94671 0)
(-7.36214 -9.52701 0)
(6.32835 -16.166 0)
(10.8379 -4.23842 0)
(-0.591881 9.27016 0)
(3.51003 11.9878 0)
(9.28153 8.98656 0)
(-11.8961 -6.78437 0)
(-3.98257 -19.295 0)
(11.1134 -6.01767 0)
(-5.6178 9.69292 0)
(-3.34103 12.6017 0)
(1.27418 9.74899 0)
(-12.435 -3.3094 0)
(1.53364 -16.6269 0)
(13.8523 -7.6501 0)
(-3.2452 7.85145 0)
(3.74802 11.6988 0)
(8.53772 7.74462 0)
(-14.3923 -9.51873 0)
(2.6395 -18.0785 0)
(10.0317 -1.6868 0)
(-8.64841 10.6588 0)
(2.44446 11.9131 0)
(-1.41234 6.9816 0)
(-12.6642 -9.69042 0)
(6.49145 -16.602 0)
(10.0471 -1.02619 0)
(-6.50915 10.6372 0)
(7.37946 11.9764 0)
(-0.555708 4.55458 0)
(-14.2834 -14.4017 0)
(20.5962 33.0427 0)
(-20.8148 13.2681 0)
(-12.895 -11.5077 0)
(-11.218 -12.5741 0)
(-9.66955 -8.65641 0)
(-7.36039 -9.83275 0)
(-5.30759 -10.7499 0)
(-4.86881 -6.33965 0)
(-5.11905 1.3438 0)
(-6.31707 7.42195 0)
(-4.56914 9.27143 0)
(0.0735876 7.90525 0)
(-1.19387 2.18785 0)
(-2.8505 -10.3295 0)
(5.11525 -15.8968 0)
(5.26092 -3.81336 0)
(-4.25754 8.7541 0)
(2.16631 11.3604 0)
(9.67382 9.02903 0)
(-6.07996 -5.462 0)
(-4.21762 -18.1586 0)
(5.0269 -5.94692 0)
(-7.88913 9.30291 0)
(-1.98699 12.1745 0)
(5.2632 9.16812 0)
(-6.82393 -3.92515 0)
(3.05861 -16.3997 0)
(8.81888 -6.98023 0)
(-6.10337 7.31904 0)
(2.43672 10.7729 0)
(9.45102 7.7421 0)
(-8.67138 -8.22214 0)
(0.346434 -17.1138 0)
(4.46685 -1.61971 0)
(-9.48536 10.1594 0)
(2.8639 11.3795 0)
(2.46175 6.57232 0)
(-7.32296 -9.63089 0)
(4.52812 -16.0906 0)
(4.72466 -0.834235 0)
(-7.66658 10.0176 0)
(6.38808 11.2647 0)
(3.07781 4.58404 0)
(-9.58633 -13.5143 0)
(20.639 31.6309 0)
(-6.09277 15.7229 0)
(-4.69728 -8.55683 0)
(-6.42089 -12.3791 0)
(-7.1366 -9.9693 0)
(-6.59239 -10.4058 0)
(-6.78586 -10.3866 0)
(-7.91019 -5.97497 0)
(-8.19186 1.15018 0)
(-7.66455 6.63165 0)
(-3.94776 8.13746 0)
(1.45027 6.8033 0)
(1.46478 1.11256 0)
(0.326069 -10.2921 0)
(3.11728 -14.3529 0)
(0.883048 -3.00429 0)
(-6.48225 7.70521 0)
(0.715622 9.90219 0)
(8.69674 8.20568 0)
(-1.64024 -4.0007 0)
(-3.23362 -15.5627 0)
(0.912437 -5.42387 0)
(-8.22292 8.02315 0)
(-0.756422 10.6044 0)
(7.49395 7.99102 0)
(-2.44021 -4.04906 0)
(3.19062 -14.7767 0)
(4.50562 -5.73141 0)
(-7.356 6.39079 0)
(1.0458 9.09831 0)
(8.74398 6.94661 0)
(-3.93991 -6.50018 0)
(-0.777405 -14.7501 0)
(0.529824 -1.5278 0)
(-8.56827 8.81342 0)
(2.75068 9.88095 0)
(5.2089 5.68093 0)
(-3.01552 -8.71447 0)
(2.55595 -14.2002 0)
(0.616312 -0.608072 0)
(-7.25215 8.6995 0)
(4.74912 9.68612 0)
(5.00364 4.11277 0)
(-5.44744 -11.581 0)
(16.881 27.744 0)
(5.88685 16.6857 0)
(3.46573 -4.57472 0)
(-0.660857 -10.726 0)
(-3.49124 -10.1648 0)
(-4.87685 -10.1952 0)
(-6.65361 -9.42913 0)
(-8.65966 -5.37801 0)
(-8.975 0.649756 0)
(-7.43137 5.18969 0)
(-3.04322 6.41248 0)
(2.17167 5.20043 0)
(3.05156 -0.0420159 0)
(1.99134 -9.34861 0)
(0.891202 -11.8342 0)
(-2.19252 -2.15737 0)
(-6.87632 6.2706 0)
(-0.208612 7.90025 0)
(7.10039 6.75223 0)
(1.33401 -2.722 0)
(-1.74585 -12.0602 0)
(-1.44928 -4.47312 0)
(-7.21781 6.21992 0)
(-0.159485 8.31216 0)
(7.60138 6.35511 0)
(0.692056 -3.64282 0)
(2.37897 -12.0545 0)
(1.0817 -4.30749 0)
(-6.93652 5.17861 0)
(0.239445 7.02522 0)
(7.18902 5.6045 0)
(-0.493079 -4.71135 0)
(-1.03523 -11.4839 0)
(-1.91133 -1.40199 0)
(-6.82321 6.95954 0)
(2.27962 7.76343 0)
(6.25705 4.41509 0)
(-0.0531352 -7.06207 0)
(0.782218 -11.3109 0)
(-2.22573 -0.485193 0)
(-5.95456 6.93463 0)
(3.29463 7.59959 0)
(5.55911 3.2466 0)
(-2.11719 -8.96451 0)
(11.0068 22.3089 0)
(11.6968 15.6886 0)
(9.24392 -0.605036 0)
(4.57431 -7.86897 0)
(0.483247 -9.06778 0)
(-2.44041 -9.12856 0)
(-5.18778 -8.0195 0)
(-7.51928 -4.62939 0)
(-7.92678 0.00397111 0)
(-6.17816 3.4338 0)
(-2.16945 4.38933 0)
(2.25196 3.34909 0)
(3.47044 -0.978908 0)
(2.21472 -7.65572 0)
(-0.915585 -8.82595 0)
(-3.95158 -1.5234 0)
(-6.03859 4.59893 0)
(-0.644229 5.70398 0)
(5.17797 4.9257 0)
(2.71894 -1.71895 0)
(-0.534762 -8.29016 0)
(-2.43208 -3.25907 0)
(-5.48724 4.28567 0)
(0.0324357 5.81136 0)
(6.24904 4.48616 0)
(2.53021 -2.84596 0)
(1.39063 -8.72692 0)
(-1.16228 -2.97016 0)
(-5.493 3.76364 0)
(-0.0625652 4.9124 0)
(5.24701 4.00106 0)
(1.42573 -3.08088 0)
(-0.831798 -7.91074 0)
(-2.97936 -1.15987 0)
(-4.90903 4.91917 0)
(1.70133 5.46492 0)
(5.62827 2.99604 0)
(1.49788 -5.02729 0)
(-0.38871 -7.98006 0)
(-3.57077 -0.45452 0)
(-4.44707 4.95352 0)
(2.19907 5.38092 0)
(4.93698 2.19434 0)
(-0.002185 -6.12771 0)
(5.9757 16.6456 0)
(11.4922 13.1293 0)
(11.0943 2.17173 0)
(7.58049 -4.61936 0)
(3.48078 -6.93735 0)
(-0.0581622 -7.31728 0)
(-3.10314 -6.31946 0)
(-5.35495 -3.79562 0)
(-5.89272 -0.58877 0)
(-4.51974 1.74505 0)
(-1.47141 2.40969 0)
(1.8244 1.57839 0)
(2.94527 -1.5173 0)
(1.55692 -5.61376 0)
(-1.83748 -5.92066 0)
(-4.3127 -1.11671 0)
(-4.69997 2.89824 0)
(-0.855586 3.65394 0)
(3.18266 3.07282 0)
(2.64361 -1.00091 0)
(-0.00976076 -4.93042 0)
(-2.4189 -2.04399 0)
(-3.62265 2.53837 0)
(0.0919174 3.56978 0)
(4.31736 2.70405 0)
(2.92676 -1.91048 0)
(0.68356 -5.43935 0)
(-1.99475 -1.84315 0)
(-3.76145 2.36478 0)
(-0.174601 3.07182 0)
(3.32459 2.45228 0)
(1.90364 -1.77877 0)
(-0.507717 -4.67526 0)
(-2.81589 -0.807273 0)
(-3.13938 3.01701 0)
(1.15046 3.37701 0)
(4.05208 1.75084 0)
(1.83951 -3.06634 0)
(-0.847403 -4.84525 0)
(-3.43523 -0.410347 0)
(-2.9958 3.04685 0)
(1.30702 3.3417 0)
(3.55612 1.24 0)
(0.86596 -3.58877 0)
(3.2007 11.7347 0)
(8.28872 10.0195 0)
(9.55953 3.39042 0)
(7.72573 -1.88986 0)
(4.57596 -4.42579 0)
(1.46819 -5.1309 0)
(-1.2006 -4.54103 0)
(-3.08044 -2.93642 0)
(-3.68152 -0.982986 0)
(-2.86369 0.413632 0)
(-0.896459 0.782584 0)
(1.22097 0.18212 0)
(1.97476 -1.66043 0)
(0.746485 -3.71479 0)
(-1.86418 -3.57781 0)
(-3.56779 -0.866111 0)
(-3.33943 1.45401 0)
(-0.964008 1.97087 0)
(1.4795 1.55804 0)
(1.69829 -0.544963 0)
(0.0121545 -2.47573 0)
(-1.8112 -1.08217 0)
(-2.11228 1.22597 0)
(0.0488424 1.84628 0)
(2.47085 1.31471 0)
(2.189 -1.09065 0)
(0.281938 -2.80934 0)
(-1.72942 -0.978772 0)
(-2.26694 1.24925 0)
(-0.234385 1.67625 0)
(1.77198 1.24358 0)
(1.44431 -0.878084 0)
(-0.284749 -2.27702 0)
(-1.95561 -0.45004 0)
(-1.75664 1.54563 0)
(0.664526 1.79408 0)
(2.39307 0.872242 0)
(1.39841 -1.54113 0)
(-0.774234 -2.44016 0)
(-2.41365 -0.309985 0)
(-1.77967 1.54631 0)
(0.617263 1.74266 0)
(2.0488 0.565684 0)
(0.854223 -1.7371 0)
(1.93541 8.10643 0)
(4.92092 7.19314 0)
(6.42643 3.45261 0)
(5.81702 -0.07979 0)
(3.96995 -2.2161 0)
(1.87627 -3.07311 0)
(-0.00915336 -2.94112 0)
(-1.33504 -2.14179 0)
(-1.83382 -1.15846 0)
(-1.45177 -0.483039 0)
(-0.397415 -0.346106 0)
(0.714566 -0.70815 0)
(1.04328 -1.54013 0)
(0.17675 -2.28822 0)
(-1.41188 -1.99161 0)
(-2.42272 -0.683738 0)
(-2.20997 0.461721 0)
(-0.947759 0.775964 0)
(0.354778 0.552189 0)
(0.668131 -0.307724 0)
(-0.152372 -1.03534 0)
(-1.13405 -0.505049 0)
(-1.16484 0.417887 0)
(-0.0970117 0.720693 0)
(1.07449 0.452506 0)
(1.08785 -0.534556 0)
(4.82417e-05 -1.14947 0)
(-1.12978 -0.407422 0)
(-1.26534 0.546122 0)
(-0.271047 0.755352 0)
(0.732767 0.500668 0)
(0.726184 -0.348913 0)
(-0.189872 -0.861791 0)
(-1.07726 -0.184021 0)
(-0.884462 0.639812 0)
(0.285113 0.785061 0)
(1.14967 0.375779 0)
(0.746444 -0.585373 0)
(-0.504302 -0.959508 0)
(-1.33236 -0.181844 0)
(-0.928114 0.605888 0)
(0.197697 0.708708 0)
(0.923447 0.181134 0)
(0.506285 -0.668381 0)
(1.18622 5.72455 0)
(2.6474 5.12885 0)
(3.6537 2.9905 0)
(3.57763 0.854916 0)
(2.70345 -0.684085 0)
(1.5634 -1.51831 0)
(0.472454 -1.71792 0)
(-0.305672 -1.50701 0)
(-0.630379 -1.17979 0)
(-0.500114 -0.9818 0)
(-0.0621991 -0.975008 0)
(0.35744 -1.11474 0)
(0.390041 -1.31114 0)
(-0.114359 -1.38889 0)
(-0.906576 -1.09344 0)
(-1.43391 -0.537276 0)
(-1.35776 -0.0715902 0)
(-0.787101 0.0735146 0)
(-0.182395 0.0042911 0)
(0.0261719 -0.224437 0)
(-0.268449 -0.39659 0)
(-0.666456 -0.248029 0)
(-0.671938 0.0178374 0)
(-0.243886 0.120296 0)
(0.224144 0.0422703 0)
(0.260343 -0.222548 0)
(-0.195758 -0.344051 0)
(-0.679925 -0.100805 0)
(-0.712101 0.193154 0)
(-0.294655 0.247809 0)
(0.144678 0.138817 0)
(0.190582 -0.0995549 0)
(-0.169847 -0.221536 0)
(-0.527463 -0.0404951 0)
(-0.438194 0.19991 0)
(0.0390942 0.260679 0)
(0.412778 0.151486 0)
(0.270104 -0.117079 0)
(-0.274834 -0.249665 0)
(-0.610538 -0.0741185 0)
(-0.427261 0.14456 0)
(0.0123551 0.171604 0)
(0.308499 0.00221907 0)
(0.208455 -0.208158 0)
(0.731357 4.13285 0)
(1.57564 3.82251 0)
(2.14264 2.5446 0)
(2.19034 1.23572 0)
(1.80685 0.176226 0)
(1.21976 -0.536396 0)
(0.64756 -0.90979 0)
(0.220962 -1.04988 0)
(0.00340651 -1.09325 0)
(-0.0237629 -1.13482 0)
(0.0557388 -1.1757 0)
(0.110426 -1.16753 0)
(0.0275877 -1.08131 0)
(-0.217169 -0.911556 0)
(-0.53406 -0.676369 0)
(-0.752133 -0.451038 0)
(-0.747484 -0.306064 0)
(-0.553112 -0.261651 0)
(-0.325949 -0.241508 0)
(-0.219181 -0.220759 0)
(-0.280711 -0.199204 0)
(-0.396635 -0.163531 0)
(-0.413168 -0.130292 0)
(-0.292608 -0.114757 0)
(-0.146723 -0.0948699 0)
(-0.130246 -0.07809 0)
(-0.266926 -0.0472531 0)
(-0.416422 0.0178468 0)
(-0.422069 0.0464546 0)
(-0.27281 0.0240331 0)
(-0.105596 -0.00499902 0)
(-0.062326 -0.0237347 0)
(-0.158905 -0.0221609 0)
(-0.264259 0.00184319 0)
(-0.232813 0.02618 0)
(-0.0734372 0.0444438 0)
(0.0655497 0.0629547 0)
(0.0374299 0.0466136 0)
(-0.128708 0.00524089 0)
(-0.229642 -0.0166181 0)
(-0.16645 -0.0256422 0)
(-0.0297397 -0.0419045 0)
(0.0624142 -0.0665903 0)
(0.0554474 -0.0706949 0)
(0.476761 2.99032 0)
(1.1065 2.91836 0)
(1.53834 2.17255 0)
(1.62085 1.37293 0)
(1.46912 0.624523 0)
(1.17604 0.0315972 0)
(0.841479 -0.399718 0)
(0.556761 -0.698279 0)
(0.346912 -0.906846 0)
(0.205207 -1.04492 0)
(0.103365 -1.09699 0)
(0.00812538 -1.04132 0)
(-0.0950541 -0.891191 0)
(-0.202339 -0.697854 0)
(-0.300832 -0.527438 0)
(-0.365969 -0.426625 0)
(-0.373104 -0.39323 0)
(-0.324777 -0.378787 0)
(-0.258876 -0.32814 0)
(-0.216765 -0.245606 0)
(-0.214256 -0.174832 0)
(-0.238 -0.150327 0)
(-0.253896 -0.161815 0)
(-0.238071 -0.160727 0)
(-0.206841 -0.116484 0)
(-0.196666 -0.043515 0)
(-0.217239 0.0164715 0)
(-0.242524 0.0259226 0)
(-0.237599 -0.00952747 0)
(-0.194972 -0.0492623 0)
(-0.142111 -0.0524953 0)
(-0.112698 -0.0235799 0)
(-0.116395 0.000210142 0)
(-0.132002 -0.00718455 0)
(-0.123748 -0.0288717 0)
(-0.0802512 -0.0227024 0)
(-0.0309794 0.0230302 0)
(-0.0174893 0.0648084 0)
(-0.0408721 0.0557423 0)
(-0.0562022 -0.00299457 0)
(-0.0397583 -0.0632265 0)
(-0.0117971 -0.0929414 0)
(0.00839505 -0.0860798 0)
(0.00921842 -0.0519398 0)
(0.312289 2.11803 0)
(0.78238 2.18561 0)
(1.16839 1.78408 0)
(1.33117 1.30998 0)
(1.32203 0.819974 0)
(1.20315 0.350531 0)
(1.01847 -0.052539 0)
(0.806439 -0.383057 0)
(0.595709 -0.636191 0)
(0.399689 -0.80331 0)
(0.227252 -0.872363 0)
(0.0831745 -0.839457 0)
(-0.0247812 -0.731131 0)
(-0.0919208 -0.595422 0)
(-0.128458 -0.484064 0)
(-0.148019 -0.424231 0)
(-0.157286 -0.404989 0)
(-0.156477 -0.387487 0)
(-0.147046 -0.340932 0)
(-0.13387 -0.267091 0)
(-0.123854 -0.199485 0)
(-0.123945 -0.165516 0)
(-0.131914 -0.159261 0)
(-0.138195 -0.147912 0)
(-0.136091 -0.108621 0)
(-0.126336 -0.0508144 0)
(-0.114726 -0.00757134 0)
(-0.10561 -0.004163 0)
(-0.0980938 -0.0332444 0)
(-0.0878221 -0.0622697 0)
(-0.0733537 -0.0629051 0)
(-0.0584046 -0.0395894 0)
(-0.0482314 -0.0207874 0)
(-0.0447516 -0.0251424 0)
(-0.0425002 -0.0384919 0)
(-0.0321879 -0.0331655 0)
(-0.0133243 -9.58669e-06 0)
(0.00405184 0.0332135 0)
(0.0141369 0.0316846 0)
(0.0188631 -0.00809873 0)
(0.0195971 -0.0557055 0)
(0.0150889 -0.0820665 0)
(0.0111851 -0.0812001 0)
(0.00107814 -0.0608199 0)
(0.196479 1.45872 0)
(0.511169 1.57111 0)
(0.816376 1.37336 0)
(1.00612 1.11136 0)
(1.08993 0.807707 0)
(1.08627 0.485241 0)
(1.01344 0.168634 0)
(0.890103 -0.114837 0)
(0.735063 -0.346421 0)
(0.564496 -0.510469 0)
(0.400901 -0.598239 0)
(0.259015 -0.612842 0)
(0.148869 -0.571687 0)
(0.078135 -0.505933 0)
(0.0373027 -0.445715 0)
(0.010279 -0.406867 0)
(-0.0114314 -0.385005 0)
(-0.0293322 -0.361873 0)
(-0.04067 -0.322707 0)
(-0.0436964 -0.268762 0)
(-0.0413129 -0.21571 0)
(-0.0400669 -0.178068 0)
(-0.0429738 -0.155222 0)
(-0.0467202 -0.134478 0)
(-0.0456428 -0.104411 0)
(-0.0370198 -0.0683182 0)
(-0.023032 -0.0414239 0)
(-0.00978667 -0.0356726 0)
(-0.00225785 -0.0477464 0)
(0.000976 -0.0614625 0)
(0.00411646 -0.0626148 0)
(0.00932421 -0.0515421 0)
(0.0144885 -0.0401329 0)
(0.0164371 -0.0373087 0)
(0.0161111 -0.0387822 0)
(0.0177253 -0.0324533 0)
(0.024176 -0.0144266 0)
(0.0340844 0.00337848 0)
(0.0424046 0.00449032 0)
(0.0451841 -0.0143338 0)
(0.0410701 -0.0401016 0)
(0.0293943 -0.0577852 0)
(0.0177432 -0.0631549 0)
(0.00207619 -0.0540105 0)
(0.119365 0.981094 0)
(0.31222 1.08594 0)
(0.52294 0.992265 0)
(0.680666 0.854941 0)
(0.786481 0.679855 0)
(0.837729 0.478139 0)
(0.838003 0.265303 0)
(0.791963 0.0608536 0)
(0.710692 -0.117934 0)
(0.608276 -0.257269 0)
(0.497405 -0.34971 0)
(0.392177 -0.397416 0)
(0.302274 -0.407414 0)
(0.23243 -0.394886 0)
(0.180625 -0.374573 0)
(0.140058 -0.35535 0)
(0.106011 -0.337798 0)
(0.0771092 -0.316729 0)
(0.0543693 -0.287393 0)
(0.0391997 -0.250529 0)
(0.0306072 -0.212283 0)
(0.025526 -0.179121 0)
(0.0215751 -0.152511 0)
(0.0189789 -0.129347 0)
(0.0197401 -0.105974 0)
(0.0248744 -0.083134 0)
(0.0328858 -0.0653819 0)
(0.0405077 -0.0572611 0)
(0.0449544 -0.05757 0)
(0.0460401 -0.0601778 0)
(0.0456221 -0.0591685 0)
(0.0453636 -0.0533852 0)
(0.0454436 -0.0462389 0)
(0.0446469 -0.0409071 0)
(0.0423816 -0.0367191 0)
(0.0403961 -0.0303181 0)
(0.0407989 -0.0204766 0)
(0.0434492 -0.0112953 0)
(0.0456228 -0.00881233 0)
(0.0445508 -0.0148349 0)
(0.0390267 -0.025263 0)
(0.0285181 -0.0343417 0)
(0.0173122 -0.0392067 0)
(0.00340854 -0.0355851 0)
(0.0715386 0.646594 0)
(0.185327 0.726642 0)
(0.319351 0.681023 0)
(0.428793 0.609675 0)
(0.515698 0.513225 0)
(0.574377 0.396215 0)
(0.603094 0.266874 0)
(0.601827 0.135572 0)
(0.574661 0.0135368 0)
(0.529131 -0.0904108 0)
(0.472476 -0.170807 0)
(0.411715 -0.226395 0)
(0.353235 -0.259751 0)
(0.300708 -0.275761 0)
(0.255017 -0.280336 0)
(0.215154 -0.277838 0)
(0.179923 -0.270142 0)
(0.149007 -0.25718 0)
(0.122872 -0.238602 0)
(0.102102 -0.215375 0)
(0.0865389 -0.190028 0)
(0.0751506 -0.165397 0)
(0.0667941 -0.143081 0)
(0.060954 -0.123087 0)
(0.0575977 -0.104835 0)
(0.0566816 -0.0885589 0)
(0.05751 -0.0753486 0)
(0.0585284 -0.0662441 0)
(0.058384 -0.0608501 0)
(0.0567466 -0.0572952 0)
(0.0541362 -0.0534733 0)
(0.0512187 -0.0484555 0)
(0.0482318 -0.0427223 0)
(0.0449925 -0.0370883 0)
(0.0414477 -0.0316179 0)
(0.0381562 -0.0257191 0)
(0.0358221 -0.0192751 0)
(0.0344316 -0.0135033 0)
(0.033086 -0.0102157 0)
(0.0305221 -0.0101882 0)
(0.0259609 -0.0125088 0)
(0.0191309 -0.0154807 0)
(0.0115296 -0.0177528 0)
(0.00305357 -0.0164619 0)
(0.0425366 0.416262 0)
(0.109386 0.471373 0)
(0.191241 0.447674 0)
(0.260847 0.409754 0)
(0.320841 0.357359 0)
(0.36716 0.292284 0)
(0.398175 0.218166 0)
(0.413199 0.140034 0)
(0.41238 0.0637302 0)
(0.398266 -0.0061678 0)
(0.375165 -0.0659174 0)
(0.346326 -0.113687 0)
(0.314656 -0.14929 0)
(0.282554 -0.17378 0)
(0.251425 -0.188823 0)
(0.221928 -0.196147 0)
(0.194421 -0.197084 0)
(0.169228 -0.192569 0)
(0.146773 -0.183399 0)
(0.12744 -0.170599 0)
(0.111326 -0.155508 0)
(0.0981564 -0.139537 0)
(0.0875137 -0.123797 0)
(0.0790191 -0.10892 0)
(0.0723501 -0.095198 0)
(0.0671861 -0.082825 0)
(0.0630704 -0.072111 0)
(0.0594514 -0.0632547 0)
(0.0557988 -0.0561172 0)
(0.0518447 -0.0501756 0)
(0.0476526 -0.0447367 0)
(0.0433759 -0.0394011 0)
(0.039128 -0.0340592 0)
(0.0349667 -0.0287944 0)
(0.030975 -0.0236484 0)
(0.0273268 -0.0185844 0)
(0.0241894 -0.0136767 0)
(0.0215421 -0.00926921 0)
(0.019136 -0.00584578 0)
(0.01658 -0.00370844 0)
(0.0135801 -0.00275421 0)
(0.0100249 -0.00260693 0)
(0.00591183 -0.00280484 0)
(0.00203056 -0.00258571 0)
(0.0249873 0.25853 0)
(0.0648017 0.293711 0)
(0.11388 0.280677 0)
(0.156679 0.259974 0)
(0.195208 0.231465 0)
(0.227106 0.195931 0)
(0.251507 0.154928 0)
(0.267777 0.110664 0)
(0.275442 0.065535 0)
(0.275048 0.0222906 0)
(0.268416 -0.0171548 0)
(0.256925 -0.0513453 0)
(0.241796 -0.0794865 0)
(0.224415 -0.101352 0)
(0.205881 -0.117147 0)
(0.187028 -0.127326 0)
(0.168471 -0.132481 0)
(0.150719 -0.133255 0)
(0.134213 -0.130336 0)
(0.119234 -0.124474 0)
(0.105926 -0.116473 0)
(0.0942915 -0.107126 0)
(0.0842219 -0.0971308 0)
(0.0755522 -0.0870299 0)
(0.0680841 -0.0772096 0)
(0.0616039 -0.0679351 0)
(0.0558849 -0.0593895 0)
(0.0506672 -0.0516725 0)
(0.0457935 -0.0448003 0)
(0.0412844 -0.0386636 0)
(0.0369493 -0.0331263 0)
(0.0326585 -0.0279781 0)
(0.0285437 -0.0231349 0)
(0.0246678 -0.018552 0)
(0.0210781 -0.0142127 0)
(0.0178191 -0.0101159 0)
(0.0149323 -0.00629784 0)
(0.0124208 -0.00285182 0)
(0.0102201 9.57437e-05 0)
(0.0082249 0.00244122 0)
(0.006346 0.00415769 0)
(0.00459978 0.00529419 0)
(0.0026231 0.00595327 0)
(0.00107657 0.00544906 0)
(0.0154055 0.153819 0)
(0.0411503 0.174751 0)
(0.0721712 0.167303 0)
(0.0997503 0.155703 0)
(0.125104 0.139961 0)
(0.146864 0.120474 0)
(0.164547 0.09793 0)
(0.177761 0.0732926 0)
(0.186732 0.0476533 0)
(0.191055 0.0223599 0)
(0.19055 -0.00164596 0)
(0.186396 -0.0234286 0)
(0.179471 -0.0423398 0)
(0.170308 -0.0579712 0)
(0.159539 -0.070147 0)
(0.14777 -0.0788863 0)
(0.13553 -0.0843653 0)
(0.123271 -0.0868645 0)
(0.111358 -0.0867576 0)
(0.100057 -0.0844724 0)
(0.089558 -0.0804649 0)
(0.0799453 -0.0751894 0)
(0.0712375 -0.0690712 0)
(0.0634149 -0.0624801 0)
(0.0564099 -0.0557178 0)
(0.0501372 -0.0490191 0)
(0.0445029 -0.0425579 0)
(0.039405 -0.036452 0)
(0.0347197 -0.0307595 0)
(0.0303026 -0.0255139 0)
(0.0262908 -0.0207486 0)
(0.0227105 -0.0163779 0)
(0.0193836 -0.0123604 0)
(0.0163343 -0.00866456 0)
(0.0135802 -0.00526652 0)
(0.0111242 -0.002151 0)
(0.00897028 0.000683128 0)
(0.00710872 0.00321907 0)
(0.00550883 0.0054281 0)
(0.00416035 0.00728059 0)
(0.00303353 0.00875672 0)
(0.00215149 0.00985272 0)
(0.00123432 0.0105722 0)
(0.000480556 0.00948851 0)
(0.0105986 0.0885134 0)
(0.0295009 0.100324 0)
(0.051472 0.0959221 0)
(0.0713457 0.0892002 0)
(0.0898396 0.0802178 0)
(0.106071 0.0692033 0)
(0.119778 0.0565056 0)
(0.130657 0.0426058 0)
(0.138607 0.0280662 0)
(0.143576 0.0133165 0)
(0.145566 -0.000891222 0)
(0.144829 -0.0140812 0)
(0.141755 -0.0258232 0)
(0.136743 -0.0358072 0)
(0.130193 -0.0438413 0)
(0.122505 -0.0498479 0)
(0.114055 -0.0538517 0)
(0.105187 -0.0559625 0)
(0.0961947 -0.0563596 0)
(0.0873217 -0.0552682 0)
(0.0787558 -0.0529422 0)
(0.0706255 -0.0496477 0)
(0.063011 -0.0456226 0)
(0.0559542 -0.0411444 0)
(0.0494665 -0.0364038 0)
(0.0435408 -0.0315812 0)
(0.0381524 -0.0268204 0)
(0.0332618 -0.0222315 0)
(0.0288188 -0.017893 0)
(0.0247684 -0.0138475 0)
(0.0211113 -0.0100817 0)
(0.0178405 -0.00667946 0)
(0.0149175 -0.00359336 0)
(0.0123255 -0.000805412 0)
(0.0100472 0.001702 0)
(0.00806351 0.00394709 0)
(0.00635345 0.0059443 0)
(0.00490274 0.00770127 0)
(0.00368934 0.00921934 0)
(0.00268307 0.0104964 0)
(0.00187726 0.0115292 0)
(0.00130674 0.0123155 0)
(0.000807894 0.0128458 0)
(0.000217076 0.0113736 0)
(0.00802319 0.0469037 0)
(0.0232653 0.0529222 0)
(0.0403273 0.0503142 0)
(0.0560004 0.0464258 0)
(0.0706931 0.0413093 0)
(0.083772 0.0350875 0)
(0.0950632 0.0279391 0)
(0.104329 0.0201063 0)
(0.111439 0.0118731 0)
(0.116375 0.00352603 0)
(0.119156 -0.0045685 0)
(0.119873 -0.0121413 0)
(0.118732 -0.0189296 0)
(0.115958 -0.0247283 0)
(0.111799 -0.029396 0)
(0.106526 -0.0328563 0)
(0.100408 -0.0350953 0)
(0.0937018 -0.0361551 0)
(0.0866401 -0.0361243 0)
(0.0794246 -0.0351269 0)
(0.0722338 -0.0333108 0)
(0.0652473 -0.0308373 0)
(0.0584912 -0.0278705 0)
(0.0520411 -0.0245651 0)
(0.046021 -0.0210508 0)
(0.0404252 -0.0174841 0)
(0.0352737 -0.0139544 0)
(0.030568 -0.0105462 0)
(0.0262992 -0.00732663 0)
(0.0224503 -0.00432542 0)
(0.0189572 -0.00156828 0)
(0.0158316 0.000911756 0)
(0.0130987 0.0031257 0)
(0.0107009 0.00508711 0)
(0.00860609 0.00681163 0)
(0.00679943 0.0083174 0)
(0.00527035 0.00962304 0)
(0.00399566 0.0107448 0)
(0.00294876 0.0116953 0)
(0.0021036 0.0124841 0)
(0.00143666 0.0131181 0)
(0.000953338 0.0136015 0)
(0.000620679 0.0139295 0)
(7.76505e-05 0.012234 0)
(0.00627061 0.018459 0)
(0.0187702 0.0205773 0)
(0.0322164 0.0191324 0)
(0.0446982 0.0170898 0)
(0.056484 0.0144734 0)
(0.0670427 0.0113251 0)
(0.0762449 0.00773262 0)
(0.0838953 0.00378548 0)
(0.0898814 -0.000405777 0)
(0.0942226 -0.00459897 0)
(0.0969446 -0.00865712 0)
(0.098052 -0.0124035 0)
(0.0976366 -0.0156977 0)
(0.0958381 -0.0184229 0)
(0.0928276 -0.0204944 0)
(0.0887986 -0.021863 0)
(0.0839546 -0.0225153 0)
(0.0784974 -0.0224706 0)
(0.0726169 -0.0217778 0)
(0.0664861 -0.0205095 0)
(0.0602594 -0.0187555 0)
(0.0540726 -0.0166159 0)
(0.0480334 -0.0142178 0)
(0.0422614 -0.0116218 0)
(0.0367786 -0.00894876 0)
(0.0316286 -0.00628411 0)
(0.0269094 -0.00369783 0)
(0.0226169 -0.00121376 0)
(0.0187685 0.00109743 0)
(0.0153534 0.00318586 0)
(0.0122771 0.0050575 0)
(0.00954401 0.00669889 0)
(0.00718899 0.00811391 0)
(0.00519902 0.00931917 0)
(0.00356954 0.0103343 0)
(0.00226176 0.0111802 0)
(0.00124652 0.0118785 0)
(0.000495577 0.0124502 0)
(-1.27409e-05 0.0129138 0)
(-0.000306382 0.0132844 0)
(-0.000418681 0.0135738 0)
(-0.000348766 0.0137896 0)
(-9.79384e-05 0.0139351 0)
(-0.000170161 0.0121839 0)
(0.00464585 -0.000693872 0)
(0.0141242 -0.00110211 0)
(0.0238137 -0.00175951 0)
(0.0327953 -0.00255109 0)
(0.0413749 -0.00349825 0)
(0.0490279 -0.00462855 0)
(0.05563 -0.00593194 0)
(0.0609743 -0.00731918 0)
(0.0651379 -0.00867078 0)
(0.0681404 -0.00999152 0)
(0.0697516 -0.0112378 0)
(0.069951 -0.0123037 0)
(0.0688887 -0.0131189 0)
(0.0666979 -0.0136272 0)
(0.063513 -0.0137898 0)
(0.0594906 -0.0135857 0)
(0.0548063 -0.013013 0)
(0.0496373 -0.0120867 0)
(0.0441508 -0.0108397 0)
(0.0385026 -0.00931706 0)
(0.0328344 -0.00757819 0)
(0.0272675 -0.0056865 0)
(0.021906 -0.00370492 0)
(0.0168457 -0.00168998 0)
(0.0121616 0.000282123 0)
(0.0079014 0.00220062 0)
(0.0041349 0.00399976 0)
(0.000820805 0.00559821 0)
(-0.00211663 0.00702078 0)
(-0.00460172 0.00824386 0)
(-0.00661448 0.00926916 0)
(-0.00813787 0.0101169 0)
(-0.00919708 0.0107839 0)
(-0.00985956 0.0112874 0)
(-0.0101283 0.0116496 0)
(-0.0100395 0.0118944 0)
(-0.00962651 0.0120466 0)
(-0.00892145 0.0121292 0)
(-0.0079609 0.0121634 0)
(-0.00678338 0.0121673 0)
(-0.00541515 0.0121549 0)
(-0.00385054 0.0121351 0)
(-0.00209514 0.0121172 0)
(-0.000784169 0.0105652 0)
(0.00274962 -0.0119675 0)
(0.00850261 -0.013731 0)
(0.013813 -0.0138307 0)
(0.0186799 -0.0137333 0)
(0.0233551 -0.0135143 0)
(0.0272411 -0.0132325 0)
(0.030326 -0.0129063 0)
(0.0325461 -0.0124994 0)
(0.0336869 -0.0119649 0)
(0.0336553 -0.0113801 0)
(0.0325624 -0.0107288 0)
(0.0304732 -0.00999028 0)
(0.0274745 -0.00914484 0)
(0.0236621 -0.00818008 0)
(0.0191427 -0.0070916 0)
(0.0140585 -0.00588227 0)
(0.00857794 -0.0045625 0)
(0.00287021 -0.00315206 0)
(-0.00290248 -0.00167425 0)
(-0.00859387 -0.000161137 0)
(-0.0140686 0.00135325 0)
(-0.01921 0.00282643 0)
(-0.0239216 0.00423657 0)
(-0.02813 0.00554758 0)
(-0.0317904 0.00673032 0)
(-0.0348563 0.00777052 0)
(-0.0373266 0.00864415 0)
(-0.0391371 0.00930264 0)
(-0.0402409 0.00977538 0)
(-0.0406956 0.0100909 0)
(-0.0405181 0.0102365 0)
(-0.0397299 0.010263 0)
(-0.0383831 0.0101695 0)
(-0.0365471 0.00997692 0)
(-0.0342774 0.00970993 0)
(-0.0316189 0.00939207 0)
(-0.0286125 0.00904704 0)
(-0.0253039 0.00869621 0)
(-0.0217488 0.00835809 0)
(-0.017995 0.00804777 0)
(-0.0140621 0.00777757 0)
(-0.00992654 0.00755468 0)
(-0.00559755 0.00739211 0)
(-0.00185864 0.00640881 0)
(0.000483186 -0.0159891 0)
(0.00165583 -0.018091 0)
(0.00166905 -0.0178397 0)
(0.00159024 -0.0171447 0)
(0.00144798 -0.0161206 0)
(0.000645872 -0.0148339 0)
(-0.000828222 -0.0133233 0)
(-0.00304608 -0.0116747 0)
(-0.00608197 -0.00998418 0)
(-0.009939 -0.00821366 0)
(-0.0145262 -0.00639923 0)
(-0.0197454 -0.00457709 0)
(-0.025482 -0.00277353 0)
(-0.0316362 -0.00100884 0)
(-0.0380735 0.00070049 0)
(-0.0446688 0.00233571 0)
(-0.0513075 0.00387753 0)
(-0.0578747 0.00530544 0)
(-0.0642126 0.00660011 0)
(-0.0701803 0.0077464 0)
(-0.0756755 0.00871169 0)
(-0.0805519 0.00951587 0)
(-0.0847032 0.0101168 0)
(-0.0880727 0.0105042 0)
(-0.0906089 0.0106735 0)
(-0.0922684 0.0106221 0)
(-0.0930271 0.0103591 0)
(-0.0928585 0.00994144 0)
(-0.0917479 0.00934738 0)
(-0.0897264 0.00860582 0)
(-0.0868069 0.00774604 0)
(-0.0830333 0.00680525 0)
(-0.0784932 0.00581851 0)
(-0.0732904 0.00482183 0)
(-0.0675325 0.00384959 0)
(-0.0613002 0.00293053 0)
(-0.0546894 0.0020857 0)
(-0.0477871 0.0013295 0)
(-0.040653 0.000669692 0)
(-0.0333409 0.000107415 0)
(-0.0258867 -0.000358993 0)
(-0.0182512 -0.000735274 0)
(-0.0104413 -0.00101414 0)
(-0.00336468 -0.00100833 0)
(-0.00202308 -0.0136998 0)
(-0.00608776 -0.015373 0)
(-0.0120274 -0.0149496 0)
(-0.0176602 -0.0138791 0)
(-0.0232954 -0.0123268 0)
(-0.0295018 -0.0103983 0)
(-0.0362114 -0.00820101 0)
(-0.0433779 -0.00584958 0)
(-0.0508809 -0.00344565 0)
(-0.0586881 -0.00104904 0)
(-0.0667532 0.00129209 0)
(-0.0750052 0.00353593 0)
(-0.0833539 0.00564801 0)
(-0.0916665 0.00759806 0)
(-0.0998264 0.00935909 0)
(-0.10773 0.0109067 0)
(-0.115278 0.012218 0)
(-0.122369 0.013275 0)
(-0.128922 0.0140587 0)
(-0.134875 0.0145538 0)
(-0.1401 0.0147857 0)
(-0.144502 0.0147248 0)
(-0.148027 0.0143581 0)
(-0.150584 0.013694 0)
(-0.152116 0.0127439 0)
(-0.152578 0.011526 0)
(-0.151932 0.0100656 0)
(-0.150146 0.00840043 0)
(-0.147172 0.00656048 0)
(-0.143027 0.00458266 0)
(-0.137798 0.00251846 0)
(-0.131507 0.000420736 0)
(-0.124173 -0.00165434 0)
(-0.115837 -0.00364964 0)
(-0.106578 -0.00551038 0)
(-0.09654 -0.00718963 0)
(-0.0858732 -0.0086515 0)
(-0.0747316 -0.00987681 0)
(-0.0632682 -0.0108643 0)
(-0.0516258 -0.0116324 0)
(-0.0399069 -0.0122147 0)
(-0.0280803 -0.0126588 0)
(-0.0161369 -0.0129951 0)
(-0.00513565 -0.0116556 0)
(-0.00469115 -0.006194 0)
(-0.0144568 -0.00689429 0)
(-0.0267287 -0.00638834 0)
(-0.0383214 -0.00506756 0)
(-0.0497647 -0.00320132 0)
(-0.0614789 -0.000985982 0)
(-0.0732364 0.00142086 0)
(-0.0849422 0.00388252 0)
(-0.0964343 0.00630473 0)
(-0.107546 0.00862151 0)
(-0.118199 0.0107988 0)
(-0.128345 0.0128154 0)
(-0.137957 0.0146507 0)
(-0.147007 0.0162769 0)
(-0.155477 0.0176599 0)
(-0.163349 0.0187712 0)
(-0.170597 0.0195844 0)
(-0.17719 0.0200769 0)
(-0.183105 0.0202304 0)
(-0.188288 0.0200278 0)
(-0.192704 0.0194834 0)
(-0.196323 0.0185522 0)
(-0.199069 0.0172581 0)
(-0.20088 0.0156067 0)
(-0.201704 0.0136103 0)
(-0.201484 0.0112925 0)
(-0.200168 0.00868211 0)
(-0.197705 0.00581827 0)
(-0.194062 0.00274384 0)
(-0.189177 -0.000493626 0)
(-0.183007 -0.003832 0)
(-0.175533 -0.00720136 0)
(-0.166717 -0.010528 0)
(-0.156536 -0.0137368 0)
(-0.145 -0.0167469 0)
(-0.132181 -0.019479 0)
(-0.118202 -0.0218547 0)
(-0.103239 -0.0238158 0)
(-0.0875301 -0.0253296 0)
(-0.071357 -0.0264062 0)
(-0.0550107 -0.0270972 0)
(-0.0385949 -0.0275248 0)
(-0.0221873 -0.0278088 0)
(-0.00701373 -0.0249201 0)
(-0.00749858 0.00565215 0)
(-0.0234053 0.00634718 0)
(-0.0423947 0.00685878 0)
(-0.0602906 0.00815283 0)
(-0.0776063 0.00987548 0)
(-0.0944658 0.011724 0)
(-0.110351 0.0135734 0)
(-0.125085 0.0153334 0)
(-0.138528 0.0169881 0)
(-0.150647 0.0185229 0)
(-0.161502 0.0199399 0)
(-0.171191 0.0212432 0)
(-0.17983 0.0224145 0)
(-0.187533 0.0234213 0)
(-0.194407 0.0242183 0)
(-0.200538 0.0247671 0)
(-0.205991 0.0250291 0)
(-0.210808 0.0249702 0)
(-0.215016 0.0245632 0)
(-0.21862 0.0237884 0)
(-0.221624 0.0226013 0)
(-0.224023 0.0210148 0)
(-0.225781 0.0190234 0)
(-0.226861 0.016631 0)
(-0.22722 0.0138461 0)
(-0.226808 0.0106914 0)
(-0.225568 0.00718962 0)
(-0.223433 0.00337648 0)
(-0.220333 -0.000709227 0)
(-0.21617 -0.00501483 0)
(-0.210829 -0.00948691 0)
(-0.204192 -0.0140615 0)
(-0.196128 -0.0186619 0)
(-0.186494 -0.0232074 0)
(-0.175155 -0.0275965 0)
(-0.162004 -0.031719 0)
(-0.146985 -0.0354446 0)
(-0.130128 -0.0386461 0)
(-0.111593 -0.0412009 0)
(-0.091688 -0.0430331 0)
(-0.0709451 -0.0441134 0)
(-0.0497127 -0.0446153 0)
(-0.0285195 -0.0447229 0)
(-0.00896615 -0.0401433 0)
(-0.0107491 0.0210384 0)
(-0.0337303 0.0233566 0)
(-0.060125 0.0236396 0)
(-0.0844541 0.0241766 0)
(-0.10654 0.0248619 0)
(-0.126559 0.0253456 0)
(-0.143868 0.025706 0)
(-0.158568 0.0259632 0)
(-0.170784 0.0262028 0)
(-0.180814 0.0264652 0)
(-0.188998 0.0267732 0)
(-0.195652 0.0271389 0)
(-0.201057 0.0275188 0)
(-0.205454 0.0278586 0)
(-0.209046 0.028088 0)
(-0.211993 0.0281471 0)
(-0.214422 0.0279781 0)
(-0.216424 0.0275287 0)
(-0.218063 0.026757 0)
(-0.219384 0.0256222 0)
(-0.22042 0.0240908 0)
(-0.221191 0.0221497 0)
(-0.221697 0.0197863 0)
(-0.221929 0.0170009 0)
(-0.221866 0.0137924 0)
(-0.221478 0.0101796 0)
(-0.220723 0.00617428 0)
(-0.219533 0.00180478 0)
(-0.217838 -0.00290465 0)
(-0.215537 -0.00791652 0)
(-0.212484 -0.0131906 0)
(-0.20851 -0.0186886 0)
(-0.203406 -0.0243512 0)
(-0.196915 -0.0301194 0)
(-0.188736 -0.0358989 0)
(-0.178533 -0.0415818 0)
(-0.165951 -0.0470136 0)
(-0.150661 -0.0520153 0)
(-0.132459 -0.0563509 0)
(-0.111289 -0.0597941 0)
(-0.0877115 -0.0620436 0)
(-0.0619775 -0.0632234 0)
(-0.0357008 -0.063209 0)
(-0.0112292 -0.056892 0)
(-0.0152287 0.0397069 0)
(-0.0468114 0.0433312 0)
(-0.0805208 0.0426778 0)
(-0.110078 0.0409861 0)
(-0.133768 0.0393362 0)
(-0.153137 0.0373172 0)
(-0.167782 0.035372 0)
(-0.17861 0.0335849 0)
(-0.18621 0.0321022 0)
(-0.191292 0.0309583 0)
(-0.194451 0.0301373 0)
(-0.196166 0.02963 0)
(-0.196816 0.0293339 0)
(-0.196692 0.0291574 0)
(-0.196024 0.0289939 0)
(-0.194994 0.0287568 0)
(-0.193739 0.0283672 0)
(-0.192365 0.0277531 0)
(-0.190955 0.0268599 0)
(-0.18957 0.0256319 0)
(-0.188264 0.0240333 0)
(-0.18708 0.0220386 0)
(-0.18605 0.0196262 0)
(-0.185196 0.0167942 0)
(-0.18453 0.0135308 0)
(-0.184056 0.00985123 0)
(-0.183766 0.0057549 0)
(-0.183626 0.00126012 0)
(-0.183601 -0.00362418 0)
(-0.183619 -0.00888407 0)
(-0.183563 -0.0144979 0)
(-0.183274 -0.0204605 0)
(-0.182539 -0.0267455 0)
(-0.181063 -0.0333415 0)
(-0.17846 -0.0401988 0)
(-0.174225 -0.047263 0)
(-0.167737 -0.0544172 0)
(-0.158225 -0.0615096 0)
(-0.144924 -0.0682516 0)
(-0.126882 -0.0743294 0)
(-0.104252 -0.0789941 0)
(-0.0758317 -0.0822958 0)
(-0.045086 -0.0827638 0)
(-0.0145635 -0.0751758 0)
(-0.0222088 0.0620544 0)
(-0.0641899 0.0651784 0)
(-0.102397 0.0621033 0)
(-0.133568 0.0559929 0)
(-0.153342 0.0506915 0)
(-0.167057 0.0453423 0)
(-0.174679 0.0407618 0)
(-0.178274 0.0368939 0)
(-0.178787 0.0338412 0)
(-0.17721 0.0315443 0)
(-0.174205 0.0298708 0)
(-0.170258 0.0287826 0)
(-0.165729 0.0280821 0)
(-0.160848 0.0276395 0)
(-0.155804 0.0273141 0)
(-0.150736 0.0269958 0)
(-0.145759 0.0265909 0)
(-0.140965 0.0260131 0)
(-0.136432 0.0252006 0)
(-0.13223 0.02409 0)
(-0.128427 0.0226419 0)
(-0.125089 0.0208267 0)
(-0.122278 0.0186164 0)
(-0.120051 0.0160103 0)
(-0.118461 0.0129877 0)
(-0.117556 0.00956279 0)
(-0.117376 0.00572518 0)
(-0.117944 0.00148387 0)
(-0.11928 -0.00316241 0)
(-0.121374 -0.00822007 0)
(-0.124181 -0.0136863 0)
(-0.127616 -0.0195892 0)
(-0.13154 -0.0259385 0)
(-0.135723 -0.0327804 0)
(-0.139827 -0.0401315 0)
(-0.143345 -0.0480307 0)
(-0.145576 -0.0564616 0)
(-0.14546 -0.0654091 0)
(-0.141808 -0.0746625 0)
(-0.132433 -0.0840596 0)
(-0.116934 -0.0923931 0)
(-0.0901296 -0.100038 0)
(-0.0584023 -0.102469 0)
(-0.0202988 -0.0956339 0)
(-0.0328573 0.0888176 0)
(-0.0863092 0.0867833 0)
(-0.121156 0.0791224 0)
(-0.147725 0.0663578 0)
(-0.156708 0.0567373 0)
(-0.160088 0.0480202 0)
(-0.15751 0.0411952 0)
(-0.152112 0.0357794 0)
(-0.144745 0.0317127 0)
(-0.136381 0.0287581 0)
(-0.127489 0.0267147 0)
(-0.118387 0.025393 0)
(-0.10929 0.0245817 0)
(-0.100289 0.02411 0)
(-0.0914746 0.0238154 0)
(-0.0829168 0.0235754 0)
(-0.0746816 0.0232926 0)
(-0.0668352 0.0228756 0)
(-0.0594474 0.0222645 0)
(-0.0525921 0.021391 0)
(-0.0463515 0.020219 0)
(-0.0408175 0.0187206 0)
(-0.036081 0.0168638 0)
(-0.032239 0.0146524 0)
(-0.0293863 0.0120607 0)
(-0.0276204 0.00910354 0)
(-0.0270341 0.00576519 0)
(-0.0277114 0.00204911 0)
(-0.0297372 -0.00205086 0)
(-0.0331802 -0.0065553 0)
(-0.0380868 -0.0114726 0)
(-0.0444796 -0.0168564 0)
(-0.0523442 -0.0227417 0)
(-0.0615993 -0.0292241 0)
(-0.0720781 -0.0363825 0)
(-0.0834466 -0.0443545 0)
(-0.0951914 -0.0532505 0)
(-0.10628 -0.0632699 0)
(-0.115604 -0.0744047 0)
(-0.119853 -0.0869757 0)
(-0.118859 -0.0995231 0)
(-0.100458 -0.113772 0)
(-0.0763514 -0.120405 0)
(-0.0296414 -0.119326 0)
(-0.0466199 0.120308 0)
(-0.110424 0.104756 0)
(-0.127967 0.0904106 0)
(-0.142475 0.0698859 0)
(-0.134631 0.056471 0)
(-0.125036 0.0453135 0)
(-0.11137 0.0372628 0)
(-0.0973414 0.0311917 0)
(-0.0831054 0.0268442 0)
(-0.069273 0.0238024 0)
(-0.0559291 0.0218109 0)
(-0.0431001 0.0205659 0)
(-0.0307576 0.0198633 0)
(-0.018843 0.0195148 0)
(-0.00732831 0.0193564 0)
(0.00379057 0.0192674 0)
(0.0144963 0.0191578 0)
(0.0247458 0.018941 0)
(0.0344733 0.0185623 0)
(0.0435982 0.017963 0)
(0.0520189 0.0171062 0)
(0.0596175 0.0159716 0)
(0.0662695 0.0145269 0)
(0.0718405 0.0127809 0)
(0.0761945 0.0107068 0)
(0.0791877 0.00832059 0)
(0.0806784 0.00560591 0)
(0.0805267 0.00256368 0)
(0.0785876 -0.000813518 0)
(0.0747175 -0.00455189 0)
(0.0687826 -0.00866326 0)
(0.0606513 -0.0132135 0)
(0.0501991 -0.0182487 0)
(0.0373314 -0.0238912 0)
(0.0219793 -0.0302585 0)
(0.00419183 -0.0375588 0)
(-0.0159259 -0.0460043 0)
(-0.0376789 -0.0560067 0)
(-0.060709 -0.0677989 0)
(-0.0810955 -0.0824158 0)
(-0.10077 -0.0984769 0)
(-0.0984105 -0.120421 0)
(-0.0963955 -0.133457 0)
(-0.0419127 -0.146918 0)
(-0.0588338 0.155211 0)
(-0.128489 0.115047 0)
(-0.110753 0.0931119 0)
(-0.107125 0.065922 0)
(-0.0796762 0.0504274 0)
(-0.0575608 0.0384589 0)
(-0.034488 0.0304382 0)
(-0.0140812 0.024644 0)
(0.00467284 0.020673 0)
(0.0217114 0.0180043 0)
(0.0374337 0.0163259 0)
(0.0521308 0.0153518 0)
(0.0660731 0.0148635 0)
(0.0794561 0.0146892 0)
(0.0924074 0.0146835 0)
(0.104987 0.0147397 0)
(0.117211 0.0147834 0)
(0.129049 0.0147399 0)
(0.140432 0.0145633 0)
(0.151266 0.0142103 0)
(0.161423 0.0136446 0)
(0.170763 0.0128546 0)
(0.179127 0.0118106 0)
(0.186346 0.0105253 0)
(0.19225 0.00897375 0)
(0.196656 0.00717243 0)
(0.199386 0.0051072 0)
(0.200253 0.00277798 0)
(0.199069 0.000179267 0)
(0.195635 -0.00271501 0)
(0.189747 -0.00591461 0)
(0.181189 -0.00948377 0)
(0.16972 -0.0134685 0)
(0.155089 -0.0179923 0)
(0.137001 -0.0231816 0)
(0.115203 -0.0292692 0)
(0.0893081 -0.0365128 0)
(0.0595057 -0.0454565 0)
(0.0248916 -0.0565093 0)
(-0.0106391 -0.0713735 0)
(-0.053388 -0.0890465 0)
(-0.0727285 -0.117541 0)
(-0.110667 -0.137994 0)
(-0.0521263 -0.177386 0)
(-0.0586212 0.189405 0)
(-0.126263 0.114361 0)
(-0.0570099 0.0859831 0)
(-0.0332229 0.05566 0)
(0.0118803 0.0404234 0)
(0.0430659 0.029403 0)
(0.0718902 0.0224825 0)
(0.0953205 0.0176628 0)
(0.11565 0.0144867 0)
(0.13336 0.0124299 0)
(0.149293 0.0111954 0)
(0.163998 0.0105376 0)
(0.177924 0.0102652 0)
(0.19136 0.0102376 0)
(0.204495 0.0103396 0)
(0.217415 0.0104866 0)
(0.230154 0.0106228 0)
(0.242677 0.01069 0)
(0.254905 0.0106546 0)
(0.266729 0.0104838 0)
(0.277996 0.0101495 0)
(0.288544 0.00964621 0)
(0.298186 0.00894868 0)
(0.306728 0.00807086 0)
(0.313977 0.00699218 0)
(0.319719 0.00572747 0)
(0.323758 0.00426641 0)
(0.325877 0.00260817 0)
(0.325864 0.00075112 0)
(0.323487 -0.00132795 0)
(0.318504 -0.00363412 0)
(0.310649 -0.00622159 0)
(0.299607 -0.00912774 0)
(0.285027 -0.0124585 0)
(0.266445 -0.0163256 0)
(0.243379 -0.0209425 0)
(0.215005 -0.0265543 0)
(0.181029 -0.0337214 0)
(0.139165 -0.0429095 0)
(0.0928081 -0.0561645 0)
(0.0298241 -0.0730782 0)
(-0.0121654 -0.104359 0)
(-0.105268 -0.13127 0)
(-0.0491188 -0.206826 0)
(-0.0284903 0.215505 0)
(-0.0846352 0.101659 0)
(0.0426116 0.070207 0)
(0.083165 0.0416941 0)
(0.139469 0.0288618 0)
(0.174411 0.020116 0)
(0.204478 0.0149176 0)
(0.227435 0.0114069 0)
(0.246558 0.00917032 0)
(0.262713 0.00776944 0)
(0.27703 0.0069681 0)
(0.290199 0.00658104 0)
(0.302759 0.00646472 0)
(0.315035 0.00651744 0)
(0.327235 0.00665818 0)
(0.339445 0.00682662 0)
(0.351696 0.00698561 0)
(0.363945 0.00709287 0)
(0.376099 0.00713033 0)
(0.388038 0.00707175 0)
(0.399589 0.00689809 0)
(0.410579 0.00660844 0)
(0.420807 0.0061832 0)
(0.430066 0.00563504 0)
(0.438151 0.00494858 0)
(0.444841 0.00413549 0)
(0.449934 0.0031893 0)
(0.453202 0.00210867 0)
(0.454433 0.000894908 0)
(0.453387 -0.000470098 0)
(0.449816 -0.00198762 0)
(0.443441 -0.00369775 0)
(0.433924 -0.00562623 0)
(0.420878 -0.00785188 0)
(0.403759 -0.0104583 0)
(0.381966 -0.0136118 0)
(0.354405 -0.0175061 0)
(0.320459 -0.0226137 0)
(0.276766 -0.0293517 0)
(0.226027 -0.0396489 0)
(0.150672 -0.0536288 0)
(0.0910439 -0.0827017 0)
(-0.0617898 -0.112941 0)
(-0.0156475 -0.228087 0)
(0.0533699 0.223645 0)
(0.0166393 0.0790381 0)
(0.191428 0.0492715 0)
(0.240635 0.0271262 0)
(0.298974 0.0179693 0)
(0.332079 0.012083 0)
(0.359218 0.00872387 0)
(0.378876 0.0065171 0)
(0.394735 0.00514703 0)
(0.407801 0.00431194 0)
(0.419277 0.00385306 0)
(0.429864 0.00365133 0)
(0.440099 0.00361524 0)
(0.450286 0.00368118 0)
(0.460618 0.00379999 0)
(0.471164 0.00393385 0)
(0.481942 0.00406119 0)
(0.492904 0.0041559 0)
(0.503951 0.00420784 0)
(0.514958 0.00420124 0)
(0.525753 0.00412364 0)
(0.536169 0.00397653 0)
(0.546006 0.00374633 0)
(0.555065 0.00344257 0)
(0.563151 0.00305511 0)
(0.570053 0.00259155 0)
(0.575584 0.00204859 0)
(0.579529 0.00142452 0)
(0.581694 0.000721863 0)
(0.581858 -7.17158e-05 0)
(0.579794 -0.000955542 0)
(0.575245 -0.00195544 0)
(0.567897 -0.00308647 0)
(0.557386 -0.00439889 0)
(0.543177 -0.00594608 0)
(0.52467 -0.0078369 0)
(0.500712 -0.010201 0)
(0.470571 -0.0133637 0)
(0.430436 -0.0176381 0)
(0.382352 -0.0244503 0)
(0.305668 -0.0342416 0)
(0.238559 -0.0566947 0)
(0.0390757 -0.0856634 0)
(0.0689074 -0.231613 0)
(0.208128 0.204119 0)
(0.193686 0.0510006 0)
(0.385761 0.0279727 0)
(0.433176 0.0146 0)
(0.484224 0.00927803 0)
(0.511065 0.00608553 0)
(0.532322 0.0042969 0)
(0.547032 0.00315504 0)
(0.558587 0.00245483 0)
(0.567895 0.00203499 0)
(0.576009 0.0018077 0)
(0.583523 0.00171139 0)
(0.590889 0.00169899 0)
(0.598354 0.00173801 0)
(0.606073 0.00180442 0)
(0.614094 0.00187822 0)
(0.622426 0.00194926 0)
(0.631025 0.00200497 0)
(0.639801 0.00203812 0)
(0.64865 0.00204367 0)
(0.657424 0.0020136 0)
(0.665982 0.00195007 0)
(0.674156 0.00184504 0)
(0.681781 0.00170418 0)
(0.688696 0.00152205 0)
(0.694724 0.00130217 0)
(0.699714 0.00104361 0)
(0.70349 0.000744382 0)
(0.705895 0.00040705 0)
(0.706748 2.4194e-05 0)
(0.705869 -0.000402986 0)
(0.703053 -0.000888352 0)
(0.698043 -0.00143927 0)
(0.690544 -0.00208179 0)
(0.680112 -0.00284405 0)
(0.666242 -0.00378297 0)
(0.647925 -0.00497076 0)
(0.624507 -0.00658023 0)
(0.592471 -0.00881183 0)
(0.553305 -0.012442 0)
(0.487075 -0.0180358 0)
(0.425348 -0.0315351 0)
(0.212617 -0.0542102 0)
(0.223803 -0.208202 0)
(0.45009 0.158999 0)
(0.453375 0.0250369 0)
(0.6157 0.0115975 0)
(0.651158 0.00593752 0)
(0.687168 0.00361495 0)
(0.70507 0.00234924 0)
(0.718951 0.00163016 0)
(0.728249 0.00118722 0)
(0.73542 0.000913701 0)
(0.741085 0.000750195 0)
(0.745964 0.00065935 0)
(0.750455 0.000617967 0)
(0.75486 0.000608699 0)
(0.759342 0.000618948 0)
(0.764006 0.000640674 0)
(0.768885 0.00066533 0)
(0.773987 0.000689656 0)
(0.779287 0.00070925 0)
(0.784727 0.000720514 0)
(0.790243 0.000722892 0)
(0.795741 0.000712173 0)
(0.801133 0.000690236 0)
(0.806312 0.000653307 0)
(0.811172 0.000603725 0)
(0.815613 0.000539694 0)
(0.81952 0.000461603 0)
(0.822797 0.000370204 0)
(0.825331 0.000263365 0)
(0.827022 0.000143234 0)
(0.827752 5.94659e-06 0)
(0.827407 -0.000147582 0)
(0.825851 -0.000322878 0)
(0.822916 -0.000523065 0)
(0.81841 -0.000757654 0)
(0.812035 -0.00103843 0)
(0.803452 -0.00138641 0)
(0.791964 -0.00183336 0)
(0.777124 -0.00244207 0)
(0.756392 -0.00331608 0)
(0.730751 -0.00472547 0)
(0.685219 -0.00712681 0)
(0.641258 -0.0128069 0)
(0.465514 -0.026197 0)
(0.461735 -0.160492 0)
(0.781134 0.0411755 0)
(0.78912 0.00451324 0)
(0.86521 0.00177361 0)
(0.879798 0.000916014 0)
(0.894258 0.000536978 0)
(0.901202 0.000350235 0)
(0.90656 0.000240272 0)
(0.910103 0.000174988 0)
(0.912822 0.000133872 0)
(0.914941 0.000109179 0)
(0.916736 9.48027e-05 0)
(0.91835 8.74751e-05 0)
(0.919894 8.48752e-05 0)
(0.921429 8.50826e-05 0)
(0.922997 8.71966e-05 0)
(0.924612 8.97374e-05 0)
(0.926283 9.23637e-05 0)
(0.928003 9.45407e-05 0)
(0.929758 9.55764e-05 0)
(0.931528 9.56292e-05 0)
(0.933284 9.38471e-05 0)
(0.935 9.07297e-05 0)
(0.936642 8.55989e-05 0)
(0.938177 7.87881e-05 0)
(0.939572 7.01601e-05 0)
(0.94079 5.94944e-05 0)
(0.941799 4.72082e-05 0)
(0.942562 3.26423e-05 0)
(0.943045 1.63893e-05 0)
(0.943207 -2.3396e-06 0)
(0.943008 -2.33339e-05 0)
(0.942399 -4.74027e-05 0)
(0.941319 -7.51262e-05 0)
(0.939698 -0.000107717 0)
(0.937423 -0.000147155 0)
(0.93437 -0.000196213 0)
(0.930267 -0.000260329 0)
(0.924951 -0.000347529 0)
(0.917397 -0.000477706 0)
(0.908022 -0.000681445 0)
(0.890567 -0.00106862 0)
(0.873551 -0.00192347 0)
(0.792897 -0.00467526 0)
(0.785125 -0.0413882 0)
)
;

boundaryField
{
    movingWall
    {
        type            fixedValue;
        value           uniform (1 0 0);
    }
    fixedWalls
    {
        type            noSlip;
    }
    frontAndBack
    {
        type            empty;
    }
    defaultFaces
    {
        type            empty;
    }
}


// ************************************************************************* //
