/*--------------------------------*- C++ -*----------------------------------*\
  =========                 |
  \\      /  F ield         | OpenFOAM: The Open Source CFD Toolbox
   \\    /   O peration     | Website:  https://openfoam.org
    \\  /    A nd           | Version:  7
     \\/     M anipulation  |
\*---------------------------------------------------------------------------*/
FoamFile
{
    version     2.0;
    format      ascii;
    class       surfaceScalarField;
    location    "1.11";
    object      phi;
}
// * * * * * * * * * * * * * * * * * * * * * * * * * * * * * * * * * * * * * //

dimensions      [0 3 -1 0 0 0 0];

internalField   nonuniform List<scalar> 
3784
(
-0.00210309
0.00210309
-0.00176905
-0.000334042
-0.000412566
-0.00135648
0.000242181
-0.000654746
0.000348213
-0.000106034
0.000450254
-0.00010204
0.000438467
1.1787e-05
0.00021502
0.000223445
-0.000266391
0.000481411
-0.000699386
0.000432997
-0.000760254
6.08684e-05
-0.000187787
-0.000572469
0.000852978
-0.00104077
0.00132938
-0.000476402
0.000510215
0.000819167
-0.000930275
0.00144049
-0.0016232
0.000692924
-0.00066832
-0.00095488
0.00105994
-0.00172826
0.00208305
-0.00102311
0.00194019
0.000142867
0.00079253
0.00114765
-0.000516514
0.00130904
-0.00105527
0.00053876
-0.000558745
-0.000496529
0.000674007
-0.00123275
0.00120608
-0.000532071
0.00021436
0.000991718
-0.00123495
0.00144931
-0.00174843
0.000513483
-0.000776171
-0.000972261
0.000832255
-0.00160843
0.00170664
-0.000874386
0.00117802
0.000528618
-0.000268281
0.0014463
-0.00138263
0.00111435
-0.00109045
-0.000292178
0.00020061
-0.00129106
0.00117392
-0.000973312
0.000875093
0.000298831
-0.000513349
0.00138844
-0.0017463
0.00123295
-0.00151962
-0.000226679
-0.00151962
-0.00297178
0.00507486
-0.00272294
-0.00058287
-0.000291233
-0.00378819
0.000217133
-0.00116312
0.000119026
-7.92786e-06
0.000396227
-0.00037924
0.000399001
9.01264e-06
0.000208033
0.000414411
-0.000218918
0.000908362
-0.000699573
0.000913654
-0.00100494
0.000366235
-0.000374752
-0.00120265
0.00107676
-0.00249227
0.00148483
-0.000884475
0.000416345
0.00188765
-0.000779092
0.00263593
-0.00164893
0.00156277
-0.000967804
-0.00163601
0.00139267
-0.00408874
0.00245735
-0.00208779
0.00178759
0.000812631
0.000806903
0.00212834
-0.000425057
0.002541
-0.00145561
0.00156931
-0.000856026
-0.00109611
0.000954614
-0.00304339
0.00131249
-0.000889945
0.000108269
0.00219594
-0.00103353
0.00259111
-0.00186812
0.00134807
-0.00113497
-0.00170541
0.00116822
-0.00391161
0.00199205
-0.00169822
0.00102259
0.00149808
-0.000146951
0.00261584
-0.00139856
0.00236596
-0.00150821
-0.000182535
0.00034672
-0.00314599
0.00155513
-0.00218173
0.000745541
0.00110842
-0.00045671
0.00259069
-0.00159738
0.00237362
-0.00198567
0.000161603
-0.00350528
-0.0028859
0.00796076
-0.00302271
-0.000446064
-0.000586808
-0.00622409
0.000387326
-0.00213725
0.000338279
4.11163e-05
0.000454941
-0.000495908
0.000391249
7.27061e-05
8.05027e-05
0.000725162
-0.000475536
0.0014644
-0.00103278
0.0014709
-0.00120892
0.000542369
-0.000240259
-0.00217131
0.00146108
-0.00419361
0.00191364
-0.00133704
0.000816827
0.00298446
-0.000551898
0.00400466
-0.00174451
0.00275538
-0.00125163
-0.00212889
0.0012975
-0.00663787
0.00258636
-0.00337665
0.00165295
0.00174604
0.000222816
0.00355847
-0.00110161
0.00386543
-0.00184303
0.00231073
-0.00075108
-0.00218807
0.00138483
-0.0051793
0.00180512
-0.00131024
0.000545671
0.00345538
-0.000858835
0.00399562
-0.00202845
0.00251768
-0.00133117
-0.00240269
0.00125443
-0.00649721
0.00230936
-0.00275314
0.00120179
0.00260565
-0.000330643
0.00414827
-0.00178144
0.00381676
-0.00178695
-0.000177031
0.000404888
-0.00533782
0.00195874
-0.00373558
0.00128722
0.00177995
-0.000119267
0.00399718
-0.00165512
0.00390948
-0.00218864
0.00069512
-0.00569392
-0.00221692
0.0101777
-0.00272386
6.08786e-05
-0.00109588
-0.00785206
-4.08896e-05
-0.00319224
0.000156324
-0.000156097
0.000215696
-0.00055528
0.000101306
0.000187096
-0.000202831
0.0010293
-0.000603087
0.00186466
-0.000926694
0.00179451
-0.000886497
0.000502173
-1.3042e-06
-0.0030565
0.00125289
-0.00544781
0.00153657
-0.00162071
0.000871229
0.0036498
3.39001e-05
0.00484198
-0.000902322
0.0036916
-0.000842796
-0.00218841
0.000807963
-0.00828863
0.00171035
-0.00427904
0.000844361
0.00261203
-0.000342505
0.00474534
-0.00115928
0.00468221
-0.00140525
0.00255671
-0.000390137
-0.00320318
0.00115389
-0.00672333
0.00143985
-0.00159619
0.000699828
0.0041954
-0.000223369
0.00491882
-0.00120337
0.00349768
-0.000910783
-0.00269527
0.000847186
-0.00825518
0.0016125
-0.00351846
0.000798807
0.00341935
-0.000294713
0.00524179
-0.00127226
0.00479431
-0.00126108
-0.000188218
0.000287378
-0.00688628
0.00145215
-0.00490036
0.00112871
0.00210339
0.000247863
0.00487803
-0.000873918
0.00503126
-0.00139843
0.00121963
-0.00709235
-0.00155936
0.011737
-0.00239702
0.000898546
-0.00157443
-0.00867465
-0.000577568
-0.00418911
-0.000140827
-0.00059284
-0.00010856
-0.000587546
-0.00025578
0.000334316
-0.000515991
0.00128951
-0.0007411
0.00208977
-0.000807349
0.00186076
-0.000526837
0.00022166
0.000245845
-0.00382919
0.000972436
-0.0061744
0.00109621
-0.00174449
0.00080834
0.00393767
0.000451944
0.00519838
-0.000113465
0.00425701
-0.000400235
-0.00190164
0.000252584
-0.00894145
0.000781821
-0.00480828
0.000161083
0.00323277
-0.00063857
0.005545
-0.000999116
0.00504276
-0.000889939
0.00244753
1.06422e-05
-0.00410376
0.000875681
-0.00758837
0.00100112
-0.00172163
0.000709196
0.00448733
0.000232031
0.00539598
-0.000434301
0.00416401
-0.000464917
-0.00266466
0.000397322
-0.00911742
0.000853878
-0.00397501
0.000381921
0.0038913
-0.000226784
0.0058505
-0.000681975
0.0052495
-0.000690653
-0.000179541
0.00017052
-0.00774745
0.000910826
-0.00564066
0.000816721
0.0021975
0.000429944
0.0052648
-0.000170062
0.00563126
-0.000609883
0.00165945
-0.00770224
-0.000869693
0.0126067
-0.00198037
0.00200922
-0.00197536
-0.00867967
-0.00117316
-0.00499131
-0.000609727
-0.00115627
-0.000536214
-0.000661062
-0.00062655
0.000424655
-0.000777157
0.00144011
-0.000784139
0.00209675
-0.000581139
0.00165776
-0.000137132
-0.000222347
0.000428427
-0.00439475
0.000588715
-0.00633468
0.000492536
-0.00164831
0.000560651
0.00386956
0.000648429
0.0051106
0.000536185
0.00436925
3.91604e-05
-0.00140462
-0.00024841
-0.00865388
-0.000121829
-0.00493486
-0.000334383
0.00344533
-0.000605463
0.00581608
-0.000590006
0.0050273
-0.000265866
0.00212339
0.000375086
-0.00474471
0.000518502
-0.00773179
0.000389702
-0.00159283
0.000482497
0.00439454
0.000464959
0.00541352
0.000241797
0.00438717
-2.79432e-05
-0.00239491
-3.37119e-05
-0.00911165
4.80791e-05
-0.00405681
-1.95146e-05
0.0039589
-8.70023e-05
0.00591798
-5.88919e-05
0.00522139
-0.000114277
-0.000124157
4.95731e-05
-0.0079113
0.000308531
-0.00589962
0.000365841
0.00214019
0.000381081
0.00524956
0.000343234
0.00566911
0.000106923
0.00189576
-0.00759531
-0.000176437
0.0127832
-0.00138259
0.00321538
-0.00218384
-0.00787842
-0.00178971
-0.00538544
-0.00119978
-0.0017462
-0.00104222
-0.000818626
-0.000988107
0.000370549
-0.000938661
0.00139067
-0.000707083
0.00186517
-0.00032892
0.0012796
0.000230883
-0.00078215
0.000480953
-0.00464481
9.60982e-05
-0.00594983
-0.000206273
-0.00134594
0.000133302
0.00352998
0.000631311
0.00461259
0.00095559
0.00404497
0.000431328
-0.000880355
-0.000606203
-0.00761635
-0.000910937
-0.00463013
-0.000662425
0.00319682
-0.000338487
0.00549214
-3.26664e-06
0.00469208
0.000413137
0.00170699
0.000640213
-0.00497179
0.000106639
-0.00719821
-0.000276726
-0.00120947
0.00011267
0.00400514
0.000523854
0.00500234
0.000762214
0.00414881
0.000396647
-0.00202935
-0.000380282
-0.00833472
-0.000659016
-0.00377807
-0.000364415
0.00366429
9.75611e-05
0.00545601
0.000526828
0.00479212
0.00045005
-4.73779e-05
-6.01724e-05
-0.00740108
-0.000326145
-0.00563365
-0.000159528
0.00197357
0.00020257
0.00488746
0.000671707
0.00519997
0.000726979
0.00184049
-0.00686833
0.000663816
0.0121194
-0.000432766
0.00431196
-0.00202563
-0.00628556
-0.00219653
-0.00521454
-0.00172127
-0.00222146
-0.00148759
-0.00105231
-0.00126384
0.000146798
-0.000978862
0.00110569
-0.000543892
0.0014302
-2.21888e-05
0.000757892
0.000498542
-0.00130288
0.000355761
-0.00450203
-0.000466227
-0.00512784
-0.000849911
-0.000962257
-0.000276304
0.00295637
0.000512539
0.00382375
0.00116107
0.00339644
0.000791663
-0.000510952
-0.00075747
-0.00606722
-0.00147013
-0.00391747
-0.000875126
0.00260181
-5.68331e-05
0.00467385
0.000522332
0.00411291
0.00104161
0.00118771
0.000743104
-0.00467328
-0.000371026
-0.00608409
-0.000802134
-0.000778357
-0.00024096
0.00344397
0.000524162
0.00423722
0.00113733
0.00353564
0.000790218
-0.00168224
-0.000597674
-0.00694683
-0.00120462
-0.00317113
-0.000623082
0.00308276
0.000248879
0.00458405
0.000947936
0.00409307
0.000954313
-5.37561e-05
-0.000144817
-0.00630195
-0.000926513
-0.00485196
-0.000620908
0.00166797
2.76143e-05
0.00423894
0.000870527
0.00435706
0.00117635
0.00153467
-0.00569199
0.00162148
0.0104979
0.000917773
0.00501566
-0.00130174
-0.00406605
-0.00211253
-0.00440374
-0.00192062
-0.00241337
-0.00169404
-0.00127889
-0.00135136
-0.000195883
-0.000877842
0.000632172
-0.000315286
0.000867643
0.000248868
0.000193742
0.000588991
-0.001643
5.93436e-05
-0.00397239
-0.00103883
-0.00402966
-0.00131219
-0.00068889
-0.000582591
0.00222677
0.000383413
0.00285775
0.00120662
0.00257323
0.00101577
-0.000320097
-0.000723211
-0.00432824
-0.00173606
-0.00290462
-0.000964393
0.00183014
0.000120526
0.00358893
0.000972312
0.00326112
0.00147885
0.00068117
0.000668427
-0.00386286
-0.000785365
-0.00463029
-0.00111867
-0.000445053
-0.000421569
0.00274687
0.00055739
0.00325826
0.00140953
0.00268351
0.00104767
-0.00132038
-0.00069748
-0.00520168
-0.00150258
-0.00236603
-0.000742061
0.00232224
0.000329551
0.00351243
0.0012191
0.00320351
0.00129991
-0.000134564
-0.000181296
-0.00482074
-0.00135209
-0.00368117
-0.000929974
0.00124585
-4.57297e-05
0.0033547
0.000952509
0.00335882
0.00143494
0.00105225
-0.00425705
0.00230176
0.00819611
0.00230568
0.00501174
-4.29252e-05
-0.00171744
-0.00139603
-0.00305064
-0.001619
-0.00219039
-0.0015325
-0.0013654
-0.00119046
-0.000537919
-0.000664567
0.000106278
-7.15803e-05
0.000274651
0.00042401
-0.000301847
0.000500852
-0.00171984
-0.000287529
-0.00318401
-0.00141701
-0.00290019
-0.00154581
-0.000560087
-0.000741578
0.00142254
0.000232726
0.00188345
0.00111391
0.00169204
0.00102744
-0.000233631
-0.000600135
-0.00270067
-0.00166895
-0.0018358
-0.000953227
0.00111441
0.000194161
0.00244155
0.00120371
0.00225158
0.00158732
0.000297556
0.00047403
-0.00274957
-0.00104553
-0.00311074
-0.00125
-0.000240576
-0.000457554
0.00195442
0.000523296
0.00227741
0.00145671
0.00175009
0.00109031
-0.00095398
-0.000693836
-0.00341753
-0.00151581
-0.00154406
-0.000724802
0.00153123
0.000356059
0.00243157
0.00135278
0.00220679
0.00141549
-0.000197276
-0.000180556
-0.00322469
-0.0014615
-0.00240023
-0.00104681
0.000831169
-3.99466e-05
0.00234784
0.000990054
0.00232882
0.00146395
0.000578353
-0.00279311
0.00232216
0.00587395
0.00303776
0.00429614
0.00125011
7.02038e-05
-0.000225947
-0.00157458
-0.000840733
-0.0015756
-0.000998499
-0.00120763
-0.00079163
-0.000744791
-0.000351211
-0.000334139
0.000159696
-0.000236257
0.000506127
-0.00064828
0.000334395
-0.00154811
-0.000551825
-0.00229779
-0.00149769
-0.00195432
-0.00152169
-0.000536082
-0.000789079
0.000689925
4.61445e-05
0.00104822
0.000837455
0.000900731
0.000791832
-0.000188009
-0.000477115
-0.00143172
-0.00134801
-0.000964909
-0.000817736
0.000584145
0.00019999
0.00142382
0.00113964
0.00131193
0.00135986
7.73385e-05
0.000261188
-0.0016509
-0.0010636
-0.00178595
-0.00117955
-0.000124617
-0.000423965
0.00119883
0.000450102
0.00140334
0.00124798
0.000952221
0.000908358
-0.00061436
-0.000605685
-0.00190349
-0.0012857
-0.000864043
-0.000621553
0.000867081
0.000335772
0.00147424
0.0012592
0.00128336
0.00125151
-0.000189595
-0.00016331
-0.00180986
-0.00126692
-0.00129662
-0.000936495
0.000500742
-1.95867e-05
0.00143093
0.000910968
0.00139826
0.0012373
0.000252027
-0.00155581
0.00189464
0.00397931
0.00290565
0.00328512
0.00200176
0.000974095
0.00084012
-0.000412934
0.000103903
-0.000839379
-0.00023527
-0.00086846
-0.000231409
-0.000748654
3.83259e-05
-0.000603874
0.000376561
-0.000574492
0.000531242
-0.000802961
0.000216969
-0.00123383
-0.000570603
-0.00151022
-0.0012685
-0.00125643
-0.00128175
-0.000522832
-0.000749235
0.00015741
-0.000117128
0.000416115
0.000447668
0.000335932
0.000410574
-0.000150918
-0.000394245
-0.000626905
-0.000933792
-0.00042536
-0.000595539
0.000245895
0.000152381
0.000675904
0.000842686
0.000621625
0.000930854
-1.08322e-05
9.2467e-05
-0.000812516
-0.000855803
-0.000837681
-0.000933792
-4.66257e-05
-0.000353067
0.000618104
0.000321692
0.00072858
0.000859926
0.000413989
0.000582438
-0.000336873
-0.000458084
-0.000862973
-0.000921809
-0.000400316
-0.00046386
0.000409131
0.000257277
0.000753105
0.000932831
0.000607811
0.000866123
-0.00012289
-0.000141178
-0.000802563
-0.000904025
-0.000533769
-0.00069644
0.000293159
-2.36411e-05
0.000758129
0.000681493
0.000693129
0.000852497
8.10254e-05
-0.000703312
0.00121216
0.00276714
0.00219385
0.00230344
0.00199054
0.00117741
0.00135205
0.000225561
0.000783084
-0.000270415
0.000438534
-0.000523912
0.000331477
-0.000641592
0.000407475
-0.000679867
0.000536912
-0.000703931
0.000515452
-0.000781504
0.000180703
-0.000899083
-0.000396446
-0.000933072
-0.000867219
-0.000785656
-0.000924019
-0.000466032
-0.000622059
-0.000144548
-0.000222287
1.63413e-05
0.000103667
9.97221e-06
7.93006e-05
-0.000126553
-0.000308863
-0.000238738
-0.00057026
-0.00016396
-0.000382509
5.81438e-05
6.30562e-05
0.000230335
0.000466239
0.00021844
0.000481108
-2.56988e-05
-2.90854e-05
-0.000302321
-0.00057174
-0.000295025
-0.000620406
2.04117e-06
-0.000263458
0.000261155
0.000170256
0.000294864
0.000451279
0.000132966
0.000260658
-0.000146252
-0.000300949
-0.000301368
-0.000562177
-0.000139087
-0.00030992
0.000156873
0.000140911
0.000302271
0.000522037
0.000226686
0.000440156
-4.10111e-05
-0.000122077
-0.000240329
-0.00054304
-0.000112805
-0.000431796
0.000181916
-1.6231e-05
0.000342565
0.000403709
0.000273186
0.000465869
1.88659e-05
-0.00023744
0.000756065
0.00201108
0.0013766
0.0016829
0.00152456
0.00102945
0.00128149
0.000468632
0.000994308
1.6768e-05
0.000769777
-0.000299384
0.000646046
-0.000517861
0.000598324
-0.000632138
0.000561843
-0.000667451
0.000438011
-0.000657679
0.000167733
-0.000628809
-0.000185931
-0.000579405
-0.000470445
-0.00050114
-0.000550841
-0.000385637
-0.000433101
-0.000262291
-0.000232593
-0.000184168
-8.50773e-05
-0.000137543
-9.00425e-05
-0.000121587
-0.000224601
-0.000104178
-0.000314859
-7.37022e-05
-0.000231563
-2.51548e-05
-2.4557e-05
2.33262e-05
0.000158326
3.55582e-05
0.00014595
-1.33188e-05
-9.44848e-05
-6.18835e-05
-0.000339579
-4.99322e-05
-0.000358211
2.06727e-05
-0.000181393
8.43373e-05
3.83275e-05
7.51432e-05
0.00014805
2.32445e-05
4.60286e-05
-4.42303e-05
-0.000188071
-6.72707e-05
-0.000304288
-2.28718e-05
-0.000194252
4.68372e-05
2.80312e-05
7.99869e-05
0.000192284
6.24335e-05
0.000135885
1.53881e-05
-0.000107692
3.25011e-06
-0.00027926
5.87628e-05
-0.000218841
0.000121494
-9.0631e-06
0.000132786
0.000183253
8.08715e-05
0.000193349
8.76876e-06
-4.40907e-05
0.000540358
0.00147072
0.000909857
0.00131341
0.00105626
0.000883041
0.0010338
0.000491097
0.000905269
0.000145306
0.00077514
-0.000169247
0.000652997
-0.00039572
0.000543814
-0.000522957
0.000430894
-0.00055453
0.000292748
-0.000519535
0.00012103
-0.000457093
-5.93912e-05
-0.000398981
-0.000202848
-0.000357681
-0.000265712
-0.000322775
-0.000243658
-0.000284347
-0.000187566
-0.000240258
-0.00013988
-0.000185225
-0.000133535
-0.000127932
-0.00015391
-8.38064e-05
-0.000166029
-6.15863e-05
-0.000138108
-5.30764e-05
-7.3537e-05
-4.12432e-05
-1.87765e-05
-1.92002e-05
-3.36669e-05
1.57253e-06
-0.000112249
1.66988e-05
-0.000186097
2.3914e-05
-0.000190818
2.53951e-05
-0.000121008
1.45294e-05
-4.47522e-05
-1.11281e-06
-1.48125e-05
-6.69709e-06
-5.34245e-05
-5.61796e-06
-0.000125316
4.62044e-06
-0.00015706
8.87122e-06
-0.000119283
9.06076e-06
-4.5309e-05
6.0141e-06
2.82567e-06
1.43003e-05
-1.87467e-05
3.69592e-05
-8.33155e-05
6.78176e-05
-0.000115322
9.0771e-05
-8.01144e-05
8.62866e-05
3.49697e-08
5.26352e-05
5.69292e-05
2.398e-05
5.58865e-05
9.81335e-06
1.17947e-05
0.000423321
0.00104739
0.000717002
0.00101973
0.000844257
0.000755789
0.000859701
0.000475651
0.000806035
0.000198973
0.000679892
-4.30993e-05
0.000542233
-0.000258059
0.000397885
-0.000378614
0.000262339
-0.000418987
0.000144556
-0.000401749
4.6801e-05
-0.000359336
-3.1649e-05
-0.000320531
-9.05338e-05
-0.000298796
-0.000126021
-0.000287285
-0.000138723
-0.00027164
-0.0001387
-0.000240278
-0.000131762
-0.000192165
-0.000121482
-0.000138215
-0.000110666
-9.46254e-05
-0.0001016
-7.06531e-05
-9.43319e-05
-6.03437e-05
-8.72311e-05
-4.83426e-05
-8.20407e-05
-2.439e-05
-8.54221e-05
4.95363e-06
-9.59177e-05
2.71945e-05
-0.00010311
3.11073e-05
-9.61494e-05
1.84346e-05
-8.09766e-05
-6.417e-07
-7.02994e-05
-1.17898e-05
-6.82214e-05
-8.77725e-06
-7.84085e-05
4.56929e-06
-8.67289e-05
1.29435e-05
-8.78606e-05
1.00042e-05
-7.89063e-05
1.05422e-07
-6.87546e-05
-4.13895e-06
-6.30601e-05
8.60755e-06
-6.14286e-05
3.53299e-05
-5.67586e-05
6.31463e-05
-4.0047e-05
7.40594e-05
-1.41979e-05
6.04406e-05
5.12541e-06
3.33114e-05
1.4077e-05
1.50276e-05
9.55006e-06
1.43436e-05
2.1346e-05
0.00032155
0.000725838
0.000587685
0.000753592
0.000731579
0.000611899
0.000774109
0.000433124
0.000735336
0.000237744
0.000642353
4.98823e-05
0.000492226
-0.00010793
0.000336425
-0.000222813
0.000196817
-0.000279378
8.86249e-05
-0.000293555
1.48974e-05
-0.000285607
-3.16698e-05
-0.000273964
-6.41352e-05
-0.000266328
-9.01623e-05
-0.000261252
-0.000112148
-0.000249651
-0.000127294
-0.000225134
-0.000131179
-0.000188285
-0.00012252
-0.000146877
-0.000106717
-0.000110427
-9.32971e-05
-8.40724e-05
-8.82648e-05
-6.53766e-05
-8.95509e-05
-4.70566e-05
-8.95453e-05
-2.43959e-05
-8.24927e-05
-2.09981e-06
-7.00346e-05
1.47372e-05
-5.67107e-05
1.77851e-05
-4.81872e-05
9.91077e-06
-4.80464e-05
-7.83247e-07
-5.31882e-05
-6.64713e-06
-5.8894e-05
-3.07023e-06
-5.87221e-05
4.39884e-06
-5.43477e-05
8.57035e-06
-5.05384e-05
6.19565e-06
-5.14558e-05
1.02188e-06
-5.62381e-05
6.41212e-07
-5.82093e-05
1.05792e-05
-5.08528e-05
2.79784e-05
-3.22312e-05
4.45286e-05
-8.88913e-06
5.07149e-05
8.26242e-06
4.32877e-05
1.17941e-05
2.97811e-05
5.88565e-06
2.09353e-05
-1.46192e-07
2.03765e-05
2.12022e-05
0.000230708
0.000495131
0.000450697
0.000533601
0.00060144
0.000461154
0.000675354
0.00035921
0.000675368
0.00023773
0.00061357
0.000111681
0.000509028
-3.38561e-06
0.000377747
-9.15297e-05
0.000251671
-0.000153301
0.000146901
-0.000188785
6.85826e-05
-0.000207288
1.19988e-05
-0.000217377
-3.08046e-05
-0.000223519
-6.71746e-05
-0.000224877
-9.84073e-05
-0.000218419
-0.000121334
-0.000202212
-0.000132581
-0.000177041
-0.000131382
-0.000148074
-0.000122038
-0.000119769
-0.000111198
-9.49149e-05
-0.000103304
-7.32714e-05
-9.74286e-05
-5.29306e-05
-8.87319e-05
-3.30923e-05
-7.51505e-05
-1.56828e-05
-5.67325e-05
-3.6816e-06
-3.99757e-05
1.0289e-06
-3.0325e-05
2.60226e-07
-2.86598e-05
-2.44801e-06
-3.19718e-05
-3.33336e-06
-3.45418e-05
-4.97633e-07
-3.30496e-05
2.90832e-06
-2.93118e-05
4.83126e-06
-2.76056e-05
4.48718e-06
-3.02434e-05
3.65903e-06
-3.5318e-05
5.71742e-06
-3.707e-05
1.23327e-05
-3.0356e-05
2.12651e-05
-1.58191e-05
2.99956e-05
5.93087e-07
3.43031e-05
1.08474e-05
3.30286e-05
1.17463e-05
2.88818e-05
6.85853e-06
2.58259e-05
1.86373e-06
2.53729e-05
2.30662e-05
0.000161221
0.00033391
0.000327626
0.000367193
0.000459312
0.000329465
0.000544738
0.000273784
0.000578187
0.000204282
0.000561832
0.000128037
0.000505025
5.3422e-05
0.000424409
-1.09126e-05
0.000334307
-6.31996e-05
0.000248104
-0.000102582
0.000172122
-0.000131304
0.000106896
-0.000152148
4.99754e-05
-0.000166595
-5.27592e-07
-0.000174374
-4.42342e-05
-0.000174716
-7.90971e-05
-0.000167351
-0.000102212
-0.000153923
-0.000114333
-0.000135952
-0.000117712
-0.000116392
-0.000115643
-9.6986e-05
-0.000110532
-7.83801e-05
-0.000102725
-6.07384e-05
-9.1317e-05
-4.45031e-05
-7.63168e-05
-3.06849e-05
-5.96421e-05
-2.03564e-05
-4.48156e-05
-1.37983e-05
-3.44783e-05
-1.00769e-05
-2.92958e-05
-7.62784e-06
-2.75514e-05
-5.07584e-06
-2.59869e-05
-2.06235e-06
-2.37769e-05
6.97502e-07
-2.15374e-05
2.59048e-06
-2.08342e-05
3.78236e-06
-2.24325e-05
5.25531e-06
-2.44856e-05
7.77142e-06
-2.40136e-05
1.18643e-05
-1.9757e-05
1.70062e-05
-1.16626e-05
2.18985e-05
-2.67048e-06
2.53138e-05
3.50784e-06
2.68511e-05
5.23043e-06
2.71583e-05
3.75832e-06
2.72995e-05
1.43424e-06
2.7699e-05
2.44998e-05
0.00011211
0.000221799
0.000232453
0.000246847
0.000335145
0.000226773
0.000412294
0.000196635
0.000458428
0.000158148
0.000472015
0.000114448
0.000456264
6.91733e-05
0.000419726
2.56263e-05
0.000367741
-1.12137e-05
0.000310831
-4.56697e-05
0.000252313
-7.27826e-05
0.00019467
-9.45016e-05
0.000138952
-0.000110876
8.62588e-05
-0.000121682
3.82535e-05
-0.000126711
-2.97031e-06
-0.000126124
-3.62119e-05
-0.000120679
-6.0485e-05
-0.000111681
-7.65231e-05
-0.000100358
-8.5707e-05
-8.78006e-05
-8.92679e-05
-7.48157e-05
-8.79788e-05
-6.20301e-05
-8.24778e-05
-5.00095e-05
-7.38298e-05
-3.93333e-05
-6.37503e-05
-3.04339e-05
-5.41847e-05
-2.33647e-05
-4.64876e-05
-1.7774e-05
-4.09979e-05
-1.31149e-05
-3.71005e-05
-8.97179e-06
-3.39156e-05
-5.24817e-06
-3.1337e-05
-1.88371e-06
-2.92816e-05
5.32749e-07
-2.829e-05
2.79192e-06
-2.79753e-05
4.94018e-06
-2.77028e-05
7.49494e-06
-2.63482e-05
1.05113e-05
-2.31666e-05
1.38261e-05
-1.83344e-05
1.70623e-05
-1.29073e-05
1.98859e-05
-8.18875e-06
2.21359e-05
-4.88845e-06
2.38598e-05
-2.78772e-06
2.51985e-05
-1.28365e-06
2.6194e-05
2.32152e-05
7.78885e-05
0.000143909
0.000163318
0.000161413
0.000239445
0.000150645
0.000301696
0.000134382
0.000346525
0.000113315
0.000372198
8.87712e-05
0.000379062
6.23067e-05
0.00036921
3.54787e-05
0.000348523
9.4753e-06
0.000316746
-1.38924e-05
0.0002789
-3.49359e-05
0.00023709
-5.26919e-05
0.000193157
-6.69444e-05
0.000148908
-7.74339e-05
0.000106237
-8.40392e-05
6.69943e-05
-8.68795e-05
3.2676e-05
-8.63609e-05
4.05068e-06
-8.3058e-05
-1.86421e-05
-7.76664e-05
-3.56046e-05
-7.08372e-05
-4.72851e-05
-6.31364e-05
-5.42847e-05
-5.50351e-05
-5.73282e-05
-4.69687e-05
-5.73726e-05
-3.92878e-05
-5.54982e-05
-3.23084e-05
-5.27689e-05
-2.60954e-05
-4.99372e-05
-2.06043e-05
-4.73269e-05
-1.57243e-05
-4.49366e-05
-1.13639e-05
-4.26931e-05
-7.49126e-06
-4.04774e-05
-4.09962e-06
-3.88125e-05
-1.13697e-06
-3.73993e-05
1.37799e-06
-3.6219e-05
3.7627e-06
-3.48612e-05
6.13364e-06
-3.29005e-05
8.54749e-06
-3.00519e-05
1.09799e-05
-2.63403e-05
1.33513e-05
-2.20289e-05
1.55721e-05
-1.74642e-05
1.75703e-05
-1.2898e-05
1.92939e-05
-8.40065e-06
2.0701e-05
-3.92712e-06
2.17198e-05
1.92883e-05
5.4651e-05
8.92565e-05
0.00011547
0.000100592
0.000171319
9.47964e-05
0.000219637
8.60607e-05
0.000258278
7.46726e-05
0.000285873
6.11761e-05
0.000301946
4.62352e-05
0.000306881
3.05466e-05
0.000301592
1.47666e-05
0.000287598
1.04005e-07
0.000266888
-1.42248e-05
0.000240735
-2.65381e-05
0.000210731
-3.69402e-05
0.000178488
-4.51889e-05
0.000145609
-5.11581e-05
0.000113587
-5.48565e-05
8.36525e-05
-5.64281e-05
5.67161e-05
-5.61222e-05
3.33067e-05
-5.42555e-05
1.36308e-05
-5.11613e-05
-2.34402e-06
-4.71652e-05
-1.48149e-05
-4.25667e-05
-2.41207e-05
-3.76604e-05
-3.07083e-05
-3.2698e-05
-3.52083e-05
-2.78106e-05
-3.81625e-05
-2.31418e-05
-3.99917e-05
-1.87704e-05
-4.09922e-05
-1.47224e-05
-4.13468e-05
-1.10131e-05
-4.11843e-05
-7.65266e-06
-4.06402e-05
-4.64008e-06
-3.98382e-05
-1.94221e-06
-3.89568e-05
4.93172e-07
-3.7815e-05
2.62368e-06
-3.63331e-05
4.6525e-06
-3.43639e-05
6.57541e-06
-3.17895e-05
8.40542e-06
-2.85716e-05
1.01353e-05
-2.47432e-05
1.1744e-05
-2.03749e-05
1.32008e-05
-1.55489e-05
1.44671e-05
-1.03474e-05
1.54993e-05
-4.86489e-06
1.62376e-05
1.44245e-05
3.55119e-05
5.37414e-05
7.54342e-05
6.06665e-05
0.0001128
5.74275e-05
0.000146277
5.25785e-05
0.000174686
4.62599e-05
0.000197142
3.87206e-05
0.000213111
3.02673e-05
0.000222409
2.12478e-05
0.000225165
1.20097e-05
0.000222433
2.83548e-06
0.00021393
-5.72273e-06
0.00020096
-1.35689e-05
0.000184438
-2.04194e-05
0.000165348
-2.60998e-05
0.000144691
-3.05027e-05
0.000123426
-3.35937e-05
0.000102402
-3.54075e-05
8.23171e-05
-3.6038e-05
6.36838e-05
-3.56221e-05
4.68427e-05
-3.43222e-05
3.19857e-05
-3.23122e-05
1.91853e-05
-2.97673e-05
8.37804e-06
-2.68497e-05
-6.01487e-07
-2.3717e-05
-7.92626e-06
-2.04887e-05
-1.37877e-05
-1.72808e-05
-1.83973e-05
-1.41561e-05
-2.19344e-05
-1.11835e-05
-2.45549e-05
-8.39588e-06
-2.63879e-05
-5.81954e-06
-2.75605e-05
-3.46362e-06
-2.81853e-05
-1.31799e-06
-2.83127e-05
6.17197e-07
-2.80084e-05
2.31977e-06
-2.72446e-05
3.89026e-06
-2.6002e-05
5.33191e-06
-2.42549e-05
6.65706e-06
-2.19902e-05
7.87084e-06
-1.92154e-05
8.96999e-06
-1.59577e-05
9.94347e-06
-1.22639e-05
1.07734e-05
-8.20154e-06
1.14371e-05
-3.86648e-06
1.19031e-05
1.05582e-05
2.23492e-05
3.13909e-05
4.76436e-05
3.53737e-05
7.1594e-05
3.34783e-05
9.35031e-05
3.06683e-05
0.000112746
2.70183e-05
0.000128817
2.26538e-05
0.000141354
1.77337e-05
0.000150154
1.24486e-05
0.000155173
6.99117e-06
0.000156485
1.52359e-06
0.000154426
-3.66293e-06
0.000149329
-8.47125e-06
0.000141647
-1.27371e-05
0.000131888
-1.63419e-05
0.000120592
-1.92076e-05
0.000108293
-2.12965e-05
9.54938e-05
-2.26098e-05
8.26392e-05
-2.31828e-05
7.00976e-05
-2.30793e-05
5.81576e-05
-2.23827e-05
4.70329e-05
-2.11891e-05
3.68667e-05
-1.96e-05
2.77376e-05
-1.77166e-05
1.96586e-05
-1.56358e-05
1.2615e-05
-1.34462e-05
6.55568e-06
-1.12209e-05
1.42943e-06
-9.02566e-06
-2.84689e-06
-6.90462e-06
-6.34669e-06
-4.89728e-06
-9.13787e-06
-3.02818e-06
-1.12898e-05
-1.30867e-06
-1.28782e-05
2.71557e-07
-1.39236e-05
1.66085e-06
-1.45211e-05
2.91654e-06
-1.4677e-05
4.0468e-06
-1.44073e-05
5.06199e-06
-1.37244e-05
5.97299e-06
-1.26413e-05
6.78714e-06
-1.11783e-05
7.50715e-06
-9.36527e-06
8.13097e-06
-7.24377e-06
8.65245e-06
-4.86847e-06
9.06217e-06
-2.31027e-06
9.34498e-06
8.24693e-06
1.53486e-05
1.60405e-05
3.27845e-05
1.79378e-05
4.94172e-05
1.68442e-05
6.48326e-05
1.52503e-05
7.86564e-05
1.31944e-05
9.05717e-05
1.07398e-05
0.000100331
7.97403e-06
0.000107795
4.98343e-06
0.000112886
1.89946e-06
0.000115566
-1.15869e-06
0.000116013
-4.11166e-06
0.000114384
-6.8438e-06
0.000110891
-9.24594e-06
0.000105803
-1.12554e-05
9.94175e-05
-1.28246e-05
9.20462e-05
-1.39275e-05
8.39956e-05
-1.45602e-05
7.55522e-05
-1.47388e-05
6.69708e-05
-1.44966e-05
5.84695e-05
-1.38816e-05
5.02303e-05
-1.29509e-05
4.23982e-05
-1.1767e-05
3.50779e-05
-1.03935e-05
2.83373e-05
-8.89376e-06
2.22169e-05
-7.3267e-06
1.6742e-05
-5.74601e-06
1.19175e-05
-4.19841e-06
7.71756e-06
-2.70253e-06
4.12309e-06
-1.30319e-06
1.10426e-06
-9.44749e-09
-1.38568e-06
1.18306e-06
-3.34973e-06
2.23679e-06
-4.8927e-06
3.20304e-06
-6.01681e-06
4.03961e-06
-6.74175e-06
4.77145e-06
-7.0907e-06
5.41061e-06
-7.08693e-06
5.9683e-06
-6.75467e-06
6.45376e-06
-6.12159e-06
6.87317e-06
-5.22069e-06
7.22943e-06
-4.09123e-06
7.52236e-06
-2.77892e-06
7.74908e-06
-1.33913e-06
7.90414e-06
6.90669e-06
1.07377e-05
5.30416e-06
2.2909e-05
5.76903e-06
3.45657e-05
5.18762e-06
4.54505e-05
4.3651e-06
5.53312e-05
3.31532e-06
6.40003e-05
2.07171e-06
7.12223e-05
7.51932e-07
7.70063e-05
-8.00393e-07
8.12018e-05
-2.29651e-06
8.37402e-05
-3.69846e-06
8.48401e-05
-5.21266e-06
8.44596e-05
-6.4636e-06
8.27157e-05
-7.50199e-06
7.97605e-05
-8.30044e-06
7.57735e-05
-8.83842e-06
7.09506e-05
-9.10534e-06
6.54924e-05
-9.10185e-06
5.9594e-05
-8.83875e-06
5.34351e-05
-8.3359e-06
4.7181e-05
-7.62697e-06
4.09771e-05
-6.74744e-06
3.49475e-05
-5.73675e-06
2.91923e-05
-4.63642e-06
2.3784e-05
-3.48443e-06
1.87784e-05
-2.32166e-06
1.42206e-05
-1.18835e-06
1.01852e-05
-1.61106e-07
6.60071e-06
8.83917e-07
3.57774e-06
1.7201e-06
9.57798e-07
2.61054e-06
-1.23786e-06
3.37988e-06
-3.02054e-06
4.02062e-06
-4.37662e-06
4.55906e-06
-5.35946e-06
5.02175e-06
-5.97465e-06
5.38614e-06
-6.2479e-06
5.68346e-06
-6.20599e-06
5.92564e-06
-5.87682e-06
6.12343e-06
-5.29114e-06
6.28607e-06
-4.48321e-06
6.41997e-06
-3.49089e-06
6.52843e-06
-2.35505e-06
6.61157e-06
-1.12155e-06
6.66903e-06
5.78459e-06
6.97493e-06
-1.67042e-06
1.47851e-05
-2.04097e-06
2.22675e-05
-2.29605e-06
2.92375e-05
-2.60561e-06
3.55446e-05
-2.99116e-06
4.11249e-05
-3.50952e-06
4.58749e-05
-3.99911e-06
4.95446e-05
-4.46993e-06
5.21438e-05
-4.89617e-06
5.37051e-05
-5.26108e-06
5.40571e-05
-5.56551e-06
5.33546e-05
-5.76087e-06
5.16828e-05
-5.82942e-06
4.9145e-05
-5.76208e-06
4.58637e-05
-5.55724e-06
4.19736e-05
-5.21586e-06
3.76158e-05
-4.74424e-06
3.29329e-05
-4.15502e-06
2.80639e-05
-3.46593e-06
2.31618e-05
-2.72481e-06
1.83354e-05
-1.92185e-06
1.36761e-05
-1.07759e-06
9.27573e-06
-2.35121e-07
5.19724e-06
5.94674e-07
1.4849e-06
1.39017e-06
-1.82592e-06
2.12216e-06
-4.76301e-06
2.77713e-06
-7.22746e-06
3.34986e-06
-9.33574e-06
3.82882e-06
-1.09579e-05
4.2326e-06
-1.2126e-05
4.54835e-06
-1.28864e-05
4.78158e-06
-1.32677e-05
4.94034e-06
-1.32606e-05
5.01417e-06
-1.29263e-05
5.05122e-06
-1.2287e-05
5.04382e-06
-1.13672e-05
5.00552e-06
-1.01955e-05
4.95106e-06
-8.80208e-06
4.89176e-06
-7.21961e-06
4.83633e-06
-5.48296e-06
4.79043e-06
-3.62878e-06
4.75595e-06
-1.69508e-06
4.73398e-06
4.08915e-06
3.54421e-06
-5.21409e-06
7.55921e-06
-6.05525e-06
1.13801e-05
-6.11713e-06
1.48834e-05
-6.10815e-06
1.79437e-05
-6.05081e-06
2.03877e-05
-5.95477e-06
2.21798e-05
-5.79136e-06
2.32482e-05
-5.53715e-06
2.35698e-05
-5.21743e-06
2.31301e-05
-4.82159e-06
2.19224e-05
-4.35765e-06
1.99943e-05
-3.83212e-06
1.74338e-05
-3.26789e-06
1.43409e-05
-2.66843e-06
1.08064e-05
-2.02291e-06
6.92954e-06
-1.33987e-06
2.80998e-06
-6.25561e-07
-1.43534e-06
9.01777e-08
-5.73406e-06
8.33077e-07
-9.83552e-06
1.37643e-06
-1.3724e-05
1.9659e-06
-1.73428e-05
2.54098e-06
-2.06346e-05
3.05732e-06
-2.35364e-05
3.49714e-06
-2.59979e-05
3.85145e-06
-2.79927e-05
4.1167e-06
-2.95071e-05
4.29218e-06
-3.05329e-05
4.37675e-06
-3.10815e-05
4.37778e-06
-3.11528e-05
4.30373e-06
-3.07652e-05
4.16078e-06
-2.99408e-05
3.95745e-06
-2.87053e-05
3.7049e-06
-2.71201e-05
3.42877e-06
-2.52131e-05
3.144e-06
-2.30296e-05
2.86029e-06
-2.0612e-05
2.58799e-06
-1.79915e-05
2.33059e-06
-1.5196e-05
2.09605e-06
-1.22528e-05
1.89264e-06
-9.19003e-06
1.72688e-06
-6.03694e-06
1.60189e-06
-2.82521e-06
1.52119e-06
1.26349e-06
4.99745e-07
-5.71333e-06
1.01895e-06
-6.57321e-06
1.42575e-06
-6.52291e-06
1.61913e-06
-6.2997e-06
1.48883e-06
-5.92004e-06
9.30545e-07
-5.39736e-06
-1.16089e-07
-4.74393e-06
-1.64837e-06
-4.00352e-06
-3.67948e-06
-3.18578e-06
-6.17345e-06
-2.32756e-06
-9.1195e-06
-1.41175e-06
-1.25045e-05
-4.47318e-07
-1.62073e-05
4.34836e-07
-2.01026e-05
1.22686e-06
-2.41501e-05
2.02384e-06
-2.82703e-05
2.77887e-06
-3.23663e-05
3.46887e-06
-3.6398e-05
4.12118e-06
-4.01486e-05
4.58357e-06
-4.37168e-05
4.94453e-06
-4.69683e-05
5.217e-06
-4.98141e-05
5.3867e-06
-5.21992e-05
5.44314e-06
-5.40824e-05
5.38105e-06
-5.54323e-05
5.20145e-06
-5.62266e-05
4.91106e-06
-5.64526e-05
4.51873e-06
-5.61103e-05
4.03551e-06
-5.52081e-05
3.47635e-06
-5.37594e-05
2.85537e-06
-5.17941e-05
2.19591e-06
-4.93453e-05
1.50925e-06
-4.64118e-05
7.72082e-07
-4.30826e-05
1.0014e-07
-3.94172e-05
-5.21075e-07
-3.5473e-05
-1.0836e-06
-3.13336e-05
-1.55114e-06
-2.70321e-05
-1.97086e-06
-2.26048e-05
-2.33143e-06
-1.80824e-05
-2.63019e-06
-1.34887e-05
-2.86752e-06
-8.84195e-06
-3.04568e-06
-4.15793e-06
-3.16375e-06
-2.89478e-06
-2.13861e-06
-3.57358e-06
-4.58587e-06
-4.12394e-06
-7.08205e-06
-4.0245e-06
-9.74058e-06
-3.63863e-06
-1.26233e-05
-3.03685e-06
-1.5784e-05
-2.23683e-06
-1.92589e-05
-1.26801e-06
-2.30388e-05
-2.22825e-07
-2.70473e-05
8.22749e-07
-3.11742e-05
1.79871e-06
-3.54167e-05
2.82954e-06
-3.96939e-05
3.82838e-06
-4.40012e-05
4.74109e-06
-4.83232e-05
5.54803e-06
-5.25575e-05
6.25715e-06
-5.66371e-05
6.85691e-06
-6.05042e-05
7.33441e-06
-6.40716e-05
7.68764e-06
-6.73548e-05
7.86677e-06
-7.03069e-05
7.8966e-06
-7.28661e-05
7.77606e-06
-7.49808e-05
7.50121e-06
-7.66086e-05
7.0714e-06
-7.77171e-05
6.49007e-06
-7.82794e-05
5.76412e-06
-7.82731e-05
4.9049e-06
-7.76803e-05
3.92656e-06
-7.64904e-05
2.8466e-06
-7.47014e-05
1.68847e-06
-7.22991e-05
4.54087e-07
-6.93096e-05
-7.92571e-07
-6.57678e-05
-2.03147e-06
-6.17387e-05
-3.25571e-06
-5.72294e-05
-4.40798e-06
-5.22897e-05
-5.45983e-06
-4.69863e-05
-6.3864e-06
-4.13693e-05
-7.16789e-06
-3.55366e-05
-7.80362e-06
-2.95719e-05
-8.29653e-06
-2.3543e-05
-8.65972e-06
-1.74962e-05
-8.91501e-06
-1.14519e-05
-9.09052e-06
-5.40779e-06
-9.20843e-06
-8.30265e-06
-4.28374e-06
7.11627e-07
-9.08459e-06
6.79482e-07
-1.3924e-05
8.17908e-07
-1.89022e-05
1.34221e-06
-2.39856e-05
2.04689e-06
-2.91575e-05
2.93522e-06
-3.43312e-05
3.90624e-06
-3.94367e-05
4.88245e-06
-4.44255e-05
5.81073e-06
-4.92991e-05
6.67077e-06
-5.3958e-05
7.48648e-06
-5.83715e-05
8.23977e-06
-6.25409e-05
8.90914e-06
-6.6471e-05
9.47719e-06
-7.01435e-05
9.92872e-06
-7.35411e-05
1.0253e-05
-7.66462e-05
1.04381e-05
-7.94334e-05
1.04737e-05
-8.19116e-05
1.03447e-05
-8.40614e-05
1.0046e-05
-8.58561e-05
9.57044e-06
-8.72718e-05
8.91623e-06
-8.82834e-05
8.08285e-06
-8.88678e-05
7.07456e-06
-8.90018e-05
5.89822e-06
-8.86623e-05
4.56543e-06
-8.78261e-05
3.09084e-06
-8.64713e-05
1.49261e-06
-8.45745e-05
-2.07342e-07
-8.21229e-05
-1.99673e-06
-7.90931e-05
-3.8214e-06
-7.54702e-05
-5.65335e-06
-7.12651e-05
-7.45969e-06
-6.64733e-05
-9.1987e-06
-6.1107e-05
-1.08251e-05
-5.52e-05
-1.22927e-05
-4.88099e-05
-1.35575e-05
-4.20317e-05
-1.45817e-05
-3.49852e-05
-1.53431e-05
-2.77997e-05
-1.58454e-05
-2.05943e-05
-1.61206e-05
-1.34445e-05
-1.62403e-05
-6.36423e-06
-1.62889e-05
-1.46668e-05
-6.00718e-06
6.72032e-06
-1.26445e-05
7.31939e-06
-1.93051e-05
7.48124e-06
-2.59402e-05
7.97945e-06
-3.24998e-05
8.60658e-06
-3.87965e-05
9.23209e-06
-4.46886e-05
9.79852e-06
-5.00962e-05
1.02892e-05
-5.50002e-05
1.07136e-05
-5.94255e-05
1.10944e-05
-6.33877e-05
1.14469e-05
-6.69216e-05
1.17717e-05
-7.0069e-05
1.20554e-05
-7.28726e-05
1.22796e-05
-7.53665e-05
1.24217e-05
-7.75792e-05
1.2464e-05
-7.95291e-05
1.23865e-05
-8.12286e-05
1.21714e-05
-8.26914e-05
1.18069e-05
-8.39232e-05
1.12769e-05
-8.49186e-05
1.05653e-05
-8.56728e-05
9.66939e-06
-8.61745e-05
8.58439e-06
-8.64117e-05
7.31179e-06
-8.63674e-05
5.85468e-06
-8.60229e-05
4.22164e-06
-8.53546e-05
2.42373e-06
-8.43456e-05
4.85092e-07
-8.29405e-05
-1.61072e-06
-8.11205e-05
-3.81519e-06
-7.88357e-05
-6.10461e-06
-7.60366e-05
-8.45109e-06
-7.26729e-05
-1.0822e-05
-6.86921e-05
-1.31783e-05
-6.40444e-05
-1.54717e-05
-5.86937e-05
-1.76424e-05
-5.26315e-05
-1.96189e-05
-4.58919e-05
-2.13205e-05
-3.85689e-05
-2.26656e-05
-3.0817e-05
-2.35967e-05
-2.28525e-05
-2.40849e-05
-1.48755e-05
-2.4217e-05
-7.043e-06
-2.41216e-05
-2.17099e-05
-7.45408e-06
1.41757e-05
-1.56286e-05
1.5496e-05
-2.36976e-05
1.55524e-05
-3.13291e-05
1.56122e-05
-3.83463e-05
1.5624e-05
-4.45561e-05
1.54424e-05
-4.98923e-05
1.51349e-05
-5.43702e-05
1.47663e-05
-5.80665e-05
1.44092e-05
-6.10884e-05
1.41152e-05
-6.35446e-05
1.39021e-05
-6.55357e-05
1.37612e-05
-6.71457e-05
1.36642e-05
-6.84472e-05
1.35795e-05
-6.94974e-05
1.34709e-05
-7.03463e-05
1.33106e-05
-7.10282e-05
1.30668e-05
-7.15732e-05
1.2714e-05
-7.20007e-05
1.22336e-05
-7.23279e-05
1.16026e-05
-7.25625e-05
1.07995e-05
-7.27121e-05
9.81778e-06
-7.27758e-05
8.64807e-06
-7.27526e-05
7.28862e-06
-7.26347e-05
5.73785e-06
-7.24126e-05
4.00041e-06
-7.20678e-05
2.0806e-06
-7.159e-05
8.90674e-09
-7.09271e-05
-2.27123e-06
-7.00555e-05
-4.68474e-06
-6.89202e-05
-7.23744e-06
-6.74573e-05
-9.91197e-06
-6.55872e-05
-1.26899e-05
-6.32167e-05
-1.55469e-05
-6.02372e-05
-1.84494e-05
-5.65296e-05
-2.13484e-05
-5.19774e-05
-2.41699e-05
-4.64848e-05
-2.68118e-05
-4.00165e-05
-2.91333e-05
-3.26224e-05
-3.099e-05
-2.45288e-05
-3.21784e-05
-1.60221e-05
-3.27234e-05
-7.59758e-06
-3.25467e-05
-2.93076e-05
-8.91173e-06
2.30882e-05
-1.83071e-05
2.48928e-05
-2.7156e-05
2.44026e-05
-3.47071e-05
2.31641e-05
-4.09309e-05
2.18486e-05
-4.57909e-05
2.03035e-05
-4.94431e-05
1.87876e-05
-5.20698e-05
1.73926e-05
-5.38681e-05
1.62076e-05
-5.50205e-05
1.52671e-05
-5.56834e-05
1.45644e-05
-5.59839e-05
1.40601e-05
-5.60163e-05
1.36955e-05
-5.58567e-05
1.34176e-05
-5.55597e-05
1.31728e-05
-5.51751e-05
1.29231e-05
-5.4735e-05
1.26253e-05
-5.42725e-05
1.22488e-05
-5.38061e-05
1.1767e-05
-5.33573e-05
1.11525e-05
-5.29391e-05
1.03816e-05
-5.25672e-05
9.4451e-06
-5.22483e-05
8.3299e-06
-5.19917e-05
7.03242e-06
-5.17995e-05
5.54735e-06
-5.16743e-05
3.87644e-06
-5.16113e-05
2.01951e-06
-5.15945e-05
-6.31829e-09
-5.16186e-05
-2.24486e-06
-5.1652e-05
-4.6494e-06
-5.1655e-05
-7.23195e-06
-5.15738e-05
-9.99104e-06
-5.13329e-05
-1.29285e-05
-5.08335e-05
-1.60443e-05
-4.99454e-05
-1.93358e-05
-4.85018e-05
-2.27904e-05
-4.63018e-05
-2.63688e-05
-4.31105e-05
-3.0002e-05
-3.87015e-05
-3.35421e-05
-3.28677e-05
-3.68231e-05
-2.56525e-05
-3.93941e-05
-1.71519e-05
-4.12241e-05
-8.31313e-06
-4.13864e-05
-3.76211e-05
-1.06619e-05
3.37503e-05
-2.06384e-05
3.48704e-05
-2.91987e-05
3.29638e-05
-3.52999e-05
2.92662e-05
-3.9488e-05
2.6038e-05
-4.20362e-05
2.2853e-05
-4.33719e-05
2.01243e-05
-4.38097e-05
1.78303e-05
-4.3611e-05
1.60093e-05
-4.29727e-05
1.46285e-05
-4.20418e-05
1.36332e-05
-4.0926e-05
1.29423e-05
-3.9696e-05
1.24643e-05
-3.84072e-05
1.21261e-05
-3.70947e-05
1.18595e-05
-3.57949e-05
1.16201e-05
-3.45282e-05
1.13581e-05
-3.3323e-05
1.10409e-05
-3.21922e-05
1.06367e-05
-3.1159e-05
1.01182e-05
-3.0237e-05
9.46088e-06
-2.94473e-05
8.65504e-06
-2.88019e-05
7.68602e-06
-2.8319e-05
6.55012e-06
-2.80096e-05
5.24008e-06
-2.78881e-05
3.75617e-06
-2.79617e-05
2.09534e-06
-2.82278e-05
2.6117e-07
-2.87037e-05
-1.76679e-06
-2.93751e-05
-3.97656e-06
-3.02248e-05
-6.38022e-06
-3.12251e-05
-8.98925e-06
-3.23282e-05
-1.18236e-05
-3.3463e-05
-1.49081e-05
-3.45234e-05
-1.82743e-05
-3.53536e-05
-2.1959e-05
-3.57389e-05
-2.59833e-05
-3.53751e-05
-3.0365e-05
-3.38939e-05
-3.50237e-05
-3.07862e-05
-3.99307e-05
-2.57505e-05
-4.44309e-05
-1.82435e-05
-4.87314e-05
-9.50442e-06
-5.01269e-05
-4.71258e-05
-1.27879e-05
4.65381e-05
-2.21133e-05
4.41971e-05
-2.89007e-05
3.97518e-05
-3.22508e-05
3.26176e-05
-3.35816e-05
2.73704e-05
-3.34654e-05
2.27381e-05
-3.24912e-05
1.91509e-05
-3.09877e-05
1.63267e-05
-2.91838e-05
1.42061e-05
-2.7225e-05
1.26692e-05
-2.51989e-05
1.16069e-05
-2.31634e-05
1.09046e-05
-2.11477e-05
1.04479e-05
-1.91766e-05
1.01522e-05
-1.72597e-05
9.94266e-06
-1.54172e-05
9.77467e-06
-1.3656e-05
9.59725e-06
-1.19982e-05
9.38045e-06
-1.04506e-05
9.09036e-06
-9.03722e-06
8.70373e-06
-7.77106e-06
8.19652e-06
-6.67677e-06
7.56046e-06
-5.77045e-06
6.78136e-06
-5.07656e-06
5.85656e-06
-4.61318e-06
4.77856e-06
-4.40377e-06
3.5475e-06
-4.46504e-06
2.15841e-06
-4.8141e-06
6.10915e-07
-5.47265e-06
-1.10665e-06
-6.45226e-06
-2.99631e-06
-7.75806e-06
-5.07306e-06
-9.39146e-06
-7.35521e-06
-1.13414e-05
-9.87276e-06
-1.35807e-05
-1.26682e-05
-1.60561e-05
-1.57986e-05
-1.86706e-05
-1.93441e-05
-2.12692e-05
-2.33852e-05
-2.35845e-05
-2.80496e-05
-2.52393e-05
-3.33701e-05
-2.55502e-05
-3.962e-05
-2.38947e-05
-4.60879e-05
-1.8782e-05
-5.38447e-05
-1.12658e-05
-5.76447e-05
-5.83921e-05
-1.49088e-05
6.14468e-05
-2.17907e-05
5.10803e-05
-2.52541e-05
4.32156e-05
-2.51076e-05
3.24722e-05
-2.3468e-05
2.57322e-05
-2.10122e-05
2.0283e-05
-1.82718e-05
1.64112e-05
-1.54635e-05
1.35182e-05
-1.27071e-05
1.14504e-05
-1.00503e-05
1.00118e-05
-7.50645e-06
9.06319e-06
-5.07639e-06
8.47241e-06
-2.7474e-06
8.11878e-06
-5.1613e-07
7.91828e-06
1.62882e-06
7.79846e-06
3.68046e-06
7.72036e-06
5.64178e-06
7.63705e-06
7.49558e-06
7.52423e-06
9.23867e-06
7.34881e-06
1.0847e-05
7.09414e-06
1.23073e-05
6.738e-06
1.35927e-05
6.27447e-06
1.46843e-05
5.69124e-06
1.55536e-05
4.98709e-06
1.61781e-05
4.15546e-06
1.65285e-05
3.19708e-06
1.65814e-05
2.10672e-06
1.63084e-05
8.83808e-07
1.5683e-05
-4.80273e-07
1.46774e-05
-1.99084e-06
1.32688e-05
-3.66377e-06
1.14319e-05
-5.51844e-06
9.14708e-06
-7.58769e-06
6.399e-06
-9.92008e-06
3.18347e-06
-1.25835e-05
-4.78759e-07
-1.56818e-05
-4.53166e-06
-1.93334e-05
-8.8275e-06
-2.37538e-05
-1.31168e-05
-2.90824e-05
-1.67809e-05
-3.59563e-05
-1.90957e-05
-4.37749e-05
-1.78021e-05
-5.5139e-05
-1.31774e-05
-6.22711e-05
-7.157e-05
-1.6021e-05
7.74678e-05
-1.85911e-05
5.36515e-05
-1.76647e-05
4.22895e-05
-1.41525e-05
2.89606e-05
-1.01469e-05
2.17276e-05
-6.16117e-06
1.62975e-05
-2.47118e-06
1.27217e-05
8.86142e-07
1.01604e-05
3.92898e-06
8.40826e-06
6.70455e-06
7.23556e-06
9.26816e-06
6.50008e-06
1.16643e-05
6.07452e-06
1.39353e-05
5.84834e-06
1.61029e-05
5.74832e-06
1.81901e-05
5.71246e-06
2.0198e-05
5.7101e-06
2.2134e-05
5.70254e-06
2.39846e-05
5.67137e-06
2.57462e-05
5.5888e-06
2.73955e-05
5.44332e-06
2.89182e-05
5.21669e-06
3.02867e-05
4.90516e-06
3.148e-05
4.49904e-06
3.24682e-05
3.99834e-06
3.32266e-05
3.39799e-06
3.37238e-05
2.69938e-06
3.3933e-05
1.89814e-06
3.38219e-05
9.94341e-07
3.33608e-05
-1.86594e-08
3.2515e-05
-1.14555e-06
3.12518e-05
-2.40026e-06
2.95327e-05
-3.79971e-06
2.73181e-05
-5.37322e-06
2.45638e-05
-7.16599e-06
2.12221e-05
-9.24245e-06
1.72483e-05
-1.17081e-05
1.26013e-05
-1.46877e-05
7.28427e-06
-1.84368e-05
1.35343e-06
-2.31533e-05
-4.86445e-06
-2.97388e-05
-1.08198e-05
-3.78214e-05
-1.42137e-05
-5.17458e-05
-1.41614e-05
-6.23251e-05
-8.57318e-05
-1.4649e-05
9.21169e-05
-1.17518e-05
5.07551e-05
-6.34367e-06
3.68812e-05
-4.06667e-07
2.30239e-05
4.911e-06
1.64106e-05
9.44721e-06
1.17613e-05
1.32771e-05
8.89231e-06
1.653e-05
6.90713e-06
1.93378e-05
5.60101e-06
2.18145e-05
4.75805e-06
2.40585e-05
4.25682e-06
2.61396e-05
3.99198e-06
2.81139e-05
3.87505e-06
3.00104e-05
3.84987e-06
3.18552e-05
3.86912e-06
3.36518e-05
3.91129e-06
3.54083e-05
3.94763e-06
3.71126e-05
3.9651e-06
3.87595e-05
3.94328e-06
4.03267e-05
3.87458e-06
4.17989e-05
3.74555e-06
4.31489e-05
3.55414e-06
4.43553e-05
3.29343e-06
4.53888e-05
2.96413e-06
4.62246e-05
2.56272e-06
4.68324e-05
2.09087e-06
4.71855e-05
1.54548e-06
4.72521e-05
9.27127e-07
4.70026e-05
2.31171e-07
4.64021e-05
-5.45705e-07
4.54158e-05
-1.41372e-06
4.40014e-05
-2.38572e-06
4.21122e-05
-3.48413e-06
3.96909e-05
-4.74488e-06
3.66674e-05
-6.21964e-06
3.29573e-05
-7.99785e-06
2.84551e-05
-1.01867e-05
2.30446e-05
-1.30264e-05
1.66042e-05
-1.67145e-05
9.08876e-06
-2.22236e-05
7.6458e-07
-2.94989e-05
-7.26268e-06
-4.37192e-05
-1.27104e-05
-5.6879e-05
-9.84426e-05
-9.3195e-06
0.000101437
-1.08194e-06
4.2518e-05
7.71498e-06
2.8084e-05
1.46658e-05
1.60731e-05
2.01468e-05
1.093e-05
2.43844e-05
7.52362e-06
2.77478e-05
5.52938e-06
3.04646e-05
4.18992e-06
3.27286e-05
3.33747e-06
3.46806e-05
2.80521e-06
3.64332e-05
2.50489e-06
3.80619e-05
2.36218e-06
3.96223e-05
2.31578e-06
4.11424e-05
2.32832e-06
4.2645e-05
2.36787e-06
4.41334e-05
2.42113e-06
4.56134e-05
2.46907e-06
4.70735e-05
2.50329e-06
4.85073e-05
2.51068e-06
4.98939e-05
2.48664e-06
5.12179e-05
2.42234e-06
5.24542e-05
2.31685e-06
5.35825e-05
2.16572e-06
5.4576e-05
1.96984e-06
5.54122e-05
1.72697e-06
5.60638e-05
1.43864e-06
5.65068e-05
1.10286e-06
5.67129e-05
7.20395e-07
5.6656e-05
2.88347e-07
5.63051e-05
-1.95252e-07
5.56285e-05
-7.36891e-07
5.45876e-05
-1.34508e-06
5.3138e-05
-2.03463e-06
5.12233e-05
-2.83015e-06
4.87702e-05
-3.76709e-06
4.56821e-05
-4.90961e-06
4.18295e-05
-6.33519e-06
3.70314e-05
-8.22829e-06
3.10648e-05
-1.07493e-05
2.35582e-05
-1.47173e-05
1.43228e-05
-2.0265e-05
3.10001e-06
-3.24969e-05
-7.38176e-06
-4.63985e-05
-0.000105825
8.09783e-07
0.000100627
1.27801e-05
3.0548e-05
2.29779e-05
1.78861e-05
2.9524e-05
9.52696e-06
3.4257e-05
6.19715e-06
3.76506e-05
4.12985e-06
4.02198e-05
2.96048e-06
4.22118e-05
2.19751e-06
4.3826e-05
1.72361e-06
4.51951e-05
1.43529e-06
4.64219e-05
1.27866e-06
4.75725e-05
1.21072e-06
4.86933e-05
1.19615e-06
4.9806e-05
1.2144e-06
5.09282e-05
1.24699e-06
5.2061e-05
1.28696e-06
5.3208e-05
1.32325e-06
5.43584e-05
1.35158e-06
5.55055e-05
1.36453e-06
5.66312e-05
1.35983e-06
5.77217e-05
1.3325e-06
5.87555e-05
1.28219e-06
5.97153e-05
1.20643e-06
6.05786e-05
1.10586e-06
6.13267e-05
9.79231e-07
6.19373e-05
8.27554e-07
6.23908e-05
6.49688e-07
6.26645e-05
4.4624e-07
6.27375e-05
2.15649e-07
6.25851e-05
-4.31384e-08
6.21821e-05
-3.33628e-07
6.14976e-05
-6.60664e-07
6.04955e-05
-1.03249e-06
5.91287e-05
-1.46331e-06
5.73346e-05
-1.97342e-06
5.50259e-05
-2.60071e-06
5.2082e-05
-3.39215e-06
4.83143e-05
-4.46057e-06
4.34808e-05
-5.91694e-06
3.70498e-05
-8.28653e-06
2.8599e-05
-1.18154e-05
1.63917e-05
-2.02901e-05
2.65971e-06
-3.26676e-05
-0.000103165
1.51296e-05
8.54974e-05
2.84662e-05
1.72116e-05
3.77767e-05
8.57573e-06
4.29072e-05
4.39649e-06
4.63717e-05
2.7327e-06
4.87127e-05
1.78852e-06
5.04173e-05
1.25599e-06
5.16941e-05
9.20319e-07
5.27047e-05
7.13286e-07
5.35508e-05
5.88637e-07
5.43094e-05
5.2049e-07
5.50287e-05
4.90664e-07
5.57419e-05
4.83899e-07
5.64637e-05
4.91815e-07
5.72057e-05
5.06091e-07
5.79678e-05
5.23799e-07
5.8752e-05
5.40019e-07
5.95496e-05
5.53042e-07
6.03551e-05
5.59796e-07
6.11548e-05
5.59281e-07
6.19383e-05
5.49464e-07
6.26898e-05
5.30118e-07
6.33963e-05
5.00239e-07
6.40416e-05
4.60069e-07
6.46121e-05
4.09051e-07
6.50917e-05
3.47603e-07
6.54665e-05
2.75185e-07
6.57204e-05
1.92062e-07
6.58387e-05
9.75898e-08
6.58042e-05
-8.78314e-09
6.55993e-05
-1.28537e-07
6.52026e-05
-2.6391e-07
6.45885e-05
-4.18423e-07
6.37238e-05
-5.98436e-07
6.2563e-05
-8.12897e-07
6.10409e-05
-1.07846e-06
5.90658e-05
-1.41773e-06
5.64849e-05
-1.87964e-06
5.30967e-05
-2.52958e-06
4.83998e-05
-3.58985e-06
4.19054e-05
-5.32191e-06
3.11494e-05
-9.53441e-06
1.65681e-05
-1.8087e-05
-8.65974e-05
3.28841e-05
5.26133e-05
4.43627e-05
5.73329e-06
5.06934e-05
2.24521e-06
5.39259e-05
1.16406e-06
5.59724e-05
6.86173e-07
5.73102e-05
4.50309e-07
5.82548e-05
3.11387e-07
5.8947e-05
2.27897e-07
5.94851e-05
1.75424e-07
5.99299e-05
1.43425e-07
6.03261e-05
1.24582e-07
6.07012e-05
1.14987e-07
6.10747e-05
1.11143e-07
6.14547e-05
1.1121e-07
6.18486e-05
1.13062e-07
6.22559e-05
1.15833e-07
6.26781e-05
1.18511e-07
6.31099e-05
1.20523e-07
6.35487e-05
1.21478e-07
6.39866e-05
1.20823e-07
6.44181e-05
1.18355e-07
6.4834e-05
1.13756e-07
6.52275e-05
1.07003e-07
6.55893e-05
9.79667e-08
6.59119e-05
8.66194e-08
6.61864e-05
7.29303e-08
6.6405e-05
5.68248e-08
6.65586e-05
3.82614e-08
6.66393e-05
1.71695e-08
6.66371e-05
-6.73328e-09
6.65425e-05
-3.37255e-08
6.63431e-05
-6.45135e-08
6.60246e-05
-9.98625e-08
6.55678e-05
-1.41475e-07
6.49462e-05
-1.91534e-07
6.41218e-05
-2.54006e-07
6.3039e-05
-3.35375e-07
6.16054e-05
-4.46021e-07
5.96857e-05
-6.1052e-07
5.69632e-05
-8.67504e-07
5.29974e-05
-1.35671e-06
4.58974e-05
-2.43475e-06
3.37446e-05
-5.93473e-06
-5.28529e-05
5.26133e-05
5.83469e-05
6.05922e-05
6.17561e-05
6.24421e-05
6.28922e-05
6.32037e-05
6.34316e-05
6.36071e-05
6.37502e-05
6.38749e-05
6.39897e-05
6.41013e-05
6.42123e-05
6.43257e-05
6.44412e-05
6.45599e-05
6.46802e-05
6.48019e-05
6.49225e-05
6.5041e-05
6.51546e-05
6.52617e-05
6.53595e-05
6.54462e-05
6.55191e-05
6.5576e-05
6.56142e-05
6.56315e-05
6.56248e-05
6.55911e-05
6.55266e-05
6.54267e-05
6.52853e-05
6.50936e-05
6.48397e-05
6.45041e-05
6.4058e-05
6.34472e-05
6.25796e-05
6.12227e-05
5.87878e-05
5.28529e-05
)
;

boundaryField
{
    movingWall
    {
        type            calculated;
        value           uniform 0;
    }
    fixedWalls
    {
        type            calculated;
        value           uniform 0;
    }
    frontAndBack
    {
        type            empty;
        value           nonuniform 0();
    }
    defaultFaces
    {
        type            empty;
        value           nonuniform 0();
    }
}


// ************************************************************************* //
