/*--------------------------------*- C++ -*----------------------------------*\
  =========                 |
  \\      /  F ield         | OpenFOAM: The Open Source CFD Toolbox
   \\    /   O peration     | Website:  https://openfoam.org
    \\  /    A nd           | Version:  7
     \\/     M anipulation  |
\*---------------------------------------------------------------------------*/
FoamFile
{
    version     2.0;
    format      ascii;
    class       surfaceScalarField;
    location    "0.23";
    object      phi;
}
// * * * * * * * * * * * * * * * * * * * * * * * * * * * * * * * * * * * * * //

dimensions      [0 3 -1 0 0 0 0];

internalField   nonuniform List<scalar> 
3784
(
-0.0023679
0.0023679
-0.00222785
-0.000140052
-0.000929532
-0.00129832
-0.000183735
-0.000745798
0.000105669
-0.000289403
0.000569059
-0.000463391
0.000944741
-0.000375681
0.000886628
5.81132e-05
0.000243869
0.000642758
-0.000647048
0.000890917
-0.00106772
0.000420673
-0.00031656
-0.000751158
0.00114678
-0.00146334
0.00212308
-0.000976303
0.00187052
0.000252565
0.00063523
0.00123529
-0.000581233
0.00121646
-0.000995196
0.000413962
-0.000373139
-0.000622056
0.000860183
-0.00123332
0.00116749
-0.000307304
2.13574e-05
0.00114613
-0.00133593
0.00135728
-0.00159281
0.000256886
-0.000405188
-0.00118763
0.00120039
-0.00160558
0.00193975
-0.00073936
0.00128813
0.000651618
-0.000146438
0.00143457
-0.00118735
0.00104091
-0.000897298
-0.00029005
0.000401665
-0.00129896
0.00145603
-0.00105437
0.00111925
0.00033678
-0.000365959
0.00148521
-0.00147459
0.00110863
-0.000910195
-0.000564397
0.00064664
-0.00155683
0.00165945
-0.00101281
0.00146283
0.000196617
0.000181784
0.00128105
-0.00113561
0.00131739
-0.0011702
3.45966e-05
-0.0011702
-0.00328285
0.00565075
-0.00326848
-0.00015442
-0.00102363
-0.00354316
-0.000281293
-0.00148814
-8.48989e-05
-0.0004858
0.000581695
-0.00112998
0.00102716
-0.000821147
0.000881855
0.000203422
0.000227182
0.00129743
-0.000521982
0.00164008
-0.0011603
0.00105899
-0.000582877
-0.00132859
0.00143842
-0.00348463
0.00241115
-0.00194903
0.00172222
0.000941487
0.000675626
0.00228188
-0.000572699
0.00246479
-0.00143922
0.00128049
-0.000546407
-0.00151487
0.00117103
-0.00295076
0.00121289
-0.000349159
-2.35938e-05
0.00238261
-0.00112437
0.00245806
-0.00178864
0.000921161
-0.00066289
-0.00231338
0.00161232
-0.00388078
0.00214968
-0.00127672
0.00114797
0.00165333
4.20704e-06
0.00257833
-0.00125151
0.00229663
-0.0013485
-0.000193065
0.000567747
-0.00321521
0.00179234
-0.00227896
0.00097216
0.00115696
-0.000293213
0.00275058
-0.00147815
0.00229357
-0.00128027
-0.000762271
0.000900247
-0.00373736
0.00206093
-0.0021735
0.00130025
0.000957302
0.000220553
0.00236075
-0.00104358
0.00258152
-0.00162234
0.00061336
-0.00279254
-0.00310713
0.00875788
-0.00357785
0.000316299
-0.00147911
-0.00564191
-0.00034334
-0.00262391
-3.12941e-06
-0.000826007
0.000637726
-0.00177084
0.00113376
-0.00131718
0.000982756
0.000354422
0.000229821
0.00205037
-0.000674633
0.00254453
-0.00142292
0.00180728
-0.000763459
-0.00198804
0.00149211
-0.0057402
0.00252007
-0.00297699
0.00147511
0.00198644
2.21429e-05
0.00373484
-0.00124419
0.00373112
-0.00171576
0.00175206
-0.000297789
-0.00293284
0.00166075
-0.0049093
0.00169092
-0.000379324
0.000359516
0.00371401
-0.0010099
0.00382748
-0.00197139
0.00188265
-0.000847383
-0.00343738
0.00171064
-0.00643881
0.00240304
-0.00196911
0.00115766
0.00289871
-0.000369333
0.00410532
-0.00173469
0.00366199
-0.00160185
-0.000325902
0.000690818
-0.00550788
0.002141
-0.00372914
0.00125611
0.00204185
-0.000292821
0.00429952
-0.00175781
0.00375856
-0.00163018
-0.000889906
0.000801647
-0.00616918
0.00229168
-0.00366353
0.00145626
0.00179272
-1.85151e-05
0.00383552
-0.00151567
0.00407868
-0.00196925
0.00106693
-0.00476179
-0.00242029
0.0111782
-0.0032679
0.00116392
-0.00194783
-0.00696198
-0.000780179
-0.00379156
-0.000184257
-0.00142193
0.000368038
-0.00232313
0.000725052
-0.00167419
0.000585916
0.000493558
6.46472e-05
0.00257164
-0.000491354
0.00310053
-0.000942476
0.0022584
-0.00049402
-0.0024365
0.00104452
-0.00727874
0.00163592
-0.00356839
0.000636316
0.00298605
-0.000502614
0.00487377
-0.00123631
0.00446482
-0.00122536
0.00174111
3.71669e-05
-0.00419537
0.00138954
-0.00626167
0.00139102
-0.000380809
0.000588743
0.00451629
-0.00033032
0.00474654
-0.00117313
0.00272545
-0.000590971
-0.00401954
0.00116139
-0.00819117
0.00163667
-0.00244439
0.000655795
0.00387959
-0.000464608
0.00522572
-0.00133441
0.00453179
-0.00112774
-0.000532571
0.000514774
-0.0071504
0.00150165
-0.00471602
0.000886611
0.00265689
-0.00010629
0.00529242
-0.00112013
0.0047724
-0.00117195
-0.000838085
0.000449639
-0.00779077
0.00154212
-0.00475601
0.000895646
0.00243919
-0.000205079
0.00493624
-0.00117223
0.00504583
-0.00140095
0.00129565
-0.00616274
-0.00173172
0.0129099
-0.00286951
0.00230171
-0.00231041
-0.00752108
-0.00126595
-0.00483602
-0.000485615
-0.00220227
-4.81678e-05
-0.00276058
0.000172265
-0.00189462
9.17397e-05
0.000574084
-0.000139617
0.00280299
-0.000343232
0.00330415
-0.00047459
0.00238976
-0.00023961
-0.00267148
0.000508545
-0.0080269
0.000728032
-0.00378788
-9.43025e-06
0.00372351
-0.000728259
0.0055926
-0.000994359
0.00473092
-0.000656248
0.00140299
0.000371837
-0.00522346
0.00104652
-0.00693636
0.000979769
-0.000314056
0.000660089
0.00483598
0.000175667
0.00523096
-0.000426548
0.00332767
-0.000323148
-0.00412294
0.000535801
-0.00905013
0.000784957
-0.00269355
0.00019887
0.00446568
-0.00045963
0.00588422
-0.000848927
0.00492109
-0.000626454
-0.000755044
0.000321273
-0.00809812
0.00084274
-0.00523749
0.000481293
0.00301834
3.30566e-05
0.00574065
-0.000440059
0.00524552
-0.000666973
-0.000611171
6.71852e-05
-0.00852493
0.00075233
-0.00544115
0.000352435
0.00283909
-0.000275944
0.00556462
-0.000706381
0.00547627
-0.000799402
0.00138868
-0.00696215
-0.00095037
0.0138603
-0.0022763
0.00362764
-0.00247251
-0.00732488
-0.00169555
-0.00561297
-0.000888769
-0.00300905
-0.000577536
-0.00307181
-0.000480318
-0.00199184
-0.000466078
0.000559844
-0.000353242
0.00269016
-0.000203883
0.00315479
-2.87527e-05
0.00221463
-3.42718e-05
-0.00266596
-5.29011e-05
-0.00800827
-0.000128062
-0.00371272
-0.000421393
0.00401684
-0.000599209
0.00577042
-0.000483575
0.00461528
9.008e-06
0.000910411
0.000617082
-0.00583153
0.000592176
-0.00691145
0.000393829
-0.000115709
0.000492528
0.00473728
0.000464681
0.00525881
0.000228188
0.00356416
-6.69662e-05
-0.00382779
-7.75327e-05
-0.00903956
-6.74722e-05
-0.00270361
-0.000186083
0.00458429
-0.000290095
0.00598823
-0.000236114
0.00486711
-0.000111289
-0.000879869
0.000110145
-0.00831956
0.000150061
-0.0052774
8.53684e-05
0.00308303
0.000151274
0.00567475
0.000183757
0.00521303
-0.000147932
-0.000279484
-0.000265241
-0.00840762
-4.43037e-05
-0.00566209
-0.000109787
0.00290457
-0.000211447
0.00566628
-0.000176471
0.00544129
-0.000183813
0.00139602
-0.00714596
-5.65883e-05
0.0139168
-0.00136024
0.00493129
-0.00228051
-0.0064046
-0.00196891
-0.00592458
-0.00131635
-0.0036616
-0.00112587
-0.0032623
-0.00111598
-0.00200173
-0.000953043
0.000396911
-0.000554181
0.0022913
-9.49799e-05
0.00269559
0.000297772
0.00182188
0.000127806
-0.00249599
-0.000561093
-0.00731937
-0.000875298
-0.00339851
-0.000651028
0.00379257
-0.000255949
0.00537533
0.00016674
0.0041926
0.000646982
0.000430172
0.000708217
-0.00589277
4.74155e-05
-0.00625065
-0.000254786
0.000186493
0.000158676
0.00432382
0.000570351
0.00484713
0.00071673
0.00341778
0.00020646
-0.00331752
-0.000585275
-0.00824783
-0.000797236
-0.00249165
-0.000461893
0.00424895
-1.69048e-07
0.0055265
0.000402973
0.00446397
0.000387327
-0.000864222
-9.34722e-05
-0.00783876
-0.000472205
-0.00489867
-0.000267891
0.00287871
0.000245161
0.0051617
0.000696171
0.00476202
0.000367373
4.93144e-05
-0.000488012
-0.00755223
-0.000764514
-0.00538559
-0.000490336
0.00263039
-8.64898e-05
0.00526244
0.000333913
0.00502089
0.000433229
0.0012967
-0.00671273
0.000997016
0.0129198
-6.09523e-06
0.0059344
-0.00161087
-0.00479983
-0.00191871
-0.00561674
-0.00159393
-0.00398639
-0.00156418
-0.00329204
-0.00159138
-0.00197453
-0.0013014
0.00010693
-0.000692381
0.00168227
-4.1026e-05
0.00204423
0.000477066
0.00130378
0.000249283
-0.0022682
-0.000942609
-0.00612748
-0.00145794
-0.00288318
-0.000789377
0.003124
7.61739e-05
0.00450978
0.000701795
0.00356698
0.00113734
-5.37267e-06
0.000618623
-0.00537405
-0.00052266
-0.00510937
-0.00077162
0.000435454
-0.000130057
0.00368226
0.000630016
0.00408706
0.00111405
0.00293375
0.000484832
-0.0026883
-0.000916665
-0.00684633
-0.00130409
-0.00210423
-0.0006291
0.00357396
0.000261878
0.00463553
0.000886532
0.00383931
0.00083858
-0.00081627
-0.000262484
-0.0067377
-0.00100804
-0.00415312
-0.000563052
0.00243373
0.000286096
0.00431255
0.00104706
0.00400106
0.000848617
0.000247762
-0.000559551
-0.00614406
-0.00131269
-0.00463245
-0.000802496
0.0021202
2.02603e-06
0.00445791
0.000741652
0.00428126
0.000954108
0.00108425
-0.00575862
0.00199114
0.0109287
0.00163775
0.00628778
-0.000422831
-0.00273925
-0.00140602
-0.00463355
-0.0015514
-0.00384101
-0.00172333
-0.00312011
-0.00178759
-0.00191027
-0.00143113
-0.000249534
-0.000732037
0.000983178
-6.33173e-06
0.00131853
0.0005909
0.000706553
0.000296596
-0.0019739
-0.00116662
-0.00466426
-0.00181771
-0.0022321
-0.000908017
0.00221432
0.000246642
0.00335512
0.00108568
0.00272793
0.00140777
-0.000327459
0.000391169
-0.00435745
-0.000983539
-0.00373466
-0.00105574
0.00050766
-0.000267044
0.00289356
0.000668684
0.00315133
0.00139598
0.00220645
0.000714447
-0.00200676
-0.00104947
-0.00508241
-0.00155743
-0.00159627
-0.000703035
0.00271956
0.000387583
0.00354491
0.00122798
0.00299891
0.00114774
-0.000736029
-0.00037108
-0.00521888
-0.00135525
-0.00316895
-0.000727175
0.00180566
0.000279958
0.00330542
0.00117211
0.00310891
0.00118252
0.000237352
-0.000491457
-0.00447008
-0.00161491
-0.00350899
-0.000953477
0.00145876
4.03923e-05
0.00346405
0.000964544
0.00335711
0.00132213
0.000726663
-0.00443649
0.00252953
0.00839916
0.00303692
0.0057804
0.00102856
-0.000730879
-0.000438645
-0.00316634
-0.00108798
-0.00319167
-0.00150891
-0.00269918
-0.00165155
-0.00176764
-0.00132504
-0.000576036
-0.000669345
0.000327479
3.7597e-05
0.000611585
0.000596366
0.000147782
0.000249656
-0.00162719
-0.00120594
-0.00320867
-0.00185273
-0.00158531
-0.000901936
0.00126352
0.000276456
0.00217673
0.00122745
0.00177693
0.00137589
-0.000475893
9.15994e-05
-0.00307316
-0.00122215
-0.00242091
-0.0011454
0.000430905
-0.000293715
0.00204187
0.000652299
0.00220532
0.00144519
0.00141356
0.000783448
-0.00134502
-0.00100808
-0.00329087
-0.00154449
-0.00105986
-0.000640565
0.00181563
0.000442354
0.00246199
0.00138478
0.00205648
0.00126322
-0.00061447
-0.000398345
-0.00355731
-0.00142456
-0.00214273
-0.00076764
0.00114874
0.000248596
0.00228918
0.00120011
0.00215739
0.00129288
0.000144579
-0.000342626
-0.00283457
-0.00158088
-0.00227074
-0.00100156
0.000879438
6.74455e-05
0.00239505
0.00109323
0.00233133
0.00143994
0.000379949
-0.00299655
0.00242902
0.00597014
0.00354723
0.00466218
0.00221713
0.000599219
0.000685081
-0.00163429
-0.000301506
-0.00220509
-0.000946224
-0.00205446
-0.00121459
-0.00149928
-0.00101734
-0.000773288
-0.000506849
-0.00018301
7.65855e-05
2.81506e-05
0.000504098
-0.000279735
0.00013591
-0.001259
-0.00107859
-0.00199417
-0.0015906
-0.00107329
-0.000819587
0.000492507
0.000218285
0.00113886
0.0010873
0.000907919
0.00107097
-0.000459558
-0.000152381
-0.00184981
-0.00120443
-0.00136886
-0.00105284
0.000279313
-0.000278168
0.0012672
0.000570485
0.00135667
0.00122338
0.000760665
0.000660667
-0.000782308
-0.000840112
-0.00179009
-0.0013062
-0.00059377
-0.000533891
0.00104332
0.000426998
0.0015011
0.00129854
0.00118494
0.00113572
-0.000451653
-0.000354841
-0.00206675
-0.00123892
-0.00125865
-0.000706015
0.000615827
0.000193697
0.00138947
0.00106015
0.00129093
0.00113915
6.55855e-05
-0.000192486
-0.00150294
-0.00126089
-0.00120233
-0.000866701
0.000485251
9.61261e-05
0.00143222
0.00104282
0.00138464
0.00127701
0.000145759
-0.00171955
0.00196443
0.00400572
0.00324122
0.00338539
0.00261857
0.00122187
0.0014985
-0.000514213
0.000488414
-0.00119501
-0.000236213
-0.00132983
-0.000599225
-0.00113626
-0.000581485
-0.000791029
-0.000261054
-0.000503443
0.00013769
-0.000370596
0.000372744
-0.000514789
3.26325e-05
-0.000918888
-0.000808767
-0.00115277
-0.00115215
-0.000729909
-0.000655425
-4.21447e-06
0.000107221
0.000376214
0.000730854
0.000284288
0.000631637
-0.000360342
-0.000274009
-0.000944165
-0.000980749
-0.000662123
-0.000846894
0.000145459
-0.000252946
0.000673259
0.000393424
0.000710303
0.000814302
0.000339785
0.000403809
-0.000371816
-0.00060725
-0.000779033
-0.000937245
-0.000263775
-0.000395003
0.000501074
0.000337831
0.000768264
0.000977381
0.000545393
0.000806369
-0.000280641
-0.000270754
-0.000989623
-0.000907467
-0.000621942
-0.000562379
0.000270736
0.000111576
0.000715514
0.000752179
0.000650329
0.000781076
3.66885e-05
-0.000103552
-0.000618311
-0.000826236
-0.000479651
-0.000601378
0.000260392
0.000105318
0.000725525
0.000810703
0.000679255
0.000919209
3.72516e-05
-0.000800341
0.00122901
0.00277671
0.00230952
0.00230487
0.00233806
0.00119333
0.00166543
0.000158416
0.000924276
-0.000453847
0.000323476
-0.000729035
-2.90067e-05
-0.000783781
-0.000105216
-0.00071482
1.31688e-05
-0.000621831
0.00020216
-0.000559591
0.000265873
-0.000578502
2.37593e-06
-0.000655386
-0.00048144
-0.000668948
-0.000698318
-0.000513032
-0.000458161
-0.00024437
-1.2651e-05
-6.92928e-05
0.000332334
-6.06965e-05
0.000232081
-0.000260092
-0.000294982
-0.000417105
-0.000690231
-0.000266874
-0.000606383
6.1614e-05
-0.000225935
0.000292813
0.00018415
0.000300218
0.000395708
0.000128226
0.000149522
-0.000125629
-0.00038236
-0.000247149
-0.000570371
-7.57651e-05
-0.000263905
0.000194605
0.000200093
0.000304265
0.000561165
0.000184322
0.000420469
-0.000139946
-0.000193712
-0.000375442
-0.000575684
-0.000239971
-0.00040451
9.95608e-05
9.9751e-06
0.00030103
0.000392654
0.00026765
0.000390392
3.89487e-05
-7.0008e-05
-0.000157912
-0.000450963
-9.86958e-05
-0.000336037
0.000145468
8.56679e-05
0.00030382
0.000501384
0.000263537
0.000527126
1.15086e-05
-0.000273216
0.000786682
0.00199003
0.0014227
0.00166885
0.0016139
0.00100213
0.0013479
0.000424411
0.00094319
-4.9134e-05
0.000564542
-0.000350385
0.000310334
-0.000529578
0.000202083
-0.000606574
0.000196471
-0.000616219
0.000221851
-0.000584969
0.000180381
-0.000537033
1.22124e-05
-0.000487216
-0.000216075
-0.000440657
-0.000340511
-0.000388596
-0.000269669
-0.000315211
-9.60836e-05
-0.000242877
4.04013e-05
-0.000197182
-2.58623e-05
-0.000193832
-0.000270301
-0.000172666
-0.000445048
-9.21241e-05
-0.000398896
1.54622e-05
-0.000196301
9.02173e-05
1.46219e-05
8.92949e-05
0.000102069
4.07803e-05
-9.63165e-06
-1.39265e-05
-0.00022316
-3.36193e-05
-0.000302918
3.98992e-06
-0.000166239
5.79225e-05
6.35448e-05
7.4482e-05
0.000216475
3.13934e-05
0.000126875
-5.03466e-05
-0.000150076
-9.84903e-05
-0.000335887
-5.41605e-05
-0.000272965
3.66384e-05
-6.66197e-05
9.46843e-05
0.000115063
8.59665e-05
0.000112965
4.10463e-05
-6.28868e-05
1.79415e-05
-0.000209594
4.80128e-05
-0.000152165
8.80402e-05
4.93064e-05
0.000102348
0.00023734
7.55004e-05
0.000231602
1.72445e-05
-4.16127e-05
0.000551705
0.00143833
0.000920074
0.00130048
0.00105051
0.000871702
0.000988947
0.000485969
0.000788272
0.000151538
0.000578552
-0.000140664
0.000407001
-0.000358027
0.000289386
-0.000488963
0.000214099
-0.000540932
0.000156396
-0.000527262
8.96974e-05
-0.000470331
6.4909e-06
-0.000404011
-8.1102e-05
-0.000353065
-0.000141916
-0.000327779
-0.000150083
-0.000307043
-0.000122308
-0.000270652
-0.000105132
-0.000214359
-0.000147369
-0.000151596
-0.00022771
-9.23258e-05
-0.000277368
-4.24658e-05
-0.000250272
-1.16351e-05
-0.000160956
9.00391e-07
-7.59517e-05
4.29338e-06
-4.46477e-05
9.47978e-06
-7.7101e-05
1.85265e-05
-0.000133969
2.32461e-05
-0.00014946
1.94776e-05
-0.000102664
1.11245e-05
-2.56954e-05
-2.48427e-06
1.37448e-05
-8.04326e-06
-2.80145e-05
-8.58691e-06
-0.000126011
-4.9472e-07
-0.000190503
1.03318e-05
-0.000172186
1.83219e-05
-9.6732e-05
1.92311e-05
-3.24291e-05
2.16636e-05
-2.41851e-05
3.28023e-05
-6.09868e-05
5.47455e-05
-7.95089e-05
6.65355e-05
-4.8255e-05
5.67851e-05
2.11383e-05
3.29548e-05
7.54065e-05
2.12318e-05
7.09253e-05
2.17225e-05
2.93122e-05
0.000423097
0.00101523
0.000718641
0.00100493
0.000831007
0.000759337
0.000818063
0.000498914
0.000727312
0.000242286
0.000578262
8.3837e-06
0.000424058
-0.000203822
0.00028517
-0.000350073
0.000168081
-0.000423843
7.60567e-05
-0.000435236
1.1762e-05
-0.000406036
-3.15177e-05
-0.000360733
-6.06618e-05
-0.000323921
-8.76295e-05
-0.000300808
-0.000113788
-0.000280882
-0.000136644
-0.000247798
-0.000155752
-0.000195253
-0.000173749
-0.000133598
-0.000185703
-8.0374e-05
-0.000180953
-4.7218e-05
-0.000158716
-3.3872e-05
-0.000129453
-2.83605e-05
-0.00010442
-2.07357e-05
-9.07546e-05
-4.18475e-06
-8.59992e-05
1.37676e-05
-8.46896e-05
2.19324e-05
-8.01927e-05
1.49806e-05
-6.8899e-05
-1.67089e-07
-6.1145e-05
-1.02365e-05
-6.18814e-05
-7.3047e-06
-7.72374e-05
6.7701e-06
-9.65074e-05
1.87749e-05
-0.000106791
2.06165e-05
-0.000101037
1.25695e-05
-8.57325e-05
3.92834e-06
-7.01348e-05
6.0671e-06
-5.86194e-05
2.12851e-05
-4.48942e-05
4.10199e-05
-2.72609e-05
4.89039e-05
-8.38398e-06
3.79091e-05
4.66103e-06
1.99084e-05
1.05816e-05
1.53119e-05
6.10745e-06
2.61951e-05
3.54174e-05
0.000316887
0.000698345
0.000584265
0.000737555
0.000726987
0.000616612
0.000765199
0.000460704
0.000723735
0.000283753
0.000630002
0.000102116
0.000483823
-5.76418e-05
0.000333322
-0.000199569
0.000194161
-0.00028468
8.24102e-05
-0.000323486
4.32836e-06
-0.000327956
-4.23454e-05
-0.000314059
-7.09718e-05
-0.000295292
-9.60209e-05
-0.000275756
-0.000124088
-0.000252815
-0.000151152
-0.000220736
-0.000168214
-0.000178192
-0.000169862
-0.00013195
-0.000157693
-9.25448e-05
-0.000138434
-6.6478e-05
-0.000120159
-5.21449e-05
-0.000106336
-4.21792e-05
-9.72332e-05
-2.98389e-05
-8.66884e-05
-1.47319e-05
-7.25153e-05
-4.08134e-07
-5.826e-05
7.67503e-06
-4.87976e-05
5.51921e-06
-4.80528e-05
-9.08843e-07
-5.39273e-05
-4.36062e-06
-6.09944e-05
-2.36963e-07
-6.32169e-05
8.99386e-06
-6.03448e-05
1.59043e-05
-5.53097e-05
1.55838e-05
-5.20198e-05
9.28045e-06
-5.13442e-05
3.25253e-06
-4.97719e-05
4.49544e-06
-4.1928e-05
1.34409e-05
-2.59046e-05
2.49957e-05
-7.95605e-06
3.09557e-05
2.24071e-06
2.77156e-05
9.96756e-07
2.1151e-05
-4.22472e-06
2.05305e-05
-5.08137e-06
2.70514e-05
3.0336e-05
0.000222493
0.000475852
0.000439217
0.000520832
0.000592171
0.000463658
0.000674014
0.000378861
0.000686895
0.000270875
0.000639142
0.000149871
0.000553313
2.81887e-05
0.00042837
-7.46238e-05
0.000298727
-0.000155037
0.000182034
-0.000206794
8.82874e-05
-0.00023421
1.86131e-05
-0.000244382
-3.38458e-05
-0.000242831
-7.60548e-05
-0.000233548
-0.000111671
-0.0002172
-0.000138892
-0.000193515
-0.000153119
-0.000163965
-0.000152099
-0.000132971
-0.000139317
-0.000105328
-0.000121983
-8.3811e-05
-0.000106502
-6.76217e-05
-9.49349e-05
-5.3746e-05
-8.49985e-05
-3.97784e-05
-7.38519e-05
-2.58814e-05
-6.00837e-05
-1.41768e-05
-4.56597e-05
-6.74932e-06
-3.61837e-05
-3.95672e-06
-3.37445e-05
-3.34682e-06
-3.60579e-05
-2.04586e-06
-3.80047e-05
1.71135e-06
-3.54842e-05
6.47512e-06
-2.90953e-05
9.51659e-06
-2.27785e-05
9.26821e-06
-2.01789e-05
6.68077e-06
-2.16092e-05
4.68157e-06
-2.33279e-05
6.21372e-06
-2.02878e-05
1.04031e-05
-1.1848e-05
1.65586e-05
-2.12784e-06
2.12325e-05
2.86311e-06
2.27232e-05
1.12353e-06
2.28902e-05
-2.75416e-06
2.44054e-05
-3.44765e-06
2.77435e-05
2.68895e-05
0.000151749
0.000324102
0.00031205
0.000360531
0.000444552
0.000331156
0.000538698
0.000284716
0.000587318
0.000222257
0.000588865
0.000148326
0.000547036
7.00192e-05
0.000473844
-1.4312e-06
0.000383562
-6.47556e-05
0.000288941
-0.000112174
0.000200046
-0.000145315
0.000121551
-0.000165887
5.476e-05
-0.000176039
-1.31899e-06
-0.000177471
-4.71177e-05
-0.000171403
-8.13897e-05
-0.000159242
-0.000102448
-0.000142906
-0.000110933
-0.000124488
-0.000109817
-0.000106444
-0.000103542
-9.00824e-05
-9.5785e-05
-7.53768e-05
-8.79046e-05
-6.16295e-05
-7.92441e-05
-4.84419e-05
-6.88956e-05
-3.62308e-05
-5.7141e-05
-2.59322e-05
-4.57257e-05
-1.81658e-05
-3.69502e-05
-1.27318e-05
-3.16445e-05
-8.65136e-06
-2.87618e-05
-4.92774e-06
-2.58665e-05
-1.18198e-06
-2.15075e-05
2.11782e-06
-1.62321e-05
4.24097e-06
-1.18941e-05
4.92907e-06
-1.0289e-05
5.07507e-06
-1.1066e-05
5.46046e-06
-1.18727e-05
7.02071e-06
-1.14282e-05
9.95808e-06
-8.62445e-06
1.37583e-05
-4.78891e-06
1.73958e-05
-2.3694e-06
2.02984e-05
-2.15128e-06
2.26702e-05
-2.68451e-06
2.49394e-05
-2.02251e-06
2.70823e-05
2.48677e-05
0.000105305
0.000218796
0.000220629
0.000245208
0.000323202
0.000228584
0.000405749
0.00020217
0.000461646
0.000166361
0.000486652
0.000123319
0.000480328
7.63429e-05
0.000449648
2.92482e-05
0.000397737
-1.28456e-05
0.000335495
-4.99329e-05
0.000268962
-7.87832e-05
0.000203159
-0.000100085
0.000141348
-0.000114229
8.56951e-05
-0.000121818
3.79173e-05
-0.000123624
-7.70206e-07
-0.000120554
-2.99042e-05
-0.000113774
-4.97245e-05
-0.000104669
-6.18314e-05
-9.4334e-05
-6.83876e-05
-8.35235e-05
-7.11712e-05
-7.25959e-05
-7.10688e-05
-6.17368e-05
-6.83574e-05
-5.11542e-05
-6.33337e-05
-4.12545e-05
-5.67813e-05
-3.24875e-05
-4.98558e-05
-2.50932e-05
-4.36157e-05
-1.89701e-05
-3.84587e-05
-1.38068e-05
-3.40781e-05
-9.30809e-06
-2.98689e-05
-5.39075e-06
-2.56012e-05
-2.15012e-06
-2.17015e-05
3.41395e-07
-1.88702e-05
2.09752e-06
-1.73554e-05
3.55817e-06
-1.70172e-05
5.12459e-06
-1.70799e-05
7.08666e-06
-1.66575e-05
9.53289e-06
-1.52226e-05
1.23221e-05
-1.30203e-05
1.51952e-05
-1.06513e-05
1.79289e-05
-8.38332e-06
2.04011e-05
-5.98016e-06
2.25372e-05
-3.07748e-06
2.41813e-05
2.17905e-05
7.48965e-05
0.000143901
0.00015811
0.000161995
0.000234376
0.000152318
0.000299355
0.000137191
0.000348849
0.000116866
0.000379817
9.235e-05
0.000391028
6.51322e-05
0.000383354
3.69216e-05
0.000361062
9.44695e-06
0.000326333
-1.52046e-05
0.000284249
-3.66997e-05
0.00023831
-5.41461e-05
0.000191515
-6.74339e-05
0.000146305
-7.66066e-05
0.000104589
-8.19058e-05
6.77828e-05
-8.37483e-05
3.6715e-05
-8.2707e-05
1.14548e-05
-7.94077e-05
-8.41727e-06
-7.44588e-05
-2.35768e-05
-6.83642e-05
-3.46556e-05
-6.15209e-05
-4.21763e-05
-5.42182e-05
-4.65578e-05
-4.67719e-05
-4.82968e-05
-3.95164e-05
-4.8057e-05
-3.27298e-05
-4.65763e-05
-2.65729e-05
-4.44589e-05
-2.10849e-05
-4.2048e-05
-1.62175e-05
-3.94433e-05
-1.19121e-05
-3.66881e-05
-8.14448e-06
-3.39271e-05
-4.91315e-06
-3.13984e-05
-2.18748e-06
-2.94564e-05
1.5903e-07
-2.80653e-05
2.16591e-06
-2.708e-05
4.13812e-06
-2.6148e-05
6.15828e-06
-2.48835e-05
8.26902e-06
-2.30125e-05
1.04486e-05
-2.04472e-05
1.26301e-05
-1.72368e-05
1.47209e-05
-1.34558e-05
1.66218e-05
-9.15007e-06
1.82322e-05
-4.3899e-06
1.94214e-05
1.74003e-05
5.40744e-05
8.98263e-05
0.00011465
0.000101419
0.000171059
9.59067e-05
0.000220787
8.74607e-05
0.000261398
7.62516e-05
0.000291004
6.27405e-05
0.000308557
4.75782e-05
0.000313968
3.15098e-05
0.000308122
1.5291e-05
0.000292462
4.5342e-07
0.000269917
-1.4156e-05
0.000242075
-2.6304e-05
0.00021101
-3.63699e-05
0.000178594
-4.41907e-05
0.000146434
-4.9746e-05
0.00011582
-5.31357e-05
8.76708e-05
-5.45586e-05
6.25407e-05
-5.42768e-05
4.06644e-05
-5.25829e-05
2.2061e-05
-4.97638e-05
6.62648e-06
-4.60889e-05
-5.77999e-06
-4.18112e-05
-1.53622e-05
-3.71895e-05
-2.24489e-05
-3.24327e-05
-2.74549e-05
-2.77249e-05
-3.07995e-05
-2.32246e-05
-3.28788e-05
-1.90038e-05
-3.39897e-05
-1.51089e-05
-3.43427e-05
-1.15582e-05
-3.41257e-05
-8.35822e-06
-3.35338e-05
-5.50717e-06
-3.2746e-05
-2.9776e-06
-3.19364e-05
-6.4687e-07
-3.10577e-05
1.28892e-06
-3.00629e-05
3.14105e-06
-2.8811e-05
4.90704e-06
-2.71452e-05
6.60562e-06
-2.49351e-05
8.23859e-06
-2.20943e-05
9.78843e-06
-1.85936e-05
1.12205e-05
-1.44581e-05
1.24871e-05
-9.75909e-06
1.35339e-05
-4.62663e-06
1.42891e-05
1.27737e-05
3.57084e-05
5.41176e-05
7.59829e-05
6.11446e-05
0.000113903
5.79874e-05
0.000148139
5.32255e-05
0.000177419
4.697e-05
0.00020071
3.94488e-05
0.000217324
3.09657e-05
0.000226956
2.18792e-05
0.000229681
1.25663e-05
0.000226791
3.34314e-06
0.000217895
-5.25921e-06
0.00020462
-1.30281e-05
0.000188018
-1.97679e-05
0.000169145
-2.53167e-05
0.000148994
-2.95956e-05
0.000128455
-3.2596e-05
0.000108267
-3.43693e-05
8.90054e-05
-3.50144e-05
7.10849e-05
-3.46633e-05
5.47857e-05
-3.34665e-05
4.02808e-05
-3.15835e-05
2.76493e-05
-2.91769e-05
1.6861e-05
-2.64005e-05
7.82997e-06
-2.34034e-05
4.25464e-07
-2.03194e-05
-5.55761e-06
-1.72368e-05
-1.03073e-05
-1.42523e-05
-1.40036e-05
-1.14148e-05
-1.68e-05
-8.76107e-06
-1.88383e-05
-6.31624e-06
-2.02647e-05
-4.08125e-06
-2.11988e-05
-2.04592e-06
-2.16691e-05
-1.74876e-07
-2.17876e-05
1.41007e-06
-2.1536e-05
2.88914e-06
-2.08807e-05
4.25141e-06
-1.97815e-05
5.50794e-06
-1.82055e-05
6.66395e-06
-1.61332e-05
7.71628e-06
-1.35665e-05
8.6534e-06
-1.05363e-05
9.45648e-06
-7.10458e-06
1.01019e-05
-3.37246e-06
1.05568e-05
9.40105e-06
2.25496e-05
3.15659e-05
4.81095e-05
3.55834e-05
7.23754e-05
3.37208e-05
9.46517e-05
3.09481e-05
0.000114288
2.73317e-05
0.000130745
2.29909e-05
0.000143627
1.8083e-05
0.000152703
1.28022e-05
0.000157922
7.34613e-06
0.000159378
1.88567e-06
0.000157412
-3.29386e-06
0.00015245
-8.06649e-06
0.000144968
-1.22867e-05
0.000135492
-1.58409e-05
0.000124555
-1.86595e-05
0.000112672
-2.07126e-05
0.000100311
-2.20075e-05
8.7879e-05
-2.25825e-05
7.57155e-05
-2.25011e-05
6.40922e-05
-2.18446e-05
5.32155e-05
-2.07058e-05
4.32241e-05
-1.91829e-05
3.41988e-05
-1.73746e-05
2.61699e-05
-1.53756e-05
1.91234e-05
-1.32719e-05
1.303e-05
-1.11398e-05
7.81431e-06
-9.03533e-06
3.40831e-06
-7.0106e-06
-2.56863e-07
-5.09601e-06
-3.25822e-06
-3.3126e-06
-5.66457e-06
-1.67476e-06
-7.55275e-06
-1.59645e-07
-8.88369e-06
1.15606e-06
-9.8274e-06
2.35532e-06
-1.03721e-05
3.43427e-06
-1.05257e-05
4.40445e-06
-1.02935e-05
5.27584e-06
-9.68404e-06
6.05511e-06
-8.71233e-06
6.74475e-06
-7.40219e-06
7.3428e-06
-5.78988e-06
7.8433e-06
-3.92627e-06
8.23719e-06
-1.88035e-06
8.50976e-06
7.5195e-06
1.54395e-05
1.61264e-05
3.29909e-05
1.80342e-05
4.97589e-05
1.69546e-05
6.53304e-05
1.53771e-05
7.93233e-05
1.33393e-05
9.14118e-05
1.09044e-05
0.000101338
8.15727e-06
0.00010896
5.17977e-06
0.000114193
2.11282e-06
0.000117017
-9.37137e-07
0.000117606
-3.8826e-06
0.000116134
-6.59325e-06
0.00011282
-8.97251e-06
0.000107937
-1.09578e-05
0.000101783
-1.2504e-05
9.46596e-05
-1.35882e-05
8.68629e-05
-1.42088e-05
7.86655e-05
-1.4384e-05
7.0312e-05
-1.41479e-05
6.20154e-05
-1.35484e-05
5.39535e-05
-1.26424e-05
4.6265e-05
-1.14917e-05
3.90507e-05
-1.01591e-05
3.23812e-05
-8.70651e-06
2.63028e-05
-7.19264e-06
2.08369e-05
-5.67138e-06
1.59813e-05
-4.17848e-06
1.17165e-05
-2.74679e-06
8.02459e-06
-1.40437e-06
4.87508e-06
-1.61544e-07
2.24676e-06
9.54198e-07
9.3752e-08
1.99229e-06
-1.65809e-06
2.90728e-06
-3.00902e-06
3.70672e-06
-3.98144e-06
4.40692e-06
-4.59653e-06
5.01902e-06
-4.87461e-06
5.55327e-06
-4.83808e-06
6.01815e-06
-4.51331e-06
6.41951e-06
-3.9316e-06
6.76022e-06
-3.12997e-06
7.04026e-06
-2.15174e-06
7.25705e-06
-1.04991e-06
7.40565e-06
6.4677e-06
1.07508e-05
5.37554e-06
2.29383e-05
5.84705e-06
3.46286e-05
5.26365e-06
4.55667e-05
4.43732e-06
5.5514e-05
3.39189e-06
6.42516e-05
2.1679e-06
7.15261e-05
8.82125e-07
7.73889e-05
-6.84447e-07
8.15779e-05
-2.07684e-06
8.42578e-05
-3.61678e-06
8.54384e-05
-5.0625e-06
8.51493e-05
-6.30343e-06
8.35088e-05
-7.33172e-06
8.06703e-05
-8.11935e-06
7.68128e-05
-8.64642e-06
7.21294e-05
-8.90379e-06
6.68153e-05
-8.89339e-06
6.10597e-05
-8.62779e-06
5.50383e-05
-8.12703e-06
4.89147e-05
-7.4254e-06
4.28317e-05
-6.55877e-06
3.69081e-05
-5.56661e-06
3.12395e-05
-4.48992e-06
2.58987e-05
-3.36629e-06
2.0942e-05
-2.23582e-06
1.64112e-05
-1.13887e-06
1.23849e-05
-1.51163e-07
8.80562e-06
8.32069e-07
5.75084e-06
1.65032e-06
3.05958e-06
2.53096e-06
7.68656e-07
3.24618e-06
-1.09504e-06
3.85586e-06
-2.57302e-06
4.38491e-06
-3.67384e-06
4.80769e-06
-4.42133e-06
5.15458e-06
-4.83972e-06
5.43702e-06
-4.95317e-06
5.6658e-06
-4.7881e-06
5.85185e-06
-4.37445e-06
6.00434e-06
-3.74572e-06
6.12958e-06
-2.93873e-06
6.23091e-06
-1.99299e-06
6.3086e-06
-9.52798e-07
6.36261e-06
5.51364e-06
6.94564e-06
-1.56894e-06
1.47115e-05
-1.91855e-06
2.21705e-05
-2.19659e-06
2.91623e-05
-2.55626e-06
3.55164e-05
-2.96144e-06
4.10982e-05
-3.41217e-06
4.58638e-05
-3.88352e-06
4.95276e-05
-4.3486e-06
5.22175e-05
-4.76655e-06
5.3749e-05
-5.14776e-06
5.41351e-05
-5.44774e-06
5.34726e-05
-5.64007e-06
5.18474e-05
-5.70611e-06
4.93642e-05
-5.6364e-06
4.61467e-05
-5.42905e-06
4.23293e-05
-5.08611e-06
3.80508e-05
-4.6142e-06
3.34483e-05
-4.02508e-06
2.86608e-05
-3.34034e-06
2.38413e-05
-2.60691e-06
1.90958e-05
-1.81331e-06
1.45127e-05
-9.82834e-07
1.01795e-05
-1.56531e-07
6.15928e-06
6.53317e-07
2.49695e-06
1.42652e-06
-7.74358e-07
2.13378e-06
-3.68709e-06
2.76299e-06
-6.16301e-06
3.30858e-06
-8.27911e-06
3.76712e-06
-9.90016e-06
4.15361e-06
-1.11032e-05
4.451e-06
-1.19131e-05
4.66668e-06
-1.23172e-05
4.78943e-06
-1.23762e-05
4.86714e-06
-1.2111e-05
4.88967e-06
-1.15449e-05
4.87086e-06
-1.07043e-05
4.8244e-06
-9.61702e-06
4.76322e-06
-8.31323e-06
4.69869e-06
-6.82508e-06
4.63922e-06
-5.18687e-06
4.5903e-06
-3.43443e-06
4.55377e-06
-1.60493e-06
4.53099e-06
3.90837e-06
3.53182e-06
-5.10069e-06
7.54211e-06
-5.92957e-06
1.13447e-05
-6.00115e-06
1.47933e-05
-6.00637e-06
1.7788e-05
-5.95469e-06
2.02237e-05
-5.8462e-06
2.20132e-05
-5.67288e-06
2.30843e-05
-5.41974e-06
2.34165e-05
-5.0989e-06
2.29765e-05
-4.70807e-06
2.17767e-05
-4.24806e-06
1.9861e-05
-3.72432e-06
1.73174e-05
-3.16295e-06
1.42454e-05
-2.56553e-06
1.07402e-05
-1.92514e-06
6.90089e-06
-1.24753e-06
2.82854e-06
-5.42203e-07
-1.37553e-06
1.78351e-07
-5.62616e-06
9.08868e-07
-9.6702e-06
1.43548e-06
-1.35055e-05
2.0211e-06
-1.70717e-05
2.5834e-06
-2.03138e-05
3.08529e-06
-2.31703e-05
3.50918e-06
-2.55906e-05
3.84662e-06
-2.75502e-05
4.09444e-06
-2.90381e-05
4.25226e-06
-3.00484e-05
4.31995e-06
-3.05869e-05
4.30648e-06
-3.06516e-05
4.21974e-06
-3.02641e-05
4.06501e-06
-2.94475e-05
3.85122e-06
-2.82466e-05
3.58909e-06
-2.66828e-05
3.30383e-06
-2.48042e-05
3.01155e-06
-2.26526e-05
2.71955e-06
-2.02692e-05
2.4409e-06
-1.76886e-05
2.18202e-06
-1.49379e-05
1.94702e-06
-1.20434e-05
1.7435e-06
-9.03224e-06
1.5779e-06
-5.93301e-06
1.45337e-06
-2.77647e-06
1.37347e-06
1.13175e-06
4.7948e-07
-5.58038e-06
9.75459e-07
-6.42531e-06
1.35262e-06
-6.37921e-06
1.50886e-06
-6.16258e-06
1.3434e-06
-5.78716e-06
7.63213e-07
-5.26485e-06
-2.94676e-07
-4.61506e-06
-1.84405e-06
-3.87048e-06
-3.88622e-06
-3.05739e-06
-6.38951e-06
-2.20595e-06
-9.33501e-06
-1.30356e-06
-1.27214e-05
-3.38846e-07
-1.64182e-05
5.3251e-07
-2.03117e-05
1.32618e-06
-2.43441e-05
2.10541e-06
-2.84432e-05
2.84996e-06
-3.25166e-05
3.53e-06
-3.65209e-05
4.18129e-06
-4.02355e-05
4.62148e-06
-4.37741e-05
4.97198e-06
-4.69876e-05
5.23317e-06
-4.97947e-05
5.38991e-06
-5.21425e-05
5.43261e-06
-5.39906e-05
5.35646e-06
-5.53074e-05
5.16291e-06
-5.60713e-05
4.8588e-06
-5.62715e-05
4.45337e-06
-5.5909e-05
3.95822e-06
-5.49908e-05
3.38894e-06
-5.35297e-05
2.75939e-06
-5.15559e-05
2.09214e-06
-4.91043e-05
1.40056e-06
-4.61869e-05
6.72309e-07
-4.28647e-05
-1.78678e-08
-3.92157e-05
-6.36703e-07
-3.5288e-05
-1.2075e-06
-3.11566e-05
-1.68987e-06
-2.68743e-05
-2.09987e-06
-2.24702e-05
-2.45705e-06
-1.7973e-05
-2.75369e-06
-1.34059e-05
-2.98948e-06
-8.78663e-06
-3.16635e-06
-4.13033e-06
-3.28347e-06
-2.999e-06
-2.16342e-06
-3.41664e-06
-4.63823e-06
-3.94907e-06
-7.16302e-06
-3.85416e-06
-9.84914e-06
-3.4755e-06
-1.27563e-05
-2.87832e-06
-1.59394e-05
-2.08169e-06
-1.94359e-05
-1.11897e-06
-2.32299e-05
-7.67111e-08
-2.72495e-05
9.61128e-07
-3.13892e-05
1.93205e-06
-3.56441e-05
2.94968e-06
-3.99234e-05
3.93892e-06
-4.4233e-05
4.84018e-06
-4.85451e-05
5.63623e-06
-5.27728e-05
6.33087e-06
-5.68413e-05
6.91642e-06
-6.06938e-05
7.38057e-06
-6.42351e-05
7.72073e-06
-6.74993e-05
7.88331e-06
-7.04281e-05
7.8986e-06
-7.29607e-05
7.76412e-06
-7.50465e-05
7.47497e-06
-7.66458e-05
7.03135e-06
-7.77267e-05
6.43667e-06
-7.82628e-05
5.69839e-06
-7.82315e-05
4.82769e-06
-7.76166e-05
3.83912e-06
-7.64078e-05
2.7503e-06
-7.46032e-05
1.58498e-06
-7.21894e-05
3.46417e-07
-6.91914e-05
-9.04841e-07
-6.56462e-05
-2.14359e-06
-6.16064e-05
-3.36639e-06
-5.71014e-05
-4.52188e-06
-5.21631e-05
-5.57397e-06
-4.68672e-05
-6.50251e-06
-4.12706e-05
-7.28564e-06
-3.54517e-05
-7.91823e-06
-2.95004e-05
-8.40803e-06
-2.34853e-05
-8.76874e-06
-1.74527e-05
-9.02227e-06
-1.14233e-05
-9.19631e-06
-5.39464e-06
-9.31292e-06
-8.39408e-06
-4.30735e-06
8.91877e-07
-9.1327e-06
8.78171e-07
-1.39976e-05
1.0116e-06
-1.89962e-05
1.52416e-06
-2.40977e-05
2.22393e-06
-2.92867e-05
3.10669e-06
-3.44774e-05
4.07152e-06
-3.95961e-05
5.04185e-06
-4.45983e-05
5.96225e-06
-4.94805e-05
6.81247e-06
-5.41479e-05
7.61512e-06
-5.85646e-05
8.35373e-06
-6.27342e-05
9.00776e-06
-6.66595e-05
9.55943e-06
-7.03255e-05
9.99463e-06
-7.37131e-05
1.03019e-05
-7.6805e-05
1.04703e-05
-7.95748e-05
1.04886e-05
-8.20365e-05
1.03428e-05
-8.41673e-05
1.00275e-05
-8.59414e-05
9.53679e-06
-8.73343e-05
8.86743e-06
-8.83237e-05
8.02031e-06
-8.88865e-05
6.99907e-06
-8.90002e-05
5.81157e-06
-8.86413e-05
4.46888e-06
-8.77878e-05
2.98631e-06
-8.64187e-05
1.38222e-06
-8.45091e-05
-3.23633e-07
-8.20477e-05
-2.11377e-06
-7.90119e-05
-3.9393e-06
-7.53838e-05
-5.77018e-06
-7.11737e-05
-7.57492e-06
-6.6382e-05
-9.3122e-06
-6.1018e-05
-1.09367e-05
-5.51176e-05
-1.24021e-05
-4.87386e-05
-1.36641e-05
-4.19713e-05
-1.46853e-05
-3.49354e-05
-1.5444e-05
-2.77605e-05
-1.5944e-05
-2.05655e-05
-1.62178e-05
-1.34263e-05
-1.63363e-05
-6.35611e-06
-1.63838e-05
-1.47504e-05
-6.02447e-06
6.91777e-06
-1.26784e-05
7.53379e-06
-1.93548e-05
7.68902e-06
-2.60073e-05
8.17781e-06
-3.25798e-05
8.79664e-06
-3.8888e-05
9.41431e-06
-4.47902e-05
9.97383e-06
-5.02056e-05
1.04574e-05
-5.51174e-05
1.08729e-05
-5.95477e-05
1.12412e-05
-6.35131e-05
1.15785e-05
-6.70466e-05
1.18855e-05
-7.01916e-05
1.21509e-05
-7.29896e-05
1.23558e-05
-7.54765e-05
1.24795e-05
-7.76787e-05
1.25024e-05
-7.96171e-05
1.24067e-05
-8.13021e-05
1.21723e-05
-8.27514e-05
1.17903e-05
-8.39674e-05
1.12426e-05
-8.49473e-05
1.05157e-05
-8.56839e-05
9.60416e-06
-8.61696e-05
8.50583e-06
-8.63909e-05
7.22059e-06
-8.63328e-05
5.75332e-06
-8.59749e-05
4.11152e-06
-8.5295e-05
2.30724e-06
-8.42765e-05
3.64988e-07
-8.28649e-05
-1.73422e-06
-8.10391e-05
-3.93844e-06
-7.87512e-05
-6.22608e-06
-7.59501e-05
-8.57003e-06
-7.25865e-05
-1.09374e-05
-6.86077e-05
-1.32898e-05
-6.39646e-05
-1.55791e-05
-5.86207e-05
-1.77454e-05
-5.2567e-05
-1.97176e-05
-4.58374e-05
-2.14151e-05
-3.85243e-05
-2.27573e-05
-3.07829e-05
-2.36859e-05
-2.28279e-05
-2.41731e-05
-1.48606e-05
-2.43042e-05
-7.03627e-06
-2.42083e-05
-2.17868e-05
-7.46245e-06
1.43815e-05
-1.56437e-05
1.57164e-05
-2.37191e-05
1.57659e-05
-3.13571e-05
1.5817e-05
-3.83794e-05
1.5819e-05
-4.45933e-05
1.5628e-05
-4.99321e-05
1.5313e-05
-5.44111e-05
1.49364e-05
-5.81088e-05
1.45695e-05
-6.11299e-05
1.42609e-05
-6.35841e-05
1.40308e-05
-6.55703e-05
1.38703e-05
-6.71749e-05
1.3754e-05
-6.84682e-05
1.36483e-05
-6.95108e-05
1.35208e-05
-7.03488e-05
1.33397e-05
-7.10212e-05
1.30777e-05
-7.15536e-05
1.27045e-05
-7.19716e-05
1.22071e-05
-7.22867e-05
1.15577e-05
-7.25116e-05
1.07398e-05
-7.26493e-05
9.74256e-06
-7.27037e-05
8.56046e-06
-7.26711e-05
7.18887e-06
-7.25464e-05
5.62911e-06
-7.23175e-05
3.88391e-06
-7.19683e-05
1.95947e-06
-7.14861e-05
-1.15327e-07
-7.08225e-05
-2.39629e-06
-6.99505e-05
-4.80892e-06
-6.8817e-05
-7.35847e-06
-6.73566e-05
-1.00293e-05
-6.5491e-05
-1.28024e-05
-6.31261e-05
-1.56541e-05
-6.01537e-05
-1.85511e-05
-5.64546e-05
-2.14444e-05
-5.19113e-05
-2.42608e-05
-4.64293e-05
-2.68974e-05
-3.99711e-05
-2.92155e-05
-3.25883e-05
-3.10692e-05
-2.45046e-05
-3.22569e-05
-1.60079e-05
-3.28013e-05
-7.59114e-06
-3.26252e-05
-2.93782e-05
-8.90936e-06
2.32919e-05
-1.83002e-05
2.51084e-05
-2.71441e-05
2.46117e-05
-3.46908e-05
2.33649e-05
-4.09102e-05
2.20384e-05
-4.57652e-05
2.04831e-05
-4.9412e-05
1.896e-05
-5.20324e-05
1.75568e-05
-5.38256e-05
1.63615e-05
-5.4971e-05
1.54053e-05
-5.56269e-05
1.46854e-05
-5.59181e-05
1.41609e-05
-5.59426e-05
1.37777e-05
-5.57725e-05
1.34786e-05
-5.54682e-05
1.32158e-05
-5.50727e-05
1.29447e-05
-5.4626e-05
1.263e-05
-5.41533e-05
1.22325e-05
-5.36821e-05
1.17349e-05
-5.32255e-05
1.11018e-05
-5.2804e-05
1.03175e-05
-5.24262e-05
9.3657e-06
-5.21053e-05
8.2394e-06
-5.18459e-05
6.93044e-06
-5.16542e-05
5.43773e-06
-5.1529e-05
3.76e-06
-5.14683e-05
1.89987e-06
-5.14539e-05
-1.28001e-07
-5.14828e-05
-2.36607e-06
-5.15211e-05
-4.76908e-06
-5.15311e-05
-7.34759e-06
-5.1457e-05
-1.01024e-05
-5.12247e-05
-1.30341e-05
-5.07342e-05
-1.6144e-05
-4.98556e-05
-1.94295e-05
-4.84224e-05
-2.28775e-05
-4.62324e-05
-2.64506e-05
-4.30527e-05
-3.00774e-05
-3.86542e-05
-3.36138e-05
-3.28327e-05
-3.68913e-05
-2.56276e-05
-3.94619e-05
-1.71378e-05
-4.12917e-05
-8.3067e-06
-4.14565e-05
-3.76854e-05
-1.06484e-05
3.39413e-05
-2.06095e-05
3.50704e-05
-2.9154e-05
3.31581e-05
-3.52409e-05
2.94526e-05
-3.94153e-05
2.62129e-05
-4.19496e-05
2.30176e-05
-4.32723e-05
2.02826e-05
-4.36965e-05
1.79809e-05
-4.34864e-05
1.61504e-05
-4.28353e-05
1.47541e-05
-4.18934e-05
1.37428e-05
-4.07645e-05
1.30324e-05
-3.95249e-05
1.25379e-05
-3.82243e-05
1.21792e-05
-3.69054e-05
1.18966e-05
-3.55955e-05
1.16362e-05
-3.43256e-05
1.13592e-05
-3.31129e-05
1.10212e-05
-3.19823e-05
1.06031e-05
-3.09457e-05
1.00664e-05
-3.00266e-05
9.39725e-06
-2.92368e-05
8.57691e-06
-2.85964e-05
7.59844e-06
-2.81169e-05
6.45196e-06
-2.78148e-05
5.13567e-06
-2.76994e-05
3.64579e-06
-2.77817e-05
1.98291e-06
-2.80561e-05
1.47675e-07
-2.85423e-05
-1.87902e-06
-2.92234e-05
-4.08682e-06
-3.00847e-05
-6.48585e-06
-3.10958e-05
-9.09034e-06
-3.22109e-05
-1.19187e-05
-3.33574e-05
-1.4997e-05
-3.44292e-05
-1.83574e-05
-3.52715e-05
-2.20353e-05
-3.56673e-05
-2.60545e-05
-3.53161e-05
-3.04292e-05
-3.38455e-05
-3.50841e-05
-3.07504e-05
-3.99873e-05
-2.57248e-05
-4.44875e-05
-1.82293e-05
-4.87882e-05
-9.4979e-06
-5.01881e-05
-4.71839e-05
-1.27649e-05
4.67072e-05
-2.20662e-05
4.43722e-05
-2.88289e-05
3.99226e-05
-3.21568e-05
3.2781e-05
-3.34663e-05
2.75224e-05
-3.33288e-05
2.28805e-05
-3.23351e-05
1.92887e-05
-3.08119e-05
1.6458e-05
-2.89916e-05
1.43295e-05
-2.70152e-05
1.27783e-05
-2.49749e-05
1.17023e-05
-2.29237e-05
1.09823e-05
-2.08979e-05
1.05119e-05
-1.89141e-05
1.01971e-05
-1.69923e-05
9.97437e-06
-1.51407e-05
9.78634e-06
-1.33797e-05
9.5967e-06
-1.1717e-05
9.36017e-06
-1.01741e-05
9.05868e-06
-8.7611e-06
8.65481e-06
-7.50307e-06
8.13776e-06
-6.41369e-06
7.48851e-06
-5.51796e-06
6.70182e-06
-4.83278e-06
5.7677e-06
-4.38213e-06
4.68491e-06
-4.18399e-06
3.44871e-06
-4.25935e-06
2.05862e-06
-4.62082e-06
5.10221e-07
-5.2944e-06
-1.20515e-06
-6.2875e-06
-3.09285e-06
-7.60841e-06
-5.16484e-06
-9.25557e-06
-7.4426e-06
-1.12198e-05
-9.95443e-06
-1.34727e-05
-1.27439e-05
-1.59608e-05
-1.58692e-05
-1.85884e-05
-1.94081e-05
-2.11979e-05
-2.34448e-05
-2.3526e-05
-2.8102e-05
-2.51908e-05
-3.34191e-05
-2.55142e-05
-3.9665e-05
-2.38684e-05
-4.61334e-05
-1.87672e-05
-5.38905e-05
-1.12589e-05
-5.76967e-05
-5.84434e-05
-1.48793e-05
6.15872e-05
-2.17312e-05
5.12244e-05
-2.51643e-05
4.3357e-05
-2.49899e-05
3.26068e-05
-2.33241e-05
2.58566e-05
-2.0842e-05
2.0399e-05
-1.80779e-05
1.65243e-05
-1.52457e-05
1.36265e-05
-1.24691e-05
1.15528e-05
-9.79157e-06
1.01018e-05
-7.23167e-06
9.1422e-06
-4.78456e-06
8.53627e-06
-2.44549e-06
8.17224e-06
-2.01551e-07
7.95488e-06
1.94708e-06
7.82476e-06
4.00661e-06
7.72869e-06
5.96543e-06
7.63594e-06
7.82153e-06
7.50571e-06
9.55692e-06
7.32134e-06
1.11618e-05
7.05148e-06
1.26104e-05
6.68758e-06
1.38873e-05
6.21265e-06
1.49644e-05
5.62364e-06
1.58212e-05
4.91169e-06
1.64292e-05
4.07663e-06
1.67648e-05
3.114e-06
1.68001e-05
2.02336e-06
1.65115e-05
7.99683e-07
1.58681e-05
-5.6184e-07
1.48465e-05
-2.07069e-06
1.34207e-05
-3.73921e-06
1.15683e-05
-5.58994e-06
9.26791e-06
-7.65422e-06
6.50516e-06
-9.98133e-06
3.27658e-06
-1.26406e-05
-3.99239e-07
-1.5733e-05
-4.46274e-06
-1.93811e-05
-8.77114e-06
-2.37948e-05
-1.30697e-05
-2.91203e-05
-1.67454e-05
-3.59906e-05
-1.90691e-05
-4.38098e-05
-1.77865e-05
-5.51743e-05
-1.31698e-05
-6.23135e-05
-7.16137e-05
-1.59886e-05
7.75761e-05
-1.85262e-05
5.37622e-05
-1.75671e-05
4.23988e-05
-1.40241e-05
2.9064e-05
-9.99024e-06
2.18229e-05
-5.97627e-06
1.63858e-05
-2.26083e-06
1.28087e-05
1.12232e-06
1.02442e-05
4.1871e-06
8.48809e-06
6.98495e-06
7.30528e-06
9.56519e-06
6.56162e-06
1.19785e-05
6.12382e-06
1.42592e-05
5.89043e-06
1.6439e-05
5.77657e-06
1.8529e-05
5.73335e-06
2.05435e-05
5.71589e-06
2.24757e-05
5.70159e-06
2.43269e-05
5.65608e-06
2.60791e-05
5.56704e-06
2.7723e-05
5.40912e-06
2.92323e-05
5.17676e-06
3.059e-05
4.85599e-06
3.17669e-05
4.44571e-06
3.27406e-05
3.93884e-06
3.34806e-05
3.3362e-06
3.39611e-05
2.63423e-06
3.41512e-05
1.83313e-06
3.40229e-05
9.2869e-07
3.35426e-05
-8.18634e-08
3.26797e-05
-1.20741e-06
3.13985e-05
-2.45843e-06
2.96633e-05
-3.85463e-06
2.74331e-05
-5.42422e-06
2.4664e-05
-7.21261e-06
2.13095e-05
-9.28604e-06
1.73224e-05
-1.17467e-05
1.26654e-05
-1.47238e-05
7.33675e-06
-1.84672e-05
1.39782e-06
-2.31811e-05
-4.83037e-06
-2.97635e-05
-1.07935e-05
-3.78466e-05
-1.41972e-05
-5.17715e-05
-1.4153e-05
-6.23578e-05
-8.57671e-05
-1.46171e-05
9.21934e-05
-1.16882e-05
5.08333e-05
-6.24795e-06
3.69592e-05
-2.8114e-07
2.30977e-05
5.06487e-06
1.64773e-05
9.62849e-06
1.18231e-05
1.34832e-05
8.95384e-06
1.67615e-05
6.96686e-06
1.95911e-05
5.65846e-06
2.20897e-05
4.80795e-06
2.43497e-05
4.30107e-06
2.64471e-05
4.02705e-06
2.84303e-05
3.90567e-06
3.03379e-05
3.87011e-06
3.21849e-05
3.88465e-06
3.39872e-05
3.91522e-06
3.57395e-05
3.94717e-06
3.74432e-05
3.95377e-06
3.90806e-05
3.92768e-06
4.06415e-05
3.84967e-06
4.21002e-05
3.71674e-06
4.34388e-05
3.51845e-06
4.46287e-05
3.25494e-06
4.56472e-05
2.92109e-06
4.64648e-05
2.51825e-06
4.70557e-05
2.04392e-06
4.73898e-05
1.49885e-06
4.74391e-05
8.79976e-07
4.71709e-05
1.85973e-07
4.65537e-05
-5.89911e-07
4.55501e-05
-1.45517e-06
4.41202e-05
-2.42474e-06
4.22161e-05
-3.52035e-06
3.9781e-05
-4.77777e-06
3.67457e-05
-6.25056e-06
3.30232e-05
-8.02495e-06
2.85121e-05
-1.02122e-05
2.30913e-05
-1.30474e-05
1.66443e-05
-1.67336e-05
9.12016e-06
-2.22403e-05
7.89743e-07
-2.95159e-05
-7.24597e-06
-4.37365e-05
-1.27014e-05
-5.69024e-05
-9.84688e-05
-9.29112e-06
0.000101485
-1.02523e-06
4.25674e-05
7.80058e-06
2.81338e-05
1.47789e-05
1.61199e-05
2.02845e-05
1.09721e-05
2.45463e-05
7.56219e-06
2.79317e-05
5.5682e-06
3.06714e-05
4.22791e-06
3.29552e-05
3.37448e-06
3.49269e-05
2.83719e-06
3.66939e-05
2.53347e-06
3.83369e-05
2.38455e-06
3.99052e-05
2.33582e-06
4.14348e-05
2.34137e-06
4.29394e-05
2.37838e-06
4.44323e-05
2.42368e-06
4.59085e-05
2.46914e-06
4.73676e-05
2.49595e-06
4.87928e-05
2.50085e-06
5.01731e-05
2.47058e-06
5.14849e-05
2.4039e-06
5.27105e-05
2.29383e-06
5.38238e-05
2.14099e-06
5.48035e-05
1.94209e-06
5.56231e-05
1.69841e-06
5.62592e-05
1.4084e-06
5.66849e-05
1.07294e-06
5.68753e-05
6.90071e-07
5.68016e-05
2.59381e-07
5.64356e-05
-2.23593e-07
5.57436e-05
-7.63431e-07
5.46889e-05
-1.36999e-06
5.32263e-05
-2.05781e-06
5.12994e-05
-2.85106e-06
4.8836e-05
-3.7869e-06
4.57373e-05
-4.92678e-06
4.18771e-05
-6.3515e-06
3.70706e-05
-8.24147e-06
3.10987e-05
-1.07612e-05
2.35853e-05
-1.47275e-05
1.43452e-05
-2.02755e-05
3.11595e-06
-3.25077e-05
-7.37293e-06
-4.64134e-05
-0.000105842
8.32652e-07
0.000100652
1.28257e-05
3.05745e-05
2.30469e-05
1.7913e-05
2.96152e-05
9.55203e-06
3.43681e-05
6.21958e-06
3.77808e-05
4.15014e-06
4.03677e-05
2.98112e-06
4.23783e-05
2.21786e-06
4.40088e-05
1.74375e-06
4.5394e-05
1.45262e-06
4.66326e-05
1.29436e-06
4.77947e-05
1.22282e-06
4.89218e-05
1.20739e-06
5.00423e-05
1.22159e-06
5.1166e-05
1.25316e-06
5.23024e-05
1.28846e-06
5.34464e-05
1.32362e-06
5.45958e-05
1.34767e-06
5.5736e-05
1.3594e-06
5.68565e-05
1.35117e-06
5.79369e-05
1.32261e-06
5.89619e-05
1.26972e-06
5.99093e-05
1.19306e-06
6.07613e-05
1.09078e-06
6.14957e-05
9.63756e-07
6.20935e-05
8.11096e-07
6.25329e-05
6.33469e-07
6.27937e-05
4.29736e-07
6.28529e-05
1.99929e-07
6.26882e-05
-5.85396e-08
6.22726e-05
-3.48061e-07
6.15769e-05
-6.74182e-07
6.05643e-05
-1.04515e-06
5.91878e-05
-1.47463e-06
5.73855e-05
-1.9843e-06
5.50684e-05
-2.61e-06
5.21186e-05
-3.40113e-06
4.83444e-05
-4.46772e-06
4.35072e-05
-5.92347e-06
3.70713e-05
-8.29205e-06
2.86172e-05
-1.18211e-05
1.64051e-05
-2.0296e-05
2.66739e-06
-3.26757e-05
-0.000103175
1.51454e-05
8.55073e-05
2.84979e-05
1.72223e-05
3.78245e-05
8.58661e-06
4.29705e-05
4.40636e-06
4.64487e-05
2.74151e-06
4.88029e-05
1.79638e-06
5.05197e-05
1.26416e-06
5.18096e-05
9.28413e-07
5.28317e-05
7.2144e-07
5.36892e-05
5.95573e-07
5.4456e-05
5.26947e-07
5.51837e-05
4.95551e-07
5.59013e-05
4.88718e-07
5.66287e-05
4.94815e-07
5.73719e-05
5.08857e-07
5.81368e-05
5.24472e-07
5.89189e-05
5.40343e-07
5.9716e-05
5.5153e-07
6.05166e-05
5.57804e-07
6.13128e-05
5.55831e-07
6.20893e-05
5.45495e-07
6.28346e-05
5.25107e-07
6.35325e-05
4.94844e-07
6.41698e-05
4.53964e-07
6.47306e-05
4.02791e-07
6.52012e-05
3.40922e-07
6.5566e-05
2.68629e-07
6.58107e-05
1.85365e-07
6.59193e-05
9.1224e-08
6.58761e-05
-1.50211e-08
6.56624e-05
-1.34418e-07
6.52577e-05
-2.69381e-07
6.46363e-05
-4.2364e-07
6.37646e-05
-6.03026e-07
6.25981e-05
-8.17424e-07
6.10702e-05
-1.08225e-06
5.9091e-05
-1.42148e-06
5.65056e-05
-1.8826e-06
5.31149e-05
-2.53233e-06
4.84147e-05
-3.59216e-06
4.19182e-05
-5.32435e-06
3.11589e-05
-9.53695e-06
1.65736e-05
-1.80903e-05
-8.66012e-05
3.28925e-05
5.26152e-05
4.43794e-05
5.73572e-06
5.07185e-05
2.24759e-06
5.39591e-05
1.1659e-06
5.60128e-05
6.87789e-07
5.73577e-05
4.51798e-07
5.83087e-05
3.13121e-07
5.90078e-05
2.29644e-07
5.95519e-05
1.77136e-07
6.0003e-05
1.44776e-07
6.04035e-05
1.25922e-07
6.07833e-05
1.16017e-07
6.11591e-05
1.12302e-07
6.15425e-05
1.11891e-07
6.19369e-05
1.1366e-07
6.2346e-05
1.15964e-07
6.2767e-05
1.18543e-07
6.31989e-05
1.20273e-07
6.36351e-05
1.21006e-07
6.40714e-05
1.2015e-07
6.4499e-05
1.17449e-07
6.49118e-05
1.12747e-07
6.53007e-05
1.0583e-07
6.56583e-05
9.6706e-08
6.59757e-05
8.52808e-08
6.62454e-05
7.15381e-08
6.64586e-05
5.5445e-08
6.66074e-05
3.68774e-08
6.66827e-05
1.58305e-08
6.66759e-05
-8.01116e-09
6.65764e-05
-3.49863e-08
6.63728e-05
-6.56306e-08
6.60503e-05
-1.0101e-07
6.55896e-05
-1.42418e-07
6.49651e-05
-1.92539e-07
6.41375e-05
-2.54799e-07
6.30526e-05
-3.36183e-07
6.16165e-05
-4.46666e-07
5.96956e-05
-6.111e-07
5.69712e-05
-8.68018e-07
5.30043e-05
-1.35719e-06
4.59025e-05
-2.43534e-06
3.37476e-05
-5.93538e-06
-5.28537e-05
5.26155e-05
5.83512e-05
6.05986e-05
6.17645e-05
6.24524e-05
6.29044e-05
6.32175e-05
6.34472e-05
6.36242e-05
6.3769e-05
6.38948e-05
6.4011e-05
6.4123e-05
6.42351e-05
6.43484e-05
6.44646e-05
6.45829e-05
6.47034e-05
6.48242e-05
6.49446e-05
6.50619e-05
6.51748e-05
6.52806e-05
6.53774e-05
6.54627e-05
6.55344e-05
6.55898e-05
6.56268e-05
6.56426e-05
6.56347e-05
6.55997e-05
6.55341e-05
6.54332e-05
6.52907e-05
6.50983e-05
6.48435e-05
6.45075e-05
6.40607e-05
6.34497e-05
6.25816e-05
6.12245e-05
5.87891e-05
5.28537e-05
)
;

boundaryField
{
    movingWall
    {
        type            calculated;
        value           uniform 0;
    }
    fixedWalls
    {
        type            calculated;
        value           uniform 0;
    }
    frontAndBack
    {
        type            empty;
        value           nonuniform 0();
    }
    defaultFaces
    {
        type            empty;
        value           nonuniform 0();
    }
}


// ************************************************************************* //
