/*--------------------------------*- C++ -*----------------------------------*\
  =========                 |
  \\      /  F ield         | OpenFOAM: The Open Source CFD Toolbox
   \\    /   O peration     | Website:  https://openfoam.org
    \\  /    A nd           | Version:  7
     \\/     M anipulation  |
\*---------------------------------------------------------------------------*/
FoamFile
{
    version     2.0;
    format      ascii;
    class       surfaceScalarField;
    location    "1.43";
    object      phi;
}
// * * * * * * * * * * * * * * * * * * * * * * * * * * * * * * * * * * * * * //

dimensions      [0 3 -1 0 0 0 0];

internalField   nonuniform List<scalar> 
3784
(
-0.00193753
0.00193753
-0.000836731
-0.0011008
0.0005593
-0.00139603
0.000645025
-8.5724e-05
0.000161757
0.000483268
-0.000748816
0.000910573
-0.00172863
0.000979812
-0.00181261
8.39762e-05
-0.000682616
-0.00112999
0.001006
-0.00168861
0.00206621
-0.00106021
0.00186503
0.000201179
0.000724727
0.00114031
-0.000525422
0.00125015
-0.00106882
0.000543398
-0.000577519
-0.000491302
0.000531688
-0.00110921
0.00109143
-0.00055974
0.000498764
0.000592664
-0.000823596
0.00132236
-0.00195583
0.00113223
-0.00196518
9.3453e-06
-0.000602271
-0.0013629
0.0011538
-0.00175607
0.00211903
-0.000965233
0.00192463
0.000194407
0.00079102
0.00113361
-0.000509972
0.00130099
-0.00114093
0.000630961
-0.000781716
-0.000359219
0.00035271
-0.00113443
0.00109409
-0.000741375
0.000575783
0.000518302
-0.000804118
0.0013799
-0.00195112
0.001147
-0.00182005
-0.000131071
-0.000311161
-0.00150889
0.0013832
-0.00169436
0.00211816
-0.000734953
0.00156769
0.000550471
0.000226641
0.00134105
-0.000971471
0.00119811
-0.00102986
5.83918e-05
-0.00102986
-0.0028882
0.00482573
-0.00170321
-0.00228578
0.000870676
-0.00396992
0.000914135
-0.000129187
7.71453e-05
0.00132026
-0.000746973
0.00173469
-0.00157832
0.00181116
-0.00205121
0.000556861
-0.000991073
-0.00219012
0.00133331
-0.004013
0.00224612
-0.00197302
0.0016679
0.000779398
0.000763171
0.00204503
-0.000405188
0.00241851
-0.00135231
0.00149052
-0.000866169
-0.000977443
0.00079939
-0.00277477
0.00133708
-0.00109743
0.000360847
0.00156889
-0.000815618
0.00249883
-0.00175726
0.00207388
-0.00219997
0.000452052
-0.00085215
-0.00271072
0.00156718
-0.0041754
0.00234938
-0.00174743
0.00171947
0.000824318
0.000797256
0.00205582
-0.000382358
0.00248061
-0.00142869
0.0016773
-0.0011584
-0.000629513
0.00055439
-0.00284722
0.00135646
-0.00154345
0.00043013
0.00144463
-0.000777959
0.00258799
-0.00176207
0.00213111
-0.00212301
0.000229868
-0.000459005
-0.00317289
0.00188163
-0.004035
0.00223286
-0.00108619
0.00136402
0.00141931
0.000369233
0.00233583
-0.000939076
0.00250642
-0.00148215
0.000601464
-0.00251201
-0.00277451
0.00760024
-0.00239661
-0.00266369
0.000313647
-0.00668018
0.00121657
-0.0010321
0.000739527
0.00179729
-0.000110168
0.00258438
-0.00124644
0.00294743
-0.00209687
0.0014073
-0.00102909
-0.0032579
0.00150435
-0.00654645
0.00239094
-0.00285961
0.00142457
0.00174577
0.000158496
0.00331111
-0.00105423
0.00363123
-0.00181399
0.00225028
-0.000984551
-0.00180688
0.00104365
-0.00480297
0.00183496
-0.00188873
0.000988692
0.00241516
-0.000255326
0.00374284
-0.00154715
0.00336571
-0.00236422
0.00126912
-0.00104883
-0.00402612
0.00163887
-0.0068631
0.0025189
-0.00262745
0.00152875
0.00181447
0.00019435
0.00339021
-0.00106617
0.00374112
-0.00192854
0.00253967
-0.00126913
-0.00128892
0.000833534
-0.00494988
0.00186001
-0.00256993
0.00104408
0.00226056
-0.000254058
0.00388613
-0.00160532
0.00348237
-0.00230108
0.000925627
-0.000605395
-0.00486857
0.002018
-0.00665839
0.00240667
-0.00147485
0.0011514
0.00267458
-0.000236997
0.00372423
-0.00158959
0.00385902
-0.00187776
0.00088963
-0.00438977
-0.00204161
0.00964185
-0.00259747
-0.00210782
-0.000669998
-0.00860765
0.000653504
-0.00235561
0.000749856
0.00170094
0.000329255
0.00300499
-0.000478129
0.00375482
-0.00127809
0.00220726
-0.00065567
-0.00388032
0.00105596
-0.00825808
0.00151207
-0.00331572
0.000572776
0.00268506
-0.0004503
0.00433419
-0.00116659
0.00434752
-0.00146305
0.00254673
-0.000700471
-0.00256945
0.000832617
-0.00633606
0.00149928
-0.00255539
0.00111745
0.00279699
0.000378254
0.00448204
-0.000638597
0.00438256
-0.00147406
0.00210457
-0.000761541
-0.00473863
0.00110023
-0.00872487
0.00166003
-0.00318726
0.000709704
0.0027648
-0.000420962
0.00452088
-0.00121246
0.00453262
-0.00158677
0.00291398
-0.000893697
-0.00198199
0.000706283
-0.00654987
0.00148891
-0.00335255
0.00111359
0.00263588
0.000352334
0.00464739
-0.000690073
0.00452478
-0.0014262
0.00166176
-0.000434769
-0.00586001
0.00137498
-0.00846815
0.00156433
-0.00166419
0.000452716
0.00378619
-0.000651799
0.00482875
-0.00144065
0.00464787
-0.00141878
0.000867765
-0.00580855
-0.00133137
0.0109732
-0.00267637
-0.000762821
-0.00180545
-0.00947857
-0.000258225
-0.00390283
0.000322813
0.0011199
0.000322423
0.00300538
-3.83759e-05
0.00411561
-0.000534143
0.00270303
-0.000287817
-0.00412665
0.000549922
-0.00909581
0.000629946
-0.00339574
-0.000114214
0.00342922
-0.000806296
0.00502627
-0.00113348
0.00467471
-0.00107238
0.00248563
-0.000392861
-0.00324897
0.00060533
-0.00733425
0.00114729
-0.00309736
0.00112085
0.00282344
0.000772337
0.00483055
0.000110175
0.00504472
-0.000584345
0.00279909
-0.000437524
-0.00488545
0.000498759
-0.00966116
0.000776093
-0.00346459
2.66393e-05
0.00351425
-0.000763055
0.00531058
-0.00117927
0.00494884
-0.00119132
0.00292603
-0.00048546
-0.00268785
0.000562101
-0.00759743
0.00109931
-0.00388976
0.00104511
0.00269008
0.00072103
0.00497147
8.18146e-05
0.005164
-0.000553497
0.00229707
-0.000250958
-0.00616255
0.000670539
-0.00938964
0.000698309
-0.00169196
-0.00010222
0.00458672
-0.000843515
0.00557004
-0.00117475
0.0049791
-0.000927271
0.000620288
-0.00673582
-0.000584652
0.0115579
-0.00239873
0.00105126
-0.0027657
-0.00911161
-0.0014285
-0.00524003
-0.00049658
0.000187984
-0.000170572
0.00267937
3.60288e-05
0.00390901
4.46394e-05
0.00269441
1.80762e-05
-0.00410008
7.92551e-06
-0.00908566
-0.000212586
-0.00317523
-0.000566491
0.00378312
-0.000810702
0.00527048
-0.000785394
0.0046494
-0.000539397
0.00223964
-5.37441e-05
-0.00373463
0.000365048
-0.00775305
0.000681357
-0.00341366
0.000823515
0.00268128
0.000810395
0.00484367
0.000610034
0.00524508
0.000233026
0.0031761
-0.000106764
-0.00454566
-0.000103122
-0.0096648
-9.10707e-05
-0.00347664
-0.000430328
0.00385351
-0.000755281
0.00563553
-0.00082395
0.00501751
-0.000623507
0.00272559
-4.77755e-05
-0.00326358
0.000388029
-0.00803323
0.000607889
-0.00410962
0.000712496
0.00258547
0.000737933
0.00494603
0.000598323
0.0053036
0.000238868
0.00265652
-6.79252e-05
-0.00585575
-4.37853e-05
-0.00941378
-0.000131165
-0.00160458
-0.000458289
0.00491384
-0.000703303
0.00581505
-0.00063307
0.00490887
-0.000392155
0.000379373
-0.00712798
0.000141748
0.0114161
-0.00171938
0.00291239
-0.00322653
-0.00760447
-0.00254314
-0.00592341
-0.00151481
-0.000840355
-0.000861652
0.00202622
-0.000135776
0.00318314
0.000374699
0.00218394
0.000204803
-0.00393019
-0.000545068
-0.00833579
-0.000920911
-0.00279939
-0.000816741
0.00367895
-0.000543995
0.00499774
-0.000240985
0.00434639
8.95624e-05
0.00190909
0.000301235
-0.0039463
9.59366e-05
-0.00754775
7.64103e-05
-0.00339414
0.00031016
0.00244753
0.000590663
0.00456317
0.000872078
0.00496367
0.000872838
0.00317534
0.000233004
-0.00390583
-0.000630442
-0.00880135
-0.000833277
-0.00327381
-0.000716479
0.00373671
-0.00048979
0.00540884
-0.000249984
0.0047777
5.98055e-05
0.0024158
0.00038242
-0.0035862
0.00016701
-0.00781782
-7.03393e-06
-0.00393558
0.000191912
0.00238653
0.000523661
0.00461428
0.000878594
0.00494867
0.000866483
0.00266864
0.000134993
-0.00512426
-0.000682855
-0.00859594
-0.000817511
-0.00146993
-0.000639184
0.00473551
-0.000347862
0.00552373
3.7924e-05
0.00452308
0.000190245
0.000227052
-0.00693773
0.000821976
0.0105942
-0.000684216
0.00441858
-0.00296024
-0.00532844
-0.00317791
-0.00570575
-0.00229241
-0.00172585
-0.00136086
0.00109466
-0.000299382
0.00212167
0.00053937
0.00134519
0.000217416
-0.00360824
-0.00109538
-0.00702299
-0.00153196
-0.00236282
-0.000973696
0.00312069
-0.000229178
0.00425322
0.000331661
0.00378555
0.000771706
0.00146904
0.000598194
-0.00377278
-0.000215216
-0.00673434
-0.000555326
-0.00305403
-0.000219238
0.00211144
0.000304336
0.00403959
0.0010029
0.0042651
0.00137505
0.00280319
0.000559432
-0.00309021
-0.000988875
-0.00725305
-0.00143687
-0.00282581
-0.000899528
0.00319937
-0.000176269
0.00468558
0.000345813
0.00425562
0.000809578
0.00195204
0.000728112
-0.00350473
-0.000130207
-0.00695951
-0.00063034
-0.00343544
-0.000314042
0.00207023
0.000264135
0.0040361
0.00102447
0.00418834
0.00135895
0.00233415
0.000344471
-0.00410978
-0.00114059
-0.00711088
-0.0013463
-0.00126422
-0.000709736
0.00409894
2.4913e-05
0.00478909
0.000597201
0.00395079
0.00072991
9.43424e-05
-0.00620782
0.00140729
0.00918685
0.000584835
0.00524104
-0.00191776
-0.00282585
-0.00296746
-0.00465605
-0.00245412
-0.0022392
-0.00145841
9.89522e-05
-0.000357591
0.00102085
0.000563686
0.00042391
9.09029e-05
-0.00313545
-0.00152134
-0.00541075
-0.00196749
-0.00191666
-0.00106548
0.00221868
-2.47441e-05
0.00321249
0.000810646
0.00295016
0.00130609
0.000973599
0.00076271
-0.0032294
-0.000540308
-0.00543132
-0.00113976
-0.00245458
-0.00070218
0.00167386
7.93305e-05
0.00325808
0.00101474
0.00332969
0.0016848
0.00213313
0.000809049
-0.00221446
-0.0011398
-0.0053042
-0.00180312
-0.00216249
-0.000966453
0.0023627
5.01684e-05
0.00366897
0.000881586
0.0034242
0.00141917
0.00141445
0.000926307
-0.00301187
-0.000441212
-0.00559199
-0.00117174
-0.00270491
-0.000729765
0.00162825
8.9001e-05
0.00321733
0.00105533
0.00322201
0.00165935
0.00173014
0.000519479
-0.00296992
-0.00136246
-0.00522893
-0.00166066
-0.000966023
-0.000740492
0.00317878
0.000273847
0.00377475
0.00102921
0.00319543
0.00117865
-5.51021e-05
-0.00502917
0.00180141
0.00738544
0.00181979
0.00522266
-0.000348003
-0.000658057
-0.00189773
-0.00310632
-0.00193358
-0.00220336
-0.00119659
-0.000638033
-0.000268397
9.26586e-05
0.000504152
-0.00034864
-7.17098e-05
-0.00255959
-0.00168559
-0.00379687
-0.00209015
-0.0015121
-0.00109953
0.00122805
3.79447e-05
0.00207501
0.00102568
0.00196242
0.00151037
0.000488907
0.000737946
-0.00245698
-0.000795658
-0.00389772
-0.00149089
-0.00175934
-0.000976912
0.00115988
-4.33709e-05
0.00232454
0.00095923
0.00232709
0.00169583
0.00139653
0.000874352
-0.00139298
-0.00108183
-0.00334802
-0.0018241
-0.00142022
-0.000968285
0.00150689
0.000158123
0.00254256
0.00116572
0.0024166
0.00170146
0.000878709
0.000948901
-0.00225931
-0.000660277
-0.00398281
-0.0014552
-0.00190999
-0.000936013
0.00110907
2.27221e-05
0.00225859
0.00101646
0.00222827
0.0016644
0.0010822
0.000580654
-0.00188618
-0.00133579
-0.00331249
-0.00168172
-0.000620088
-0.000663249
0.0021603
0.000413557
0.00269794
0.00131355
0.00229544
0.00142496
-0.000166516
-0.00360421
0.00183822
0.00554722
0.00255197
0.00450891
0.00115868
0.000735229
-0.000381864
-0.00156577
-0.000933241
-0.00165198
-0.000654556
-0.000916719
-3.06991e-05
-0.0005312
0.000454672
-0.000834008
-0.000155797
-0.00194912
-0.00151378
-0.00243889
-0.00185261
-0.00117327
-0.00101889
0.000394336
2.40349e-05
0.00103209
0.000959741
0.00102672
0.00135327
9.53711e-05
0.000550718
-0.00165442
-0.000905375
-0.00244163
-0.00153132
-0.0011334
-0.00102223
0.000650793
-0.000115461
0.00141777
0.000787598
0.00142403
0.00139726
0.000786871
0.000733199
-0.000728921
-0.000867929
-0.00174689
-0.00152239
-0.000765758
-0.000834985
0.000819485
0.000194465
0.00151311
0.00116048
0.00145058
0.00160318
0.000436016
0.000808633
-0.00146476
-0.000724222
-0.00244995
-0.00143114
-0.00120307
-0.000938477
0.000616404
-4.55232e-05
0.00136563
0.000850988
0.00133175
0.00136737
0.000565821
0.000494165
-0.00101297
-0.00109223
-0.0017261
-0.00141545
-0.000296865
-0.000537206
0.00128206
0.000470519
0.00169022
0.00136499
0.00140098
0.00139507
-0.000196594
-0.00220915
0.00159812
0.0039491
0.00263894
0.00346809
0.00203792
0.00133624
0.000919316
-0.000447163
0.000189088
-0.000921747
8.24384e-05
-0.000810069
0.000311588
-0.000760352
0.000452969
-0.00097539
-0.000112953
-0.0013832
-0.00107643
-0.00147541
-0.00134681
-0.000902888
-0.000795596
-0.000156881
-9.95622e-06
0.00024645
0.0007176
0.000299163
0.000967456
-0.000154488
0.000303097
-0.000990065
-0.000818594
-0.00131993
-0.00129144
-0.000660553
-0.000898444
0.000257792
-0.000188758
0.000708082
0.00050574
0.000729537
0.000909174
0.000383436
0.000459447
-0.000279193
-0.000591148
-0.000696293
-0.00104136
-0.000315548
-0.000585496
0.000363623
0.000195436
0.000732175
0.00094053
0.000705485
0.00122891
0.000147637
0.000566592
-0.000802437
-0.000621005
-0.00126236
-0.00116265
-0.00066143
-0.000800823
0.000254579
-0.000115826
0.000680636
0.00056236
0.000653566
0.000884316
0.000243866
0.000297508
-0.000426167
-0.000748658
-0.00067993
-0.00098002
-6.55015e-05
-0.000356006
0.000658047
0.000440824
0.000893386
0.00114561
0.000696187
0.00110185
-0.000152828
-0.0011073
0.00108518
0.00286392
0.00210196
0.00245132
0.00215104
0.00128717
0.0015075
0.000196376
0.000937721
-0.000351969
0.000687219
-0.00055957
0.00062614
-0.00069927
0.000483519
-0.000832767
2.49982e-05
-0.000924684
-0.000557128
-0.000893279
-0.000761928
-0.000698085
-0.000493234
-0.000425576
-1.71326e-05
-0.000229655
0.000436791
-0.000154759
0.000552583
-0.000270279
0.000104141
-0.000541625
-0.000591409
-0.000624386
-0.000903859
-0.000348105
-0.000680149
3.40815e-05
-0.000226487
0.00025442
0.000219875
0.000283177
0.000438882
0.00016443
0.000197512
-3.78207e-05
-0.000333186
-0.000165592
-0.000570863
-7.78703e-05
-0.000323571
0.000116327
0.00015997
0.000248632
0.000623811
0.000241643
0.000759095
1.23542e-05
0.000308516
-0.000351854
-0.000431011
-0.000522826
-0.000790484
-0.000301958
-0.000594299
5.83945e-05
-0.00016106
0.000247396
0.000257089
0.000235415
0.000414934
8.60204e-05
9.74185e-05
-0.000108652
-0.000429659
-0.000152851
-0.000548792
5.36324e-05
-0.000183107
0.000292364
0.000335792
0.000374487
0.000765183
0.000266795
0.000689918
-7.75639e-05
-0.000417378
0.000771898
0.00209202
0.00144135
0.00178186
0.0016587
0.00106982
0.00142235
0.000432728
0.00110517
-3.47853e-05
0.00087315
-0.000327557
0.000688544
-0.000514664
0.000459305
-0.000603522
0.000153078
-0.000618455
-0.000141394
-0.000598812
-0.000272673
-0.000566807
-0.000187535
-0.000510711
1.53659e-05
-0.000432556
0.000208225
-0.000347618
0.000240193
-0.000302246
1.1164e-07
-0.000301545
-0.000353466
-0.000270812
-0.000528623
-0.000172948
-0.000437594
-5.69468e-05
-0.000204176
2.10028e-05
2.51213e-05
5.38806e-05
0.000129807
5.97471e-05
4.56678e-05
4.63199e-05
-0.000141637
2.17117e-05
-0.000229536
1.00257e-05
-0.000123779
1.05675e-05
0.000109442
1.54102e-05
0.000329687
2.14001e-05
0.000364854
-2.2811e-05
0.000118379
-0.000105376
-0.000255637
-0.00014881
-0.000456464
-0.000101134
-0.00038258
-1.54888e-05
-0.000166268
3.10853e-05
3.663e-05
3.25159e-05
9.93067e-05
2.33439e-05
-2.2622e-05
1.32765e-05
-0.000209838
3.43645e-05
-0.00023892
8.27149e-05
-5.9397e-05
0.000112842
0.000206707
0.000108385
0.000402944
7.05592e-05
0.000337121
-1.17429e-05
-8.02576e-05
0.000578374
0.00151365
0.000996722
0.00136352
0.00116276
0.000903774
0.00111395
0.000481538
0.000944121
0.000135053
0.000760906
-0.000144339
0.000572144
-0.000325904
0.000384942
-0.00041632
0.000214803
-0.000448314
8.42725e-05
-0.000468286
1.10894e-05
-0.000493626
2.22533e-06
-0.000501843
3.68953e-05
-0.000467223
7.36811e-05
-0.000384406
5.38619e-05
-0.00028243
-5.12852e-05
-0.000196397
-0.000185664
-0.000136433
-0.000257572
-0.000101041
-0.000233732
-8.07858e-05
-0.000147226
-6.55013e-05
-5.70438e-05
-3.63008e-05
-4.86608e-06
7.56914e-06
-3.66835e-06
4.51219e-05
-3.06903e-05
4.87321e-05
-3.90307e-05
1.83635e-05
-1.93844e-06
-2.6526e-05
6.46929e-05
-5.12201e-05
0.000129813
-4.37184e-05
0.00012221
-1.52084e-05
1.9036e-05
-2.20266e-06
-0.000123735
-6.03706e-06
-0.000210646
-1.42223e-05
-0.00020035
-2.57837e-05
-0.000130401
-3.88633e-05
-6.69578e-05
-3.09283e-05
-4.0127e-05
-3.48716e-06
-6.17579e-05
3.49069e-05
-8.59331e-05
5.85382e-05
-6.22028e-05
5.89864e-05
9.75238e-06
4.08885e-05
0.0001019
1.62386e-05
0.000157504
1.49574e-05
0.000118934
2.68265e-05
3.86745e-05
0.000443501
0.00107015
0.000763583
0.00104344
0.000896102
0.000771259
0.000890155
0.000487483
0.000799935
0.000225274
0.000642212
1.33886e-05
0.000482607
-0.0001663
0.000341474
-0.000275192
0.000236468
-0.000343308
0.000161883
-0.000393699
0.000101714
-0.000433456
5.10037e-05
-0.000451132
8.88315e-06
-0.000425102
-2.23936e-05
-0.000353129
-4.88861e-05
-0.000255936
-7.77841e-05
-0.000167497
-0.000103603
-0.000110611
-0.000115521
-8.91233e-05
-0.000108443
-8.78644e-05
-9.00726e-05
-8.38704e-05
-6.65212e-05
-5.98525e-05
-3.85151e-05
-2.04394e-05
-6.22526e-06
1.28307e-05
2.10548e-05
2.14523e-05
3.78413e-05
1.57657e-06
4.19038e-05
-3.05902e-05
3.82026e-05
-4.75193e-05
2.94603e-05
-3.49752e-05
1.74419e-05
-3.19012e-06
-8.5813e-06
2.38201e-05
-4.52143e-05
3.0598e-05
-7.14101e-05
1.19753e-05
-7.96484e-05
-1.75453e-05
-7.93329e-05
-3.91795e-05
-7.27437e-05
-3.75195e-05
-6.36382e-05
-1.25933e-05
-4.74585e-05
1.87292e-05
-2.56359e-05
3.67154e-05
3.21859e-07
3.30294e-05
2.53428e-05
1.58705e-05
3.71528e-05
4.43018e-06
3.67553e-05
1.53539e-05
2.08823e-05
4.27002e-05
5.95565e-05
0.000328936
0.000741211
0.000603091
0.000769293
0.000748199
0.000626155
0.00078313
0.000452553
0.000735875
0.000272527
0.000643288
0.000105975
0.000509518
-3.25303e-05
0.000387363
-0.000153038
0.000284776
-0.000240723
0.000198469
-0.000307389
0.000118211
-0.000353197
3.79648e-05
-0.000370888
-3.31754e-05
-0.000353962
-8.28058e-05
-0.000303493
-0.000103928
-0.000234809
-0.000101728
-0.000169696
-8.7534e-05
-0.000124806
-7.3042e-05
-0.000103615
-6.50681e-05
-9.58385e-05
-6.21374e-05
-8.68026e-05
-5.46902e-05
-6.73009e-05
-3.50984e-05
-4.00314e-05
-5.82386e-06
-1.6444e-05
2.38797e-05
-8.25168e-06
4.037e-05
-1.49144e-05
3.82523e-05
-2.84738e-05
2.30074e-05
-3.22757e-05
7.98555e-06
-1.99527e-05
1.78667e-06
3.01011e-06
2.57975e-06
2.30277e-05
5.75764e-06
2.74212e-05
3.6137e-06
1.41197e-05
-6.58083e-06
-7.35171e-06
-2.26296e-05
-2.31312e-05
-3.6072e-05
-2.40777e-05
-3.70764e-05
-1.15896e-05
-2.31686e-05
4.82367e-06
-2.4203e-06
1.59693e-05
1.34226e-05
1.71861e-05
1.62881e-05
1.30042e-05
6.95607e-06
1.37642e-05
-3.52805e-06
2.58374e-05
-5.94483e-06
4.51152e-05
5.36121e-05
0.000235482
0.000505733
0.000459503
0.000545271
0.000612251
0.000473406
0.000688333
0.000376471
0.000695712
0.000265147
0.000650735
0.000150952
0.000574928
4.3277e-05
0.000474388
-5.2497e-05
0.000370197
-0.000136533
0.000265971
-0.000203165
0.00016285
-0.000250076
6.51573e-05
-0.000273193
-1.80627e-05
-0.000270737
-7.54221e-05
-0.000246128
-0.000102117
-0.000208111
-0.000102822
-0.000168992
-8.95205e-05
-0.000138111
-7.51218e-05
-0.000118013
-6.65155e-05
-0.000104444
-6.23351e-05
-9.09854e-05
-5.57525e-05
-7.38846e-05
-4.10778e-05
-5.47038e-05
-1.90197e-05
-3.85014e-05
2.29138e-06
-2.95657e-05
1.47601e-05
-2.73847e-05
1.37705e-05
-2.74834e-05
4.8357e-06
-2.33406e-05
-2.38162e-06
-1.27347e-05
-6.39695e-08
6.93863e-07
1.09708e-05
1.1993e-05
2.38556e-05
1.45361e-05
3.00764e-05
7.89903e-06
2.44605e-05
-1.73613e-06
1.11819e-05
-9.85254e-06
-1.88078e-06
-1.10143e-05
-7.43287e-06
-6.03793e-06
-4.61531e-06
2.00439e-06
2.52835e-06
8.8265e-06
6.66323e-06
1.30541e-05
3.38674e-06
1.62792e-05
-4.73374e-06
2.18847e-05
-1.06155e-05
3.17207e-05
-8.55743e-06
4.30558e-05
4.50537e-05
0.000165332
0.000340402
0.000335784
0.000374818
0.000470982
0.000338206
0.000561758
0.000285695
0.000605586
0.00022132
0.000606339
0.000150197
0.000572212
7.74017e-05
0.000512115
7.59929e-06
0.000431515
-5.59325e-05
0.000338814
-0.000110465
0.000240777
-0.000152038
0.000145606
-0.000178017
6.25088e-05
-0.000187636
-6.4098e-07
-0.000182977
-3.99391e-05
-0.000168814
-5.83169e-05
-0.000150616
-6.33751e-05
-0.000133053
-6.32447e-05
-0.000118143
-6.26695e-05
-0.00010502
-6.18226e-05
-9.18334e-05
-5.80572e-05
-7.76488e-05
-4.94277e-05
-6.33319e-05
-3.71219e-05
-5.08091e-05
-2.52426e-05
-4.1448e-05
-1.78463e-05
-3.47807e-05
-1.60404e-05
-2.92878e-05
-1.68244e-05
-2.25567e-05
-1.54577e-05
-1.41015e-05
-9.38585e-06
-5.37703e-06
1.6506e-06
9.56184e-07
1.30398e-05
3.14637e-06
1.87605e-05
2.17938e-06
1.76258e-05
-6.00517e-07
1.06198e-05
-2.84756e-06
2.37008e-06
-2.76673e-06
-3.68251e-06
1.4791e-08
-6.14371e-06
4.4633e-06
-6.57689e-06
9.2566e-06
-7.49703e-06
1.39784e-05
-1.02144e-05
1.90006e-05
-1.32719e-05
2.49419e-05
-1.33101e-05
3.17586e-05
-8.40907e-06
3.81544e-05
3.66438e-05
0.000114739
0.000225663
0.000238084
0.000251472
0.000344115
0.000232174
0.000426243
0.000203567
0.000480422
0.000167142
0.000505457
0.00012516
0.000502859
7.99982e-05
0.000476277
3.418e-05
0.000427911
-7.56464e-06
0.000365764
-4.83152e-05
0.000294178
-8.04503e-05
0.000220231
-0.000104068
0.000151073
-0.000118475
9.24595e-05
-0.000124365
4.72815e-05
-0.000123638
1.52216e-05
-0.000118555
-6.56793e-06
-0.000111261
-2.18084e-05
-0.000102903
-3.29921e-05
-9.38388e-05
-4.08132e-05
-8.40106e-05
-4.49055e-05
-7.35532e-05
-4.52025e-05
-6.30362e-05
-4.27508e-05
-5.32641e-05
-3.94441e-05
-4.47545e-05
-3.6792e-05
-3.74302e-05
-3.53795e-05
-3.07001e-05
-3.38462e-05
-2.40911e-05
-3.04909e-05
-1.74562e-05
-2.45524e-05
-1.13144e-05
-1.71072e-05
-6.48854e-06
-1.05381e-05
-3.42228e-06
-6.51574e-06
-1.84287e-06
-5.92158e-06
-1.19366e-06
-8.47939e-06
-2.90172e-07
-1.2597e-05
1.34554e-06
-1.64687e-05
3.88511e-06
-1.91044e-05
7.10141e-06
-2.05745e-05
1.07248e-05
-2.12458e-05
1.46495e-05
-2.10913e-05
1.885e-05
-1.93963e-05
2.32489e-05
-1.51647e-05
2.75259e-05
-8.03707e-06
3.10253e-05
2.86064e-05
7.94164e-05
0.000146246
0.000166694
0.000164192
0.000245116
0.000153751
0.000310634
0.000138046
0.000360116
0.000117656
0.00039168
9.35923e-05
0.000404636
6.70406e-05
0.000399496
3.93196e-05
0.000380007
1.19248e-05
0.000345372
-1.36784e-05
0.000301446
-3.65244e-05
0.000252398
-5.50222e-05
0.000202686
-6.87648e-05
0.000156091
-7.77708e-05
0.000115009
-8.25566e-05
8.03663e-05
-8.39122e-05
5.17632e-05
-8.26574e-05
2.8304e-05
-7.94457e-05
9.18624e-06
-7.47224e-05
-5.99518e-06
-6.88274e-05
-1.74252e-05
-6.21227e-05
-2.54467e-05
-5.50184e-05
-3.07267e-05
-4.79861e-05
-3.4173e-05
-4.13055e-05
-3.65279e-05
-3.50747e-05
-3.79942e-05
-2.92371e-05
-3.83718e-05
-2.37138e-05
-3.73072e-05
-1.85188e-05
-3.48173e-05
-1.38046e-05
-3.15369e-05
-9.76828e-06
-2.84621e-05
-6.4949e-06
-2.64206e-05
-3.88656e-06
-2.59173e-05
-1.69901e-06
-2.66464e-05
4.41037e-07
-2.79819e-05
2.67812e-06
-2.92182e-05
5.11738e-06
-2.98518e-05
7.73754e-06
-2.96102e-05
1.04853e-05
-2.82796e-05
1.33172e-05
-2.5608e-05
1.61772e-05
-2.13073e-05
1.89484e-05
-1.52136e-05
2.14321e-05
-7.52308e-06
2.33346e-05
2.10839e-05
5.56157e-05
9.063e-05
0.000117592
0.000102213
0.000174808
9.65351e-05
0.000224869
8.79843e-05
0.00026571
7.68106e-05
0.000295833
6.34677e-05
0.000314363
4.85116e-05
0.0003211
3.25856e-05
0.000316646
1.63803e-05
0.000301585
1.38341e-06
0.000278771
-1.37091e-05
0.000250072
-2.63243e-05
0.000218022
-3.67155e-05
0.000184947
-4.46938e-05
0.00015267
-5.02778e-05
0.0001224
-5.36416e-05
9.47852e-05
-5.50424e-05
7.01006e-05
-5.4761e-05
4.84537e-05
-5.30745e-05
2.98872e-05
-5.02596e-05
1.43646e-05
-4.66011e-05
1.7545e-06
-4.24106e-05
-8.31505e-06
-3.79152e-05
-1.62696e-05
-3.3348e-05
-2.24877e-05
-2.88582e-05
-2.72155e-05
-2.45122e-05
-3.05651e-05
-2.03614e-05
-3.26314e-05
-1.64493e-05
-3.3604e-05
-1.28339e-05
-3.38114e-05
-9.56029e-06
-3.36605e-05
-6.64129e-06
-3.35085e-05
-4.0397e-06
-3.35301e-05
-1.68136e-06
-3.36232e-05
5.36218e-07
-3.36005e-05
2.65714e-06
-3.32185e-05
4.73268e-06
-3.22469e-05
6.76548e-06
-3.05029e-05
8.7436e-06
-2.78319e-05
1.06468e-05
-2.40971e-05
1.24413e-05
-1.92185e-05
1.40689e-05
-1.32326e-05
1.54461e-05
-6.35391e-06
1.64564e-05
1.47307e-05
3.59307e-05
5.46965e-05
7.63555e-05
6.17832e-05
0.000114292
5.85961e-05
0.000148451
5.38225e-05
0.000177665
4.75908e-05
0.000201007
4.01232e-05
0.000217824
3.16948e-05
0.000227777
2.26323e-05
0.000230872
1.32837e-05
0.0002283
3.95403e-06
0.000219369
-4.77973e-06
0.000205815
-1.27711e-05
0.000188802
-1.97031e-05
0.000169513
-2.5405e-05
0.00014903
-2.97952e-05
0.000128261
-3.28734e-05
0.000107919
-3.47015e-05
8.85423e-05
-3.53846e-05
7.0526e-05
-3.5058e-05
5.41435e-05
-3.38781e-05
3.95549e-05
-3.2015e-05
2.67923e-05
-2.96493e-05
1.58143e-05
-2.69357e-05
6.49307e-06
-2.40257e-05
-1.34227e-06
-2.10256e-05
-7.82309e-06
-1.80335e-05
-1.30725e-05
-1.5109e-05
-1.72094e-05
-1.23099e-05
-2.03864e-05
-9.65915e-06
-2.27576e-05
-7.18947e-06
-2.44838e-05
-4.91116e-06
-2.57181e-05
-2.80463e-06
-2.65164e-05
-8.86046e-07
-2.68699e-05
8.89802e-07
-2.67572e-05
2.54661e-06
-2.61284e-05
4.10346e-06
-2.49261e-05
5.56179e-06
-2.3101e-05
6.91865e-06
-2.06184e-05
8.16519e-06
-1.74623e-05
9.28566e-06
-1.36492e-05
1.02558e-05
-9.24642e-06
1.10433e-05
-4.39291e-06
1.16028e-05
1.03371e-05
2.24238e-05
3.22708e-05
4.78134e-05
3.63933e-05
7.18894e-05
3.45213e-05
9.39696e-05
3.17419e-05
0.000113433
2.81256e-05
0.000129768
2.37896e-05
0.000142584
1.88818e-05
0.000151635
1.35831e-05
0.000156836
8.0827e-06
0.000158295
2.49466e-06
0.000156246
-2.73044e-06
0.000151107
-7.62979e-06
0.000143383
-1.19784e-05
0.000133634
-1.56548e-05
0.000122422
-1.85833e-05
0.00011028
-2.0732e-05
9.76871e-05
-2.21082e-05
8.50555e-05
-2.27514e-05
7.27257e-05
-2.27269e-05
6.09672e-05
-2.21199e-05
4.99792e-05
-2.10282e-05
3.98861e-05
-1.9556e-05
3.07573e-05
-1.78046e-05
2.26017e-05
-1.5869e-05
1.54104e-05
-1.38362e-05
9.14339e-06
-1.17674e-05
3.75676e-06
-9.71973e-06
-8.21447e-07
-7.72944e-06
-4.64258e-06
-5.83922e-06
-7.77031e-06
-4.06213e-06
-1.02711e-05
-2.40744e-06
-1.22203e-05
-8.53733e-07
-1.36245e-05
5.1706e-07
-1.45318e-05
1.79672e-06
-1.49575e-05
2.97343e-06
-1.49059e-05
4.05228e-06
-1.43827e-05
5.0378e-06
-1.33959e-05
5.9313e-06
-1.19613e-05
6.73068e-06
-1.01056e-05
7.43019e-06
-7.87031e-06
8.02046e-06
-5.3163e-06
8.48881e-06
-2.52978e-06
8.81526e-06
7.80557e-06
1.52989e-05
1.69692e-05
3.26856e-05
1.90051e-05
4.92893e-05
1.7916e-05
6.47041e-05
1.63244e-05
7.85587e-05
1.4269e-05
9.05356e-05
1.1813e-05
0.000100379
9.03867e-06
0.000107934
6.02766e-06
0.000113103
2.9123e-06
0.000115799
-2.02948e-07
0.000116305
-3.23595e-06
0.000114714
-6.03884e-06
0.000111255
-8.51907e-06
0.000106207
-1.06076e-05
9.98773e-05
-1.22549e-05
9.25789e-05
-1.34349e-05
8.46157e-05
-1.41449e-05
7.62682e-05
-1.44025e-05
6.77839e-05
-1.42414e-05
5.93751e-05
-1.37114e-05
5.12166e-05
-1.28707e-05
4.34445e-05
-1.17837e-05
3.61561e-05
-1.05147e-05
2.94134e-05
-9.12595e-06
2.3251e-05
-7.67561e-06
1.76938e-05
-6.21151e-06
1.27513e-05
-4.77598e-06
8.41652e-06
-3.39331e-06
4.65116e-06
-2.07485e-06
1.43576e-06
-8.47622e-07
-1.20538e-06
2.35076e-07
-3.34649e-06
1.2888e-06
-5.06275e-06
2.233e-06
-6.33309e-06
3.06652e-06
-7.17252e-06
3.81328e-06
-7.60047e-06
4.4807e-06
-7.63858e-06
5.0756e-06
-7.31143e-06
5.60329e-06
-6.64834e-06
6.06661e-06
-5.68491e-06
6.46565e-06
-4.46389e-06
6.79802e-06
-3.03585e-06
7.05895e-06
-1.46304e-06
7.24032e-06
6.34116e-06
1.06565e-05
6.31281e-06
2.27433e-05
6.91996e-06
3.43365e-05
6.32278e-06
4.51816e-05
5.47875e-06
5.50416e-05
4.40956e-06
6.36986e-05
3.15753e-06
7.09181e-05
1.81967e-06
7.67284e-05
2.17328e-07
8.08365e-05
-1.19559e-06
8.34735e-05
-2.83977e-06
8.45878e-05
-4.35017e-06
8.42255e-05
-5.676e-06
8.25025e-05
-6.79523e-06
7.95724e-05
-7.67711e-06
7.56164e-05
-8.29915e-06
7.08311e-05
-8.64986e-06
6.54164e-05
-8.72929e-06
5.9568e-05
-8.55205e-06
5.34618e-05
-8.13319e-06
4.72621e-05
-7.51116e-06
4.11095e-05
-6.71866e-06
3.51235e-05
-5.79762e-06
2.93999e-05
-4.79009e-06
2.40075e-05
-3.73331e-06
1.89972e-05
-2.66678e-06
1.44135e-05
-1.62916e-06
1.0325e-05
-6.86955e-07
6.74615e-06
1.86461e-07
3.60231e-06
1.06839e-06
8.90781e-07
1.863e-06
-1.41591e-06
2.54221e-06
-3.28267e-06
3.15652e-06
-4.71911e-06
3.66954e-06
-5.75544e-06
4.10256e-06
-6.40892e-06
4.4669e-06
-6.70077e-06
4.77295e-06
-6.65601e-06
5.03082e-06
-6.30338e-06
5.24999e-06
-5.67548e-06
5.43747e-06
-4.80896e-06
5.59744e-06
-3.74436e-06
5.73136e-06
-2.52573e-06
5.83801e-06
-1.20276e-06
5.91505e-06
5.13778e-06
6.89445e-06
-5.82228e-07
1.46087e-05
-7.93118e-07
2.20388e-05
-1.1083e-06
2.89916e-05
-1.47463e-06
3.52987e-05
-1.89702e-06
4.08273e-05
-2.37072e-06
4.55252e-05
-2.87903e-06
4.91466e-05
-3.40433e-06
5.18331e-05
-3.8818e-06
5.33297e-05
-4.33676e-06
5.36894e-05
-4.71059e-06
5.29953e-05
-4.98185e-06
5.13329e-05
-5.13204e-06
4.88069e-05
-5.15039e-06
4.55411e-05
-5.03336e-06
4.16721e-05
-4.78111e-06
3.7342e-05
-4.39882e-06
3.26807e-05
-3.88945e-06
2.7843e-05
-3.29421e-06
2.29748e-05
-2.64285e-06
1.8181e-05
-1.92574e-06
1.35509e-05
-1.16807e-06
9.17648e-06
-4.15447e-07
5.11762e-06
3.25498e-07
1.42153e-06
1.02816e-06
-1.8869e-06
1.67822e-06
-4.82405e-06
2.25048e-06
-7.37936e-06
2.74249e-06
-9.47628e-06
3.16497e-06
-1.11249e-05
3.51064e-06
-1.23571e-05
3.77402e-06
-1.31524e-05
3.95192e-06
-1.3556e-05
4.073e-06
-1.35895e-05
4.13572e-06
-1.32752e-05
4.15247e-06
-1.26384e-05
4.13644e-06
-1.17063e-05
4.09904e-06
-1.05088e-05
4.05244e-06
-9.07773e-06
4.00596e-06
-7.44786e-06
3.96663e-06
-5.65641e-06
3.93857e-06
-3.74285e-06
3.92285e-06
-1.748e-06
3.91862e-06
3.38957e-06
3.51394e-06
-4.09594e-06
7.51128e-06
-4.78834e-06
1.12788e-05
-4.87587e-06
1.47054e-05
-4.90064e-06
1.76881e-05
-4.87849e-06
2.01245e-05
-4.80722e-06
2.1914e-05
-4.66919e-06
2.29824e-05
-4.47207e-06
2.33115e-05
-4.21028e-06
2.28613e-05
-3.88696e-06
2.16506e-05
-3.50047e-06
1.97261e-05
-3.05718e-06
1.71729e-05
-2.57802e-06
1.40888e-05
-2.06572e-06
1.05654e-05
-1.51004e-06
6.70053e-06
-9.16957e-07
2.59549e-06
-2.94316e-07
-1.64226e-06
3.48524e-07
-5.91249e-06
9.76473e-07
-9.98413e-06
1.42846e-06
-1.3848e-05
1.93705e-06
-1.74423e-05
2.42545e-06
-2.07133e-05
2.85572e-06
-2.35986e-05
3.21114e-06
-2.60536e-05
3.48307e-06
-2.80453e-05
3.66977e-06
-2.95644e-05
3.77033e-06
-3.06057e-05
3.78491e-06
-3.11646e-05
3.72401e-06
-3.1249e-05
3.59439e-06
-3.08757e-05
3.40018e-06
-3.00758e-05
3.15192e-06
-2.88663e-05
2.86342e-06
-2.72933e-05
2.5626e-06
-2.53979e-05
2.25708e-06
-2.32189e-05
1.95787e-06
-2.07984e-05
1.67909e-06
-1.81663e-05
1.4208e-06
-1.53501e-05
1.19001e-06
-1.23784e-05
9.9475e-07
-9.28317e-06
8.42819e-07
-6.09701e-06
7.35956e-07
-2.85436e-06
6.75165e-07
5.35181e-07
4.90565e-07
-4.58596e-06
1.00227e-06
-5.29798e-06
1.38793e-06
-5.26086e-06
1.55248e-06
-5.0637e-06
1.39191e-06
-4.71664e-06
8.14001e-07
-4.22951e-06
-2.25943e-07
-3.62927e-06
-1.75697e-06
-2.93985e-06
-3.77995e-06
-2.18674e-06
-6.27142e-06
-1.39611e-06
-9.21612e-06
-5.5658e-07
-1.25904e-05
3.16532e-07
-1.62759e-05
1.10724e-06
-2.01591e-05
1.8171e-06
-2.41904e-05
2.52037e-06
-2.82919e-05
3.18285e-06
-3.23672e-05
3.7795e-06
-3.64016e-05
4.38218e-06
-4.01287e-05
4.70335e-06
-4.36815e-05
4.98082e-06
-4.69137e-05
5.16839e-06
-4.97419e-05
5.25319e-06
-5.21121e-05
5.22653e-06
-5.3984e-05
5.08422e-06
-5.53272e-05
4.82745e-06
-5.61194e-05
4.46305e-06
-5.6348e-05
4.00063e-06
-5.6013e-05
3.45169e-06
-5.51197e-05
2.83192e-06
-5.36791e-05
2.15427e-06
-5.17248e-05
1.44627e-06
-4.92812e-05
7.08911e-07
-4.63567e-05
-6.03412e-08
-4.30429e-05
-7.50567e-07
-3.93976e-05
-1.38764e-06
-3.54643e-05
-1.97477e-06
-3.13353e-05
-2.4494e-06
-2.7041e-05
-2.87307e-06
-2.26172e-05
-3.23353e-06
-1.80957e-05
-3.52681e-06
-1.34998e-05
-3.75336e-06
-8.84925e-06
-3.91486e-06
-4.16239e-06
-4.01195e-06
-3.6271e-06
-2.13304e-06
-2.45163e-06
-4.56847e-06
-2.86052e-06
-7.05369e-06
-2.774e-06
-9.69287e-06
-2.42226e-06
-1.25651e-05
-1.84298e-06
-1.57246e-05
-1.06997e-06
-1.92266e-05
-1.26387e-07
-2.2984e-05
8.18794e-07
-2.69601e-05
1.78938e-06
-3.10615e-05
2.70413e-06
-3.52824e-05
3.66278e-06
-3.95463e-05
4.57868e-06
-4.38437e-05
5.40309e-06
-4.81483e-05
6.12029e-06
-5.23665e-05
6.73699e-06
-5.64298e-05
7.2441e-06
-6.02832e-05
7.63107e-06
-6.38064e-05
7.90432e-06
-6.70819e-05
7.97873e-06
-7.00198e-05
7.91853e-06
-7.25645e-05
7.7127e-06
-7.46663e-05
7.35489e-06
-7.62839e-05
6.84501e-06
-7.73849e-05
6.18694e-06
-7.79434e-05
5.38787e-06
-7.79377e-05
4.45921e-06
-7.73504e-05
3.41546e-06
-7.61705e-05
2.27403e-06
-7.43949e-05
1.05824e-06
-7.2002e-05
-2.37315e-07
-6.90398e-05
-1.51468e-06
-6.55297e-05
-2.79981e-06
-6.15294e-05
-4.05904e-06
-5.70407e-05
-5.2378e-06
-5.21154e-05
-6.3118e-06
-4.68322e-05
-7.25709e-06
-4.12319e-05
-8.04905e-06
-3.54152e-05
-8.68956e-06
-2.94668e-05
-9.18199e-06
-2.34544e-05
-9.53933e-06
-1.74254e-05
-9.78259e-06
-1.14019e-05
-9.9384e-06
-5.38423e-06
-1.00295e-05
-9.01129e-06
-4.2606e-06
1.81054e-06
-9.02929e-06
1.9104e-06
-1.38477e-05
2.04705e-06
-1.87735e-05
2.50626e-06
-2.38227e-05
3.20757e-06
-2.89607e-05
4.06846e-06
-3.40847e-05
4.99868e-06
-3.91716e-05
5.90611e-06
-4.41455e-05
6.76232e-06
-4.8993e-05
7.54982e-06
-5.36214e-05
8.289e-06
-5.80058e-05
8.96046e-06
-6.21484e-05
9.5434e-06
-6.60516e-05
1.00217e-05
-6.96981e-05
1.03819e-05
-7.30709e-05
1.0615e-05
-7.61515e-05
1.07102e-05
-7.89063e-05
1.06582e-05
-8.13657e-05
1.04381e-05
-8.34998e-05
1.00524e-05
-8.52813e-05
9.49401e-06
-8.66869e-05
8.7603e-06
-8.76921e-05
7.8509e-06
-8.82741e-05
6.77025e-06
-8.841e-05
5.52544e-06
-8.80773e-05
4.12811e-06
-8.72536e-05
2.59333e-06
-8.5919e-05
9.4107e-07
-8.40421e-05
-8.17219e-07
-8.16261e-05
-2.65223e-06
-7.86238e-05
-4.51584e-06
-7.50372e-05
-6.38523e-06
-7.08695e-05
-8.22546e-06
-6.61124e-05
-9.9936e-06
-6.07791e-05
-1.1644e-05
-5.49058e-05
-1.31294e-05
-4.85485e-05
-1.44057e-05
-4.18024e-05
-1.54354e-05
-3.47878e-05
-1.61966e-05
-2.76344e-05
-1.66928e-05
-2.04631e-05
-1.6954e-05
-1.33522e-05
-1.70491e-05
-6.31963e-06
-1.70622e-05
-1.53312e-05
-5.95781e-06
7.76985e-06
-1.25345e-05
8.48958e-06
-1.91341e-05
8.64951e-06
-2.57423e-05
9.11704e-06
-3.22507e-05
9.71684e-06
-3.84882e-05
1.03063e-05
-4.43169e-05
1.08279e-05
-4.96745e-05
1.12632e-05
-5.45366e-05
1.16229e-05
-5.89198e-05
1.19312e-05
-6.28385e-05
1.22056e-05
-6.63291e-05
1.24484e-05
-6.94351e-05
1.26472e-05
-7.21997e-05
1.27845e-05
-7.46575e-05
1.28385e-05
-7.68372e-05
1.27929e-05
-7.87567e-05
1.26286e-05
-8.04273e-05
1.23277e-05
-8.18685e-05
1.18794e-05
-8.30841e-05
1.12676e-05
-8.40684e-05
1.04781e-05
-8.48164e-05
9.50774e-06
-8.53171e-05
8.3521e-06
-8.55587e-05
7.01268e-06
-8.55244e-05
5.49278e-06
-8.51958e-05
3.8009e-06
-8.45484e-05
1.94747e-06
-8.35685e-05
-3.72787e-08
-8.21977e-05
-2.18627e-06
-8.04173e-05
-4.43112e-06
-7.81733e-05
-6.75819e-06
-7.54183e-05
-9.13874e-06
-7.21017e-05
-1.15406e-05
-6.81696e-05
-1.39244e-05
-6.3572e-05
-1.62405e-05
-5.8272e-05
-1.84284e-05
-5.22604e-05
-2.04168e-05
-4.55703e-05
-2.2125e-05
-3.82954e-05
-2.34714e-05
-3.05907e-05
-2.43974e-05
-2.26742e-05
-2.48707e-05
-1.47506e-05
-2.4973e-05
-6.98177e-06
-2.48317e-05
-2.23135e-05
-7.37982e-06
1.5151e-05
-1.54708e-05
1.65829e-05
-2.3466e-05
1.66469e-05
-3.10363e-05
1.66889e-05
-3.79858e-05
1.66666e-05
-4.41221e-05
1.64429e-05
-4.93832e-05
1.60892e-05
-5.37904e-05
1.56694e-05
-5.74214e-05
1.52528e-05
-6.03816e-05
1.48901e-05
-6.2779e-05
1.46014e-05
-6.47141e-05
1.43811e-05
-6.62716e-05
1.42028e-05
-6.75248e-05
1.40359e-05
-6.85317e-05
1.38443e-05
-6.93424e-05
1.36018e-05
-6.99914e-05
1.32768e-05
-7.05086e-05
1.28436e-05
-7.09156e-05
1.22864e-05
-7.1229e-05
1.15802e-05
-7.14565e-05
1.07055e-05
-7.16054e-05
9.6557e-06
-7.1675e-05
8.42183e-06
-7.16643e-05
7.00205e-06
-7.15655e-05
5.39496e-06
-7.13691e-05
3.60504e-06
-7.10578e-05
1.63719e-06
-7.06125e-05
-4.81571e-07
-6.99957e-05
-2.80137e-06
-6.91728e-05
-5.25231e-06
-6.80897e-05
-7.83898e-06
-6.66821e-05
-1.05443e-05
-6.48706e-05
-1.335e-05
-6.25616e-05
-1.62316e-05
-5.9646e-05
-1.91546e-05
-5.60037e-05
-2.20695e-05
-5.15172e-05
-2.49026e-05
-4.60893e-05
-2.75523e-05
-3.96834e-05
-2.98774e-05
-3.23493e-05
-3.17316e-05
-2.4315e-05
-3.29058e-05
-1.58724e-05
-3.34163e-05
-7.52334e-06
-3.31821e-05
-2.98374e-05
-8.81534e-06
2.39673e-05
-1.81063e-05
2.58753e-05
-2.68618e-05
2.54034e-05
-3.43251e-05
2.4153e-05
-4.046e-05
2.28017e-05
-4.52294e-05
2.12128e-05
-4.87919e-05
1.96518e-05
-5.1332e-05
1.82088e-05
-5.30484e-05
1.69688e-05
-5.4124e-05
1.59649e-05
-5.47152e-05
1.51917e-05
-5.49492e-05
1.46131e-05
-5.4921e-05
1.41732e-05
-5.47071e-05
1.38199e-05
-5.43629e-05
1.34992e-05
-5.39379e-05
1.31746e-05
-5.34648e-05
1.28032e-05
-5.29768e-05
1.23538e-05
-5.24929e-05
1.18028e-05
-5.20346e-05
1.11209e-05
-5.16149e-05
1.02861e-05
-5.1249e-05
9.28887e-06
-5.09436e-05
8.11678e-06
-5.07076e-05
6.76605e-06
-5.05433e-05
5.23156e-06
-5.04528e-05
3.51477e-06
-5.04307e-05
1.61596e-06
-5.04609e-05
-4.50886e-07
-5.05378e-05
-2.72296e-06
-5.06287e-05
-5.15988e-06
-5.06937e-05
-7.77178e-06
-5.06782e-05
-1.05578e-05
-5.05064e-05
-1.35196e-05
-5.0079e-05
-1.66572e-05
-4.92655e-05
-1.99666e-05
-4.78985e-05
-2.34353e-05
-4.57761e-05
-2.70246e-05
-4.26616e-05
-3.06664e-05
-3.83267e-05
-3.42128e-05
-3.25633e-05
-3.74954e-05
-2.54159e-05
-4.00545e-05
-1.69866e-05
-4.18466e-05
-8.23035e-06
-4.19399e-05
-3.80683e-05
-1.05469e-05
3.45144e-05
-2.04013e-05
3.57305e-05
-2.88497e-05
3.38521e-05
-3.4843e-05
3.01467e-05
-3.89229e-05
2.68823e-05
-4.13637e-05
2.36544e-05
-4.25952e-05
2.08838e-05
-4.29333e-05
1.85464e-05
-4.26405e-05
1.66762e-05
-4.19146e-05
1.52386e-05
-4.09028e-05
1.41794e-05
-3.97132e-05
1.34216e-05
-3.84174e-05
1.28764e-05
-3.70709e-05
1.24711e-05
-3.571e-05
1.21378e-05
-3.437e-05
1.18322e-05
-3.30722e-05
1.15054e-05
-3.18447e-05
1.11243e-05
-3.07006e-05
1.06595e-05
-2.96631e-05
1.00823e-05
-2.87456e-05
9.36946e-06
-2.79686e-05
8.51101e-06
-2.73439e-05
7.49293e-06
-2.68892e-05
6.31126e-06
-2.66154e-05
4.95895e-06
-2.65362e-05
3.43588e-06
-2.66578e-05
1.73868e-06
-2.69815e-05
-1.26558e-07
-2.75168e-05
-2.18611e-06
-2.82531e-05
-4.42232e-06
-2.91725e-05
-6.85041e-06
-3.02464e-05
-9.48236e-06
-3.14266e-05
-1.23377e-05
-3.26413e-05
-1.54412e-05
-3.3784e-05
-1.8823e-05
-3.46988e-05
-2.25197e-05
-3.517e-05
-2.65535e-05
-3.48921e-05
-3.09442e-05
-3.34943e-05
-3.56117e-05
-3.04652e-05
-4.0525e-05
-2.55039e-05
-4.50174e-05
-1.80726e-05
-4.92788e-05
-9.41862e-06
-5.05955e-05
-4.74874e-05
-1.26608e-05
4.7175e-05
-2.18518e-05
4.49222e-05
-2.85127e-05
4.05131e-05
-3.17396e-05
3.33741e-05
-3.29477e-05
2.80913e-05
-3.27111e-05
2.34187e-05
-3.16214e-05
1.97947e-05
-3.00085e-05
1.69334e-05
-2.81027e-05
1.4771e-05
-2.60487e-05
1.31842e-05
-2.39363e-05
1.20669e-05
-2.1823e-05
1.13065e-05
-1.97393e-05
1.07922e-05
-1.77089e-05
1.04385e-05
-1.57447e-05
1.01737e-05
-1.38635e-05
9.94853e-06
-1.20738e-05
9.71608e-06
-1.03975e-05
9.44574e-06
-8.84094e-06
9.10403e-06
-7.42808e-06
8.66815e-06
-6.17177e-06
8.11439e-06
-5.09579e-06
7.43424e-06
-4.21605e-06
6.61419e-06
-3.55637e-06
5.65129e-06
-3.13461e-06
4.53827e-06
-2.9735e-06
3.27483e-06
-3.08992e-06
1.8562e-06
-3.49882e-06
2.82673e-07
-4.22347e-06
-1.46008e-06
-5.27334e-06
-3.3717e-06
-6.65374e-06
-5.46856e-06
-8.36583e-06
-7.76946e-06
-1.03977e-05
-1.03049e-05
-1.27217e-05
-1.31166e-05
-1.52841e-05
-1.62603e-05
-1.79878e-05
-1.98156e-05
-2.06775e-05
-2.38645e-05
-2.30842e-05
-2.85375e-05
-2.48288e-05
-3.38685e-05
-2.52248e-05
-4.01294e-05
-2.36494e-05
-4.65945e-05
-1.86152e-05
-5.43137e-05
-1.1183e-05
-5.80293e-05
-5.86708e-05
-1.47778e-05
6.19526e-05
-2.15197e-05
5.16649e-05
-2.48472e-05
4.38409e-05
-2.4567e-05
3.30946e-05
-2.27964e-05
2.63217e-05
-2.02128e-05
2.08357e-05
-1.73509e-05
1.69334e-05
-1.44282e-05
1.40106e-05
-1.15653e-05
1.19089e-05
-8.81085e-06
1.04293e-05
-6.17863e-06
9.4349e-06
-3.66995e-06
8.79618e-06
-1.27319e-06
8.39551e-06
1.01424e-06
8.14886e-06
3.2069e-06
7.9817e-06
5.29479e-06
7.85821e-06
7.28149e-06
7.73034e-06
9.15087e-06
7.57401e-06
1.0899e-05
7.35702e-06
1.2503e-05
7.06262e-06
1.39496e-05
6.66908e-06
1.52129e-05
6.17009e-06
1.62741e-05
5.55403e-06
1.71055e-05
4.81939e-06
1.76848e-05
3.95987e-06
1.79837e-05
2.97572e-06
1.79788e-05
1.862e-06
1.76433e-05
6.18096e-07
1.69497e-05
-7.65479e-07
1.58717e-05
-2.29359e-06
1.43864e-05
-3.98236e-06
1.24692e-05
-5.85216e-06
1.01008e-05
-7.93613e-06
7.26655e-06
-1.02822e-05
3.96258e-06
-1.29566e-05
2.09711e-07
-1.60625e-05
-3.93554e-06
-1.97201e-05
-8.32486e-06
-2.41481e-05
-1.27074e-05
-2.94873e-05
-1.6461e-05
-3.63761e-05
-1.88606e-05
-4.41965e-05
-1.76476e-05
-5.55273e-05
-1.31029e-05
-6.25755e-05
-7.1774e-05
-1.58944e-05
7.78469e-05
-1.83262e-05
5.40978e-05
-1.72614e-05
4.27764e-05
-1.36104e-05
2.94443e-05
-9.47186e-06
2.21841e-05
-5.35811e-06
1.67222e-05
-1.54683e-06
1.31227e-05
1.92456e-06
1.05391e-05
5.07311e-06
8.76121e-06
7.94548e-06
7.55655e-06
1.05957e-05
6.78525e-06
1.30683e-05
6.32228e-06
1.54046e-05
6.05975e-06
1.76275e-05
5.92399e-06
1.97578e-05
5.85246e-06
2.17989e-05
5.81488e-06
2.37575e-05
5.77302e-06
2.56209e-05
5.70838e-06
2.73849e-05
5.59409e-06
2.90276e-05
5.41826e-06
3.05347e-05
5.16312e-06
3.18793e-05
4.82452e-06
3.30409e-05
4.39339e-06
3.39902e-05
3.86949e-06
3.47028e-05
3.248e-06
3.51481e-05
2.52984e-06
3.52999e-05
1.71086e-06
3.51267e-05
7.90933e-07
3.45985e-05
-2.36611e-07
3.36815e-05
-1.37682e-06
3.23431e-05
-2.64355e-06
3.05454e-05
-4.05471e-06
2.82491e-05
-5.63986e-06
2.54105e-05
-7.44363e-06
2.19822e-05
-9.52881e-06
1.79199e-05
-1.2e-05
1.31828e-05
-1.49839e-05
7.77427e-06
-1.87393e-05
1.7526e-06
-2.34669e-05
-4.55839e-06
-3.00652e-05
-1.06019e-05
-3.81544e-05
-1.40773e-05
-5.20524e-05
-1.40988e-05
-6.25552e-05
-8.58731e-05
-1.45345e-05
9.23815e-05
-1.15065e-05
5.10707e-05
-5.96404e-06
3.72341e-05
1.05148e-07
2.33755e-05
5.55282e-06
1.67371e-05
1.02104e-05
1.20647e-05
1.4155e-05
9.17868e-06
1.75157e-05
7.17813e-06
2.04236e-05
5.854e-06
2.29917e-05
4.98806e-06
2.53169e-05
4.46088e-06
2.74691e-05
4.16899e-06
2.95038e-05
4.026e-06
3.14508e-05
3.97524e-06
3.33351e-05
3.96934e-06
3.51617e-05
3.98625e-06
3.69381e-05
3.99801e-06
3.86529e-05
3.99157e-06
4.03009e-05
3.94717e-06
4.18607e-05
3.85687e-06
4.33172e-05
3.70758e-06
4.46438e-05
3.4969e-06
4.58196e-05
3.2184e-06
4.68159e-05
2.8726e-06
4.76083e-05
2.45618e-06
4.81671e-05
1.97041e-06
4.84661e-05
1.41235e-06
4.84742e-05
7.82405e-07
4.81618e-05
7.61057e-08
4.74948e-05
-7.10223e-07
4.64383e-05
-1.58686e-06
4.49506e-05
-2.5674e-06
4.2985e-05
-3.67445e-06
4.04847e-05
-4.94348e-06
3.73802e-05
-6.42475e-06
3.35873e-05
-8.20683e-06
2.90011e-05
-1.03985e-05
2.35048e-05
-1.32428e-05
1.69767e-05
-1.69399e-05
9.37215e-06
-2.24607e-05
9.59988e-07
-2.97434e-05
-7.14729e-06
-4.39455e-05
-1.26616e-05
-5.70421e-05
-9.8535e-05
-9.22346e-06
0.000101605
-8.71954e-07
4.27199e-05
8.0491e-06
2.83131e-05
1.51233e-05
1.63015e-05
2.07193e-05
1.11416e-05
2.50647e-05
7.71933e-06
2.85297e-05
5.7141e-06
3.13425e-05
4.36508e-06
3.36957e-05
3.50129e-06
3.5729e-05
2.95421e-06
3.75536e-05
2.63709e-06
3.92449e-05
2.47683e-06
4.08584e-05
2.41361e-06
4.24226e-05
2.40966e-06
4.39599e-05
2.43316e-06
4.54743e-05
2.47015e-06
4.69714e-05
2.50211e-06
4.84404e-05
2.521e-06
4.98747e-05
2.51384e-06
5.12544e-05
2.47588e-06
5.25642e-05
2.39852e-06
5.37797e-05
2.2806e-06
5.48807e-05
2.118e-06
5.58412e-05
1.91145e-06
5.6639e-05
1.6589e-06
5.72473e-05
1.36154e-06
5.76425e-05
1.01751e-06
5.7797e-05
6.27448e-07
5.76847e-05
1.8867e-07
5.72752e-05
-3.01081e-07
5.65367e-05
-8.48399e-07
5.54313e-05
-1.46228e-06
5.39142e-05
-2.15764e-06
5.19295e-05
-2.9588e-06
4.94044e-05
-3.90016e-06
4.6243e-05
-5.04517e-06
4.23163e-05
-6.47248e-06
3.74425e-05
-8.36866e-06
3.13975e-05
-1.08959e-05
2.38092e-05
-1.48725e-05
1.4491e-05
-2.04263e-05
3.19085e-06
-3.26457e-05
-7.34654e-06
-4.65056e-05
-0.000105882
8.87858e-07
0.000100717
1.29478e-05
3.06605e-05
2.32489e-05
1.80121e-05
2.9898e-05
9.65267e-06
3.47261e-05
6.31382e-06
3.82076e-05
4.23769e-06
4.08599e-05
3.06224e-06
4.29306e-05
2.29414e-06
4.46181e-05
1.81412e-06
4.6054e-05
1.51774e-06
4.73397e-05
1.35195e-06
4.85415e-05
1.27438e-06
4.97055e-05
1.2506e-06
5.08543e-05
1.25976e-06
5.20049e-05
1.28363e-06
5.3159e-05
1.31465e-06
5.43201e-05
1.34214e-06
5.54778e-05
1.36203e-06
5.66255e-05
1.36698e-06
5.77458e-05
1.35459e-06
5.88249e-05
1.32006e-06
5.98419e-05
1.26288e-06
6.07797e-05
1.18077e-06
6.16164e-05
1.07428e-06
6.23334e-05
9.42273e-07
6.29089e-05
7.85551e-07
6.33237e-05
6.03057e-07
6.35554e-05
3.95311e-07
6.35833e-05
1.60934e-07
6.33832e-05
-1.01326e-07
6.29299e-05
-3.95067e-07
6.21928e-05
-7.25385e-07
6.11355e-05
-1.10057e-06
5.97113e-05
-1.53463e-06
5.78581e-05
-2.04732e-06
5.54892e-05
-2.67604e-06
5.24846e-05
-3.46849e-06
4.86549e-05
-4.5387e-06
4.37568e-05
-5.99856e-06
3.72572e-05
-8.37292e-06
2.87353e-05
-1.19052e-05
1.64625e-05
-2.03732e-05
2.6842e-06
-3.27281e-05
-0.000103198
1.51819e-05
8.55357e-05
2.85848e-05
1.72581e-05
3.79701e-05
8.62705e-06
4.31749e-05
4.44797e-06
4.6708e-05
2.78102e-06
4.91121e-05
1.83336e-06
5.08764e-05
1.29825e-06
5.22099e-05
9.60422e-07
5.32734e-05
7.50885e-07
5.41677e-05
6.22975e-07
5.49689e-05
5.51138e-07
5.57253e-05
5.17374e-07
5.64699e-05
5.06818e-07
5.72179e-05
5.10964e-07
5.79807e-05
5.21676e-07
5.87587e-05
5.35679e-07
5.95534e-05
5.48257e-07
6.03567e-05
5.57796e-07
6.11632e-05
5.61221e-07
6.19595e-05
5.57507e-07
6.27354e-05
5.44681e-07
6.34753e-05
5.2247e-07
6.41666e-05
4.89941e-07
6.47932e-05
4.47291e-07
6.53418e-05
3.94011e-07
6.57966e-05
3.30425e-07
6.61438e-05
2.56044e-07
6.63677e-05
1.71078e-07
6.64538e-05
7.4995e-08
6.63851e-05
-3.28759e-08
6.6144e-05
-1.54055e-07
6.57094e-05
-2.90872e-07
6.50555e-05
-4.46846e-07
6.41491e-05
-6.28257e-07
6.29453e-05
-8.43841e-07
6.13796e-05
-1.11006e-06
5.93605e-05
-1.44984e-06
5.67345e-05
-1.91256e-06
5.32993e-05
-2.56394e-06
4.85522e-05
-3.62588e-06
4.20053e-05
-5.35887e-06
3.12003e-05
-9.5685e-06
1.65846e-05
-1.81129e-05
-8.66133e-05
3.29137e-05
5.26222e-05
4.44288e-05
5.74338e-06
5.08003e-05
2.25586e-06
5.40735e-05
1.17494e-06
5.61579e-05
6.96666e-07
5.75309e-05
4.6013e-07
5.85087e-05
3.20616e-07
5.92324e-05
2.36637e-07
5.97999e-05
1.83611e-07
6.02716e-05
1.50911e-07
6.06917e-05
1.31294e-07
6.10876e-05
1.20861e-07
6.14788e-05
1.16207e-07
6.18738e-05
1.15449e-07
6.22796e-05
1.16538e-07
6.26961e-05
1.18506e-07
6.31246e-05
1.20384e-07
6.35601e-05
1.21657e-07
6.4e-05
1.21882e-07
6.44364e-05
1.20535e-07
6.48641e-05
1.17403e-07
6.5274e-05
1.12185e-07
6.56594e-05
1.04855e-07
6.60112e-05
9.52801e-08
6.6322e-05
8.34352e-08
6.65829e-05
6.92706e-08
6.67864e-05
5.27276e-08
6.69235e-05
3.37503e-08
6.69863e-05
1.23005e-08
6.69651e-05
-1.19424e-08
6.68503e-05
-3.92719e-08
6.66298e-05
-7.04024e-08
6.62889e-05
-1.06094e-07
6.58087e-05
-1.48017e-07
6.51629e-05
-1.98334e-07
6.4314e-05
-2.60966e-07
6.32063e-05
-3.42486e-07
6.17472e-05
-4.5333e-07
5.9801e-05
-6.18141e-07
5.70504e-05
-8.75342e-07
5.30555e-05
-1.36445e-06
4.59285e-05
-2.44168e-06
3.37557e-05
-5.94051e-06
-5.28577e-05
5.26223e-05
5.83659e-05
6.06219e-05
6.17967e-05
6.24933e-05
6.29533e-05
6.32742e-05
6.35108e-05
6.36945e-05
6.38451e-05
6.39764e-05
6.40971e-05
6.42137e-05
6.43289e-05
6.44457e-05
6.45639e-05
6.46845e-05
6.4806e-05
6.4928e-05
6.50484e-05
6.51659e-05
6.5278e-05
6.5383e-05
6.54781e-05
6.55617e-05
6.56308e-05
6.56836e-05
6.57173e-05
6.57296e-05
6.57176e-05
6.56783e-05
6.56079e-05
6.55017e-05
6.53537e-05
6.51553e-05
6.48944e-05
6.45518e-05
6.40985e-05
6.34801e-05
6.26047e-05
6.12401e-05
5.87983e-05
5.28577e-05
)
;

boundaryField
{
    movingWall
    {
        type            calculated;
        value           uniform 0;
    }
    fixedWalls
    {
        type            calculated;
        value           uniform 0;
    }
    frontAndBack
    {
        type            empty;
        value           nonuniform 0();
    }
    defaultFaces
    {
        type            empty;
        value           nonuniform 0();
    }
}


// ************************************************************************* //
