/*--------------------------------*- C++ -*----------------------------------*\
  =========                 |
  \\      /  F ield         | OpenFOAM: The Open Source CFD Toolbox
   \\    /   O peration     | Website:  https://openfoam.org
    \\  /    A nd           | Version:  7
     \\/     M anipulation  |
\*---------------------------------------------------------------------------*/
FoamFile
{
    version     2.0;
    format      ascii;
    class       surfaceScalarField;
    location    "1.49";
    object      phi;
}
// * * * * * * * * * * * * * * * * * * * * * * * * * * * * * * * * * * * * * //

dimensions      [0 3 -1 0 0 0 0];

internalField   nonuniform List<scalar> 
3784
(
-0.00193749
0.00193749
-0.000837469
-0.00110003
0.000558191
-0.00139566
0.000643822
-8.56298e-05
0.000160358
0.000483463
-0.00075042
0.000910779
-0.00172962
0.000979197
-0.00181092
8.1303e-05
-0.000677995
-0.00113293
0.0010107
-0.00168869
0.00206834
-0.00105763
0.00186482
0.000203519
0.000724056
0.00114076
-0.000525232
0.00124929
-0.00106807
0.000542841
-0.000577618
-0.000490456
0.000531939
-0.00110956
0.00109321
-0.000561275
0.000500685
0.00059253
-0.000821833
0.00132252
-0.00195357
0.00113173
-0.00196222
8.65113e-06
-0.000598967
-0.00136325
0.00115687
-0.00175584
0.00212163
-0.000964765
0.00192717
0.000194468
0.000793272
0.00113389
-0.00050787
0.00130114
-0.00113999
0.000632124
-0.000784049
-0.000355947
0.00035059
-0.00113464
0.00109744
-0.00074685
0.000582859
0.000514582
-0.000797624
0.00138048
-0.00194679
0.00114917
-0.0018181
-0.000128693
-0.000310686
-0.00150741
0.00138305
-0.00169373
0.0021176
-0.000734552
0.00156662
0.000550984
0.000223767
0.00134285
-0.000975127
0.00119889
-0.00103212
5.69884e-05
-0.00103212
-0.00288793
0.00482543
-0.00170387
-0.00228409
0.000869753
-0.00396928
0.000912465
-0.000128346
7.51709e-05
0.00132076
-0.000748125
0.00173408
-0.00157944
0.00181051
-0.00205036
0.000552224
-0.000985144
-0.00219814
0.00133911
-0.00401295
0.00224732
-0.00196584
0.00166782
0.000783019
0.000763077
0.00204551
-0.000405469
0.00241783
-0.00135219
0.00148956
-0.000866644
-0.000975997
0.000799077
-0.00277528
0.00133846
-0.00110066
0.000362792
0.0015682
-0.000813472
0.00249878
-0.00175494
0.00207321
-0.00219697
0.00045068
-0.0008484
-0.00271182
0.00157035
-0.00417459
0.00235267
-0.00174708
0.00172257
0.000824563
0.000799429
0.00205704
-0.000380054
0.00248063
-0.00142749
0.00167956
-0.00116235
-0.000621083
0.000550361
-0.00284735
0.0013606
-0.00155709
0.000437698
0.00143748
-0.000771843
0.00259002
-0.00175738
0.0021347
-0.00212069
0.00023462
-0.000459097
-0.003169
0.00188156
-0.00403439
0.00223377
-0.00108676
0.00136304
0.00142171
0.000366348
0.00233954
-0.000942286
0.00250753
-0.00148497
0.000599676
-0.00251709
-0.00277422
0.00759965
-0.00239654
-0.00266178
0.000313623
-0.00667944
0.00121562
-0.00103034
0.000737811
0.00179857
-0.000111662
0.00258355
-0.00124805
0.0029469
-0.00209619
0.00140036
-0.00102306
-0.00327126
0.00151011
-0.00654613
0.0023916
-0.00284734
0.00142341
0.00175121
0.000157457
0.00331145
-0.00105489
0.00363018
-0.00181351
0.00224817
-0.000983732
-0.00180577
0.0010445
-0.00480352
0.00183627
-0.00189243
0.00098964
0.00241484
-0.000254556
0.00374298
-0.00154589
0.00336454
-0.00236177
0.00126656
-0.00104556
-0.00402803
0.00164181
-0.00686196
0.00252259
-0.00262785
0.00153256
0.00181459
0.000196875
0.00339273
-0.00106411
0.00374161
-0.0019278
0.00254325
-0.00127269
-0.00127619
0.000830441
-0.00495048
0.00186384
-0.00259049
0.00104987
0.00225145
-0.000250201
0.0038901
-0.00160229
0.00348679
-0.00229978
0.000932107
-0.000606427
-0.00486236
0.00201793
-0.00665874
0.00240974
-0.00147857
0.00115409
0.00267735
-0.000237007
0.00373064
-0.0015918
0.00386233
-0.00188056
0.000888436
-0.00439765
-0.00204131
0.00964096
-0.00259658
-0.0021065
-0.000669078
-0.00860695
0.000653471
-0.00235289
0.000748934
0.0017031
0.000328366
0.00300411
-0.00047906
0.00375433
-0.0012775
0.0021988
-0.000651564
-0.0038972
0.00105978
-0.00825747
0.00151238
-0.00329994
0.000571661
0.00269194
-0.000451385
0.0043345
-0.00116729
0.00434609
-0.0014626
0.00254348
-0.00069901
-0.00256936
0.000834127
-0.00633666
0.00150022
-0.00255852
0.00111754
0.00279751
0.000378004
0.00448252
-0.000638231
0.00438077
-0.00147251
0.00210084
-0.000759384
-0.00474116
0.00110267
-0.00872401
0.00166361
-0.0031888
0.000713442
0.00276476
-0.000418417
0.00452459
-0.00121097
0.00453416
-0.0015866
0.00291888
-0.000895512
-0.00196728
0.00070534
-0.00655134
0.0014912
-0.00337635
0.00111568
0.00262697
0.000352911
0.00465287
-0.000689219
0.00452892
-0.00142577
0.00166865
-0.000435848
-0.00585227
0.00137543
-0.00847002
0.00156861
-0.00167176
0.000457708
0.00378826
-0.000648807
0.00483715
-0.00144043
0.00465395
-0.0014202
0.000868207
-0.00581785
-0.00133132
0.0109723
-0.00267502
-0.0007628
-0.00180345
-0.00947852
-0.000257001
-0.00389934
0.000322812
0.00112329
0.000322271
0.00300466
-3.83478e-05
0.00411495
-0.000533527
0.00269398
-0.000285844
-0.00414488
0.000551662
-0.00909497
0.000629935
-0.00337822
-0.000115013
0.00343688
-0.000807135
0.00502662
-0.00113407
0.00467302
-0.00107169
0.00248109
-0.00039062
-0.00325043
0.0006074
-0.00733468
0.00114778
-0.0030989
0.00112029
0.00282499
0.000771758
0.00483105
0.00010985
0.00504268
-0.000583675
0.00279437
-0.000436522
-0.00488832
0.000500121
-0.00966066
0.000778756
-0.00346743
2.95575e-05
0.00351396
-0.000760763
0.00531491
-0.00117811
0.00495151
-0.0011914
0.00293217
-0.000485299
-0.00267338
0.000563055
-0.00759969
0.00109961
-0.00391291
0.00104388
0.0026827
0.000719418
0.00497734
8.09371e-05
0.0051674
-0.000553959
0.00230355
-0.00025198
-0.00615425
0.00067106
-0.00939306
0.000702614
-0.00170331
-9.68018e-05
0.00458768
-0.000838637
0.00557899
-0.00117195
0.00498726
-0.000927175
0.000623435
-0.00674503
-0.000585048
0.0115573
-0.00239779
0.00104994
-0.00276329
-0.00911302
-0.00142637
-0.00523626
-0.000495685
0.000192602
-0.000170195
0.00267917
3.69328e-05
0.00390782
4.5238e-05
0.00268567
1.77071e-05
-0.00411735
7.36413e-06
-0.00908463
-0.000212904
-0.00315795
-0.000566711
0.00379069
-0.000811117
0.00527103
-0.000785449
0.00464736
-0.000538478
0.00223412
-5.09031e-05
-0.003738
0.000367259
-0.00775284
0.000681464
-0.0034131
0.00082278
0.00268368
0.000809481
0.00484435
0.000609619
0.00524254
0.000232851
0.00317113
-0.000107031
-0.00454843
-0.000103144
-0.00966455
-8.98061e-05
-0.00348077
-0.000428986
0.00385314
-0.000753829
0.00563975
-0.00082329
0.00502097
-0.000623362
0.00273225
-4.56548e-05
-0.00325109
0.000390303
-0.00803565
0.000606899
-0.00412951
0.000709285
0.00258031
0.000735449
0.00495117
0.000596624
0.00530623
0.000237779
0.0026624
-6.87862e-05
-0.00584769
-4.32851e-05
-0.00941856
-0.000128406
-0.00161819
-0.000454436
0.00491371
-0.000698544
0.0058231
-0.000629224
0.00491794
-0.000390973
0.000385186
-0.007136
0.000140928
0.0114164
-0.00171936
0.00291023
-0.00322469
-0.0076077
-0.00254095
-0.00592
-0.00151329
-0.00083506
-0.000860631
0.00202651
-0.000134264
0.00318146
0.000375308
0.0021761
0.00020269
-0.00394473
-0.000547428
-0.00833451
-0.000921387
-0.00278399
-0.000816425
0.00368572
-0.00054376
0.00499837
-0.000240505
0.0043441
9.07795e-05
0.00190284
0.000304384
-0.0039516
9.84004e-05
-0.00754686
7.56661e-05
-0.00339037
0.000309444
0.0024499
0.000590189
0.00456361
0.000871622
0.00496111
0.000872023
0.00317073
0.000231913
-0.00390833
-0.000631318
-0.00880131
-0.000834013
-0.00327808
-0.000716846
0.00373597
-0.000489558
0.00541246
-0.000249763
0.00478118
6.04297e-05
0.00242205
0.000386275
-0.00357693
0.00017034
-0.00781972
-9.14085e-06
-0.00395003
0.000188177
0.00238299
0.000521149
0.0046182
0.000876516
0.00495086
0.00086499
0.00267392
0.000134741
-0.00511744
-0.000682118
-0.0086017
-0.00081688
-0.00148343
-0.000637789
0.00473462
-0.000344577
0.00552989
4.10775e-05
0.00453229
0.000192221
0.000234043
-0.00694378
0.000821278
0.0105951
-0.000684758
0.00441626
-0.00295966
-0.00533279
-0.00317631
-0.00570335
-0.00229054
-0.00172083
-0.0013593
0.00109527
-0.000297605
0.00211976
0.000539757
0.00133874
0.000214121
-0.0036191
-0.00109897
-0.00702142
-0.00153228
-0.00235068
-0.00097271
0.00312616
-0.000228255
0.00425392
0.000332396
0.00378345
0.000772956
0.00146227
0.000600648
-0.00377929
-0.00021308
-0.00673313
-0.000555369
-0.00304808
-0.000219749
0.00211428
0.000304331
0.00403953
0.00100257
0.00426287
0.00137386
0.00279944
0.000557766
-0.00309223
-0.000990188
-0.00725336
-0.00143885
-0.00282942
-0.000901187
0.00319831
-0.000177064
0.00468834
0.000345337
0.00425878
0.000810679
0.00195671
0.000732645
-0.0034989
-0.000126158
-0.00696091
-0.000632051
-0.00344413
-0.000317495
0.00206844
0.000262011
0.00403869
0.0010224
0.00419047
0.00135754
0.00233877
0.000345098
-0.00410499
-0.00113953
-0.00711707
-0.00134726
-0.0012757
-0.000710689
0.00409805
2.54489e-05
0.00479375
0.000598994
0.00395874
0.000732079
0.000100957
-0.0062117
0.00140732
0.0091878
0.000584595
0.00523898
-0.00191807
-0.00283013
-0.00296656
-0.00465486
-0.00245214
-0.00223525
-0.0014566
9.97277e-05
-0.000356168
0.00101933
0.000563788
0.000418784
8.72491e-05
-0.00314256
-0.00152504
-0.00540913
-0.0019675
-0.00190822
-0.00106423
0.00222289
-2.32458e-05
0.00321293
0.000811658
0.00294854
0.00130709
0.000966838
0.000763689
-0.00323589
-0.000539492
-0.00542995
-0.0011394
-0.00244817
-0.000702103
0.00167698
7.96865e-05
0.00325774
0.0010145
0.00332806
0.00168366
0.00213027
0.000807646
-0.00221621
-0.00114102
-0.0053047
-0.00180525
-0.00216518
-0.000968621
0.00236168
4.88081e-05
0.00367091
0.000880879
0.0034267
0.00142035
0.00141724
0.000930446
-0.003009
-0.000437909
-0.00559256
-0.00117291
-0.00270913
-0.000732133
0.00162766
8.73124e-05
0.00321924
0.00105363
0.00322415
0.00165853
0.00173388
0.000521102
-0.00296757
-0.00136115
-0.00523482
-0.00166228
-0.000974577
-0.000742236
0.00317801
0.000272646
0.00377887
0.00102953
0.00320186
0.00118042
-4.99383e-05
-0.00503128
0.00180206
0.00738574
0.00182009
0.00522096
-0.000348582
-0.000661458
-0.00189739
-0.00310605
-0.00193187
-0.00220077
-0.00119483
-0.00063731
-0.000267041
9.15371e-05
0.000503969
-0.000352226
-7.50928e-05
-0.0025635
-0.00168869
-0.00379553
-0.00208989
-0.00150702
-0.00109785
0.00123084
3.97253e-05
0.00207535
0.00102748
0.00196079
0.0015105
0.000483818
0.000737224
-0.00246261
-0.000796205
-0.00389652
-0.00149037
-0.001754
-0.000976071
0.00116268
-4.2312e-05
0.00232398
0.000959493
0.00232625
0.00169521
0.00139456
0.000873392
-0.00139439
-0.0010827
-0.00334861
-0.00182595
-0.00142193
-0.00097047
0.0015062
0.000156656
0.00254379
0.00116508
0.00241828
0.00170245
0.000879866
0.000951778
-0.00225832
-0.000658045
-0.00398274
-0.00145588
-0.0019113
-0.000937511
0.00110929
2.15736e-05
0.00226015
0.00101539
0.00223034
0.00166454
0.00108473
0.000582762
-0.00188579
-0.00133464
-0.00331742
-0.00168364
-0.000625575
-0.000665876
0.00216024
0.00041169
0.0027013
0.00131327
0.00230029
0.00142632
-0.000162997
-0.00360496
0.00183893
0.00554681
0.0025525
0.00450738
0.00115819
0.00073285
-0.000381869
-0.00156599
-0.000932074
-0.00165056
-0.000653079
-0.000916306
-2.96591e-05
-0.000531884
0.000454336
-0.000836219
-0.000158293
-0.00195087
-0.0015159
-0.00243792
-0.00185224
-0.00117068
-0.00101728
0.000395875
2.57891e-05
0.00103229
0.000961204
0.00102538
0.00135325
9.1766e-05
0.000548787
-0.00165814
-0.000906886
-0.00244085
-0.00153102
-0.00112987
-0.00102118
0.000652842
-0.000114608
0.00141741
0.00078801
0.00142363
0.00139694
0.000785637
0.000732451
-0.000729908
-0.000868725
-0.00174743
-0.00152396
-0.000766702
-0.000836905
0.000819156
0.000193124
0.00151376
0.00115992
0.00145148
0.00160354
0.000436243
0.00080985
-0.00146463
-0.000723276
-0.00244961
-0.00143163
-0.00120295
-0.000939402
0.000617068
-4.61672e-05
0.00136691
0.0008507
0.00133347
0.00136825
0.000567177
0.000496041
-0.00101358
-0.00109184
-0.00172953
-0.00141762
-0.0002998
-0.000539932
0.00128255
0.0004686
0.00169277
0.0013646
0.00140428
0.00139596
-0.000194347
-0.002209
0.00159851
0.0039483
0.0026392
0.00346669
0.00203738
0.00133467
0.000918964
-0.000447571
0.000189634
-0.000921228
8.32696e-05
-0.000809941
0.000312258
-0.000760875
0.000452425
-0.000976386
-0.000114723
-0.00138373
-0.00107775
-0.00147489
-0.00134653
-0.000901901
-0.000794411
-0.000156245
-8.36168e-06
0.000246243
0.000718669
0.000298346
0.000967003
-0.00015657
0.000300903
-0.000992046
-0.000820375
-0.00131957
-0.00129158
-0.000658674
-0.00089781
0.000259074
-0.000188671
0.000708268
0.000505871
0.000729091
0.000908749
0.000382758
0.000458591
-0.000279748
-0.000592165
-0.000696672
-0.00104287
-0.000315995
-0.000587211
0.000363495
0.0001941
0.00073245
0.000939778
0.000705805
0.00122851
0.000147512
0.000566406
-0.000802523
-0.000621214
-0.00126199
-0.00116328
-0.000660879
-0.000801559
0.000255345
-0.000116357
0.000681713
0.000562449
0.000654658
0.000885213
0.000244413
0.00029852
-0.00042689
-0.000749193
-0.000681822
-0.000982312
-6.66791e-05
-0.00035851
0.000658756
0.000439084
0.000895176
0.00114517
0.0006982
0.00110226
-0.000151442
-0.00110674
0.00108521
0.0028631
0.00210171
0.00245019
0.00215026
0.00128611
0.0015068
0.000195893
0.000937557
-0.000351985
0.000687306
-0.000559692
0.000626009
-0.000699576
0.000482688
-0.000833063
2.3696e-05
-0.000924735
-0.000558038
-0.000893156
-0.000762015
-0.00069792
-0.00049279
-0.000425471
-1.66387e-05
-0.000229912
0.000437037
-0.000155327
0.000551806
-0.000271338
0.00010224
-0.000542483
-0.000593077
-0.000624254
-0.000904482
-0.00034727
-0.00068014
3.47305e-05
-0.000226489
0.000254617
0.000219589
0.000283014
0.000438137
0.000164212
0.000196429
-3.80389e-05
-0.000334459
-0.000165781
-0.000572464
-7.79902e-05
-0.000325245
0.000116273
0.000158504
0.000248698
0.000622677
0.000241632
0.000758019
1.21708e-05
0.000307437
-0.000351937
-0.000432007
-0.00052254
-0.000791449
-0.000301438
-0.000595119
5.90161e-05
-0.000161553
0.000248146
0.000257059
0.000236044
0.000415261
8.6211e-05
9.74262e-05
-0.000109056
-0.000430814
-0.000153582
-0.000550938
5.34454e-05
-0.000185233
0.000293053
0.000334307
0.000375637
0.000764601
0.000267903
0.000689908
-7.67498e-05
-0.000416831
0.000771732
0.00209137
0.00144084
0.00178109
0.00165782
0.00106913
0.00142146
0.00043226
0.0011045
-3.50252e-05
0.000872534
-0.000327735
0.000687781
-0.000514824
0.000458334
-0.00060361
0.000152072
-0.000618473
-0.000142192
-0.000598897
-0.000273117
-0.000566995
-0.000187687
-0.000510899
1.51956e-05
-0.000432794
0.000207785
-0.000347917
0.000239121
-0.000302672
-1.55313e-06
-0.00030181
-0.000355059
-0.000270752
-0.000529632
-0.000172697
-0.00043821
-5.66904e-05
-0.000204727
2.11353e-05
2.43884e-05
5.38997e-05
0.000128849
5.97548e-05
4.44419e-05
4.63694e-05
-0.000143082
2.17415e-05
-0.000231137
1.00626e-05
-0.00012541
1.05433e-05
0.00010795
1.5337e-05
0.000328293
2.12899e-05
0.000363397
-2.29311e-05
0.000116879
-0.000105417
-0.000256991
-0.00014867
-0.000457701
-0.000100729
-0.00038354
-1.51455e-05
-0.000166914
3.15213e-05
3.62726e-05
3.28566e-05
9.90331e-05
2.34507e-05
-2.32146e-05
1.31915e-05
-0.000211139
3.43424e-05
-0.00024068
8.29871e-05
-6.10303e-05
0.000113404
0.000205529
0.00010908
0.000402295
7.11385e-05
0.000336845
-1.13022e-05
-7.99866e-05
0.000578182
0.00151319
0.000996255
0.00136302
0.00116205
0.000903339
0.00111311
0.000481196
0.000943295
0.000134795
0.000760068
-0.000144506
0.000571251
-0.000326009
0.000384024
-0.000416383
0.000213992
-0.000448439
8.35909e-05
-0.0004685
1.04479e-05
-0.000493854
1.62678e-06
-0.000502073
3.62329e-05
-0.000467397
7.28248e-05
-0.000384512
5.26485e-05
-0.000282499
-5.27351e-05
-0.000196426
-0.000187076
-0.000136411
-0.000258778
-0.000100996
-0.000234722
-8.0745e-05
-0.000148137
-6.54475e-05
-5.79799e-05
-3.62568e-05
-5.87502e-06
7.64974e-06
-4.83321e-06
4.53273e-05
-3.19696e-05
4.88763e-05
-4.03364e-05
1.84268e-05
-3.29365e-06
-2.65008e-05
6.33756e-05
-5.13312e-05
0.000128416
-4.37491e-05
0.000120701
-1.52162e-05
1.75503e-05
-2.26627e-06
-0.000125201
-5.91644e-06
-0.000211811
-1.41193e-05
-0.000201326
-2.56299e-05
-0.000131137
-3.86666e-05
-6.75326e-05
-3.07493e-05
-4.07341e-05
-3.34813e-06
-6.26041e-05
3.5061e-05
-8.70322e-05
5.8769e-05
-6.33864e-05
5.93431e-05
8.69646e-06
4.1323e-05
0.000101155
1.66231e-05
0.000157073
1.52228e-05
0.00011879
2.69808e-05
3.88009e-05
0.000443341
0.00106984
0.000763246
0.00104312
0.000895611
0.000770978
0.000889558
0.000487248
0.000799269
0.000225086
0.000641522
1.32452e-05
0.000481912
-0.000166401
0.000340812
-0.000275287
0.000235811
-0.000343439
0.000161187
-0.000393873
0.000100987
-0.000433654
5.02042e-05
-0.00045129
7.9949e-06
-0.000425187
-2.33871e-05
-0.00035313
-4.99945e-05
-0.00025589
-7.89601e-05
-0.000167457
-0.000104764
-0.000110605
-0.000116609
-8.91509e-05
-0.000109483
-8.78716e-05
-9.107e-05
-8.38593e-05
-6.76033e-05
-5.97237e-05
-3.96988e-05
-2.02572e-05
-7.29617e-06
1.29233e-05
2.00155e-05
2.15649e-05
3.67885e-05
1.65331e-06
4.0883e-05
-3.05969e-05
3.70336e-05
-4.74822e-05
2.83784e-05
-3.5093e-05
1.64846e-05
-3.32245e-06
-9.66962e-06
2.38875e-05
-4.6233e-05
3.06489e-05
-7.23699e-05
1.20195e-05
-8.04879e-05
-1.75118e-05
-8.00688e-05
-3.90864e-05
-7.34282e-05
-3.73919e-05
-6.43045e-05
-1.24725e-05
-4.81773e-05
1.89359e-05
-2.63762e-05
3.69677e-05
-3.71805e-07
3.33394e-05
2.47917e-05
1.61624e-05
3.67728e-05
4.64352e-06
3.6517e-05
1.54775e-05
2.07675e-05
4.2731e-05
5.95682e-05
0.000328819
0.000741023
0.000602857
0.000769085
0.000747873
0.000625966
0.000782734
0.000452388
0.000735427
0.00027239
0.000642807
0.000105865
0.000509047
-3.26395e-05
0.000386885
-0.000153127
0.00028427
-0.000240826
0.000197901
-0.000307502
0.000117553
-0.000353304
3.72221e-05
-0.000370961
-3.39926e-05
-0.000353973
-8.36657e-05
-0.000303451
-0.000104807
-0.000234744
-0.000102621
-0.000169642
-8.84409e-05
-0.000124787
-7.3968e-05
-0.000103624
-6.59882e-05
-9.58517e-05
-6.30728e-05
-8.67762e-05
-5.55662e-05
-6.72315e-05
-3.58875e-05
-3.99361e-05
-6.61905e-06
-1.63453e-05
2.31057e-05
-8.1603e-06
3.96175e-05
-1.48591e-05
3.74675e-05
-2.84483e-05
2.22631e-05
-3.22789e-05
7.16349e-06
-1.99929e-05
8.7339e-07
2.96899e-06
1.73768e-06
2.30239e-05
4.97637e-06
2.74113e-05
2.89258e-06
1.41037e-05
-7.27145e-06
-7.34872e-06
-2.32222e-05
-2.31361e-05
-3.6571e-05
-2.40437e-05
-3.75753e-05
-1.14689e-05
-2.36188e-05
4.98166e-06
-2.84807e-06
1.61992e-05
1.307e-05
1.7421e-05
1.60387e-05
1.31928e-05
6.8079e-06
1.38764e-05
-3.61294e-06
2.58977e-05
-5.9882e-06
4.51045e-05
5.35805e-05
0.000235403
0.000505624
0.000459343
0.000545146
0.000612023
0.000473284
0.000688054
0.000376358
0.000695397
0.000265046
0.000650398
0.000150863
0.000574564
4.31941e-05
0.000474014
-5.25756e-05
0.000369791
-0.000136604
0.000265514
-0.000203227
0.000162329
-0.000250119
6.45732e-05
-0.000273204
-1.86834e-05
-0.000270712
-7.60544e-05
-0.000246074
-0.000102741
-0.000208053
-0.000103446
-0.00016894
-9.01549e-05
-0.000138081
-7.57746e-05
-0.000118003
-6.71846e-05
-0.000104441
-6.29942e-05
-9.09689e-05
-5.63783e-05
-7.38486e-05
-4.16622e-05
-5.46499e-05
-1.95676e-05
-3.84392e-05
1.7786e-06
-2.95095e-05
1.42526e-05
-2.73347e-05
1.32592e-05
-2.74542e-05
4.31877e-06
-2.33381e-05
-2.92296e-06
-1.27505e-05
-6.19063e-07
6.66488e-07
1.04459e-05
1.1959e-05
2.336e-05
1.44968e-05
2.96044e-05
7.8596e-06
2.4027e-05
-1.77163e-06
1.07424e-05
-9.85143e-06
-2.31453e-06
-1.09861e-05
-7.81796e-06
-5.96589e-06
-4.945e-06
2.107e-06
2.28435e-06
8.97072e-06
6.51376e-06
1.31944e-05
3.31169e-06
1.63935e-05
-4.76729e-06
2.19553e-05
-1.06118e-05
3.17437e-05
-8.55301e-06
4.30445e-05
4.50265e-05
0.000165282
0.000340344
0.000335677
0.00037475
0.000470822
0.000338137
0.000561554
0.000285626
0.000605347
0.000221254
0.000606074
0.000150135
0.000571922
7.73432e-05
0.000511797
7.54966e-06
0.000431173
-5.59799e-05
0.000338443
-0.000110498
0.000240378
-0.000152052
0.000145187
-0.000178009
6.20878e-05
-0.000187607
-1.05114e-06
-0.000182934
-4.0348e-05
-0.000168758
-5.87214e-05
-0.000150568
-6.3783e-05
-0.000133019
-6.36655e-05
-0.00011812
-6.31043e-05
-0.000105003
-6.22599e-05
-9.18145e-05
-5.84841e-05
-7.76232e-05
-4.98335e-05
-6.32991e-05
-3.75017e-05
-5.07729e-05
-2.55985e-05
-4.14156e-05
-1.81766e-05
-3.47563e-05
-1.63652e-05
-2.9264e-05
-1.71529e-05
-2.25507e-05
-1.57914e-05
-1.41121e-05
-9.7261e-06
-5.39781e-06
1.30422e-06
9.28315e-07
1.26849e-05
3.11558e-06
1.83978e-05
2.14771e-06
1.72566e-05
-6.29448e-07
1.02622e-05
-2.85815e-06
2.03481e-06
-2.76076e-06
-3.97819e-06
4.7247e-08
-6.39099e-06
4.51751e-06
-6.74432e-06
9.32096e-06
-7.58892e-06
1.40432e-05
-1.02448e-05
1.90534e-05
-1.32647e-05
2.4975e-05
-1.32908e-05
3.17695e-05
-8.39427e-06
3.81476e-05
3.66314e-05
0.00011471
0.000225633
0.00023802
0.000251438
0.000344017
0.000232139
0.000426113
0.00020353
0.000480261
0.000167106
0.00050527
0.000125125
0.000502645
7.99659e-05
0.000476042
3.41509e-05
0.000427653
-7.58918e-06
0.000365489
-4.83308e-05
0.000293892
-8.04535e-05
0.000219943
-0.000104057
0.000150791
-0.000118452
9.21881e-05
-0.000124333
4.70309e-05
-0.000123603
1.49846e-05
-0.000118521
-6.80228e-06
-0.000111229
-2.20447e-05
-0.000102878
-3.32324e-05
-9.38176e-05
-4.10547e-05
-8.39906e-05
-4.51424e-05
-7.35323e-05
-4.54286e-05
-6.30141e-05
-4.29629e-05
-5.3242e-05
-3.96439e-05
-4.47343e-05
-3.69842e-05
-3.74134e-05
-3.55561e-05
-3.0692e-05
-3.40192e-05
-2.40887e-05
-3.06695e-05
-1.74611e-05
-2.47404e-05
-1.13258e-05
-1.73062e-05
-6.5054e-06
-1.0747e-05
-3.44317e-06
-6.73459e-06
-1.86462e-06
-6.1509e-06
-1.21211e-06
-8.70522e-06
-3.04252e-07
-1.28114e-05
1.34004e-06
-1.66546e-05
3.88911e-06
-1.92496e-05
7.1149e-06
-2.0674e-05
1.07434e-05
-2.13003e-05
1.46693e-05
-2.11098e-05
1.88669e-05
-1.93917e-05
2.32588e-05
-1.51522e-05
2.7529e-05
-8.02863e-06
3.10225e-05
2.86024e-05
7.94027e-05
0.00014623
0.000166664
0.000164174
0.000245069
0.000153733
0.000310569
0.000138028
0.000360034
0.000117637
0.000391581
9.35747e-05
0.00040452
6.70246e-05
0.000399365
3.93055e-05
0.000379862
1.19142e-05
0.000345221
-1.36873e-05
0.000301292
-3.65248e-05
0.000252248
-5.50156e-05
0.000202545
-6.87517e-05
0.000155964
-7.77529e-05
0.000114897
-8.2536e-05
8.02676e-05
-8.38909e-05
5.16759e-05
-8.26374e-05
2.82233e-05
-7.94274e-05
9.11006e-06
-7.47057e-05
-6.06612e-06
-6.88126e-05
-1.74877e-05
-6.21102e-05
-2.55046e-05
-5.50008e-05
-3.07771e-05
-4.79715e-05
-3.42154e-05
-4.12933e-05
-3.65632e-05
-3.50651e-05
-3.80275e-05
-2.92309e-05
-3.84055e-05
-2.37111e-05
-3.73449e-05
-1.85197e-05
-3.48619e-05
-1.38091e-05
-3.15905e-05
-9.77613e-06
-2.85259e-05
-6.50552e-06
-2.64942e-05
-3.89863e-06
-2.59993e-05
-1.709e-06
-2.67312e-05
4.29739e-07
-2.80631e-05
2.66899e-06
-2.92893e-05
5.11135e-06
-2.99068e-05
7.73485e-06
-2.96466e-05
1.04854e-05
-2.82978e-05
1.33189e-05
-2.56113e-05
1.61792e-05
-2.13025e-05
1.89501e-05
-1.52063e-05
2.14328e-05
-7.51841e-06
2.33343e-05
2.10845e-05
5.56112e-05
9.06187e-05
0.000117583
0.0001022
0.000174793
9.65225e-05
0.000224847
8.79718e-05
0.000265683
7.67985e-05
0.000295799
6.34563e-05
0.000314324
4.85013e-05
0.000321055
3.25769e-05
0.000316597
1.63733e-05
0.000301533
1.37837e-06
0.00027872
-1.37111e-05
0.000250026
-2.63228e-05
0.000217985
-3.67108e-05
0.00018492
-4.46865e-05
0.000152655
-5.02686e-05
0.000122396
-5.36312e-05
9.47898e-05
-5.50315e-05
7.01125e-05
-5.47499e-05
4.84715e-05
-5.30636e-05
2.99085e-05
-5.02483e-05
1.43861e-05
-4.65888e-05
1.78766e-06
-4.24047e-05
-8.2743e-06
-3.79082e-05
-1.62235e-05
-3.33411e-05
-2.24371e-05
-2.8853e-05
-2.71627e-05
-2.45081e-05
-3.05123e-05
-2.03587e-05
-3.25807e-05
-1.64481e-05
-3.35574e-05
-1.28342e-05
-3.37709e-05
-9.56212e-06
-3.36274e-05
-6.64446e-06
-3.34833e-05
-4.04387e-06
-3.35111e-05
-1.68517e-06
-3.36107e-05
5.31325e-07
-3.35925e-05
2.6525e-06
-3.32127e-05
4.72892e-06
-3.22412e-05
6.76293e-06
-3.0496e-05
8.74237e-06
-2.78234e-05
1.06469e-05
-2.40879e-05
1.24426e-05
-1.92097e-05
1.40711e-05
-1.3226e-05
1.5449e-05
-6.35085e-06
1.64597e-05
1.47344e-05
3.59287e-05
5.46873e-05
7.63515e-05
6.17726e-05
0.000114286
5.85856e-05
0.000148442
5.38123e-05
0.000177655
4.7581e-05
0.000200994
4.01141e-05
0.000217809
3.16865e-05
0.000227761
2.2625e-05
0.000230855
1.32775e-05
0.000228281
3.95015e-06
0.000219352
-4.78289e-06
0.000205801
-1.27725e-05
0.000188792
-1.97028e-05
0.000169508
-2.54032e-05
0.000149032
-2.97921e-05
0.000128269
-3.28694e-05
0.000107933
-3.46967e-05
8.85623e-05
-3.53793e-05
7.05514e-05
-3.50525e-05
5.41746e-05
-3.38725e-05
3.95929e-05
-3.20096e-05
2.68309e-05
-2.96441e-05
1.58553e-05
-2.6931e-05
6.53696e-06
-2.40217e-05
-1.29747e-06
-2.10214e-05
-7.77775e-06
-1.803e-05
-1.30272e-05
-1.51062e-05
-1.71651e-05
-1.23077e-05
-2.0344e-05
-9.65759e-06
-2.27181e-05
-7.18852e-06
-2.44477e-05
-4.91078e-06
-2.5686e-05
-2.80487e-06
-2.64878e-05
-8.86395e-07
-2.68457e-05
8.89369e-07
-2.67374e-05
2.54629e-06
-2.61124e-05
4.10351e-06
-2.49133e-05
5.56242e-06
-2.30907e-05
6.92001e-06
-2.06103e-05
8.16738e-06
-1.7456e-05
9.28872e-06
-1.36446e-05
1.02597e-05
-9.24358e-06
1.10479e-05
-4.39188e-06
1.16079e-05
1.03418e-05
2.24211e-05
3.22642e-05
4.78078e-05
3.63856e-05
7.18808e-05
3.45138e-05
9.39581e-05
3.17347e-05
0.000113419
2.81187e-05
0.000129751
2.37832e-05
0.000142565
1.88759e-05
0.000151613
1.35779e-05
0.000156812
8.07825e-06
0.00015827
2.49187e-06
0.000156221
-2.733e-06
0.000151082
-7.6314e-06
0.00014336
-1.1979e-05
0.000133612
-1.56545e-05
0.000122401
-1.85822e-05
0.000110262
-2.07302e-05
9.76714e-05
-2.21058e-05
8.50421e-05
-2.27485e-05
7.27146e-05
-2.27237e-05
6.09583e-05
-2.21165e-05
4.99723e-05
-2.10248e-05
3.98812e-05
-1.95526e-05
3.07538e-05
-1.78014e-05
2.25992e-05
-1.5866e-05
1.54095e-05
-1.38335e-05
9.14345e-06
-1.17649e-05
3.75742e-06
-9.71752e-06
-8.20367e-07
-7.72763e-06
-4.64144e-06
-5.83771e-06
-7.76946e-06
-4.0609e-06
-1.02707e-05
-2.4066e-06
-1.22205e-05
-8.53327e-07
-1.36256e-05
5.17581e-07
-1.45339e-05
1.79722e-06
-1.49605e-05
2.97401e-06
-1.49096e-05
4.05307e-06
-1.43869e-05
5.03891e-06
-1.34003e-05
5.93284e-06
-1.19656e-05
6.73273e-06
-1.01094e-05
7.4328e-06
-7.87337e-06
8.02363e-06
-5.31844e-06
8.49249e-06
-2.53088e-06
8.81934e-06
7.8092e-06
1.52957e-05
1.69659e-05
3.26785e-05
1.90012e-05
4.92785e-05
1.79123e-05
6.46895e-05
1.63209e-05
7.85406e-05
1.42657e-05
9.05141e-05
1.18099e-05
0.000100355
9.03591e-06
0.000107906
6.02531e-06
0.000113073
2.91048e-06
0.000115768
-2.04131e-07
0.000116271
-3.23669e-06
0.000114679
-6.03908e-06
0.000111219
-8.5188e-06
0.000106171
-1.06068e-05
9.98408e-05
-1.22536e-05
9.25426e-05
-1.34333e-05
8.45798e-05
-1.41429e-05
7.62329e-05
-1.44002e-05
6.77493e-05
-1.42389e-05
5.93414e-05
-1.37088e-05
5.11839e-05
-1.28683e-05
4.34127e-05
-1.17813e-05
3.61253e-05
-1.05125e-05
2.93835e-05
-9.12394e-06
2.32221e-05
-7.67391e-06
1.76659e-05
-6.21001e-06
1.27245e-05
-4.77484e-06
8.39068e-06
-3.39248e-06
4.62635e-06
-2.07438e-06
1.41211e-06
-8.4755e-07
-1.22791e-06
2.34786e-07
-3.36824e-06
1.28843e-06
-5.08349e-06
2.23251e-06
-6.35277e-06
3.06595e-06
-7.19103e-06
3.81269e-06
-7.61766e-06
4.48017e-06
-7.65427e-06
5.0752e-06
-7.3254e-06
5.60312e-06
-6.66037e-06
6.06672e-06
-5.69478e-06
6.46609e-06
-4.47138e-06
6.79881e-06
-3.0408e-06
7.06008e-06
-1.46534e-06
7.24175e-06
6.34248e-06
1.06533e-05
6.31262e-06
2.27364e-05
6.91983e-06
3.43256e-05
6.32305e-06
4.51669e-05
5.47905e-06
5.50233e-05
4.40983e-06
6.3677e-05
3.15776e-06
7.08932e-05
1.82018e-06
7.67004e-05
2.18052e-07
8.08058e-05
-1.1946e-06
8.344e-05
-2.83833e-06
8.45521e-05
-4.34868e-06
8.4188e-05
-5.67437e-06
8.24635e-05
-6.7934e-06
7.95321e-05
-7.67509e-06
7.55752e-05
-8.29698e-06
7.07893e-05
-8.64759e-06
6.53742e-05
-8.727e-06
5.95257e-05
-8.54953e-06
5.34195e-05
-8.13078e-06
4.722e-05
-7.50886e-06
4.10678e-05
-6.71656e-06
3.50823e-05
-5.79576e-06
2.93594e-05
-4.78851e-06
2.39677e-05
-3.73205e-06
1.89582e-05
-2.66587e-06
1.43755e-05
-1.62864e-06
1.0288e-05
-6.86809e-07
6.71024e-06
1.86202e-07
3.56862e-06
1.06665e-06
8.58529e-07
1.86162e-06
-1.44614e-06
2.5399e-06
-3.31206e-06
3.1553e-06
-4.74701e-06
3.66756e-06
-5.78155e-06
4.10019e-06
-6.43305e-06
4.46434e-06
-6.72276e-06
4.77027e-06
-6.67568e-06
5.0281e-06
-6.32057e-06
5.24733e-06
-5.69002e-06
5.43493e-06
-4.82069e-06
5.59508e-06
-3.75314e-06
5.72921e-06
-2.53145e-06
5.83609e-06
-1.20537e-06
5.91338e-06
5.13649e-06
6.89196e-06
-5.79936e-07
1.46037e-05
-7.90709e-07
2.20291e-05
-1.10338e-06
2.89784e-05
-1.47085e-06
3.52825e-05
-1.89371e-06
4.08081e-05
-2.36749e-06
4.55029e-05
-2.87546e-06
4.91215e-05
-3.40079e-06
5.18054e-05
-3.87825e-06
5.32999e-05
-4.33322e-06
5.36576e-05
-4.70709e-06
5.29617e-05
-4.97837e-06
5.12977e-05
-5.1286e-06
4.87703e-05
-5.14698e-06
4.55033e-05
-5.03002e-06
4.16332e-05
-4.77779e-06
3.73021e-05
-4.39545e-06
3.26407e-05
-3.88688e-06
2.7803e-05
-3.29174e-06
2.29349e-05
-2.6406e-06
1.81412e-05
-1.92379e-06
1.35113e-05
-1.16649e-06
9.13732e-06
-4.14267e-07
5.07903e-06
3.26195e-07
1.38366e-06
1.02835e-06
-1.92393e-06
1.67789e-06
-4.86007e-06
2.24961e-06
-7.41419e-06
2.74104e-06
-9.51079e-06
3.1629e-06
-1.11584e-05
3.50826e-06
-1.23905e-05
3.77163e-06
-1.31827e-05
3.94754e-06
-1.3584e-05
4.06877e-06
-1.36154e-05
4.13126e-06
-1.32989e-05
4.14772e-06
-1.26598e-05
4.13146e-06
-1.17253e-05
4.09389e-06
-1.05252e-05
4.04722e-06
-9.0915e-06
4.00076e-06
-7.45887e-06
3.9615e-06
-5.66458e-06
3.93357e-06
-3.74813e-06
3.91806e-06
-1.75039e-06
3.91405e-06
3.38589e-06
3.51131e-06
-4.09102e-06
7.50527e-06
-4.78254e-06
1.12714e-05
-4.86964e-06
1.46957e-05
-4.89447e-06
1.76756e-05
-4.87247e-06
2.01093e-05
-4.80115e-06
2.18966e-05
-4.66348e-06
2.29629e-05
-4.46644e-06
2.32899e-05
-4.20467e-06
2.28378e-05
-3.88149e-06
2.16253e-05
-3.49515e-06
1.96993e-05
-3.05217e-06
1.71447e-05
-2.57326e-06
1.40596e-05
-2.06122e-06
1.05352e-05
-1.50574e-06
6.66966e-06
-9.12948e-07
2.56432e-06
-2.90646e-07
-1.67447e-06
3.52145e-07
-5.94516e-06
9.79406e-07
-1.00168e-05
1.4307e-06
-1.38807e-05
1.93905e-06
-1.7475e-05
2.42694e-06
-2.07457e-05
2.85665e-06
-2.36306e-05
3.21146e-06
-2.60851e-05
3.48277e-06
-2.80761e-05
3.6688e-06
-2.95945e-05
3.76869e-06
-3.06349e-05
3.78258e-06
-3.11928e-05
3.72097e-06
-3.12759e-05
3.59068e-06
-3.09006e-05
3.39581e-06
-3.00999e-05
3.14672e-06
-2.88888e-05
2.85754e-06
-2.73141e-05
2.55646e-06
-2.54169e-05
2.25057e-06
-2.32361e-05
1.95106e-06
-2.08138e-05
1.67212e-06
-1.81797e-05
1.41359e-06
-1.53613e-05
1.18261e-06
-1.23873e-05
9.873e-07
-9.28974e-06
8.3553e-07
-6.10128e-06
7.28863e-07
-2.85637e-06
6.6834e-07
5.29497e-07
4.88821e-07
-4.57929e-06
9.98606e-07
-5.29026e-06
1.38261e-06
-5.25298e-06
1.54542e-06
-5.05578e-06
1.38303e-06
-4.70881e-06
8.03534e-07
-4.22185e-06
-2.38666e-07
-3.6213e-06
-1.77144e-06
-2.93247e-06
-3.79558e-06
-2.17996e-06
-6.28845e-06
-1.38923e-06
-9.23476e-06
-5.49665e-07
-1.26101e-05
3.22626e-07
-1.62967e-05
1.11307e-06
-2.01805e-05
1.82225e-06
-2.42127e-05
2.52547e-06
-2.83149e-05
3.18761e-06
-3.2391e-05
3.78392e-06
-3.64255e-05
4.38596e-06
-4.01527e-05
4.70642e-06
-4.37058e-05
4.98339e-06
-4.6938e-05
5.17041e-06
-4.97662e-05
5.25459e-06
-5.21362e-05
5.22727e-06
-5.40078e-05
5.08425e-06
-5.53506e-05
4.82675e-06
-5.61423e-05
4.46161e-06
-5.63704e-05
3.99843e-06
-5.60347e-05
3.44871e-06
-5.51406e-05
2.82814e-06
-5.36991e-05
2.14962e-06
-5.17439e-05
1.44094e-06
-4.92992e-05
7.02612e-07
-4.63726e-05
-6.83772e-08
-4.30577e-05
-7.57738e-07
-3.94111e-05
-1.39547e-06
-3.54762e-05
-1.9832e-06
-3.13462e-05
-2.45724e-06
-2.70506e-05
-2.88162e-06
-2.26254e-05
-3.24241e-06
-1.81023e-05
-3.53582e-06
-1.35047e-05
-3.76235e-06
-8.85244e-06
-3.92366e-06
-4.16394e-06
-4.02041e-06
-3.63433e-06
-2.13417e-06
-2.44383e-06
-4.57084e-06
-2.85156e-06
-7.05721e-06
-2.76497e-06
-9.6973e-06
-2.41342e-06
-1.25707e-05
-1.83397e-06
-1.57316e-05
-1.06092e-06
-1.92358e-05
-1.16232e-07
-2.29941e-05
8.27074e-07
-2.69701e-05
1.7961e-06
-3.10724e-05
2.7119e-06
-3.52939e-05
3.67032e-06
-3.95587e-05
4.58572e-06
-4.38569e-05
5.40965e-06
-4.81624e-05
6.12632e-06
-5.23811e-05
6.7426e-06
-5.64448e-05
7.24925e-06
-6.02984e-05
7.63568e-06
-6.38219e-05
7.9084e-06
-6.70976e-05
7.98203e-06
-7.00356e-05
7.92123e-06
-7.25803e-05
7.71474e-06
-7.46821e-05
7.35622e-06
-7.62995e-05
6.84561e-06
-7.74003e-05
6.18677e-06
-7.79586e-05
5.3869e-06
-7.79525e-05
4.45743e-06
-7.73648e-05
3.41286e-06
-7.61844e-05
2.2706e-06
-7.44084e-05
1.05396e-06
-7.20146e-05
-2.42859e-07
-6.90518e-05
-1.52052e-06
-6.55411e-05
-2.80673e-06
-6.1541e-05
-4.0669e-06
-5.70513e-05
-5.24606e-06
-5.21249e-05
-6.32058e-06
-4.68409e-05
-7.2663e-06
-4.12391e-05
-8.05847e-06
-3.54212e-05
-8.69932e-06
-2.94716e-05
-9.192e-06
-2.34582e-05
-9.54945e-06
-1.74281e-05
-9.79265e-06
-1.14035e-05
-9.94821e-06
-5.38498e-06
-1.00389e-05
-9.01927e-06
-4.26122e-06
1.81896e-06
-9.03057e-06
1.92001e-06
-1.38498e-05
2.05694e-06
-1.87758e-05
2.51529e-06
-2.38256e-05
3.2172e-06
-2.89643e-05
4.07824e-06
-3.4088e-05
5.00845e-06
-3.91756e-05
5.91511e-06
-4.4151e-05
6.77056e-06
-4.89988e-05
7.55793e-06
-5.36275e-05
8.29681e-06
-5.80123e-05
8.96785e-06
-6.21552e-05
9.5503e-06
-6.60588e-05
1.00281e-05
-6.97056e-05
1.03878e-05
-7.30785e-05
1.06203e-05
-7.61593e-05
1.07149e-05
-7.89141e-05
1.06623e-05
-8.13735e-05
1.04415e-05
-8.35076e-05
1.00552e-05
-8.52891e-05
9.49603e-06
-8.66947e-05
8.76157e-06
-8.76998e-05
7.85141e-06
-8.82817e-05
6.76995e-06
-8.84174e-05
5.52432e-06
-8.80846e-05
4.12615e-06
-8.72606e-05
2.59051e-06
-8.59258e-05
9.37418e-07
-8.40485e-05
-8.21851e-07
-8.16325e-05
-2.65778e-06
-7.86298e-05
-4.52212e-06
-7.5043e-05
-6.39234e-06
-7.08752e-05
-8.23336e-06
-6.61178e-05
-1.00022e-05
-6.0784e-05
-1.16532e-05
-5.49102e-05
-1.31392e-05
-4.85522e-05
-1.44159e-05
-4.18053e-05
-1.54459e-05
-3.479e-05
-1.62073e-05
-2.76359e-05
-1.67035e-05
-2.0464e-05
-1.69647e-05
-1.33527e-05
-1.70594e-05
-6.31979e-06
-1.70719e-05
-1.53393e-05
-5.95785e-06
7.77832e-06
-1.25346e-05
8.49923e-06
-1.91341e-05
8.65935e-06
-2.5743e-05
9.12672e-06
-3.22515e-05
9.72659e-06
-3.84889e-05
1.03161e-05
-4.43173e-05
1.08374e-05
-4.96751e-05
1.12723e-05
-5.45376e-05
1.16316e-05
-5.89209e-05
1.19394e-05
-6.28397e-05
1.22134e-05
-6.63303e-05
1.24558e-05
-6.94363e-05
1.2654e-05
-7.22009e-05
1.27908e-05
-7.46587e-05
1.28443e-05
-7.68383e-05
1.27982e-05
-7.87578e-05
1.26333e-05
-8.04282e-05
1.23317e-05
-8.18694e-05
1.18828e-05
-8.30849e-05
1.12703e-05
-8.40691e-05
1.04801e-05
-8.4817e-05
9.50894e-06
-8.53177e-05
8.35254e-06
-8.55592e-05
7.01232e-06
-8.55249e-05
5.49162e-06
-8.51963e-05
3.7989e-06
-8.45488e-05
1.94459e-06
-8.35688e-05
-4.09938e-08
-8.2198e-05
-2.1909e-06
-8.04177e-05
-4.43657e-06
-7.81737e-05
-6.76445e-06
-7.54188e-05
-9.1458e-06
-7.21022e-05
-1.15485e-05
-6.81702e-05
-1.3933e-05
-6.35725e-05
-1.62498e-05
-5.82725e-05
-1.84383e-05
-5.22607e-05
-2.04271e-05
-4.55704e-05
-2.21356e-05
-3.82953e-05
-2.34823e-05
-3.05904e-05
-2.44084e-05
-2.26737e-05
-2.48816e-05
-1.475e-05
-2.49833e-05
-6.98144e-06
-2.48412e-05
-2.23213e-05
-7.37942e-06
1.51591e-05
-1.547e-05
1.65921e-05
-2.34649e-05
1.66564e-05
-3.10352e-05
1.66986e-05
-3.79845e-05
1.66762e-05
-4.41204e-05
1.64523e-05
-4.93812e-05
1.60983e-05
-5.3788e-05
1.56782e-05
-5.74188e-05
1.52612e-05
-6.03788e-05
1.48981e-05
-6.2776e-05
1.4609e-05
-6.47107e-05
1.43882e-05
-6.62679e-05
1.42094e-05
-6.75208e-05
1.40419e-05
-6.85275e-05
1.38499e-05
-6.93379e-05
1.36068e-05
-6.99867e-05
1.32812e-05
-7.05037e-05
1.28474e-05
-7.09105e-05
1.22896e-05
-7.12237e-05
1.15826e-05
-7.14511e-05
1.07073e-05
-7.15999e-05
9.65681e-06
-7.16695e-05
8.42222e-06
-7.16587e-05
7.00169e-06
-7.156e-05
5.39383e-06
-7.13637e-05
3.60313e-06
-7.10526e-05
1.6345e-06
-7.06072e-05
-4.85395e-07
-6.99907e-05
-2.80572e-06
-6.9168e-05
-5.25748e-06
-6.80853e-05
-7.84497e-06
-6.6678e-05
-1.05511e-05
-6.48667e-05
-1.33576e-05
-6.25581e-05
-1.62398e-05
-5.96428e-05
-1.91635e-05
-5.60009e-05
-2.2079e-05
-5.15146e-05
-2.49126e-05
-4.6087e-05
-2.75627e-05
-3.96813e-05
-2.98881e-05
-3.23474e-05
-3.17425e-05
-2.43133e-05
-3.29164e-05
-1.58711e-05
-3.34263e-05
-7.52259e-06
-3.31909e-05
-2.98445e-05
-8.81462e-06
2.39746e-05
-1.81049e-05
2.58839e-05
-2.68598e-05
2.54124e-05
-3.43226e-05
2.41621e-05
-4.04569e-05
2.28107e-05
-4.52258e-05
2.12216e-05
-4.87876e-05
1.96603e-05
-5.13271e-05
1.82169e-05
-5.30429e-05
1.69767e-05
-5.41179e-05
1.59724e-05
-5.47085e-05
1.51987e-05
-5.4942e-05
1.46196e-05
-5.49134e-05
1.41793e-05
-5.46989e-05
1.38254e-05
-5.43543e-05
1.35044e-05
-5.39289e-05
1.31793e-05
-5.34555e-05
1.28073e-05
-5.29671e-05
1.23573e-05
-5.24829e-05
1.18057e-05
-5.20245e-05
1.11231e-05
-5.16046e-05
1.02877e-05
-5.12386e-05
9.28986e-06
-5.09331e-05
8.11712e-06
-5.06971e-05
6.76569e-06
-5.05329e-05
5.23051e-06
-5.04425e-05
3.51299e-06
-5.04206e-05
1.61344e-06
-5.04511e-05
-4.54359e-07
-5.05283e-05
-2.72699e-06
-5.06197e-05
-5.16465e-06
-5.06851e-05
-7.7773e-06
-5.06701e-05
-1.0564e-05
-5.04989e-05
-1.35266e-05
-5.00721e-05
-1.66648e-05
-4.92592e-05
-1.99749e-05
-4.78929e-05
-2.34441e-05
-4.57712e-05
-2.70339e-05
-4.26574e-05
-3.06761e-05
-3.83231e-05
-3.42229e-05
-3.25602e-05
-3.75057e-05
-2.54133e-05
-4.00647e-05
-1.69846e-05
-4.1856e-05
-8.22927e-06
-4.19478e-05
-3.80743e-05
-1.0546e-05
3.45208e-05
-2.03994e-05
3.57381e-05
-2.8847e-05
3.38603e-05
-3.48394e-05
3.0155e-05
-3.89186e-05
2.68904e-05
-4.13585e-05
2.36623e-05
-4.25891e-05
2.08914e-05
-4.29263e-05
1.85537e-05
-4.26327e-05
1.66832e-05
-4.1906e-05
1.52453e-05
-4.08935e-05
1.41857e-05
-3.97032e-05
1.34274e-05
-3.84067e-05
1.28818e-05
-3.70596e-05
1.24761e-05
-3.56981e-05
1.21424e-05
-3.43575e-05
1.18363e-05
-3.30593e-05
1.15089e-05
-3.18313e-05
1.11273e-05
-3.06869e-05
1.0662e-05
-2.96491e-05
1.00843e-05
-2.87315e-05
9.3709e-06
-2.79543e-05
8.51187e-06
-2.73296e-05
7.49322e-06
-2.68748e-05
6.31093e-06
-2.66012e-05
4.958e-06
-2.65221e-05
3.43429e-06
-2.6644e-05
1.73642e-06
-2.69682e-05
-1.2955e-07
-2.7504e-05
-2.1897e-06
-2.82408e-05
-4.42656e-06
-2.91608e-05
-6.85531e-06
-3.02354e-05
-9.48793e-06
-3.14163e-05
-1.2344e-05
-3.26318e-05
-1.5448e-05
-3.37754e-05
-1.88304e-05
-3.46911e-05
-2.25276e-05
-3.51634e-05
-2.65618e-05
-3.48864e-05
-3.0953e-05
-3.34895e-05
-3.56209e-05
-3.04613e-05
-4.05345e-05
-2.55007e-05
-4.50268e-05
-1.80703e-05
-4.92874e-05
-9.41737e-06
-5.06023e-05
-4.74922e-05
-1.26597e-05
4.71803e-05
-2.18497e-05
4.49286e-05
-2.85095e-05
4.05203e-05
-3.17354e-05
3.33815e-05
-3.29424e-05
2.80985e-05
-3.27048e-05
2.34255e-05
-3.1614e-05
1.98013e-05
-3.00001e-05
1.69397e-05
-2.80933e-05
1.4777e-05
-2.60384e-05
1.31899e-05
-2.3925e-05
1.20723e-05
-2.18109e-05
1.13115e-05
-1.97264e-05
1.07968e-05
-1.76955e-05
1.04429e-05
-1.57304e-05
1.01774e-05
-1.38487e-05
9.95204e-06
-1.20584e-05
9.71913e-06
-1.03816e-05
9.44834e-06
-8.82469e-06
9.10618e-06
-7.41151e-06
8.66982e-06
-6.15499e-06
8.11561e-06
-5.07886e-06
7.43496e-06
-4.19908e-06
6.61442e-06
-3.53942e-06
5.651e-06
-3.1178e-06
4.53745e-06
-2.95691e-06
3.27346e-06
-3.07366e-06
1.85426e-06
-3.48303e-06
2.80157e-07
-4.20822e-06
-1.46314e-06
-5.2587e-06
-3.37531e-06
-6.6398e-06
-5.47275e-06
-8.3527e-06
-7.77423e-06
-1.03855e-05
-1.03102e-05
-1.27104e-05
-1.31225e-05
-1.52739e-05
-1.62667e-05
-1.79787e-05
-1.98223e-05
-2.06695e-05
-2.38716e-05
-2.30775e-05
-2.8545e-05
-2.48232e-05
-3.38765e-05
-2.52204e-05
-4.01378e-05
-2.36459e-05
-4.66029e-05
-1.86128e-05
-5.43213e-05
-1.11817e-05
-5.8035e-05
-5.86742e-05
-1.47766e-05
6.19568e-05
-2.15174e-05
5.16702e-05
-2.48437e-05
4.38469e-05
-2.45624e-05
3.31008e-05
-2.27906e-05
2.63277e-05
-2.02058e-05
2.08413e-05
-1.73427e-05
1.69388e-05
-1.44189e-05
1.40158e-05
-1.1555e-05
1.19139e-05
-8.79945e-06
1.0434e-05
-6.16626e-06
9.43933e-06
-3.65666e-06
8.80029e-06
-1.25904e-06
8.39924e-06
1.02948e-06
8.15215e-06
3.22253e-06
7.98503e-06
5.31106e-06
7.8611e-06
7.2983e-06
7.73283e-06
9.16818e-06
7.57612e-06
1.09167e-05
7.35877e-06
1.25211e-05
7.06397e-06
1.39679e-05
6.67007e-06
1.52313e-05
6.17067e-06
1.62926e-05
5.55421e-06
1.7124e-05
4.81914e-06
1.77031e-05
3.95919e-06
1.80017e-05
2.97459e-06
1.79964e-05
1.86042e-06
1.76605e-05
6.16055e-07
1.69663e-05
-7.67981e-07
1.58877e-05
-2.29654e-06
1.44016e-05
-3.98579e-06
1.24836e-05
-5.85607e-06
1.01142e-05
-7.94052e-06
7.27888e-06
-1.0287e-05
3.97377e-06
-1.29618e-05
2.19706e-07
-1.6068e-05
-3.92685e-06
-1.97259e-05
-8.31752e-06
-2.41543e-05
-1.27014e-05
-2.94939e-05
-1.64563e-05
-3.63831e-05
-1.88571e-05
-4.42036e-05
-1.76452e-05
-5.55338e-05
-1.31017e-05
-6.258e-05
-7.17763e-05
-1.58933e-05
7.785e-05
-1.8324e-05
5.41019e-05
-1.72579e-05
4.27811e-05
-1.36057e-05
2.94491e-05
-9.46583e-06
2.21887e-05
-5.35084e-06
1.67266e-05
-1.53837e-06
1.31269e-05
1.93416e-06
1.05431e-05
5.08382e-06
8.76507e-06
7.95723e-06
7.56022e-06
1.06085e-05
6.78869e-06
1.30819e-05
6.32546e-06
1.54191e-05
6.06265e-06
1.76427e-05
5.9266e-06
1.97738e-05
5.85496e-06
2.18155e-05
5.8171e-06
2.37747e-05
5.77495e-06
2.56386e-05
5.71001e-06
2.7403e-05
5.59543e-06
2.90461e-05
5.4193e-06
3.05534e-05
5.16388e-06
3.18981e-05
4.82496e-06
3.30597e-05
4.39352e-06
3.40089e-05
3.8693e-06
3.47214e-05
3.24747e-06
3.51665e-05
2.52896e-06
3.5318e-05
1.70963e-06
3.51443e-05
7.89357e-07
3.46155e-05
-2.38547e-07
3.36978e-05
-1.37911e-06
3.23586e-05
-2.64621e-06
3.05601e-05
-4.05774e-06
2.82628e-05
-5.64328e-06
2.54231e-05
-7.44741e-06
2.19937e-05
-9.53289e-06
1.79302e-05
-1.20043e-05
1.31918e-05
-1.49884e-05
7.78179e-06
-1.87441e-05
1.75875e-06
-2.34721e-05
-4.55374e-06
-3.00708e-05
-1.05986e-05
-3.81602e-05
-1.40753e-05
-5.20576e-05
-1.40979e-05
-6.25586e-05
-8.58745e-05
-1.45336e-05
9.23837e-05
-1.15044e-05
5.10736e-05
-5.96069e-06
3.72376e-05
1.09772e-07
2.33791e-05
5.5587e-06
1.67405e-05
1.02175e-05
1.20679e-05
1.41632e-05
9.18173e-06
1.75251e-05
7.18104e-06
2.0434e-05
5.8568e-06
2.30031e-05
4.99071e-06
2.53292e-05
4.46336e-06
2.74824e-05
4.17129e-06
2.95179e-05
4.0281e-06
3.14656e-05
3.97716e-06
3.33506e-05
3.97112e-06
3.51778e-05
3.98784e-06
3.69547e-05
3.9994e-06
3.867e-05
3.99274e-06
4.03184e-05
3.94814e-06
4.18785e-05
3.85762e-06
4.33352e-05
3.70812e-06
4.4662e-05
3.49721e-06
4.58378e-05
3.21849e-06
4.6834e-05
2.87245e-06
4.76262e-05
2.45579e-06
4.81849e-05
1.96978e-06
4.84835e-05
1.41146e-06
4.84911e-05
7.81267e-07
4.81782e-05
7.47076e-08
4.75106e-05
-7.11875e-07
4.64533e-05
-1.58878e-06
4.49648e-05
-2.56959e-06
4.29982e-05
-3.67692e-06
4.0497e-05
-4.94622e-06
3.73912e-05
-6.4277e-06
3.35972e-05
-8.20994e-06
2.90097e-05
-1.04018e-05
2.35121e-05
-1.32463e-05
1.69825e-05
-1.69437e-05
9.37654e-06
-2.24649e-05
9.62908e-07
-2.97477e-05
-7.14567e-06
-4.39494e-05
-1.2661e-05
-5.70445e-05
-9.85358e-05
-9.22269e-06
0.000101607
-8.70154e-07
4.27218e-05
8.0521e-06
2.83154e-05
1.51275e-05
1.63039e-05
2.07247e-05
1.11438e-05
2.50712e-05
7.72143e-06
2.85372e-05
5.71609e-06
3.1351e-05
4.36699e-06
3.37052e-05
3.50312e-06
3.57394e-05
2.95595e-06
3.75649e-05
2.63872e-06
3.9257e-05
2.47834e-06
4.08712e-05
2.41499e-06
4.2436e-05
2.41092e-06
4.3974e-05
2.43431e-06
4.54889e-05
2.47118e-06
4.69865e-05
2.50302e-06
4.84559e-05
2.52176e-06
4.98906e-05
2.51447e-06
5.12705e-05
2.47636e-06
5.25805e-05
2.39887e-06
5.37961e-05
2.2808e-06
5.48971e-05
2.11805e-06
5.58576e-05
1.91136e-06
5.66553e-05
1.65864e-06
5.72634e-05
1.36113e-06
5.76583e-05
1.01693e-06
5.78124e-05
6.26703e-07
5.76996e-05
1.87755e-07
5.72895e-05
-3.02161e-07
5.65504e-05
-8.49653e-07
5.54442e-05
-1.46371e-06
5.39262e-05
-2.15926e-06
5.19406e-05
-2.96059e-06
4.94145e-05
-3.90209e-06
4.6252e-05
-5.04721e-06
4.23242e-05
-6.47461e-06
3.74491e-05
-8.37092e-06
3.14028e-05
-1.08983e-05
2.38131e-05
-1.48752e-05
1.44935e-05
-2.04292e-05
3.19202e-06
-3.26483e-05
-7.34618e-06
-4.65072e-05
-0.000105882
8.88522e-07
0.000100718
1.29492e-05
3.06616e-05
2.32514e-05
1.80134e-05
2.99015e-05
9.654e-06
3.47306e-05
6.31509e-06
3.82131e-05
4.23888e-06
4.08662e-05
3.06336e-06
4.29377e-05
2.29521e-06
4.46261e-05
1.81515e-06
4.60628e-05
1.51872e-06
4.73492e-05
1.35286e-06
4.85516e-05
1.27522e-06
4.97162e-05
1.25138e-06
5.08656e-05
1.26048e-06
5.20167e-05
1.28427e-06
5.31713e-05
1.31521e-06
5.43327e-05
1.34265e-06
5.54907e-05
1.36246e-06
5.66388e-05
1.36733e-06
5.77593e-05
1.35486e-06
5.88385e-05
1.32025e-06
5.98557e-05
1.26299e-06
6.07934e-05
1.18079e-06
6.16301e-05
1.07423e-06
6.2347e-05
9.42127e-07
6.29224e-05
7.85315e-07
6.33368e-05
6.02729e-07
6.35683e-05
3.94893e-07
6.35958e-05
1.60421e-07
6.33952e-05
-1.01932e-07
6.29413e-05
-3.9577e-07
6.22035e-05
-7.26187e-07
6.11455e-05
-1.10147e-06
5.97206e-05
-1.53564e-06
5.78665e-05
-2.0484e-06
5.54967e-05
-2.67717e-06
5.24912e-05
-3.46968e-06
4.86605e-05
-4.53996e-06
4.37613e-05
-5.99995e-06
3.72605e-05
-8.37444e-06
2.87373e-05
-1.19068e-05
1.64634e-05
-2.03747e-05
2.68437e-06
-3.2729e-05
-0.000103198
1.51824e-05
8.5536e-05
2.85859e-05
1.72586e-05
3.79719e-05
8.62758e-06
4.31775e-05
4.44852e-06
4.67113e-05
2.78155e-06
4.91162e-05
1.83386e-06
5.0881e-05
1.29872e-06
5.22152e-05
9.60875e-07
5.32793e-05
7.51318e-07
5.41742e-05
6.23385e-07
5.49759e-05
5.5152e-07
5.57328e-05
5.17727e-07
5.64778e-05
5.0715e-07
5.72262e-05
5.11268e-07
5.79894e-05
5.21941e-07
5.87677e-05
5.35914e-07
5.95627e-05
5.48471e-07
6.03663e-05
5.57974e-07
6.11729e-05
5.61368e-07
6.19695e-05
5.57619e-07
6.27455e-05
5.44762e-07
6.34854e-05
5.22515e-07
6.41767e-05
4.89951e-07
6.48033e-05
4.47266e-07
6.53518e-05
3.93948e-07
6.58064e-05
3.30325e-07
6.61535e-05
2.55905e-07
6.63772e-05
1.70901e-07
6.64629e-05
7.47782e-08
6.63939e-05
-3.31319e-08
6.61524e-05
-1.54352e-07
6.57173e-05
-2.9121e-07
6.50629e-05
-4.47227e-07
6.41559e-05
-6.28678e-07
6.29515e-05
-8.44295e-07
6.13851e-05
-1.11054e-06
5.93653e-05
-1.45034e-06
5.67386e-05
-1.91309e-06
5.33026e-05
-2.56452e-06
4.85546e-05
-3.62651e-06
4.20067e-05
-5.35952e-06
3.12009e-05
-9.56909e-06
1.65847e-05
-1.81133e-05
-8.66135e-05
3.29139e-05
5.26223e-05
4.44294e-05
5.74348e-06
5.08014e-05
2.25598e-06
5.4075e-05
1.17506e-06
5.61598e-05
6.96782e-07
5.75332e-05
4.60241e-07
5.85114e-05
3.20721e-07
5.92354e-05
2.36737e-07
5.98033e-05
1.83706e-07
6.02753e-05
1.51001e-07
6.06956e-05
1.31378e-07
6.10919e-05
1.20938e-07
6.14833e-05
1.16281e-07
6.18785e-05
1.15517e-07
6.22846e-05
1.16595e-07
6.27013e-05
1.18556e-07
6.31299e-05
1.20431e-07
6.35655e-05
1.21696e-07
6.40055e-05
1.21914e-07
6.44421e-05
1.2056e-07
6.48698e-05
1.1742e-07
6.52798e-05
1.12195e-07
6.56651e-05
1.04856e-07
6.60169e-05
9.52744e-08
6.63276e-05
8.34205e-08
6.65885e-05
6.92482e-08
6.67918e-05
5.26965e-08
6.69288e-05
3.37112e-08
6.69914e-05
1.22527e-08
6.69701e-05
-1.19992e-08
6.68551e-05
-3.93373e-08
6.66342e-05
-7.04771e-08
6.62931e-05
-1.06178e-07
6.58125e-05
-1.48109e-07
6.51664e-05
-1.98433e-07
6.43171e-05
-2.61071e-07
6.32091e-05
-3.42596e-07
6.17495e-05
-4.53448e-07
5.98029e-05
-6.18268e-07
5.70518e-05
-8.75477e-07
5.30564e-05
-1.36459e-06
4.59289e-05
-2.44179e-06
3.37558e-05
-5.94059e-06
-5.28577e-05
5.26224e-05
5.83661e-05
6.06222e-05
6.17971e-05
6.24938e-05
6.2954e-05
6.32749e-05
6.35117e-05
6.36954e-05
6.38461e-05
6.39775e-05
6.40983e-05
6.42149e-05
6.43302e-05
6.44471e-05
6.45653e-05
6.4686e-05
6.48075e-05
6.49296e-05
6.505e-05
6.51675e-05
6.52796e-05
6.53846e-05
6.54797e-05
6.55632e-05
6.56324e-05
6.56852e-05
6.57188e-05
6.57311e-05
6.5719e-05
6.56796e-05
6.56091e-05
6.55029e-05
6.53548e-05
6.51563e-05
6.48953e-05
6.45525e-05
6.40991e-05
6.34806e-05
6.26051e-05
6.12404e-05
5.87985e-05
5.28577e-05
)
;

boundaryField
{
    movingWall
    {
        type            calculated;
        value           uniform 0;
    }
    fixedWalls
    {
        type            calculated;
        value           uniform 0;
    }
    frontAndBack
    {
        type            empty;
        value           nonuniform 0();
    }
    defaultFaces
    {
        type            empty;
        value           nonuniform 0();
    }
}


// ************************************************************************* //
