/*--------------------------------*- C++ -*----------------------------------*\
  =========                 |
  \\      /  F ield         | OpenFOAM: The Open Source CFD Toolbox
   \\    /   O peration     | Website:  https://openfoam.org
    \\  /    A nd           | Version:  7
     \\/     M anipulation  |
\*---------------------------------------------------------------------------*/
FoamFile
{
    version     2.0;
    format      ascii;
    class       surfaceScalarField;
    location    "0.99";
    object      phi;
}
// * * * * * * * * * * * * * * * * * * * * * * * * * * * * * * * * * * * * * //

dimensions      [0 3 -1 0 0 0 0];

internalField   nonuniform List<scalar> 
3784
(
-0.00235741
0.0023574
-0.00241334
5.59323e-05
-0.00101496
-0.00139838
0.000100579
-0.00111554
0.00056605
-0.000465472
0.000852778
-0.000286728
0.00081056
4.22177e-05
0.000272208
0.00053835
-0.000637437
0.000909645
-0.0013052
0.000667765
-0.000857313
-0.000447888
0.000557141
-0.00141446
0.00166562
-0.00110848
0.00178312
-0.000117497
0.000818725
0.000964392
-0.000565992
0.00138472
-0.00130786
0.000741867
-0.000835764
-0.000472095
0.000498332
-0.0013341
0.00140062
-0.000902292
0.000859372
0.000541254
-0.000661475
0.00152085
-0.0017712
0.00110973
-0.00140874
-0.000362468
-2.91098e-05
-0.00137963
0.000962739
-0.000991848
0.000757323
0.000205416
-0.000534965
0.00129229
-0.00191163
0.00137667
-0.00188681
-2.48173e-05
-0.00028881
-0.001598
0.00132821
-0.00161702
0.00183173
-0.000503523
0.00100247
0.000829269
-0.000386968
0.00138943
-0.00122858
0.000841616
-0.000809651
-0.000418934
0.000566141
-0.00137579
0.00164134
-0.0010752
0.00130697
0.000334373
-0.000146726
0.0014537
-0.00137443
0.0012277
-0.0012716
-0.000102835
-0.0012716
-0.0032114
0.00556881
-0.00351196
0.000356495
-0.00108794
-0.0038224
8.96703e-05
-0.00229316
0.000397827
-0.000773628
0.000881961
-0.000770859
0.000814357
0.000109818
0.000206096
0.00114661
-0.000564647
0.00168039
-0.00130751
0.00141063
-0.00115916
-0.000596235
0.000701404
-0.00327502
0.00213691
-0.00254398
0.00171485
0.000304564
0.00071393
0.00196531
-0.000409595
0.00250825
-0.00154898
0.00188125
-0.00120468
-0.0008164
0.000755501
-0.00329427
0.00164658
-0.00179337
0.000699431
0.0014884
-0.000559212
0.00277949
-0.00175387
0.00230439
-0.00182511
-0.000291229
6.23316e-05
-0.00326707
0.00139508
-0.00232459
0.000686933
0.000913559
-0.000575189
0.00255441
-0.00176503
0.00256651
-0.00222791
0.000438065
-0.000380265
-0.00344565
0.00185411
-0.0038514
0.0018448
-0.000494208
0.000852026
0.00182204
-0.000223152
0.00246461
-0.00141944
0.0020379
-0.0012021
-0.000636273
0.000803263
-0.00338115
0.0019327
-0.00220464
0.00114047
0.00112661
-6.29195e-05
0.00265708
-0.00128531
0.0024501
-0.00174464
0.000356487
-0.00301623
-0.00313548
0.00870429
-0.00375584
0.000976846
-0.00142815
-0.00615008
0.000125052
-0.00384636
0.000555073
-0.00120365
0.000980104
-0.0011959
0.000923127
0.000166799
0.000273649
0.00179609
-0.000642933
0.00259697
-0.00155771
0.0023254
-0.00143793
-0.000716008
0.000636319
-0.00534927
0.00235496
-0.00426262
0.00186821
0.000791315
0.000477049
0.00335646
-0.000933579
0.00391888
-0.00200574
0.00295342
-0.00129674
-0.0015254
0.00104511
-0.00563612
0.00207239
-0.00282065
0.00102766
0.00253313
-0.000505796
0.00431294
-0.00199875
0.00379735
-0.00214393
-0.000146045
-3.46053e-06
-0.00540754
0.00174773
-0.00407578
0.00130514
0.00135614
-3.58394e-05
0.00389539
-0.00159598
0.00412665
-0.00241456
0.00125664
-0.000549986
-0.00531023
0.00198364
-0.00638502
0.00201115
-0.000521719
0.000648548
0.00318464
-0.000753684
0.00386684
-0.0019082
0.00319241
-0.00134869
-0.00119577
0.00104039
-0.00577023
0.00229495
-0.0034592
0.00133326
0.0020883
-0.000204497
0.00419484
-0.00168468
0.00393028
-0.00207032
0.000742127
-0.00508656
-0.00248683
0.0111911
-0.00327432
0.00176433
-0.00175352
-0.00767088
-0.000369616
-0.00523026
0.000217165
-0.00179043
0.000580785
-0.00155952
0.000537775
0.000209806
8.00188e-05
0.00225385
-0.000509121
0.00318611
-0.00108188
0.00289816
-0.001005
-0.00079289
0.000420847
-0.00677512
0.00165654
-0.00549831
0.00120613
0.00124172
4.96532e-05
0.00451294
-0.00095587
0.0049244
-0.0015581
0.00355564
-0.000860142
-0.00222336
0.000850728
-0.00734699
0.00151255
-0.00348248
0.000789387
0.0032563
-0.000233003
0.00533533
-0.00132519
0.00488954
-0.0015514
8.01604e-05
-0.000103274
-0.00685567
0.00126278
-0.00544183
0.00119512
0.0014238
0.00042052
0.00466999
-0.000677365
0.00522454
-0.00150378
0.00208305
-0.00044011
-0.00637389
0.00128955
-0.00811468
0.00124293
-0.000475105
0.000146533
0.00428104
-0.000853462
0.00486684
-0.00150624
0.00384519
-0.000906449
-0.00179557
0.000838883
-0.00751557
0.00162301
-0.00424333
0.000863394
0.00284792
-0.000213156
0.00527139
-0.00122065
0.00493778
-0.00145541
0.000976883
-0.00654196
-0.00176942
0.0129605
-0.00272799
0.0027229
-0.00199704
-0.00840183
-0.000919257
-0.00630805
-0.000249054
-0.00246064
4.34681e-05
-0.00185204
5.48721e-05
0.000198401
-0.000164906
0.00247363
-0.000401025
0.00342223
-0.000601289
0.00309843
-0.000551833
-0.000842347
0.000148628
-0.00747558
0.000893733
-0.00624342
0.000537464
0.001598
-0.000238549
0.00528895
-0.00082943
0.00551528
-0.00103698
0.00376319
-0.000383884
-0.00287645
0.000619128
-0.00835
0.000916985
-0.00378034
0.000473174
0.00370011
-3.23615e-05
0.00584087
-0.000617329
0.00547451
-0.000887556
0.000350386
-0.000167601
-0.00757563
0.000749467
-0.0063589
0.00092463
0.00124864
0.000649874
0.00494475
9.15929e-05
0.00578282
-0.000583495
0.00275814
-0.000311659
-0.00664573
0.000564776
-0.00899111
0.000465159
-0.000375488
-0.000217203
0.00496341
-0.000803805
0.00545344
-0.00102955
0.00407094
-0.000442527
-0.00238259
0.00058364
-0.00854174
0.000905538
-0.00456523
0.000367613
0.00338584
-0.000194313
0.00583332
-0.000676927
0.00542039
-0.00080778
0.00110773
-0.00734974
-0.000959542
0.0139201
-0.00203887
0.00380223
-0.00208139
-0.00835931
-0.0014496
-0.00693984
-0.000812344
-0.0030979
-0.000593793
-0.00207059
-0.000522993
0.000127603
-0.000447647
0.00239828
-0.000318196
0.00329278
-0.00012833
0.00290857
-0.000128937
-0.00084174
-0.000150482
-0.00745404
5.76792e-05
-0.00645157
-5.11729e-05
0.00170685
-0.000342804
0.00558058
-0.000494656
0.00566714
-0.000337964
0.0036065
0.000100666
-0.00331508
0.000348652
-0.00859799
0.000243825
-0.00367551
0.000110494
0.00383345
9.384e-05
0.00585752
4.52524e-05
0.0055231
-0.000204214
0.000599853
-0.000175691
-0.00760415
0.000219169
-0.00675376
0.000468075
0.000999729
0.000581193
0.00483163
0.000609162
0.00575485
0.000263202
0.0031041
-0.000175396
-0.00620713
-0.000150928
-0.00901558
-0.00020368
-0.000322737
-0.00039539
0.00515512
-0.000522265
0.00558031
-0.000360739
0.00390942
3.22747e-05
-0.00277561
0.000284965
-0.00879443
0.000138709
-0.00441897
-9.03192e-05
0.00361487
-0.000131538
0.00587453
-0.000129911
0.00541876
-0.000166426
0.00114425
-0.00751617
-0.000116266
0.0140364
-0.00114216
0.00482813
-0.00193719
-0.00756428
-0.00187626
-0.00700077
-0.00140487
-0.00356928
-0.00124688
-0.00222858
-0.00106337
-5.58994e-05
-0.000711118
0.00204603
-0.000258874
0.00284053
0.000220093
0.0024296
0.000213358
-0.000835003
-0.000433534
-0.00680715
-0.000756224
-0.00612888
-0.000573447
0.00152407
-0.00030317
0.0053103
4.32538e-05
0.00532072
0.000431612
0.00321814
0.000529678
-0.00341315
3.19587e-05
-0.00810027
-0.000406408
-0.00323714
-0.000252029
0.00367907
0.000181835
0.00542366
0.000606962
0.00509797
0.000484591
0.000722225
-0.00011521
-0.00700435
-0.000327484
-0.00654148
-8.45244e-05
0.000756768
0.000339205
0.0044079
0.000873277
0.00522078
0.00091587
0.00306151
-7.78653e-06
-0.00528348
-0.00078036
-0.00824301
-0.000744708
-0.000358391
-0.000409203
0.00481961
-2.19381e-05
0.00519305
0.000394854
0.00349262
0.000447091
-0.00282784
-7.22751e-05
-0.00827506
-0.000560916
-0.00393033
-0.000475508
0.00352946
-4.39939e-05
0.00544302
0.00037326
0.00500151
0.000460049
0.00105746
-0.00705612
0.000830093
0.0132063
2.09977e-05
0.00563722
-0.00149412
-0.00604916
-0.00206211
-0.00643278
-0.00186832
-0.00376308
-0.00177994
-0.00231696
-0.00149812
-0.000337714
-0.000925544
0.00147345
-0.000239877
0.00215486
0.00039708
0.00179264
0.000432608
-0.000870531
-0.000657146
-0.00571739
-0.00143409
-0.00535193
-0.000980378
0.00107036
-0.0002356
0.00456552
0.000523985
0.00456114
0.00112296
0.00261917
0.000821148
-0.00311134
-0.000325828
-0.00695329
-0.000958223
-0.00260475
-0.000548434
0.00326929
0.000255488
0.00461974
0.00101475
0.0043387
0.00107789
0.000659088
-4.54617e-06
-0.00592192
-0.000786952
-0.00575908
-0.00052913
0.000498945
8.59827e-05
0.00379278
0.000969157
0.00433761
0.00137686
0.0026538
0.000188958
-0.00409557
-0.00119872
-0.00685533
-0.00108015
-0.000476963
-0.00035056
0.00409003
0.00043814
0.00440435
0.00104229
0.00288847
0.000765806
-0.00255136
-0.000448791
-0.00706046
-0.00118368
-0.00319544
-0.00077352
0.0031193
4.02438e-05
0.00462926
0.000757103
0.00428465
0.000974055
0.000840502
-0.00608207
0.00180834
0.0113979
0.00143916
0.0060064
-0.000663082
-0.00394692
-0.00183974
-0.00525613
-0.00201667
-0.00358614
-0.00203413
-0.0022995
-0.00170755
-0.000664295
-0.00101906
0.000784958
-0.000240304
0.00137609
0.000463901
0.00108844
0.000535039
-0.000941669
-0.000770666
-0.0044117
-0.00188006
-0.00424254
-0.00133909
0.000529388
-0.000243581
0.00347001
0.000827671
0.00348989
0.00152954
0.0019173
0.000924823
-0.00250663
-0.000671585
-0.00535688
-0.00137647
-0.00189986
-0.00069732
0.00259013
0.000308892
0.00361353
0.00125403
0.00339357
0.00148918
0.000423942
0.000103966
-0.00453671
-0.00112564
-0.00452947
-0.000859679
0.000232983
-7.67693e-05
0.00300987
0.000986874
0.00327396
0.00161818
0.00202249
0.000374504
-0.00285189
-0.00137164
-0.00510918
-0.00130224
-0.000546369
-0.000314013
0.0031018
0.000727507
0.00336283
0.00144457
0.00217141
0.000927859
-0.00203465
-0.000743026
-0.00538957
-0.00160099
-0.00233748
-0.000905001
0.00242331
9.12453e-05
0.00363301
0.000997639
0.00337826
0.0013404
0.000497742
-0.00474167
0.00247367
0.00892426
0.00280511
0.00567495
0.000528838
-0.00167065
-0.00111167
-0.00361562
-0.00169486
-0.00300295
-0.00188235
-0.00211201
-0.00161211
-0.000934535
-0.000951934
0.000124777
-0.000195633
0.000619787
0.000464397
0.000428411
0.000501213
-0.000978481
-0.000780207
-0.00313028
-0.00200784
-0.00301491
-0.0015431
6.46594e-05
-0.000326757
0.00225367
0.000852487
0.00231064
0.00156653
0.00120325
0.000848889
-0.00178898
-0.00088574
-0.00362225
-0.00154112
-0.00124448
-0.000728451
0.00177747
0.000326144
0.00255894
0.00137124
0.00234848
0.00162131
0.000173868
0.000163638
-0.00307904
-0.00125609
-0.00310974
-0.00106167
3.85629e-05
-0.000163744
0.00211194
0.0008671
0.00224312
0.00157313
0.00131646
0.000476815
-0.00175558
-0.00129844
-0.00333392
-0.00133949
-0.00050532
-0.000296656
0.00205896
0.000795078
0.0022711
0.00153473
0.00143175
0.00093129
-0.0014312
-0.00086963
-0.00358865
-0.0017023
-0.00150481
-0.000912549
0.00163356
0.000155298
0.00256516
0.00116888
0.00236467
0.0014772
0.000189426
-0.00326447
0.00251445
0.00640981
0.00348107
0.00470833
0.00171518
9.52436e-05
8.9392e-06
-0.00190938
-0.000908528
-0.00208547
-0.00131186
-0.00170867
-0.00121536
-0.00103104
-0.000726284
-0.000364301
-0.000108455
1.95495e-06
0.000419496
-9.95474e-05
0.000381232
-0.000940216
-0.000700813
-0.00204824
-0.00178517
-0.00193056
-0.00147115
-0.000249358
-0.000349628
0.00113214
0.000689347
0.00127167
0.00129799
0.00059461
0.000628181
-0.00111917
-0.0009058
-0.00208827
-0.00142138
-0.000728903
-0.00066886
0.00102495
0.00030891
0.00158117
0.00127354
0.00138384
0.00144043
6.97665e-06
0.000158697
-0.00179731
-0.00113932
-0.00181173
-0.00105351
-4.72427e-05
-0.000203019
0.00126145
0.000683302
0.0013568
0.00128466
0.0007151
0.000481362
-0.000952275
-0.00101741
-0.00183515
-0.0011428
-0.000379933
-0.000215966
0.00113213
0.000711042
0.00134409
0.00134986
0.000792939
0.000783907
-0.000865255
-0.000799524
-0.00200522
-0.00148144
-0.000822893
-0.000792662
0.000944783
0.000196378
0.00157612
0.00115522
0.00140583
0.00134181
2.84078e-06
-0.00192267
0.00210411
0.0043057
0.00330489
0.00350754
0.00234748
0.00105265
0.00102272
-0.000584618
6.7465e-05
-0.0011302
-0.0004846
-0.0011566
-0.000601685
-0.000913959
-0.000355411
-0.000610577
4.57336e-05
-0.000399188
0.00038551
-0.000439325
0.000268251
-0.000822959
-0.000522436
-0.00125755
-0.00130392
-0.00114908
-0.00115051
-0.00040276
-0.000340182
0.000321813
0.000440655
0.00049083
0.000862701
0.000172562
0.000355045
-0.000611518
-0.000729827
-0.0010034
-0.00108081
-0.000377919
-0.000528146
0.000472297
0.000243447
0.000809578
0.000964532
0.000662755
0.00102777
-5.62676e-05
0.000103709
-0.000873242
-0.000839466
-0.000868554
-0.000839754
-4.69541e-05
-0.00020096
0.000622654
0.000463113
0.000692723
0.000865859
0.000312355
0.000361515
-0.000447932
-0.000647397
-0.000826241
-0.000791636
-0.000235691
-0.000148243
0.00048874
0.000535925
0.000659927
0.000972909
0.000355956
0.000530417
-0.000422765
-0.000583998
-0.000890807
-0.00105499
-0.000351896
-0.000575277
0.000465068
0.000192423
0.00080842
0.000923569
0.000674681
0.000991063
-6.46538e-05
-0.0009316
0.00136248
0.00294322
0.00244409
0.00242594
0.00225831
0.00123844
0.00150932
0.000164368
0.000774911
-0.000395791
0.000266895
-0.000648582
4.91968e-05
-0.000696256
8.16221e-05
-0.000643001
0.000255783
-0.000573352
0.000384173
-0.000567717
0.000225319
-0.000664104
-0.000281304
-0.000750933
-0.000749999
-0.000680384
-0.00072794
-0.000424814
-0.00028728
-0.000118844
0.000195949
7.59667e-06
0.000428596
-6.00901e-05
0.000123569
-0.000306489
-0.000473369
-0.000406458
-0.000675383
-0.000175902
-0.00035432
0.000151234
0.000148848
0.000306407
0.000579688
0.000231912
0.000575153
-5.17317e-05
3.74206e-05
-0.000335507
-0.000512443
-0.000318691
-0.000538314
-2.10836e-05
-0.000163338
0.000247677
0.0002532
0.000276183
0.000464242
0.000101314
0.00019388
-0.00017757
-0.00033175
-0.000300612
-0.000443407
-0.000124032
-9.73921e-05
0.000142727
0.000321097
0.000241437
0.000550167
0.000126887
0.000268081
-0.000140679
-0.000343014
-0.00027971
-0.00060855
-8.63586e-05
-0.000338811
0.000195328
0.000150039
0.000319568
0.000587355
0.000237363
0.000582125
-5.94272e-05
-0.000349472
0.000848067
0.00209515
0.0015228
0.00175121
0.00169836
0.00106288
0.00138327
0.000479457
0.00099462
-7.1367e-06
0.000659732
-0.000313697
0.000461997
-0.000498516
0.000393485
-0.000574482
0.000396763
-0.000576633
0.000372987
-0.00054395
0.000217942
-0.00050906
-5.66375e-05
-0.00047635
-0.000299015
-0.000438007
-0.000344732
-0.000379097
-0.000179891
-0.000283686
2.91787e-05
-0.000201476
0.000129662
-0.000160573
-8.27368e-06
-0.000168548
-0.000259365
-0.000155363
-0.00034902
-8.62487e-05
-0.000199033
1.2427e-06
6.05549e-05
4.68163e-05
0.000259447
3.30212e-05
0.000242882
-3.51648e-05
-9.22542e-06
-8.34e-05
-0.000261191
-6.67289e-05
-0.000285484
3.2093e-06
-0.000111315
7.3509e-05
9.53928e-05
6.94752e-05
0.000185949
1.0758e-05
6.77095e-05
-5.93295e-05
-0.000142071
-9.08319e-05
-0.000205465
-6.06365e-05
-6.59635e-05
3.22777e-06
0.000131278
4.41954e-05
0.000221105
3.70632e-05
9.08623e-05
-1.04351e-05
-0.000166632
-2.22157e-05
-0.000274245
2.12534e-05
-0.000149439
7.05205e-05
9.38587e-05
7.62678e-05
0.000292587
3.86368e-05
0.000264786
-3.16297e-05
-8.46876e-05
0.000578875
0.00151628
0.00096967
0.00136041
0.00111831
0.00091423
0.00107838
0.000519387
0.000886956
0.000184301
0.000707469
-0.000134208
0.000558004
-0.000349055
0.000451341
-0.000467818
0.000372538
-0.000497829
0.000290948
-0.000462367
0.000184599
-0.000402713
6.19614e-05
-0.000353708
-4.2875e-05
-0.000333169
-9.56938e-05
-0.000326282
-7.7954e-05
-0.000301426
-3.03843e-05
-0.000249041
-8.8794e-06
-0.000182074
-5.37963e-05
-0.00012363
-0.000124683
-8.44788e-05
-0.00014655
-6.43857e-05
-9.13131e-05
-5.39957e-05
4.44694e-06
-4.89432e-05
7.05387e-05
-3.30708e-05
5.36466e-05
-1.82734e-05
-2.90973e-05
-6.57498e-07
-0.000108221
1.2393e-05
-0.000120846
1.58356e-05
-5.95946e-05
1.22599e-05
1.60901e-05
-6.21115e-06
4.26087e-05
-1.57632e-05
7.22404e-06
-2.39436e-05
-5.41938e-05
-2.94121e-05
-8.06632e-05
-3.41649e-05
-4.53362e-05
-3.20963e-05
1.72603e-05
-1.83999e-05
4.62879e-05
8.03761e-06
7.69839e-06
2.81548e-05
-5.61337e-05
4.16152e-05
-7.62383e-05
4.13583e-05
-3.04413e-05
2.47246e-05
4.9629e-05
-3.80559e-06
0.000105737
-1.74709e-05
8.63177e-05
-1.22091e-05
1.62787e-06
0.000439885
0.00107638
0.000742535
0.00105776
0.000864119
0.000792648
0.000866664
0.000516841
0.000802284
0.000248685
0.000657725
1.03584e-05
0.000517183
-0.000208515
0.000384948
-0.000335587
0.000271486
-0.000384367
0.000185599
-0.000376479
0.000122974
-0.000340087
7.71346e-05
-0.000307867
3.78215e-05
-0.000293854
1.0344e-06
-0.000289493
-2.62428e-05
-0.000274144
-4.07419e-05
-0.000234537
-4.64469e-05
-0.000176369
-5.04471e-05
-0.000119634
-5.18135e-05
-8.31159e-05
-4.54353e-05
-7.07657e-05
-2.91551e-05
-7.02764e-05
-1.33202e-05
-6.4779e-05
-2.41368e-06
-4.39804e-05
-7.32991e-06
-1.33592e-05
-2.04085e-05
1.24224e-05
-2.9841e-05
2.18259e-05
-2.87309e-05
1.47244e-05
-1.2946e-05
-3.52503e-06
-1.18692e-06
-1.79714e-05
3.73177e-06
-2.06839e-05
-2.36034e-06
-1.78492e-05
-1.38043e-05
-1.79632e-05
-2.22793e-05
-2.56871e-05
-2.40336e-05
-3.03417e-05
-1.9697e-05
-2.27373e-05
-1.17783e-05
1.20605e-07
-8.13745e-06
2.4518e-05
-4.91732e-06
3.83965e-05
4.25995e-06
3.21795e-05
1.90428e-05
9.94312e-06
2.80759e-05
-1.284e-05
2.69655e-05
-1.63642e-05
1.45016e-05
2.57041e-07
1.61317e-05
0.000333699
0.000742679
0.000611871
0.000779593
0.000759449
0.000645075
0.000802037
0.000474252
0.000765552
0.000285167
0.000676832
9.90794e-05
0.00053367
-6.53499e-05
0.000387685
-0.000189602
0.000261044
-0.000257726
0.000166679
-0.000282112
0.000108039
-0.000281444
7.37254e-05
-0.000273553
4.70234e-05
-0.000267149
1.69938e-05
-0.000259458
-1.44918e-05
-0.000242654
-3.76482e-05
-0.000211382
-4.46785e-05
-0.000169346
-3.60184e-05
-0.000128299
-2.02361e-05
-9.88983e-05
-7.70073e-06
-8.33024e-05
-3.48986e-06
-7.44911e-05
-5.99882e-06
-6.22722e-05
-8.41285e-06
-4.15678e-05
-4.41423e-06
-1.73596e-05
5.12488e-06
2.88382e-06
1.67672e-05
1.0184e-05
2.63815e-05
5.10674e-06
2.8293e-05
-5.43922e-06
2.41779e-05
-1.38551e-05
2.0122e-05
-1.66256e-05
1.8082e-05
-1.58063e-05
1.71453e-05
-1.70237e-05
1.13201e-05
-1.98613e-05
1.55537e-06
-2.05775e-05
-5.97209e-06
-1.52093e-05
-4.36073e-06
-1.48921e-06
6.51529e-06
1.36474e-05
2.19848e-05
2.29328e-05
3.42684e-05
1.98938e-05
3.53909e-05
8.81594e-06
2.40813e-05
-1.52963e-06
8.59335e-06
-8.76492e-07
1.01438e-07
8.7491e-06
1.62357e-05
0.000240136
0.000502545
0.000472811
0.000546916
0.000635614
0.000482271
0.000721534
0.000388333
0.000734555
0.000272146
0.000686882
0.000146754
0.000592665
2.88701e-05
0.000472779
-6.97145e-05
0.000355397
-0.000140343
0.000257313
-0.000184026
0.000183789
-0.000207919
0.000129988
-0.000219749
8.66181e-05
-0.000223774
4.76987e-05
-0.000220533
1.34403e-05
-0.000208396
-1.06338e-05
-0.000187313
-1.95699e-05
-0.000160414
-1.47262e-05
-0.000133144
-3.38219e-06
-0.000110243
6.05598e-06
-9.27443e-05
9.3835e-06
-7.78231e-05
8.99705e-06
-6.18863e-05
1.11206e-05
-4.3691e-05
1.93674e-05
-2.56096e-05
3.39977e-05
-1.17499e-05
4.92751e-05
-5.09481e-06
5.89281e-05
-4.54786e-06
6.09335e-05
-7.44524e-06
5.76179e-05
-1.05369e-05
5.29418e-05
-1.19464e-05
4.92166e-05
-1.20798e-05
4.48805e-05
-1.2688e-05
3.81507e-05
-1.3133e-05
2.93898e-05
-1.18169e-05
2.15692e-05
-7.38428e-06
2.00352e-05
4.84632e-08
2.55663e-05
8.11594e-06
3.47118e-05
1.37895e-05
3.97343e-05
1.48743e-05
3.61978e-05
1.23488e-05
2.42414e-05
1.04262e-05
1.10284e-05
1.23407e-05
2.68363e-06
1.70957e-05
1.89187e-05
0.000166712
0.000335835
0.000342124
0.000371501
0.000485785
0.000338608
0.000586297
0.000287822
0.000637012
0.000221433
0.000638288
0.000145479
0.000598911
6.82486e-05
0.000528804
3.93464e-07
0.000447881
-5.94197e-05
0.000366944
-0.000103088
0.000293312
-0.000134285
0.000228543
-0.000154976
0.000171761
-0.000166988
0.000122122
-0.000170894
8.08542e-05
-0.000167133
5.03314e-05
-0.000156795
3.19261e-05
-0.000142009
2.41929e-05
-0.000125412
2.29859e-05
-0.000109041
2.38693e-05
-9.36314e-05
2.47629e-05
-7.8717e-05
2.65213e-05
-6.36456e-05
3.14311e-05
-4.86047e-05
4.06881e-05
-3.48708e-05
5.29155e-05
-2.39798e-05
6.45691e-05
-1.67503e-05
7.27632e-05
-1.27426e-05
7.6103e-05
-1.07828e-05
7.52019e-05
-9.63349e-06
7.19048e-05
-8.64969e-06
6.75483e-05
-7.725e-06
6.17633e-05
-6.90308e-06
5.43161e-05
-5.68519e-06
4.61783e-05
-3.68014e-06
3.90466e-05
-2.51821e-07
3.48187e-05
4.28124e-06
3.3924e-05
9.00979e-06
3.46854e-05
1.30235e-05
3.3961e-05
1.56025e-05
2.89954e-05
1.73192e-05
2.03237e-05
1.90987e-05
1.11164e-05
2.15494e-05
3.95485e-06
2.42588e-05
2.28724e-05
0.000115777
0.000220056
0.000242151
0.000245124
0.000353763
0.000226995
0.000442865
0.000198722
0.000503095
0.000161203
0.000531384
0.000117189
0.000529074
7.0557e-05
0.000504181
2.52876e-05
0.000458097
-1.33343e-05
0.000405422
-5.04127e-05
0.000349364
-7.82248e-05
0.00029361
-9.92201e-05
0.00024024
-0.000113617
0.00019118
-0.000121836
0.000148313
-0.000124269
0.000113245
-0.000121726
8.66199e-05
-0.000115383
6.7739e-05
-0.000106534
5.49513e-05
-9.62592e-05
4.65124e-05
-8.51934e-05
4.14378e-05
-7.36398e-05
3.96462e-05
-6.18575e-05
4.13464e-05
-5.03129e-05
4.61513e-05
-3.96783e-05
5.27383e-05
-3.05653e-05
5.92321e-05
-2.32455e-05
6.40572e-05
-1.75695e-05
6.64095e-05
-1.31335e-05
6.63144e-05
-9.53685e-06
6.41958e-05
-6.53208e-06
6.04697e-05
-4.0014e-06
5.53907e-05
-1.82608e-06
4.91952e-05
5.12466e-07
4.26525e-05
2.86411e-06
3.66221e-05
5.77411e-06
3.16201e-05
9.28343e-06
2.78735e-05
1.27604e-05
2.48597e-05
1.60347e-05
2.14765e-05
1.89843e-05
1.71178e-05
2.16821e-05
1.19968e-05
2.42226e-05
6.96599e-06
2.65797e-05
2.72058e-06
2.85027e-05
2.55923e-05
8.08794e-05
0.000139175
0.000170504
0.000155496
0.00025223
0.000145269
0.000321499
0.00012945
0.000374214
0.000108485
0.000407787
8.36119e-05
0.000421807
5.65368e-05
0.000417918
2.91772e-05
0.000401385
3.2002e-06
0.000370005
-1.90323e-05
0.000333576
-4.17946e-05
0.000293369
-5.9013e-05
0.00025187
-7.21187e-05
0.000211161
-8.11294e-05
0.000173138
-8.62472e-05
0.000139251
-8.78385e-05
0.00011032
-8.64523e-05
8.65069e-05
-8.2724e-05
6.74734e-05
-7.7229e-05
5.274e-05
-7.04605e-05
4.19204e-05
-6.28207e-05
3.47421e-05
-5.46839e-05
3.08645e-05
-4.644e-05
2.96637e-05
-3.84773e-05
3.02105e-05
-3.11115e-05
3.14711e-05
-2.45082e-05
3.25882e-05
-1.86864e-05
3.30308e-05
-1.35749e-05
3.25808e-05
-9.08881e-06
3.12203e-05
-5.17157e-06
2.90579e-05
-1.83719e-06
2.61105e-05
1.11768e-06
2.23871e-05
4.23366e-06
1.82552e-05
7.00005e-06
1.42962e-05
9.73137e-06
1.13349e-05
1.22405e-05
8.95105e-06
1.51473e-05
6.6595e-06
1.83295e-05
4.61353e-06
2.10288e-05
2.81392e-06
2.34803e-05
1.35719e-06
2.56795e-05
3.86091e-07
2.75509e-05
-5.94313e-08
2.89481e-05
2.5534e-05
5.5659e-05
8.35141e-05
0.000117644
9.35085e-05
0.000175054
8.78563e-05
0.000225265
7.92355e-05
0.000265874
6.78716e-05
0.000295189
5.42957e-05
0.000312508
3.922e-05
0.000318211
2.3475e-05
0.000313508
7.90434e-06
0.000301071
-6.59537e-06
0.000279222
-1.99449e-05
0.00025267
-3.24609e-05
0.000222941
-4.23911e-05
0.000191771
-4.99591e-05
0.000160706
-5.51817e-05
0.000131036
-5.81693e-05
0.000103702
-5.91214e-05
7.92821e-05
-5.83058e-05
5.80678e-05
-5.60146e-05
4.01459e-05
-5.25397e-05
2.54835e-05
-4.81626e-05
1.39558e-05
-4.31597e-05
5.31656e-06
-3.77993e-05
-8.37139e-07
-3.23211e-05
-5.03271e-06
-2.69186e-05
-7.81089e-06
-2.17329e-05
-9.64683e-06
-1.68464e-05
-1.09135e-05
-1.23049e-05
-1.18707e-05
-8.13566e-06
-1.26661e-05
-4.37706e-06
-1.33689e-05
-1.129e-06
-1.45514e-05
2.29923e-06
-1.55883e-05
5.26551e-06
-1.65944e-05
8.00842e-06
-1.73428e-05
1.04826e-05
-1.76667e-05
1.25619e-05
-1.72847e-05
1.47649e-05
-1.61722e-05
1.72201e-05
-1.46224e-05
1.94809e-05
-1.25733e-05
2.14309e-05
-9.98439e-06
2.309e-05
-6.86218e-06
2.44289e-05
-3.29589e-06
2.53827e-05
2.22394e-05
3.47651e-05
4.8746e-05
7.3555e-05
5.47162e-05
0.000109883
5.15259e-05
0.000142385
4.67287e-05
0.000169808
4.04457e-05
0.000191184
3.29219e-05
0.000205933
2.44741e-05
0.000213933
1.54754e-05
0.000215472
6.36548e-06
0.000211459
-2.582e-06
0.000201918
-1.04035e-05
0.000187936
-1.84787e-05
0.000170604
-2.50606e-05
0.00015102
-3.03751e-05
0.000130201
-3.43637e-05
0.000109062
-3.70317e-05
8.83666e-05
-3.84297e-05
6.87173e-05
-3.86576e-05
5.0552e-05
-3.78483e-05
3.4166e-05
-3.61549e-05
1.97412e-05
-3.37419e-05
7.35302e-06
-3.07731e-05
-3.02996e-06
-2.74123e-05
-1.15356e-05
-2.38123e-05
-1.83526e-05
-2.01042e-05
-2.36918e-05
-1.63957e-05
-2.7763e-05
-1.27703e-05
-3.07753e-05
-9.28812e-06
-3.28911e-05
-6.02226e-06
-3.43358e-05
-2.93335e-06
-3.54286e-05
-3.12528e-08
-3.5757e-05
2.6295e-06
-3.55565e-05
5.06191e-06
-3.48213e-05
7.27316e-06
-3.36294e-05
9.29372e-06
-3.20782e-05
1.1011e-05
-3.01675e-05
1.28531e-05
-2.74303e-05
1.44834e-05
-2.39711e-05
1.60233e-05
-1.99025e-05
1.73635e-05
-1.52901e-05
1.84784e-05
-1.02136e-05
1.93531e-05
-4.78864e-06
1.99584e-05
1.74503e-05
2.16973e-05
2.70466e-05
4.60788e-05
3.03344e-05
6.91437e-05
2.846e-05
9.01817e-05
2.56877e-05
0.000108539
2.20899e-05
0.000123679
1.77866e-05
0.000135177
1.29776e-05
0.000142943
7.70983e-06
0.000146968
2.33972e-06
0.000147314
-2.92691e-06
0.000144697
-7.7856e-06
0.00013873
-1.25113e-05
0.000130231
-1.65628e-05
0.000119745
-1.98906e-05
0.000107828
-2.24474e-05
9.50034e-05
-2.42099e-05
8.17568e-05
-2.51855e-05
6.85127e-05
-2.54137e-05
5.56251e-05
-2.49592e-05
4.33746e-05
-2.39043e-05
3.19716e-05
-2.23409e-05
2.15699e-05
-2.03714e-05
1.22588e-05
-1.8097e-05
4.06303e-06
-1.5613e-05
-3.03266e-06
-1.30092e-05
-9.06527e-06
-1.03636e-05
-1.40926e-05
-7.73881e-06
-1.81705e-05
-5.20575e-06
-2.14508e-05
-2.74201e-06
-2.39522e-05
-4.32074e-07
-2.56882e-05
1.70849e-06
-2.67468e-05
3.69111e-06
-2.71937e-05
5.50804e-06
-2.70766e-05
7.15547e-06
-2.6418e-05
8.63634e-06
-2.53806e-05
9.97426e-06
-2.37145e-05
1.11861e-05
-2.15082e-05
1.22761e-05
-1.87632e-05
1.32782e-05
-1.55413e-05
1.41418e-05
-1.19031e-05
1.48405e-05
-7.92413e-06
1.53741e-05
-3.6973e-06
1.57311e-05
1.37512e-05
1.51237e-05
1.1923e-05
3.2221e-05
1.32384e-05
4.85413e-05
1.21395e-05
6.36548e-05
1.05729e-05
7.71394e-05
8.60852e-06
8.86732e-05
6.25686e-06
9.80764e-05
3.57556e-06
0.00010511
6.76551e-07
0.000109704
-2.25513e-06
0.000111907
-5.12893e-06
0.000111946
-7.82408e-06
0.000109735
-1.03005e-05
0.000105664
-1.24935e-05
0.000100004
-1.42321e-05
9.30644e-05
-1.55089e-05
8.51571e-05
-1.63044e-05
7.6589e-05
-1.66188e-05
6.76468e-05
-1.64707e-05
5.85861e-05
-1.58963e-05
4.96281e-05
-1.49452e-05
4.09594e-05
-1.36726e-05
3.27298e-05
-1.2141e-05
2.50521e-05
-1.04159e-05
1.80042e-05
-8.56214e-06
1.1634e-05
-6.63901e-06
5.97088e-06
-4.7006e-06
1.02411e-06
-2.78897e-06
-3.24583e-06
-9.32064e-07
-6.82777e-06
8.40894e-07
-9.76197e-06
2.50247e-06
-1.20777e-05
4.02679e-06
-1.37875e-05
5.40368e-06
-1.49499e-05
6.6708e-06
-1.55862e-05
7.79119e-06
-1.57385e-05
8.78871e-06
-1.54018e-05
9.63754e-06
-1.46265e-05
1.04098e-05
-1.34406e-05
1.10884e-05
-1.18398e-05
1.16753e-05
-9.86644e-06
1.21666e-05
-7.58745e-06
1.25595e-05
-5.06629e-06
1.28508e-05
-2.37201e-06
1.30345e-05
1.13774e-05
1.07487e-05
1.17634e-06
2.29544e-05
1.03492e-06
3.46163e-05
4.77934e-07
4.54778e-05
-2.88463e-07
5.53413e-05
-1.25153e-06
6.39865e-05
-2.38591e-06
7.12048e-05
-3.64206e-06
7.67867e-05
-4.90456e-06
8.07183e-05
-6.18646e-06
8.30629e-05
-7.47388e-06
8.38928e-05
-8.65419e-06
8.32246e-05
-9.63211e-06
8.11605e-05
-1.04293e-05
7.78851e-05
-1.09568e-05
7.35818e-05
-1.12061e-05
6.84474e-05
-1.11706e-05
6.26826e-05
-1.08541e-05
5.64808e-05
-1.02676e-05
5.00231e-05
-9.43625e-06
4.34779e-05
-8.39859e-06
3.69972e-05
-7.19192e-06
3.07141e-05
-5.85752e-06
2.47294e-05
-4.42919e-06
1.91124e-05
-2.94335e-06
1.39359e-05
-1.46254e-06
9.21795e-06
1.71713e-08
5.07468e-06
1.35631e-06
1.40205e-06
2.74349e-06
-1.74759e-06
3.99185e-06
-4.375e-06
5.13034e-06
-6.51803e-06
6.17144e-06
-8.19679e-06
7.08446e-06
-9.40589e-06
7.88055e-06
-1.01787e-05
8.56345e-06
-1.05172e-05
9.12646e-06
-1.0491e-05
9.61069e-06
-1.00837e-05
1.00014e-05
-9.31698e-06
1.03197e-05
-8.22913e-06
1.0585e-05
-6.86531e-06
1.08e-05
-5.27772e-06
1.09689e-05
-3.52444e-06
1.10943e-05
-1.66371e-06
1.11705e-05
9.71226e-06
7.10235e-06
-5.92327e-06
1.50863e-05
-6.94689e-06
2.27413e-05
-7.17656e-06
2.98845e-05
-7.43055e-06
3.63555e-05
-7.71994e-06
4.20021e-05
-8.03193e-06
4.67003e-05
-8.33969e-06
5.0409e-05
-8.61194e-06
5.30566e-05
-8.83391e-06
5.45688e-05
-8.98663e-06
5.49484e-05
-9.03353e-06
5.42909e-05
-8.97356e-06
5.26361e-05
-8.77326e-06
5.00996e-05
-8.41921e-06
4.68057e-05
-7.91164e-06
4.28879e-05
-7.25294e-06
3.8486e-05
-6.45225e-06
3.37458e-05
-5.52679e-06
2.88147e-05
-4.50394e-06
2.38203e-05
-3.40376e-06
1.88897e-05
-2.26209e-06
1.41431e-05
-1.11148e-06
9.6695e-06
4.49543e-08
5.50641e-06
1.22052e-06
1.68947e-06
2.35412e-06
-1.71453e-06
3.42078e-06
-4.7594e-06
4.40234e-06
-7.32026e-06
5.30638e-06
-9.43733e-06
6.10997e-06
-1.11163e-05
6.80943e-06
-1.23469e-05
7.40263e-06
-1.31592e-05
7.89761e-06
-1.35812e-05
8.30287e-06
-1.36369e-05
8.61849e-06
-1.33641e-05
8.85276e-06
-1.27719e-05
9.01772e-06
-1.1891e-05
9.11953e-06
-1.07403e-05
9.16778e-06
-9.32369e-06
9.16669e-06
-7.69815e-06
9.17221e-06
-5.88437e-06
9.15244e-06
-3.91684e-06
9.1237e-06
-1.83321e-06
9.08373e-06
7.87766e-06
3.84269e-06
-9.7635e-06
8.14726e-06
-1.12491e-05
1.22553e-05
-1.12832e-05
1.60351e-05
-1.12083e-05
1.93627e-05
-1.10459e-05
2.21238e-05
-1.07936e-05
2.42258e-05
-1.04409e-05
2.56212e-05
-1.00057e-05
2.62756e-05
-9.48785e-06
2.61648e-05
-8.87571e-06
2.52717e-05
-8.13977e-06
2.36437e-05
-7.34427e-06
2.13404e-05
-6.46872e-06
1.84499e-05
-5.52766e-06
1.50725e-05
-4.53408e-06
1.13145e-05
-3.49565e-06
7.26795e-06
-2.40687e-06
3.05068e-06
-1.31024e-06
-1.21049e-06
-2.43034e-07
-5.27127e-06
6.56367e-07
-9.17016e-06
1.63543e-06
-1.28534e-05
2.5706e-06
-1.6231e-05
3.42248e-06
-1.92267e-05
4.21668e-06
-2.18011e-05
4.92841e-06
-2.39254e-05
5.54484e-06
-2.55858e-05
6.06348e-06
-2.67704e-05
6.49241e-06
-2.74841e-05
6.82464e-06
-2.77474e-05
7.07287e-06
-2.75815e-05
7.23697e-06
-2.70105e-05
7.3272e-06
-2.60605e-05
7.35326e-06
-2.47693e-05
7.32726e-06
-2.31699e-05
7.25297e-06
-2.12923e-05
7.13964e-06
-1.91692e-05
6.99606e-06
-1.68325e-05
6.83039e-06
-1.43202e-05
6.6533e-06
-1.16263e-05
6.47669e-06
-8.77963e-06
6.3036e-06
-5.79271e-06
6.13419e-06
-2.72113e-06
6.00934e-06
5.15546e-06
1.00635e-06
-1.07677e-05
2.07818e-06
-1.23181e-05
3.05278e-06
-1.22555e-05
3.81417e-06
-1.19668e-05
4.25147e-06
-1.14825e-05
4.27561e-06
-1.08185e-05
3.83009e-06
-9.99399e-06
2.86038e-06
-9.03435e-06
1.33717e-06
-7.96421e-06
-7.33168e-07
-6.80535e-06
-3.26397e-06
-5.60904e-06
-6.25226e-06
-4.3562e-06
-9.6245e-06
-3.09668e-06
-1.32994e-05
-1.85308e-06
-1.71925e-05
-6.42052e-07
-2.12003e-05
5.10272e-07
-2.52299e-05
1.62045e-06
-2.92694e-05
2.72746e-06
-3.30268e-05
3.51331e-06
-3.66623e-05
4.29088e-06
-4.00043e-05
4.97625e-06
-4.29832e-05
5.54851e-06
-4.55601e-05
5.9995e-06
-4.76636e-05
6.32084e-06
-4.92619e-05
6.52711e-06
-5.03323e-05
6.61544e-06
-5.08606e-05
6.59267e-06
-5.08368e-05
6.47011e-06
-5.02698e-05
6.25908e-06
-4.91704e-05
5.97439e-06
-4.75638e-05
5.63134e-06
-4.54821e-05
5.24668e-06
-4.29681e-05
4.84051e-06
-4.00637e-05
4.42379e-06
-3.68188e-05
4.00857e-06
-3.32852e-05
3.60622e-06
-2.95129e-05
3.22363e-06
-2.55492e-05
2.86613e-06
-2.14347e-05
2.53782e-06
-1.71987e-05
2.23923e-06
-1.28662e-05
1.96925e-06
-8.46046e-06
1.72645e-06
-3.97792e-06
1.52485e-06
1.17717e-06
-1.50335e-06
-9.2623e-06
-3.23544e-06
-1.05831e-05
-5.00493e-06
-1.04829e-05
-6.94016e-06
-1.00285e-05
-9.13942e-06
-9.28281e-06
-1.16557e-05
-8.30218e-06
-1.45033e-05
-7.14488e-06
-1.76725e-05
-5.86442e-06
-2.11308e-05
-4.50644e-06
-2.48307e-05
-3.10681e-06
-2.87465e-05
-1.69524e-06
-3.28028e-05
-3.02174e-07
-3.69338e-05
1.03238e-06
-4.10908e-05
2.30223e-06
-4.52364e-05
3.50157e-06
-4.92647e-05
4.53604e-06
-5.31346e-05
5.48785e-06
-5.67496e-05
6.34051e-06
-6.01836e-05
6.94644e-06
-6.33249e-05
7.43156e-06
-6.61141e-05
7.76479e-06
-6.85016e-05
7.9353e-06
-7.044e-05
7.93798e-06
-7.18967e-05
7.77811e-06
-7.28315e-05
7.46261e-06
-7.32159e-05
7.0002e-06
-7.30272e-05
6.40477e-06
-7.22484e-05
5.69274e-06
-7.08711e-05
4.88338e-06
-6.88943e-05
3.99898e-06
-6.63255e-05
3.06393e-06
-6.31853e-05
2.10805e-06
-5.94968e-05
1.15372e-06
-5.52933e-05
2.21833e-07
-5.06431e-05
-6.4052e-07
-4.5606e-05
-1.43013e-06
-4.02553e-05
-2.12686e-06
-3.46708e-05
-2.71854e-06
-2.89307e-05
-3.20302e-06
-2.31e-05
-3.59241e-06
-1.72171e-05
-3.91469e-06
-1.12893e-05
-4.20214e-06
-5.31828e-06
-4.44688e-06
-4.14091e-06
-3.79595e-06
-5.46445e-06
-8.05471e-06
-6.32128e-06
-1.232e-05
-6.21397e-06
-1.67105e-05
-5.63495e-06
-2.12698e-05
-4.72313e-06
-2.59692e-05
-3.60245e-06
-3.07449e-05
-2.36847e-06
-3.55249e-05
-1.08525e-06
-4.02401e-05
2.06668e-07
-4.48414e-05
1.4916e-06
-4.92982e-05
2.7582e-06
-5.36065e-05
4.00277e-06
-5.77173e-05
5.14046e-06
-6.1635e-05
6.21785e-06
-6.53251e-05
7.18958e-06
-6.88173e-05
8.02589e-06
-7.2062e-05
8.73035e-06
-7.50124e-05
9.28938e-06
-7.77258e-05
9.65918e-06
-8.01473e-05
9.85246e-06
-8.22424e-05
9.8594e-06
-8.39818e-05
9.67372e-06
-8.53362e-05
9.29225e-06
-8.62763e-05
8.71836e-06
-8.67713e-05
7.95811e-06
-8.67903e-05
7.01957e-06
-8.63037e-05
5.91886e-06
-8.52821e-05
4.67235e-06
-8.3699e-05
3.30156e-06
-8.15305e-05
1.83184e-06
-7.87573e-05
2.91966e-07
-7.5363e-05
-1.28502e-06
-7.13384e-05
-2.86961e-06
-6.66604e-05
-4.45494e-06
-6.13893e-05
-5.91039e-06
-5.55441e-05
-7.27443e-06
-4.91928e-05
-8.47736e-06
-4.24382e-05
-9.47262e-06
-3.54031e-05
-1.02379e-05
-2.82148e-05
-1.07804e-05
-2.09836e-05
-1.11457e-05
-1.37636e-05
-1.14218e-05
-6.53372e-06
-1.16765e-05
-1.06743e-05
-5.90499e-06
4.42344e-07
-1.24735e-05
2.5008e-07
-1.90187e-05
3.34659e-07
-2.55343e-05
8.82792e-07
-3.19504e-05
1.69299e-06
-3.81317e-05
2.57889e-06
-4.39603e-05
3.4596e-06
-4.93577e-05
4.31014e-06
-5.42842e-05
5.1305e-06
-5.87428e-05
5.94714e-06
-6.27711e-05
6.78336e-06
-6.63917e-05
7.62036e-06
-6.96755e-05
8.42185e-06
-7.26395e-05
9.18e-06
-7.53135e-05
9.86178e-06
-7.77345e-05
1.04448e-05
-7.99111e-05
1.09052e-05
-8.18454e-05
1.1222e-05
-8.35598e-05
1.1373e-05
-8.5052e-05
1.13436e-05
-8.63088e-05
1.11157e-05
-8.73206e-05
1.06841e-05
-8.80703e-05
1.00418e-05
-8.85409e-05
9.18901e-06
-8.87097e-05
8.12795e-06
-8.85539e-05
6.86484e-06
-8.80443e-05
5.41071e-06
-8.71481e-05
3.77827e-06
-8.58296e-05
1.98544e-06
-8.40493e-05
5.40373e-08
-8.1769e-05
-1.98607e-06
-7.89316e-05
-4.12047e-06
-7.54796e-05
-6.3197e-06
-7.13957e-05
-8.53728e-06
-6.65858e-05
-1.07186e-05
-6.10391e-05
-1.28196e-05
-5.47495e-05
-1.47655e-05
-4.77725e-05
-1.64483e-05
-4.02124e-05
-1.77968e-05
-3.2227e-05
-1.87647e-05
-2.40136e-05
-1.93582e-05
-1.57271e-05
-1.97074e-05
-7.47778e-06
-1.99254e-05
-1.8152e-05
-7.84172e-06
8.28555e-06
-1.64564e-05
8.86679e-06
-2.48994e-05
8.77998e-06
-3.28681e-05
8.85241e-06
-4.02083e-05
9.03287e-06
-4.67492e-05
9.11965e-06
-5.24322e-05
9.1417e-06
-5.72644e-05
9.14051e-06
-6.13167e-05
9.18087e-06
-6.4689e-05
9.3177e-06
-6.74839e-05
9.57615e-06
-6.98008e-05
9.93528e-06
-7.17316e-05
1.03506e-05
-7.33435e-05
1.07902e-05
-7.46896e-05
1.12061e-05
-7.58164e-05
1.15693e-05
-7.67559e-05
1.18427e-05
-7.75335e-05
1.19972e-05
-7.81684e-05
1.20071e-05
-7.86773e-05
1.18509e-05
-7.90629e-05
1.15009e-05
-7.9331e-05
1.09504e-05
-7.94771e-05
1.01877e-05
-7.94981e-05
9.2099e-06
-7.93844e-05
8.01528e-06
-7.91242e-05
6.60601e-06
-7.86998e-05
4.98784e-06
-7.80861e-05
3.16699e-06
-7.72528e-05
1.15463e-06
-7.61587e-05
-1.03702e-06
-7.47695e-05
-3.37226e-06
-7.29982e-05
-5.88914e-06
-7.07934e-05
-8.52166e-06
-6.80628e-05
-1.12656e-05
-6.4682e-05
-1.4097e-05
-6.05354e-05
-1.69643e-05
-5.55199e-05
-1.97791e-05
-4.95545e-05
-2.24119e-05
-4.26308e-05
-2.47193e-05
-3.48077e-05
-2.65863e-05
-2.62882e-05
-2.78771e-05
-1.72931e-05
-2.87017e-05
-8.24711e-06
-2.89712e-05
-2.63993e-05
-9.69701e-06
1.79833e-05
-1.99141e-05
1.90848e-05
-2.9503e-05
1.83701e-05
-3.77627e-05
1.71122e-05
-4.46881e-05
1.59583e-05
-5.02459e-05
1.46778e-05
-5.45826e-05
1.3478e-05
-5.78664e-05
1.24235e-05
-6.02888e-05
1.16027e-05
-6.20263e-05
1.10547e-05
-6.32308e-05
1.07796e-05
-6.40267e-05
1.07298e-05
-6.45126e-05
1.08346e-05
-6.47557e-05
1.10315e-05
-6.48135e-05
1.1262e-05
-6.47299e-05
1.14829e-05
-6.45376e-05
1.16487e-05
-6.42681e-05
1.17248e-05
-6.394e-05
1.16787e-05
-6.3576e-05
1.14849e-05
-6.31875e-05
1.11129e-05
-6.27918e-05
1.05534e-05
-6.23948e-05
9.79147e-06
-6.20067e-05
8.82236e-06
-6.16316e-05
7.64183e-06
-6.12716e-05
6.24818e-06
-6.09252e-05
4.6432e-06
-6.05823e-05
2.82678e-06
-6.02288e-05
8.03515e-07
-5.98424e-05
-1.42056e-06
-5.93753e-05
-3.83659e-06
-5.88008e-05
-6.46116e-06
-5.80414e-05
-9.27833e-06
-5.69999e-05
-1.23052e-05
-5.55414e-05
-1.55533e-05
-5.34956e-05
-1.90084e-05
-5.06688e-05
-2.26046e-05
-4.68482e-05
-2.6231e-05
-4.18405e-05
-2.97265e-05
-3.54566e-05
-3.29693e-05
-2.77185e-05
-3.56152e-05
-1.86438e-05
-3.77763e-05
-9.08402e-06
-3.85311e-05
-3.54838e-05
-1.16554e-05
2.96388e-05
-2.26567e-05
3.00863e-05
-3.21579e-05
2.78716e-05
-3.91693e-05
2.41238e-05
-4.42647e-05
2.10546e-05
-4.77102e-05
1.81242e-05
-4.9914e-05
1.56822e-05
-5.11738e-05
1.36833e-05
-5.17416e-05
1.21708e-05
-5.18085e-05
1.11217e-05
-5.15196e-05
1.04898e-05
-5.09773e-05
1.01862e-05
-5.0255e-05
1.01104e-05
-4.94018e-05
1.01762e-05
-4.84545e-05
1.03131e-05
-4.74458e-05
1.04713e-05
-4.63977e-05
1.05995e-05
-4.53391e-05
1.06632e-05
-4.42839e-05
1.06241e-05
-4.32583e-05
1.04575e-05
-4.22761e-05
1.01322e-05
-4.13624e-05
9.63891e-06
-4.05309e-05
8.96149e-06
-3.98023e-05
8.09484e-06
-3.91927e-05
7.03405e-06
-3.87169e-05
5.77495e-06
-3.8389e-05
4.31714e-06
-3.82156e-05
2.65605e-06
-3.82014e-05
7.91309e-07
-3.83421e-05
-1.2776e-06
-3.86225e-05
-3.55393e-06
-3.90322e-05
-6.04998e-06
-3.95262e-05
-8.7823e-06
-4.00366e-05
-1.17938e-05
-4.04525e-05
-1.5136e-05
-4.06128e-05
-1.88473e-05
-4.03049e-05
-2.29121e-05
-3.92479e-05
-2.72873e-05
-3.71096e-05
-3.18652e-05
-3.34058e-05
-3.66727e-05
-2.78225e-05
-4.11991e-05
-1.97392e-05
-4.58601e-05
-1.02852e-05
-4.79855e-05
-4.57697e-05
-1.38058e-05
4.34443e-05
-2.41792e-05
4.046e-05
-3.19473e-05
3.56402e-05
-3.62559e-05
2.84329e-05
-3.85439e-05
2.33439e-05
-3.93711e-05
1.89524e-05
-3.93033e-05
1.5615e-05
-3.86515e-05
1.3032e-05
-3.76368e-05
1.11565e-05
-3.6397e-05
9.88214e-06
-3.50205e-05
9.11243e-06
-3.35585e-05
8.72291e-06
-3.20422e-05
8.59249e-06
-3.04908e-05
8.62277e-06
-2.89162e-05
8.73768e-06
-2.73357e-05
8.88812e-06
-2.57586e-05
9.0224e-06
-2.42084e-05
9.11008e-06
-2.26937e-05
9.11091e-06
-2.12423e-05
9.00439e-06
-1.98686e-05
8.76069e-06
-1.86022e-05
8.37192e-06
-1.74621e-05
7.82317e-06
-1.64762e-05
7.10989e-06
-1.56691e-05
6.22819e-06
-1.50649e-05
5.17288e-06
-1.46897e-05
3.943e-06
-1.45633e-05
2.53175e-06
-1.47069e-05
9.36028e-07
-1.5135e-05
-8.48217e-07
-1.58592e-05
-2.82831e-06
-1.68917e-05
-5.01716e-06
-1.82256e-05
-7.44724e-06
-1.98401e-05
-1.01793e-05
-2.16775e-05
-1.32982e-05
-2.36356e-05
-1.68891e-05
-2.55583e-05
-2.099e-05
-2.71956e-05
-2.56497e-05
-2.82033e-05
-3.08586e-05
-2.79258e-05
-3.69503e-05
-2.57407e-05
-4.33853e-05
-2.0099e-05
-5.15028e-05
-1.19529e-05
-5.61321e-05
-5.77236e-05
-1.58171e-05
5.92611e-05
-2.36517e-05
4.82952e-05
-2.80342e-05
4.00231e-05
-2.87985e-05
2.9198e-05
-2.80659e-05
2.26125e-05
-2.64978e-05
1.73851e-05
-2.46039e-05
1.37214e-05
-2.25867e-05
1.10152e-05
-2.05612e-05
9.13126e-06
-1.85686e-05
7.88977e-06
-1.66219e-05
7.16492e-06
-1.47155e-05
6.81542e-06
-1.28385e-05
6.7144e-06
-1.0982e-05
6.76471e-06
-9.13804e-06
6.89375e-06
-7.31116e-06
7.05902e-06
-5.50077e-06
7.21315e-06
-3.72585e-06
7.33247e-06
-1.99154e-06
7.37868e-06
-3.26316e-07
7.33725e-06
1.2554e-06
7.18132e-06
2.72152e-06
6.90516e-06
4.04956e-06
6.49657e-06
5.20813e-06
5.95201e-06
6.1675e-06
5.26937e-06
6.89829e-06
4.4436e-06
7.36731e-06
3.47414e-06
7.54637e-06
2.35392e-06
7.40388e-06
1.07889e-06
6.91129e-06
-3.5535e-07
6.0401e-06
-1.95643e-06
4.75842e-06
-3.73604e-06
3.0423e-06
-5.73062e-06
8.69493e-07
-8.00719e-06
-1.76317e-06
-1.06658e-05
-4.8326e-06
-1.38199e-05
-8.28003e-06
-1.75438e-05
-1.19659e-05
-2.19639e-05
-1.56617e-05
-2.71644e-05
-1.87723e-05
-3.38402e-05
-2.05865e-05
-4.15724e-05
-1.8824e-05
-5.32666e-05
-1.36956e-05
-6.12613e-05
-7.14203e-05
-1.67537e-05
7.60148e-05
-2.01283e-05
5.16703e-05
-2.00154e-05
3.99103e-05
-1.73279e-05
2.65111e-05
-1.41334e-05
1.94189e-05
-1.09291e-05
1.41813e-05
-7.9774e-06
1.07698e-05
-5.30725e-06
8.34511e-06
-2.89951e-06
6.72346e-06
-7.0075e-07
5.69108e-06
1.34485e-06
5.11881e-06
3.28897e-06
4.8707e-06
5.1721e-06
4.83093e-06
7.02074e-06
4.91485e-06
8.85443e-06
5.0608e-06
1.06761e-05
5.23546e-06
1.24907e-05
5.40036e-06
1.42826e-05
5.53815e-06
1.6047e-05
5.61653e-06
1.77562e-05
5.626e-06
1.93948e-05
5.54465e-06
2.09304e-05
5.36875e-06
2.23385e-05
5.08935e-06
2.3587e-05
4.70389e-06
2.46443e-05
4.21203e-06
2.54793e-05
3.60953e-06
2.60566e-05
2.8965e-06
2.63442e-05
2.06687e-06
2.63061e-05
1.11689e-06
2.59071e-05
4.33443e-08
2.51109e-05
-1.15985e-06
2.3875e-05
-2.50118e-06
2.21578e-05
-4.01319e-06
1.99078e-05
-5.75812e-06
1.70742e-05
-7.83272e-06
1.36091e-05
-1.03552e-05
9.47366e-06
-1.34097e-05
4.67322e-06
-1.71637e-05
-7.38936e-07
-2.1754e-05
-6.44729e-06
-2.81326e-05
-1.19254e-05
-3.60957e-05
-1.48987e-05
-5.02948e-05
-1.44777e-05
-6.16832e-05
-8.58991e-05
-1.51919e-05
9.12069e-05
-1.29536e-05
4.94323e-05
-8.24576e-06
3.52024e-05
-3.02821e-06
2.12937e-05
1.58689e-06
1.48043e-05
5.4632e-06
1.03052e-05
8.67682e-06
7.55615e-06
1.13574e-05
5.66452e-06
1.36351e-05
4.44551e-06
1.56293e-05
3.69678e-06
1.74401e-05
3.30779e-06
1.91447e-05
3.16588e-06
2.07976e-05
3.17839e-06
2.24314e-05
3.28018e-06
2.40689e-05
3.42441e-06
2.57145e-05
3.58818e-06
2.73745e-05
3.74239e-06
2.90345e-05
3.87595e-06
3.06889e-05
3.96426e-06
3.23111e-05
4.00176e-06
3.3885e-05
3.97224e-06
3.53793e-05
3.8735e-06
3.67694e-05
3.69969e-06
3.80244e-05
3.44905e-06
3.91136e-05
3.12238e-06
4.00072e-05
2.7165e-06
4.06711e-05
2.23202e-06
4.10737e-05
1.66449e-06
4.11794e-05
1.01097e-06
4.09525e-05
2.69746e-07
4.03561e-05
-5.63219e-07
3.93469e-05
-1.49293e-06
3.78779e-05
-2.54418e-06
3.58859e-05
-3.76689e-06
3.32933e-05
-5.24076e-06
3.00061e-05
-7.06828e-06
2.59186e-05
-9.3237e-06
2.09259e-05
-1.21712e-05
1.49228e-05
-1.57525e-05
7.86819e-06
-2.10788e-05
3.98993e-09
-2.82328e-05
-7.63576e-06
-4.26567e-05
-1.28317e-05
-5.6488e-05
-9.87318e-05
-9.69148e-06
0.000100899
-1.95663e-06
4.16976e-05
6.23195e-06
2.70136e-05
1.25623e-05
1.49633e-05
1.74584e-05
9.90833e-06
2.11586e-05
6.60504e-06
2.40255e-05
4.68927e-06
2.62817e-05
3.40835e-06
2.81171e-05
2.6097e-06
2.96779e-05
2.13585e-06
3.10792e-05
1.90638e-06
3.24036e-05
1.84153e-06
3.37054e-05
1.87724e-06
3.5015e-05
1.96997e-06
3.63524e-05
2.08823e-06
3.7721e-05
2.21815e-06
3.91252e-05
2.33998e-06
4.05519e-05
2.44742e-06
4.1994e-05
2.52394e-06
4.34273e-05
2.56668e-06
4.48356e-05
2.56497e-06
4.61906e-05
2.51763e-06
4.74691e-05
2.42131e-06
4.86434e-05
2.27478e-06
4.9686e-05
2.07926e-06
5.05703e-05
1.83256e-06
5.12663e-05
1.53547e-06
5.17457e-05
1.18513e-06
5.1977e-05
7.79577e-07
5.1928e-05
3.18214e-07
5.15664e-05
-2.01396e-07
5.08543e-05
-7.81686e-07
4.97493e-05
-1.43909e-06
4.81899e-05
-2.20803e-06
4.60928e-05
-3.14434e-06
4.33469e-05
-4.32263e-06
3.98194e-05
-5.79744e-06
3.53459e-05
-7.69799e-06
2.97345e-05
-1.01426e-05
2.26323e-05
-1.39775e-05
1.38289e-05
-1.94305e-05
2.95894e-06
-3.17882e-05
-7.35581e-06
-4.6174e-05
-0.000106088
5.49526e-07
0.000100349
1.21541e-05
3.00931e-05
2.18668e-05
1.73007e-05
2.79107e-05
8.91934e-06
3.21808e-05
5.63816e-06
3.51582e-05
3.62759e-06
3.7346e-05
2.50135e-06
3.8984e-05
1.77036e-06
4.02674e-05
1.32596e-06
4.13336e-05
1.06946e-06
4.22884e-05
9.51574e-07
4.32039e-05
9.26062e-07
4.41255e-05
9.56337e-07
4.50768e-05
1.01832e-06
4.60723e-05
1.09384e-06
4.71135e-05
1.17571e-06
4.82028e-05
1.25225e-06
4.93281e-05
1.32055e-06
5.04823e-05
1.37117e-06
5.16447e-05
1.40286e-06
5.28007e-05
1.40972e-06
5.39265e-05
1.39106e-06
5.50024e-05
1.34537e-06
5.60055e-05
1.27168e-06
5.69132e-05
1.17111e-06
5.77038e-05
1.04223e-06
5.83531e-05
8.85678e-07
5.88383e-05
6.99963e-07
5.9134e-05
4.8388e-07
5.92143e-05
2.37417e-07
5.90541e-05
-4.09359e-08
5.86241e-05
-3.52298e-07
5.78911e-05
-7.06043e-07
5.68046e-05
-1.12185e-06
5.52912e-05
-1.63158e-06
5.32477e-05
-2.27922e-06
5.0548e-05
-3.09881e-06
4.70212e-05
-4.17147e-06
4.24616e-05
-5.58419e-06
3.63632e-05
-7.87989e-06
2.82887e-05
-1.13569e-05
1.6398e-05
-1.98987e-05
2.76759e-06
-3.25442e-05
-0.000103321
1.49759e-05
8.53737e-05
2.80464e-05
1.70228e-05
3.70092e-05
8.33795e-06
4.17809e-05
4.14761e-06
4.4918e-05
2.50093e-06
4.6967e-05
1.57846e-06
4.84045e-05
1.06364e-06
4.94332e-05
7.41594e-07
5.02115e-05
5.47416e-07
5.08446e-05
4.3627e-07
5.14119e-05
3.84264e-07
5.1966e-05
3.71883e-07
5.25393e-05
3.83629e-07
5.31476e-05
4.09733e-07
5.38007e-05
4.41845e-07
5.44983e-05
4.77117e-07
5.52417e-05
5.10058e-07
5.60212e-05
5.39775e-07
5.68313e-05
5.6218e-07
5.76563e-05
5.76791e-07
5.84852e-05
5.81277e-07
5.93007e-05
5.75046e-07
6.00881e-05
5.57832e-07
6.0831e-05
5.28825e-07
6.15129e-05
4.88769e-07
6.21185e-05
4.36844e-07
6.26305e-05
3.73346e-07
6.30328e-05
2.97752e-07
6.33073e-05
2.09369e-07
6.3436e-05
1.08379e-07
6.34015e-05
-6.19305e-09
6.31837e-05
-1.34937e-07
6.27598e-05
-2.82148e-07
6.20941e-05
-4.56357e-07
6.11329e-05
-6.70816e-07
5.97979e-05
-9.44315e-07
5.79923e-05
-1.2941e-06
5.55774e-05
-1.75679e-06
5.23814e-05
-2.38912e-06
4.79233e-05
-3.42241e-06
4.1705e-05
-5.13922e-06
3.11853e-05
-9.38009e-06
1.66746e-05
-1.80339e-05
-8.66473e-05
3.27929e-05
5.25809e-05
4.41239e-05
5.69192e-06
5.02661e-05
2.19602e-06
5.33029e-05
1.11092e-06
5.51686e-05
6.35032e-07
5.63436e-05
4.03159e-07
5.71388e-05
2.68179e-07
5.76924e-05
1.87935e-07
5.81012e-05
1.38625e-07
5.84276e-05
1.09765e-07
5.87174e-05
9.44655e-08
5.90005e-05
8.86416e-08
5.92958e-05
8.87843e-08
5.96124e-05
9.29369e-08
5.99563e-05
9.87011e-08
6.03273e-05
1.05477e-07
6.07264e-05
1.11811e-07
6.11477e-05
1.17556e-07
6.15887e-05
1.21978e-07
6.20401e-05
1.24634e-07
6.24962e-05
1.25405e-07
6.29473e-05
1.23636e-07
6.33852e-05
1.19778e-07
6.38009e-05
1.1318e-07
6.41851e-05
1.04285e-07
6.45294e-05
9.27319e-08
6.4824e-05
7.85391e-08
6.506e-05
6.17411e-08
6.52275e-05
4.19422e-08
6.53162e-05
1.93784e-08
6.53167e-05
-6.4293e-09
6.52172e-05
-3.57157e-08
6.50046e-05
-6.95983e-08
6.46584e-05
-1.10263e-07
6.41477e-05
-1.60467e-07
6.34277e-05
-2.24402e-07
6.24402e-05
-3.07295e-07
6.11007e-05
-4.17459e-07
5.92894e-05
-5.78412e-07
5.66975e-05
-8.3103e-07
5.2878e-05
-1.32019e-06
4.59032e-05
-2.40606e-06
3.37921e-05
-5.92305e-06
-5.28555e-05
5.25809e-05
5.82731e-05
6.04692e-05
6.158e-05
6.22147e-05
6.26177e-05
6.2886e-05
6.3074e-05
6.32126e-05
6.33222e-05
6.34167e-05
6.35053e-05
6.35944e-05
6.36873e-05
6.37863e-05
6.38914e-05
6.40035e-05
6.41207e-05
6.4243e-05
6.43673e-05
6.44928e-05
6.46164e-05
6.4736e-05
6.48493e-05
6.49534e-05
6.50462e-05
6.51247e-05
6.51864e-05
6.52284e-05
6.52477e-05
6.52413e-05
6.52055e-05
6.51359e-05
6.50256e-05
6.48649e-05
6.46405e-05
6.43329e-05
6.39153e-05
6.33366e-05
6.25054e-05
6.1185e-05
5.87787e-05
5.28555e-05
)
;

boundaryField
{
    movingWall
    {
        type            calculated;
        value           uniform 0;
    }
    fixedWalls
    {
        type            calculated;
        value           uniform 0;
    }
    frontAndBack
    {
        type            empty;
        value           nonuniform 0();
    }
    defaultFaces
    {
        type            empty;
        value           nonuniform 0();
    }
}


// ************************************************************************* //
