/*--------------------------------*- C++ -*----------------------------------*\
  =========                 |
  \\      /  F ield         | OpenFOAM: The Open Source CFD Toolbox
   \\    /   O peration     | Website:  https://openfoam.org
    \\  /    A nd           | Version:  7
     \\/     M anipulation  |
\*---------------------------------------------------------------------------*/
FoamFile
{
    version     2.0;
    format      ascii;
    class       volVectorField;
    location    "0.05";
    object      U;
}
// * * * * * * * * * * * * * * * * * * * * * * * * * * * * * * * * * * * * * //

dimensions      [0 1 -1 0 0 0 0];

internalField   nonuniform List<vector> 
1936
(
(-20.2882 2.31716 0)
(-49.1788 195.494 0)
(9.70249 345.93 0)
(12.6442 295.328 0)
(-3.27463 252.726 0)
(-7.20975 243.366 0)
(-18.2182 257.756 0)
(-25.9473 342.726 0)
(-3.19119 410.136 0)
(21.9891 354.315 0)
(20.1114 260.873 0)
(13.1768 216.725 0)
(3.23907 205.483 0)
(-6.75144 210.327 0)
(-14.0365 229.705 0)
(-16.5073 262.029 0)
(-16.6372 312.595 0)
(-10.6599 378.078 0)
(12.285 391.266 0)
(32.4644 301.083 0)
(26.4185 192.673 0)
(5.88526 158.319 0)
(-8.17766 164.775 0)
(-29.2908 239.083 0)
(-26.7451 397.045 0)
(22.4392 411.768 0)
(31.7287 254.814 0)
(9.1085 166.043 0)
(-3.04346 157.866 0)
(-25.0298 200.776 0)
(-35.8361 357.254 0)
(8.37169 436.096 0)
(33.9684 304.845 0)
(14.1542 182.874 0)
(0.2102 162.009 0)
(-17.3558 180.314 0)
(-36.9966 303.744 0)
(-8.86781 432.638 0)
(32.3144 358.667 0)
(23.8167 209.009 0)
(4.7716 163.41 0)
(-7.66999 165.314 0)
(-30.8006 243.948 0)
(-26.2278 402.811 0)
(-21.6024 5.91838 0)
(-58.077 -2.55221 0)
(6.46631 -4.1396 0)
(12.0181 -0.00651892 0)
(-5.04882 1.73811 0)
(-6.18655 1.81137 0)
(-15.4831 1.02641 0)
(-26.0529 -1.59026 0)
(-3.31181 -3.59103 0)
(22.2978 -2.34339 0)
(18.3689 0.280016 0)
(10.6207 1.69631 0)
(2.66546 2.01784 0)
(-5.58336 1.68862 0)
(-12.4577 1.03241 0)
(-15.1748 0.255229 0)
(-16.1786 -0.986343 0)
(-10.9166 -2.84602 0)
(12.4745 -3.46593 0)
(32.2553 -1.29509 0)
(22.9914 1.89667 0)
(3.61981 3.70563 0)
(-3.94557 3.38328 0)
(-26.7302 0.355853 0)
(-27.7334 -3.89315 0)
(23.8259 -4.10092 0)
(30.2375 -0.057324 0)
(4.20333 3.1704 0)
(-0.82774 3.83127 0)
(-20.8551 1.68648 0)
(-36.2102 -2.9395 0)
(9.1163 -4.70685 0)
(34.1425 -1.34362 0)
(9.36625 2.42355 0)
(-0.159773 3.79072 0)
(-12.5284 2.64769 0)
(-36.1865 -1.51301 0)
(-9.07289 -4.76562 0)
(33.4677 -2.88313 0)
(20.1063 1.30345 0)
(1.67172 3.55369 0)
(-3.07702 3.36384 0)
(-28.4434 0.221603 0)
(-27.7215 -4.07047 0)
(-10.4147 12.6782 0)
(-57.9388 -4.54193 0)
(-1.6713 -9.28794 0)
(10.1643 -0.35498 0)
(-1.65733 3.35752 0)
(-3.78427 3.54554 0)
(-14.358 2.43676 0)
(-26.0161 -3.10961 0)
(-2.11223 -7.72487 0)
(23.7446 -4.75199 0)
(19.3628 0.895234 0)
(11.1031 3.49039 0)
(2.80394 3.99193 0)
(-5.61443 3.39783 0)
(-12.6641 2.14282 0)
(-15.7065 0.61378 0)
(-16.7833 -1.89743 0)
(-11.0496 -5.93961 0)
(13.0255 -7.37295 0)
(33.1978 -2.47429 0)
(23.2131 4.23207 0)
(2.89695 7.26497 0)
(-4.49868 6.81971 0)
(-28.282 1.32681 0)
(-29.5133 -8.30823 0)
(24.5369 -8.91206 0)
(32.2794 0.472806 0)
(4.76263 6.51085 0)
(-0.995439 7.48058 0)
(-21.91 3.96178 0)
(-38.1243 -6.00459 0)
(9.00477 -10.3311 0)
(36.371 -2.38272 0)
(10.4251 5.29231 0)
(-0.210436 7.33035 0)
(-12.9774 5.65873 0)
(-37.8825 -2.73334 0)
(-9.7326 -10.3947 0)
(35.1944 -5.91473 0)
(21.499 3.24421 0)
(1.57028 6.95034 0)
(-3.66101 6.79582 0)
(-30.3758 1.0904 0)
(-29.006 -8.76696 0)
(1.92443 17.9496 0)
(-50.7656 -4.48221 0)
(-9.76003 -13.3248 0)
(0.777959 -1.67771 0)
(-4.5521 4.07205 0)
(-2.60059 4.89473 0)
(-8.40875 3.63789 0)
(-19.1113 -4.36725 0)
(-0.524631 -11.2007 0)
(17.9099 -6.71116 0)
(12.7263 1.45626 0)
(7.36248 5.01775 0)
(2.21117 5.6692 0)
(-3.60814 4.88937 0)
(-8.96494 3.1378 0)
(-10.9698 0.919571 0)
(-11.4238 -2.77085 0)
(-7.61014 -8.66443 0)
(10.0951 -10.6617 0)
(24.6519 -3.33017 0)
(15.3337 6.31829 0)
(0.167215 10.2234 0)
(-0.139389 9.63503 0)
(-18.5804 2.1937 0)
(-23.2562 -11.9668 0)
(19.0252 -12.9716 0)
(22.7127 0.933357 0)
(-0.280078 9.3207 0)
(1.04064 10.4992 0)
(-12.9264 5.9019 0)
(-29.2065 -8.50376 0)
(6.80619 -15.0781 0)
(27.0331 -3.26665 0)
(4.013 7.73532 0)
(-0.439406 10.2523 0)
(-5.6296 8.16788 0)
(-27.7629 -3.69147 0)
(-7.64993 -15.1099 0)
(26.9545 -8.44287 0)
(13.0299 4.93762 0)
(-1.44528 9.78656 0)
(0.778001 9.63441 0)
(-20.5103 1.83533 0)
(-22.9898 -12.6958 0)
(10.6136 21.8281 0)
(-42.2316 -2.50407 0)
(-16.9635 -15.5825 0)
(-8.47266 -3.56543 0)
(-9.27956 3.63703 0)
(-3.85397 5.32137 0)
(-4.83839 4.12223 0)
(-13.1637 -5.36379 0)
(0.783336 -13.5716 0)
(12.2743 -8.01946 0)
(7.14765 1.77079 0)
(4.1864 6.06472 0)
(1.61568 6.93243 0)
(-1.81991 6.0939 0)
(-5.56523 3.9332 0)
(-6.59852 1.0545 0)
(-6.49991 -3.63197 0)
(-4.48645 -10.7417 0)
(6.96809 -12.8974 0)
(16.4612 -3.7777 0)
(8.71162 7.90936 0)
(-1.9306 12.2152 0)
(3.41395 11.4011 0)
(-10.7453 2.80991 0)
(-17.2763 -14.2762 0)
(13.7486 -15.5878 0)
(14.966 1.26729 0)
(-4.08523 11.1091 0)
(2.82548 12.401 0)
(-5.81535 7.18646 0)
(-20.9467 -10.0715 0)
(4.68645 -18.1555 0)
(18.9998 -3.86842 0)
(-0.554022 9.3408 0)
(-0.562362 12.0969 0)
(0.278507 9.738 0)
(-18.7768 -4.26445 0)
(-5.6085 -18.1477 0)
(19.3803 -10.0774 0)
(6.6359 6.11315 0)
(-3.91595 11.583 0)
(4.43916 11.3693 0)
(-12.5809 2.34134 0)
(-17.2766 -15.1862 0)
(15.1812 24.2184 0)
(-30.5769 1.00159 0)
(-20.1667 -15.6293 0)
(-14.9017 -5.55949 0)
(-13.4539 2.19196 0)
(-5.93202 4.65578 0)
(-3.07833 3.66149 0)
(-8.40682 -6.20858 0)
(1.43846 -14.74 0)
(7.05111 -8.63753 0)
(2.47843 1.8279 0)
(1.2066 6.58035 0)
(0.87955 7.69761 0)
(-0.194468 6.88328 0)
(-2.34145 4.47136 0)
(-2.60093 1.00665 0)
(-2.28733 -4.38742 0)
(-1.98836 -11.9793 0)
(3.79957 -13.9209 0)
(8.93753 -3.83515 0)
(2.85862 8.85549 0)
(-3.285 13.0992 0)
(6.11909 12.0857 0)
(-4.42588 3.18511 0)
(-11.7871 -15.1741 0)
(8.95261 -16.7146 0)
(8.71414 1.48746 0)
(-6.80384 11.8114 0)
(3.91196 13.1278 0)
(0.116112 7.74721 0)
(-13.6344 -10.6336 0)
(2.75992 -19.4672 0)
(12.2003 -4.14732 0)
(-4.07963 10.023 0)
(-0.634878 12.7987 0)
(5.11415 10.2854 0)
(-11.1263 -4.38356 0)
(-3.76264 -19.3919 0)
(12.6089 -10.7724 0)
(1.5268 6.71074 0)
(-5.44993 12.2774 0)
(7.08844 11.9668 0)
(-6.18914 2.63374 0)
(-12.0575 -16.1977 0)
(16.2793 24.8471 0)
(-17.0651 5.1468 0)
(-17.9349 -13.3557 0)
(-16.424 -7.00685 0)
(-14.3422 0.138425 0)
(-6.80337 3.0194 0)
(-2.22406 2.33271 0)
(-4.87929 -6.94066 0)
(1.22496 -14.7453 0)
(2.43113 -8.5742 0)
(-1.2955 1.68097 0)
(-1.42335 6.53399 0)
(0.0571093 7.83548 0)
(1.09005 7.13007 0)
(0.507978 4.67552 0)
(0.779583 0.818269 0)
(0.927176 -4.89406 0)
(-0.295493 -12.2363 0)
(0.795741 -13.6938 0)
(2.50469 -3.49425 0)
(-2.00721 8.97741 0)
(-3.65107 12.8158 0)
(7.22877 11.7517 0)
(0.389786 3.28354 0)
(-6.92863 -14.687 0)
(4.8056 -16.3649 0)
(3.82586 1.54091 0)
(-7.86549 11.4885 0)
(3.96242 12.6726 0)
(4.71533 7.54945 0)
(-7.49527 -10.1643 0)
(1.12715 -19.023 0)
(6.59162 -4.09636 0)
(-6.35254 9.7688 0)
(-0.517635 12.3159 0)
(8.18043 9.86184 0)
(-5.01851 -4.03967 0)
(-2.14638 -18.8495 0)
(6.78178 -10.5252 0)
(-2.44481 6.66208 0)
(-5.60241 11.8924 0)
(7.92028 11.5195 0)
(-1.26239 2.6659 0)
(-7.44112 -15.7617 0)
(15.1034 23.5582 0)
(-4.70547 8.80869 0)
(-11.3099 -9.28868 0)
(-12.9955 -7.40151 0)
(-11.6455 -1.91939 0)
(-5.883 0.941775 0)
(-1.57659 0.517225 0)
(-2.49728 -7.4527 0)
(0.244121 -13.7453 0)
(-1.38462 -7.93767 0)
(-4.14627 1.32455 0)
(-3.42273 5.96074 0)
(-0.720425 7.3135 0)
(1.82018 6.7896 0)
(2.60231 4.47856 0)
(3.1896 0.559081 0)
(2.94469 -5.01946 0)
(0.56329 -11.4758 0)
(-1.7036 -12.3308 0)
(-2.3616 -2.86444 0)
(-5.38377 8.27458 0)
(-3.27478 11.4694 0)
(6.87661 10.5083 0)
(3.75185 3.07785 0)
(-2.86895 -12.9746 0)
(1.49087 -14.6629 0)
(0.150294 1.33809 0)
(-7.4875 10.3206 0)
(3.39159 11.1714 0)
(7.48743 6.73606 0)
(-2.7469 -8.81857 0)
(-0.0571236 -17.0051 0)
(2.11451 -3.81471 0)
(-7.28836 8.72339 0)
(-0.243083 10.7851 0)
(9.03788 8.69391 0)
(-0.570937 -3.40505 0)
(-0.755079 -16.7075 0)
(2.12212 -9.41753 0)
(-5.16981 6.00163 0)
(-4.80677 10.5531 0)
(7.25027 10.2052 0)
(2.29059 2.38396 0)
(-3.55644 -14.0353 0)
(12.2082 20.6244 0)
(3.61299 11.0459 0)
(-3.20294 -4.5529 0)
(-6.6799 -6.53242 0)
(-7.07138 -3.31217 0)
(-3.86839 -0.925256 0)
(-0.811759 -1.32094 0)
(-1.0364 -7.53687 0)
(-0.987093 -11.9468 0)
(-4.04559 -6.93877 0)
(-5.92916 0.75732 0)
(-4.62545 4.93197 0)
(-1.35278 6.2332 0)
(1.94965 5.89157 0)
(3.66104 3.90634 0)
(4.39517 0.294343 0)
(3.74024 -4.69039 0)
(0.703845 -9.82702 0)
(-3.33853 -10.1054 0)
(-5.26664 -2.15886 0)
(-6.89165 6.86462 0)
(-2.65627 9.37438 0)
(5.72462 8.62144 0)
(5.6056 2.54644 0)
(0.0401395 -10.3524 0)
(-0.741146 -11.928 0)
(-2.41251 0.908911 0)
(-6.36927 8.54449 0)
(2.66332 8.97783 0)
(8.1298 5.47136 0)
(0.476837 -6.90848 0)
(-0.651524 -13.796 0)
(-1.07633 -3.33668 0)
(-7.00014 7.0738 0)
(-0.0492611 8.58841 0)
(8.15638 7.01442 0)
(2.34432 -2.69894 0)
(0.311735 -13.3819 0)
(-1.0119 -7.61572 0)
(-6.38278 4.80403 0)
(-3.72266 8.56528 0)
(5.94771 8.29238 0)
(4.50781 1.80147 0)
(-0.658098 -11.3397 0)
(8.48597 16.7871 0)
(7.18487 11.4788 0)
(3.16174 -0.468309 0)
(-0.336948 -4.63994 0)
(-2.32536 -3.65235 0)
(-1.44553 -2.16725 0)
(0.220935 -2.75448 0)
(-0.0758144 -7.07778 0)
(-1.78414 -9.66175 0)
(-5.22439 -5.75707 0)
(-6.46172 0.0974586 0)
(-4.9269 3.57282 0)
(-1.69819 4.7577 0)
(1.63884 4.59241 0)
(3.71118 3.05903 0)
(4.45028 0.0761823 0)
(3.54248 -3.94082 0)
(0.424151 -7.60604 0)
(-3.94087 -7.46562 0)
(-6.2043 -1.5308 0)
(-6.64445 4.99613 0)
(-2.08676 6.9347 0)
(4.30291 6.41312 0)
(5.83693 1.81836 0)
(1.59471 -7.31291 0)
(-1.70501 -8.6342 0)
(-3.71999 0.46052 0)
(-4.97244 6.37968 0)
(1.9491 6.54083 0)
(7.04065 3.94667 0)
(2.29254 -4.83488 0)
(-0.656554 -9.99519 0)
(-2.75071 -2.65223 0)
(-5.76318 5.06655 0)
(-0.0104993 6.19481 0)
(6.40058 5.04243 0)
(3.77531 -1.99818 0)
(0.840165 -9.52515 0)
(-2.47156 -5.45052 0)
(-6.00256 3.33792 0)
(-2.68886 6.28724 0)
(4.54662 6.06729 0)
(5.20191 1.09549 0)
(0.966609 -8.14572 0)
(5.04899 12.8803 0)
(7.18943 10.3662 0)
(6.22685 2.14427 0)
(3.96894 -2.40432 0)
(1.53469 -3.06103 0)
(1.00506 -2.69809 0)
(1.46605 -3.4648 0)
(0.706744 -6.10721 0)
(-1.74666 -7.26823 0)
(-4.87038 -4.52199 0)
(-5.76574 -0.50531 0)
(-4.40895 2.12111 0)
(-1.70422 3.14291 0)
(1.13744 3.13774 0)
(3.07017 2.1006 0)
(3.70296 -0.0661804 0)
(2.76802 -2.92987 0)
(0.0630704 -5.24934 0)
(-3.59289 -4.93534 0)
(-5.5415 -1.06205 0)
(-5.26176 3.11073 0)
(-1.59893 4.53639 0)
(2.85691 4.20945 0)
(4.69293 1.1306 0)
(1.91965 -4.44955 0)
(-1.68511 -5.38222 0)
(-3.67969 0.163764 0)
(-3.43863 4.15867 0)
(1.32593 4.24377 0)
(5.09338 2.47097 0)
(2.79017 -2.98165 0)
(-0.41219 -6.29977 0)
(-2.95993 -1.868 0)
(-4.01668 3.0903 0)
(0.00363014 3.95881 0)
(4.4042 3.1262 0)
(3.7642 -1.34532 0)
(0.886026 -5.85421 0)
(-2.54641 -3.36216 0)
(-4.51196 2.00155 0)
(-1.75717 4.0527 0)
(3.15153 3.86738 0)
(4.48641 0.519762 0)
(1.46565 -5.05711 0)
(2.77331 9.49477 0)
(5.52663 8.38392 0)
(6.34756 3.24416 0)
(5.48469 -0.564704 0)
(3.71497 -2.03301 0)
(2.79157 -2.57464 0)
(2.43242 -3.41474 0)
(1.25955 -4.8013 0)
(-1.0956 -5.09101 0)
(-3.51296 -3.35883 0)
(-4.26029 -0.914166 0)
(-3.35831 0.847685 0)
(-1.42946 1.65456 0)
(0.666441 1.7755 0)
(2.17058 1.20116 0)
(2.64538 -0.139222 0)
(1.88226 -1.89308 0)
(-0.0978982 -3.1808 0)
(-2.61294 -2.89734 0)
(-3.9765 -0.752298 0)
(-3.53216 1.57361 0)
(-1.15545 2.53258 0)
(1.60249 2.37324 0)
(2.98164 0.617372 0)
(1.4826 -2.24175 0)
(-1.16777 -2.76182 0)
(-2.64553 0.0453823 0)
(-1.98953 2.29048 0)
(0.848472 2.38495 0)
(3.13996 1.29945 0)
(2.309 -1.59012 0)
(-0.112148 -3.33953 0)
(-2.14726 -1.13544 0)
(-2.32145 1.53868 0)
(0.0507724 2.14618 0)
(2.63101 1.60073 0)
(2.73986 -0.787704 0)
(0.675651 -2.99217 0)
(-1.80873 -1.7164 0)
(-2.74067 1.02859 0)
(-0.978854 2.22684 0)
(1.90703 2.07741 0)
(3.00292 0.180651 0)
(1.22921 -2.61216 0)
(1.57971 6.91145 0)
(3.62333 6.28109 0)
(4.87375 3.2373 0)
(4.87869 0.507603 0)
(4.01721 -1.09292 0)
(3.27984 -2.0444 0)
(2.60483 -2.8214 0)
(1.4063 -3.43704 0)
(-0.354131 -3.35178 0)
(-1.95648 -2.37888 0)
(-2.56545 -1.08391 0)
(-2.12971 -0.0652787 0)
(-0.974319 0.497274 0)
(0.364566 0.682447 0)
(1.37005 0.476768 0)
(1.69508 -0.171935 0)
(1.2012 -1.04617 0)
(-0.00802488 -1.65825 0)
(-1.46042 -1.50389 0)
(-2.27735 -0.539944 0)
(-1.99967 0.559499 0)
(-0.721942 1.12413 0)
(0.762983 1.10423 0)
(1.55531 0.318844 0)
(0.891625 -0.863414 0)
(-0.555993 -1.08329 0)
(-1.37737 0.0316571 0)
(-0.899628 1.03474 0)
(0.531375 1.11207 0)
(1.69001 0.547725 0)
(1.44915 -0.70921 0)
(0.0943601 -1.43657 0)
(-1.09215 -0.578487 0)
(-1.07833 0.576714 0)
(0.092548 0.918938 0)
(1.36169 0.633338 0)
(1.5319 -0.377713 0)
(0.418866 -1.20017 0)
(-0.931672 -0.663185 0)
(-1.33504 0.46218 0)
(-0.437222 1.00795 0)
(0.990778 0.908265 0)
(1.58311 0.0507666 0)
(0.737054 -1.04912 0)
(0.961836 5.03836 0)
(2.24772 4.57183 0)
(3.23202 2.7291 0)
(3.50697 0.908534 0)
(3.18282 -0.453437 0)
(2.68619 -1.40228 0)
(2.06278 -2.01245 0)
(1.16953 -2.27616 0)
(0.105048 -2.1335 0)
(-0.789478 -1.66044 0)
(-1.19138 -1.08336 0)
(-1.04068 -0.597823 0)
(-0.470919 -0.261835 0)
(0.249859 -0.0594442 0)
(0.825235 -0.0212083 0)
(1.0282 -0.195183 0)
(0.783081 -0.498618 0)
(0.179061 -0.724808 0)
(-0.527506 -0.688636 0)
(-0.958557 -0.371604 0)
(-0.873115 0.0399621 0)
(-0.313494 0.321566 0)
(0.363672 0.378298 0)
(0.727923 0.162687 0)
(0.492497 -0.191959 0)
(-0.0990722 -0.258789 0)
(-0.446489 0.0595712 0)
(-0.231792 0.375176 0)
(0.355992 0.399114 0)
(0.831594 0.171145 0)
(0.756193 -0.245527 0)
(0.17747 -0.473568 0)
(-0.350594 -0.23687 0)
(-0.356369 0.12614 0)
(0.105941 0.263092 0)
(0.611959 0.165836 0)
(0.687541 -0.130092 0)
(0.225121 -0.322551 0)
(-0.333083 -0.13356 0)
(-0.493877 0.203305 0)
(-0.136313 0.362801 0)
(0.434723 0.31481 0)
(0.656712 0.0451793 0)
(0.33362 -0.260001 0)
(0.619502 3.63283 0)
(1.48235 3.34849 0)
(2.11079 2.18386 0)
(2.32764 0.974944 0)
(2.17331 -0.0562483 0)
(1.81787 -0.81484 0)
(1.35368 -1.2742 0)
(0.805718 -1.43918 0)
(0.256631 -1.38041 0)
(-0.16871 -1.20896 0)
(-0.373562 -1.01738 0)
(-0.334966 -0.843353 0)
(-0.102034 -0.674396 0)
(0.210348 -0.488593 0)
(0.47065 -0.325768 0)
(0.580713 -0.238892 0)
(0.50334 -0.237679 0)
(0.27527 -0.272751 0)
(0.000793203 -0.284209 0)
(-0.187309 -0.242211 0)
(-0.19189 -0.151735 0)
(-0.0213287 -0.041363 0)
(0.212881 0.0424162 0)
(0.349266 0.070878 0)
(0.295788 0.0510691 0)
(0.133105 0.0485776 0)
(0.0287268 0.0910438 0)
(0.0886111 0.118314 0)
(0.267246 0.0995249 0)
(0.411653 0.0375597 0)
(0.37936 -0.0485855 0)
(0.185793 -0.0970823 0)
(0.00490667 -0.0710116 0)
(-0.0184749 -0.0217574 0)
(0.100857 0.00229426 0)
(0.238384 0.00293685 0)
(0.25265 -0.00964891 0)
(0.111047 0.00789476 0)
(-0.053446 0.0703896 0)
(-0.104331 0.115544 0)
(-0.00661468 0.113848 0)
(0.15769 0.100388 0)
(0.204916 0.0793005 0)
(0.111977 0.0505542 0)
(0.401699 2.5632 0)
(1.01695 2.45539 0)
(1.43439 1.73638 0)
(1.57039 0.94874 0)
(1.47845 0.219671 0)
(1.22579 -0.352319 0)
(0.895406 -0.715081 0)
(0.564507 -0.89101 0)
(0.27836 -0.942361 0)
(0.0724967 -0.943677 0)
(-0.0352285 -0.933776 0)
(-0.0500204 -0.904801 0)
(0.00681077 -0.825835 0)
(0.101101 -0.678528 0)
(0.191406 -0.484209 0)
(0.245739 -0.298997 0)
(0.248232 -0.174079 0)
(0.206157 -0.124414 0)
(0.142382 -0.132392 0)
(0.0852962 -0.165654 0)
(0.0662603 -0.183473 0)
(0.0919122 -0.155974 0)
(0.139261 -0.075029 0)
(0.175798 0.0185817 0)
(0.183261 0.0916831 0)
(0.170162 0.115965 0)
(0.161235 0.0933684 0)
(0.175758 0.0523507 0)
(0.206257 0.0225879 0)
(0.223789 0.0158135 0)
(0.205757 0.0193366 0)
(0.157384 0.0159901 0)
(0.108547 -0.00510483 0)
(0.0846656 -0.0370366 0)
(0.086369 -0.0516393 0)
(0.0935803 -0.0231653 0)
(0.0838583 0.036233 0)
(0.0547592 0.0946121 0)
(0.026927 0.119995 0)
(0.0160335 0.0966358 0)
(0.0263484 0.0631431 0)
(0.0482682 0.0651432 0)
(0.0446307 0.104489 0)
(0.0282625 0.132885 0)
(0.249098 1.76651 0)
(0.670418 1.77553 0)
(0.975422 1.36423 0)
(1.09854 0.880823 0)
(1.06656 0.400974 0)
(0.930067 -0.0177865 0)
(0.728354 -0.325386 0)
(0.509242 -0.526501 0)
(0.320896 -0.657189 0)
(0.174899 -0.749881 0)
(0.0714722 -0.81722 0)
(0.00514073 -0.845105 0)
(-0.0317197 -0.808707 0)
(-0.0454181 -0.696392 0)
(-0.0404161 -0.528888 0)
(-0.0190099 -0.350415 0)
(0.0100825 -0.208003 0)
(0.0345922 -0.129205 0)
(0.0481767 -0.115721 0)
(0.0502792 -0.140155 0)
(0.0456329 -0.163055 0)
(0.040628 -0.151932 0)
(0.0407554 -0.096411 0)
(0.0497238 -0.0148653 0)
(0.0693412 0.0545573 0)
(0.0948318 0.0846794 0)
(0.116305 0.073345 0)
(0.127238 0.0435035 0)
(0.127605 0.0224414 0)
(0.121475 0.0251627 0)
(0.112568 0.0389487 0)
(0.103063 0.041021 0)
(0.0911301 0.0205239 0)
(0.0748772 -0.00806033 0)
(0.0557839 -0.0195683 0)
(0.0371167 0.00313772 0)
(0.0242885 0.0506263 0)
(0.0217057 0.0950488 0)
(0.0258928 0.110611 0)
(0.0269461 0.0957407 0)
(0.020737 0.0767229 0)
(0.0109009 0.0838179 0)
(0.000218151 0.116151 0)
(0.00279791 0.130233 0)
(0.14695 1.19846 0)
(0.41762 1.25667 0)
(0.638022 1.03891 0)
(0.762376 0.76196 0)
(0.791987 0.464679 0)
(0.744343 0.181666 0)
(0.650017 -0.0684795 0)
(0.524666 -0.268733 0)
(0.387218 -0.427912 0)
(0.258243 -0.555479 0)
(0.141009 -0.650028 0)
(0.0376333 -0.700025 0)
(-0.0473807 -0.691766 0)
(-0.11119 -0.622093 0)
(-0.149503 -0.506359 0)
(-0.158757 -0.374676 0)
(-0.144459 -0.259957 0)
(-0.117748 -0.18461 0)
(-0.0908107 -0.152323 0)
(-0.0730361 -0.148285 0)
(-0.0669378 -0.148595 0)
(-0.0677916 -0.132584 0)
(-0.0676875 -0.0929985 0)
(-0.0595056 -0.0393217 0)
(-0.0412403 0.00948819 0)
(-0.0164498 0.0375091 0)
(0.00694309 0.0423782 0)
(0.0220267 0.0347575 0)
(0.027963 0.0291267 0)
(0.0288288 0.032309 0)
(0.0294217 0.0390592 0)
(0.0308908 0.0397636 0)
(0.0299972 0.0302064 0)
(0.0230324 0.0179585 0)
(0.0105092 0.0152445 0)
(-0.00252475 0.0296734 0)
(-0.00966593 0.0566925 0)
(-0.00840551 0.0831882 0)
(-0.00186992 0.0967254 0)
(0.00280271 0.0965325 0)
(0.000899732 0.093877 0)
(-0.00447114 0.101325 0)
(-0.00822138 0.118775 0)
(-0.0019784 0.117383 0)
(0.0847929 0.806152 0)
(0.252341 0.871283 0)
(0.401331 0.760193 0)
(0.50678 0.608677 0)
(0.563812 0.433144 0)
(0.572176 0.250435 0)
(0.540965 0.0734264 0)
(0.482594 -0.0920152 0)
(0.403031 -0.236989 0)
(0.307533 -0.359905 0)
(0.205744 -0.454529 0)
(0.10461 -0.51229 0)
(0.0115014 -0.526354 0)
(-0.0662449 -0.497558 0)
(-0.12216 -0.434787 0)
(-0.154005 -0.356109 0)
(-0.165345 -0.28069 0)
(-0.162232 -0.222334 0)
(-0.152453 -0.185159 0)
(-0.143578 -0.163491 0)
(-0.139165 -0.14664 0)
(-0.137902 -0.125018 0)
(-0.135483 -0.0949858 0)
(-0.128285 -0.0601406 0)
(-0.115197 -0.0281052 0)
(-0.0982875 -0.00471795 0)
(-0.0813665 0.00857644 0)
(-0.0672688 0.015374 0)
(-0.057053 0.0202482 0)
(-0.049571 0.0256742 0)
(-0.04315 0.0305893 0)
(-0.037499 0.0325606 0)
(-0.033888 0.0311907 0)
(-0.0337053 0.0296476 0)
(-0.0364019 0.0324554 0)
(-0.039461 0.0421119 0)
(-0.0397446 0.0568677 0)
(-0.0360535 0.0720123 0)
(-0.0301127 0.0836576 0)
(-0.0242906 0.0905147 0)
(-0.0199624 0.095768 0)
(-0.0161665 0.10298 0)
(-0.01176 0.111709 0)
(-0.00290018 0.102962 0)
(0.0487419 0.538185 0)
(0.151034 0.592842 0)
(0.245999 0.535516 0)
(0.322288 0.453358 0)
(0.376094 0.352485 0)
(0.403792 0.240229 0)
(0.4064 0.123467 0)
(0.387058 0.00796843 0)
(0.348329 -0.101774 0)
(0.293485 -0.198783 0)
(0.227605 -0.2774 0)
(0.155947 -0.331958 0)
(0.0845859 -0.358758 0)
(0.0193275 -0.358097 0)
(-0.0341897 -0.334985 0)
(-0.0733952 -0.298206 0)
(-0.0994418 -0.257473 0)
(-0.114747 -0.220032 0)
(-0.123081 -0.189485 0)
(-0.128171 -0.165089 0)
(-0.13224 -0.143504 0)
(-0.13551 -0.121465 0)
(-0.136857 -0.0976481 0)
(-0.135071 -0.07325 0)
(-0.129777 -0.0504817 0)
(-0.121699 -0.0314291 0)
(-0.112479 -0.0165709 0)
(-0.103585 -0.0051893 0)
(-0.0955028 0.00393633 0)
(-0.0881583 0.0115515 0)
(-0.0814246 0.0176608 0)
(-0.0753864 0.022121 0)
(-0.0704112 0.0254315 0)
(-0.066749 0.0289039 0)
(-0.0640552 0.0340468 0)
(-0.0613517 0.0414697 0)
(-0.0575583 0.0506789 0)
(-0.0521871 0.060302 0)
(-0.045524 0.0690669 0)
(-0.0381574 0.0766521 0)
(-0.0305073 0.0833671 0)
(-0.022437 0.0895194 0)
(-0.0141479 0.0946594 0)
(-0.00367458 0.084929 0)
(0.0281466 0.354517 0)
(0.0905197 0.394905 0)
(0.149131 0.364195 0)
(0.199684 0.318922 0)
(0.239918 0.261374 0)
(0.266943 0.194732 0)
(0.279954 0.122417 0)
(0.278983 0.0480357 0)
(0.265508 -0.0247558 0)
(0.240482 -0.0916572 0)
(0.205456 -0.148803 0)
(0.164032 -0.192701 0)
(0.119883 -0.221154 0)
(0.0765653 -0.233912 0)
(0.0371822 -0.232876 0)
(0.00374553 -0.221653 0)
(-0.0230781 -0.20447 0)
(-0.0438091 -0.185007 0)
(-0.0595909 -0.165602 0)
(-0.0717899 -0.147036 0)
(-0.0815241 -0.12904 0)
(-0.0891544 -0.111082 0)
(-0.0946046 -0.0930158 0)
(-0.0977303 -0.0752722 0)
(-0.098577 -0.0585858 0)
(-0.0974682 -0.0435913 0)
(-0.0949363 -0.0305341 0)
(-0.0915149 -0.0193193 0)
(-0.0877376 -0.00969878 0)
(-0.0838048 -0.00147291 0)
(-0.0797211 0.00549115 0)
(-0.0756851 0.0113965 0)
(-0.0718372 0.0166406 0)
(-0.0681903 0.021775 0)
(-0.0645798 0.0272957 0)
(-0.0606738 0.0333906 0)
(-0.0561216 0.0399348 0)
(-0.0507459 0.0466044 0)
(-0.0445666 0.05303 0)
(-0.0376372 0.0589547 0)
(-0.0300322 0.0642144 0)
(-0.0216164 0.0686526 0)
(-0.0129995 0.072032 0)
(-0.00355741 0.0640351 0)
(0.0166065 0.227028 0)
(0.0552047 0.254465 0)
(0.091294 0.237512 0)
(0.123806 0.21227 0)
(0.151446 0.179707 0)
(0.172355 0.141307 0)
(0.185825 0.0987943 0)
(0.191422 0.0541607 0)
(0.189254 0.00960487 0)
(0.179732 -0.0327091 0)
(0.16383 -0.070388 0)
(0.143124 -0.101552 0)
(0.119319 -0.124917 0)
(0.0942364 -0.140029 0)
(0.069534 -0.147339 0)
(0.0464993 -0.148049 0)
(0.0259243 -0.143764 0)
(0.00807871 -0.136091 0)
(-0.00711962 -0.126322 0)
(-0.0199607 -0.115305 0)
(-0.0307497 -0.103519 0)
(-0.0396582 -0.0912566 0)
(-0.0467871 -0.0787984 0)
(-0.0522238 -0.0664782 0)
(-0.0560937 -0.0546432 0)
(-0.0585776 -0.0435716 0)
(-0.0598913 -0.0334233 0)
(-0.0602464 -0.0242474 0)
(-0.0598132 -0.0160281 0)
(-0.0588476 -0.00871935 0)
(-0.0574996 -0.00224758 0)
(-0.0557871 0.00351416 0)
(-0.0537974 0.00875234 0)
(-0.0515551 0.0136701 0)
(-0.0490623 0.0184701 0)
(-0.0462109 0.0232704 0)
(-0.0427757 0.028059 0)
(-0.0386716 0.0327301 0)
(-0.0339321 0.0371657 0)
(-0.0286179 0.0412397 0)
(-0.0227571 0.044811 0)
(-0.0162817 0.0477571 0)
(-0.00964347 0.0498758 0)
(-0.00279181 0.0441268 0)
(0.0106128 0.140027 0)
(0.036328 0.15735 0)
(0.0600602 0.147847 0)
(0.0820327 0.133706 0)
(0.101465 0.115406 0)
(0.117155 0.0936905 0)
(0.128644 0.0694526 0)
(0.135578 0.0437346 0)
(0.137784 0.0176877 0)
(0.135602 -0.00750836 0)
(0.129462 -0.0306747 0)
(0.119814 -0.0508169 0)
(0.107541 -0.0671913 0)
(0.0935771 -0.0794003 0)
(0.0787994 -0.0874207 0)
(0.0639712 -0.0915554 0)
(0.0496847 -0.0923405 0)
(0.0363318 -0.0904125 0)
(0.0241194 -0.0863934 0)
(0.0131232 -0.0808229 0)
(0.00338148 -0.0741413 0)
(-0.00511063 -0.0667119 0)
(-0.0123937 -0.0588497 0)
(-0.0185054 -0.0508367 0)
(-0.0235144 -0.0429171 0)
(-0.0275112 -0.0352845 0)
(-0.0305958 -0.0280738 0)
(-0.0328692 -0.0213662 0)
(-0.0344236 -0.0152017 0)
(-0.0353466 -0.00958874 0)
(-0.0357436 -0.00450868 0)
(-0.0357005 8.55684e-05 0)
(-0.0352801 0.00427046 0)
(-0.0344377 0.00814841 0)
(-0.033057 0.0117741 0)
(-0.0311625 0.0152202 0)
(-0.028867 0.0185083 0)
(-0.0261756 0.0215926 0)
(-0.0230406 0.0244333 0)
(-0.0194763 0.0269726 0)
(-0.0155007 0.0291553 0)
(-0.011101 0.0309097 0)
(-0.00652515 0.0321423 0)
(-0.0019913 0.0283547 0)
(0.00769211 0.0838986 0)
(0.0270605 0.0942433 0)
(0.0446897 0.0887658 0)
(0.0613459 0.0806528 0)
(0.0764754 0.0701661 0)
(0.0892125 0.0577093 0)
(0.0992539 0.0437703 0)
(0.106365 0.028914 0)
(0.110425 0.0137581 0)
(0.111493 -0.00106166 0)
(0.109752 -0.0149457 0)
(0.105483 -0.0273377 0)
(0.0991011 -0.0378118 0)
(0.0910883 -0.046095 0)
(0.0819411 -0.0520794 0)
(0.0721294 -0.0558133 0)
(0.0620677 -0.057471 0)
(0.0520924 -0.0573103 0)
(0.0424538 -0.0556284 0)
(0.0333288 -0.0527271 0)
(0.0248428 -0.0488925 0)
(0.0170791 -0.0443872 0)
(0.0100847 -0.039448 0)
(0.00388164 -0.0342842 0)
(-0.00153493 -0.0290749 0)
(-0.00618948 -0.0239658 0)
(-0.0101177 -0.0190672 0)
(-0.0133672 -0.0144549 0)
(-0.0159871 -0.010175 0)
(-0.0180098 -0.00625153 0)
(-0.0194987 -0.00268433 0)
(-0.0204962 0.000548126 0)
(-0.0209675 0.00347452 0)
(-0.0209836 0.00614638 0)
(-0.0206079 0.00858883 0)
(-0.0198082 0.0108074 0)
(-0.018625 0.0128205 0)
(-0.017077 0.014657 0)
(-0.0151485 0.0163106 0)
(-0.0128634 0.017762 0)
(-0.010259 0.0189853 0)
(-0.00735345 0.01995 0)
(-0.00429276 0.0206153 0)
(-0.00136096 0.0181383 0)
(0.00606792 0.0469163 0)
(0.0219142 0.0525287 0)
(0.0360624 0.0493308 0)
(0.0496704 0.0446445 0)
(0.0622989 0.0386164 0)
(0.0732505 0.0314534 0)
(0.0822956 0.0234519 0)
(0.0892403 0.0149292 0)
(0.0939625 0.0062292 0)
(0.0964676 -0.00229482 0)
(0.0968551 -0.0103107 0)
(0.0952655 -0.0175112 0)
(0.0919239 -0.0236528 0)
(0.0871122 -0.0285654 0)
(0.0811404 -0.0321617 0)
(0.0743203 -0.0344353 0)
(0.0669471 -0.0354508 0)
(0.0592847 -0.035327 0)
(0.0515575 -0.0342194 0)
(0.0439495 -0.0323011 0)
(0.0366095 -0.0297511 0)
(0.0296539 -0.0267404 0)
(0.0231688 -0.0234301 0)
(0.0172138 -0.0199651 0)
(0.0118184 -0.0164703 0)
(0.00699937 -0.0130483 0)
(0.00276415 -0.00977986 0)
(-0.000899008 -0.00672087 0)
(-0.00399765 -0.00390821 0)
(-0.00655585 -0.00135957 0)
(-0.00860527 0.000927423 0)
(-0.0101801 0.00296003 0)
(-0.0113084 0.00475441 0)
(-0.0119977 0.00631576 0)
(-0.012268 0.00769239 0)
(-0.012161 0.00890901 0)
(-0.0117033 0.00997741 0)
(-0.0109019 0.0109245 0)
(-0.00978249 0.0117544 0)
(-0.00837907 0.0124671 0)
(-0.00672398 0.0130579 0)
(-0.00483981 0.0135173 0)
(-0.00282142 0.0138292 0)
(-0.000921421 0.0121208 0)
(0.00487108 0.0209508 0)
(0.0180896 0.0232185 0)
(0.0295439 0.0214354 0)
(0.0407402 0.0188816 0)
(0.0512707 0.0156319 0)
(0.0605236 0.0118323 0)
(0.0683762 0.00761257 0)
(0.0746377 0.00315399 0)
(0.079199 -0.00135188 0)
(0.0820483 -0.00571487 0)
(0.0832222 -0.00975426 0)
(0.0827992 -0.0133095 0)
(0.0809129 -0.016251 0)
(0.077745 -0.0184874 0)
(0.0735038 -0.0199711 0)
(0.0684095 -0.020699 0)
(0.0626827 -0.0207065 0)
(0.0565318 -0.0200608 0)
(0.0501466 -0.0188546 0)
(0.0436944 -0.0171897 0)
(0.0373303 -0.0151978 0)
(0.031182 -0.0129657 0)
(0.0253412 -0.0106011 0)
(0.0198933 -0.00820027 0)
(0.0148753 -0.00584523 0)
(0.0102914 -0.00360304 0)
(0.00620745 -0.00152398 0)
(0.00263386 0.000357371 0)
(-0.000460996 0.00202164 0)
(-0.0030627 0.00346253 0)
(-0.0051951 0.00468196 0)
(-0.00688543 0.00568935 0)
(-0.00813965 0.0065096 0)
(-0.00896974 0.00716674 0)
(-0.00942158 0.00768642 0)
(-0.00952357 0.00810915 0)
(-0.00927777 0.00843374 0)
(-0.0087099 0.00869305 0)
(-0.00785261 0.00890466 0)
(-0.00674277 0.00907899 0)
(-0.00541481 0.00922163 0)
(-0.00389649 0.00933233 0)
(-0.00226516 0.00940694 0)
(-0.000741449 0.00820188 0)
(0.00364211 0.00303626 0)
(0.0141945 0.00305018 0)
(0.0228276 0.00218304 0)
(0.0313689 0.0010291 0)
(0.0394965 -0.000384364 0)
(0.0466417 -0.00197702 0)
(0.0526381 -0.00368473 0)
(0.0573862 -0.00541358 0)
(0.060807 -0.00707025 0)
(0.0628674 -0.00856805 0)
(0.0635723 -0.00982774 0)
(0.062969 -0.0107811 0)
(0.0611531 -0.0113799 0)
(0.0582598 -0.0115952 0)
(0.0544482 -0.0114182 0)
(0.0498889 -0.0108608 0)
(0.0447599 -0.00995431 0)
(0.0392403 -0.00874265 0)
(0.033515 -0.00733465 0)
(0.0277217 -0.00575097 0)
(0.022038 -0.00403503 0)
(0.0166118 -0.00229779 0)
(0.0114803 -0.000598929 0)
(0.0066874 0.00100989 0)
(0.00231216 0.00248437 0)
(-0.00158158 0.00378917 0)
(-0.00498071 0.0049016 0)
(-0.00787838 0.00580873 0)
(-0.0102767 0.00651069 0)
(-0.0121804 0.00701379 0)
(-0.0136075 0.00732754 0)
(-0.0145831 0.0074776 0)
(-0.0151302 0.00748804 0)
(-0.0152673 0.00738487 0)
(-0.0150033 0.0071965 0)
(-0.0144091 0.00694971 0)
(-0.0135167 0.00667434 0)
(-0.0123135 0.00639373 0)
(-0.0108443 0.00612924 0)
(-0.00914509 0.00589773 0)
(-0.0072463 0.00570992 0)
(-0.00516861 0.00556903 0)
(-0.00298619 0.00547627 0)
(-0.000949642 0.00473331 0)
(0.00215555 -0.00802989 0)
(0.00942039 -0.00932947 0)
(0.0144977 -0.00961495 0)
(0.0197451 -0.00983448 0)
(0.0247457 -0.00999297 0)
(0.0289412 -0.0100917 0)
(0.0322097 -0.010072 0)
(0.0344502 -0.00990535 0)
(0.0355935 -0.00957106 0)
(0.0356083 -0.00906012 0)
(0.0345084 -0.00836822 0)
(0.0323501 -0.00749706 0)
(0.0292212 -0.00645373 0)
(0.0252474 -0.0052565 0)
(0.0205974 -0.00392888 0)
(0.0154296 -0.00249901 0)
(0.00987899 -0.00100623 0)
(0.00407511 0.000484579 0)
(-0.00171592 0.00200674 0)
(-0.00724796 0.00345314 0)
(-0.0125341 0.00480683 0)
(-0.0175308 0.0060072 0)
(-0.0220865 0.00702645 0)
(-0.0261211 0.00784427 0)
(-0.0295774 0.00844793 0)
(-0.0324139 0.00883145 0)
(-0.0346155 0.00899673 0)
(-0.0361814 0.00895482 0)
(-0.0371217 0.00872355 0)
(-0.0374585 0.00832578 0)
(-0.0372242 0.00778719 0)
(-0.0364587 0.00713786 0)
(-0.0352067 0.00641116 0)
(-0.0335124 0.00563661 0)
(-0.0314109 0.00484158 0)
(-0.028947 0.00403837 0)
(-0.0261723 0.00328012 0)
(-0.0231315 0.00257777 0)
(-0.0198667 0.0019494 0)
(-0.0164208 0.00141131 0)
(-0.0128255 0.000976134 0)
(-0.00907407 0.000648603 0)
(-0.00522468 0.000432422 0)
(-0.00163269 0.000291898 0)
(0.000326245 -0.0129116 0)
(0.00348434 -0.0147112 0)
(0.00417344 -0.0146566 0)
(0.00527256 -0.0142575 0)
(0.0062185 -0.0135486 0)
(0.00645818 -0.0125481 0)
(0.00589382 -0.0112725 0)
(0.00446441 -0.00975354 0)
(0.00213192 -0.00803193 0)
(-0.00111532 -0.00614904 0)
(-0.00522199 -0.00415436 0)
(-0.0100643 -0.00210057 0)
(-0.015537 -3.49864e-05 0)
(-0.0215388 0.00199738 0)
(-0.0278571 0.00395146 0)
(-0.0343116 0.00578297 0)
(-0.0407841 0.00745204 0)
(-0.0470974 0.00893668 0)
(-0.0531857 0.01025 0)
(-0.0589638 0.0113058 0)
(-0.0642551 0.0120589 0)
(-0.0689569 0.0125342 0)
(-0.072973 0.0127218 0)
(-0.076232 0.0126199 0)
(-0.0786832 0.0122381 0)
(-0.0802929 0.0115935 0)
(-0.081044 0.0107104 0)
(-0.0809359 0.00962092 0)
(-0.0799828 0.00836207 0)
(-0.0782135 0.00697468 0)
(-0.075665 0.00549994 0)
(-0.0723767 0.0039815 0)
(-0.0684215 0.00246357 0)
(-0.0638892 0.00098429 0)
(-0.0588412 -0.00042443 0)
(-0.0533367 -0.00173684 0)
(-0.0474832 -0.00292767 0)
(-0.0413862 -0.00398181 0)
(-0.0351034 -0.00488986 0)
(-0.0287062 -0.00564628 0)
(-0.0222435 -0.00624911 0)
(-0.0156779 -0.0067004 0)
(-0.00904219 -0.00699963 0)
(-0.00282864 -0.00627086 0)
(-0.00187999 -0.0120577 0)
(-0.00374168 -0.0136591 0)
(-0.00838569 -0.0134323 0)
(-0.0124127 -0.0126078 0)
(-0.0165375 -0.0112646 0)
(-0.0212956 -0.00948053 0)
(-0.0267345 -0.00734405 0)
(-0.032826 -0.0049489 0)
(-0.0394704 -0.00238786 0)
(-0.0465969 0.000260495 0)
(-0.0541447 0.00292488 0)
(-0.0619316 0.00553633 0)
(-0.0697685 0.00801739 0)
(-0.0775744 0.010311 0)
(-0.0853222 0.0123691 0)
(-0.0929039 0.0141492 0)
(-0.100125 0.0156194 0)
(-0.10688 0.0167777 0)
(-0.113156 0.0175402 0)
(-0.118872 0.0179335 0)
(-0.123894 0.0179439 0)
(-0.128138 0.0175718 0)
(-0.13153 0.016825 0)
(-0.134012 0.0157184 0)
(-0.135534 0.0142761 0)
(-0.136057 0.0125304 0)
(-0.135549 0.0105208 0)
(-0.133994 0.00829367 0)
(-0.131385 0.00590057 0)
(-0.127725 0.00339758 0)
(-0.123028 0.000842256 0)
(-0.117286 -0.00170566 0)
(-0.11056 -0.00419496 0)
(-0.102959 -0.00656519 0)
(-0.0945784 -0.00876075 0)
(-0.0855584 -0.0107375 0)
(-0.0760164 -0.0124606 0)
(-0.0660672 -0.01391 0)
(-0.0558706 -0.0150824 0)
(-0.0455437 -0.0159912 0)
(-0.0351654 -0.0166652 0)
(-0.024743 -0.0171452 0)
(-0.0143071 -0.0174616 0)
(-0.00449905 -0.0155703 0)
(-0.00448169 -0.00596312 0)
(-0.0123333 -0.00681297 0)
(-0.0233171 -0.00651912 0)
(-0.033483 -0.00540578 0)
(-0.0436251 -0.00365661 0)
(-0.0541475 -0.00145802 0)
(-0.0649337 0.00103529 0)
(-0.0758087 0.00370397 0)
(-0.0865353 0.00644638 0)
(-0.0969552 0.00917017 0)
(-0.106968 0.0118139 0)
(-0.116565 0.0143175 0)
(-0.125715 0.0166145 0)
(-0.134326 0.0186457 0)
(-0.142398 0.020364 0)
(-0.149915 0.0217367 0)
(-0.156813 0.0227302 0)
(-0.16304 0.023294 0)
(-0.168619 0.0234413 0)
(-0.173532 0.0231389 0)
(-0.1777 0.022388 0)
(-0.181078 0.0211915 0)
(-0.183621 0.0195627 0)
(-0.185287 0.0175215 0)
(-0.186032 0.0150979 0)
(-0.185809 0.0123287 0)
(-0.184574 0.00925817 0)
(-0.18228 0.00593756 0)
(-0.178884 0.00242324 0)
(-0.174334 -0.00122605 0)
(-0.168581 -0.00494229 0)
(-0.161637 -0.008656 0)
(-0.153462 -0.0122974 0)
(-0.144005 -0.0157894 0)
(-0.133322 -0.0190511 0)
(-0.121487 -0.0220016 0)
(-0.10859 -0.0245634 0)
(-0.0947905 -0.0266766 0)
(-0.0803201 -0.0283083 0)
(-0.0654379 -0.0294663 0)
(-0.0504164 -0.0302016 0)
(-0.0353817 -0.0306292 0)
(-0.0204391 -0.030859 0)
(-0.00643907 -0.0275662 0)
(-0.00748145 0.0048663 0)
(-0.022287 0.00519428 0)
(-0.0405734 0.00546577 0)
(-0.057705 0.0066053 0)
(-0.074281 0.00831716 0)
(-0.0904497 0.0102921 0)
(-0.105773 0.0123847 0)
(-0.119979 0.0145037 0)
(-0.133008 0.0166002 0)
(-0.144798 0.018643 0)
(-0.155317 0.0206055 0)
(-0.164693 0.0224376 0)
(-0.173049 0.0240952 0)
(-0.180469 0.0255194 0)
(-0.187046 0.026655 0)
(-0.192863 0.0274575 0)
(-0.197974 0.027887 0)
(-0.202386 0.0279028 0)
(-0.206176 0.0274648 0)
(-0.209399 0.0265699 0)
(-0.212015 0.0252082 0)
(-0.214023 0.0233745 0)
(-0.215413 0.0210802 0)
(-0.216164 0.0183407 0)
(-0.216248 0.0151837 0)
(-0.215625 0.011642 0)
(-0.214244 0.00775493 0)
(-0.212047 0.00356862 0)
(-0.208971 -0.000867746 0)
(-0.204916 -0.00549923 0)
(-0.199772 -0.0102654 0)
(-0.193453 -0.0151003 0)
(-0.185823 -0.0199219 0)
(-0.17672 -0.0246542 0)
(-0.166019 -0.0292073 0)
(-0.153607 -0.0334709 0)
(-0.13941 -0.0373144 0)
(-0.123448 -0.0406036 0)
(-0.10588 -0.0432171 0)
(-0.0870017 -0.045082 0)
(-0.0673302 -0.0461744 0)
(-0.047217 -0.0466627 0)
(-0.0272051 -0.0467062 0)
(-0.00856518 -0.0418318 0)
(-0.0110268 0.0200171 0)
(-0.0338549 0.0217905 0)
(-0.0601206 0.0217717 0)
(-0.0843189 0.0221708 0)
(-0.106357 0.022911 0)
(-0.126321 0.0236232 0)
(-0.143687 0.0243246 0)
(-0.158433 0.025008 0)
(-0.170744 0.0257141 0)
(-0.180874 0.0264882 0)
(-0.189088 0.0273397 0)
(-0.195711 0.0282176 0)
(-0.201031 0.029056 0)
(-0.205279 0.0297782 0)
(-0.208649 0.030311 0)
(-0.211299 0.0305849 0)
(-0.213351 0.0305475 0)
(-0.214904 0.0301612 0)
(-0.216042 0.029311 0)
(-0.216825 0.0280423 0)
(-0.217299 0.0263241 0)
(-0.217494 0.024138 0)
(-0.217432 0.0214896 0)
(-0.21712 0.0183855 0)
(-0.216556 0.0148465 0)
(-0.215722 0.0108966 0)
(-0.214583 0.00656456 0)
(-0.213088 0.00188466 0)
(-0.211179 -0.00311034 0)
(-0.208744 -0.00837207 0)
(-0.205643 -0.0138648 0)
(-0.201733 -0.0195403 0)
(-0.196799 -0.0253415 0)
(-0.190575 -0.0312135 0)
(-0.182755 -0.0370811 0)
(-0.172987 -0.0428389 0)
(-0.160904 -0.0483342 0)
(-0.146175 -0.05337 0)
(-0.128605 -0.057712 0)
(-0.108135 -0.0611459 0)
(-0.085313 -0.0633855 0)
(-0.0603724 -0.064559 0)
(-0.0349363 -0.0645032 0)
(-0.0110411 -0.0579748 0)
(-0.0156759 0.0390897 0)
(-0.0479227 0.0419915 0)
(-0.082026 0.0409328 0)
(-0.111926 0.0390809 0)
(-0.136111 0.0375034 0)
(-0.155909 0.0357593 0)
(-0.171123 0.0341802 0)
(-0.182459 0.0328213 0)
(-0.190552 0.0317826 0)
(-0.196046 0.0310956 0)
(-0.199479 0.0307727 0)
(-0.201343 0.0307216 0)
(-0.202018 0.0308254 0)
(-0.201803 0.0309666 0)
(-0.200929 0.0310411 0)
(-0.199573 0.0309549 0)
(-0.197878 0.0306359 0)
(-0.196002 0.030018 0)
(-0.194012 0.0290259 0)
(-0.191959 0.027642 0)
(-0.189957 0.0258412 0)
(-0.188063 0.0235971 0)
(-0.186324 0.0209106 0)
(-0.184783 0.0177801 0)
(-0.18347 0.0142188 0)
(-0.182404 0.0102426 0)
(-0.181585 0.00586785 0)
(-0.181002 0.00111697 0)
(-0.1806 -0.00399454 0)
(-0.180316 -0.00944169 0)
(-0.18006 -0.0152086 0)
(-0.179665 -0.0212775 0)
(-0.178916 -0.0276357 0)
(-0.177513 -0.0342744 0)
(-0.175056 -0.0411687 0)
(-0.171023 -0.048266 0)
(-0.164778 -0.0554496 0)
(-0.155558 -0.0625354 0)
(-0.142613 -0.0692351 0)
(-0.125002 -0.07526 0)
(-0.102874 -0.0798917 0)
(-0.0749767 -0.0832054 0)
(-0.0448005 -0.0836843 0)
(-0.0145673 -0.0759569 0)
(-0.0226116 0.0620597 0)
(-0.065761 0.0642446 0)
(-0.104641 0.0606475 0)
(-0.136317 0.0543717 0)
(-0.156886 0.0491711 0)
(-0.171242 0.0441356 0)
(-0.17969 0.0399231 0)
(-0.183993 0.0364601 0)
(-0.185165 0.0338088 0)
(-0.184098 0.0318773 0)
(-0.18142 0.0306472 0)
(-0.17765 0.02993 0)
(-0.173132 0.0295533 0)
(-0.168126 0.0293521 0)
(-0.162824 0.0291912 0)
(-0.157373 0.0289551 0)
(-0.151895 0.0285579 0)
(-0.14654 0.0279064 0)
(-0.141373 0.0269799 0)
(-0.136455 0.0256922 0)
(-0.131917 0.0240304 0)
(-0.12784 0.0219639 0)
(-0.124302 0.0194912 0)
(-0.121379 0.0166058 0)
(-0.119139 0.0133153 0)
(-0.117645 0.00962998 0)
(-0.116944 0.00555625 0)
(-0.117072 0.00110729 0)
(-0.118029 -0.0037155 0)
(-0.119815 -0.0089132 0)
(-0.122406 -0.0144833 0)
(-0.125705 -0.0204412 0)
(-0.129567 -0.0268149 0)
(-0.133759 -0.033655 0)
(-0.137926 -0.0410103 0)
(-0.141539 -0.0489201 0)
(-0.143884 -0.0573645 0)
(-0.143911 -0.0662785 0)
(-0.140457 -0.0754457 0)
(-0.131344 -0.0847471 0)
(-0.1162 -0.0930228 0)
(-0.0897431 -0.100701 0)
(-0.0584264 -0.103216 0)
(-0.0204396 -0.0963153 0)
(-0.0329867 0.0893992 0)
(-0.0877376 0.0862195 0)
(-0.123296 0.0779361 0)
(-0.15026 0.0650241 0)
(-0.160112 0.0555486 0)
(-0.164087 0.047182 0)
(-0.162332 0.0407208 0)
(-0.157584 0.0356692 0)
(-0.150805 0.0319314 0)
(-0.142844 0.0292942 0)
(-0.134161 0.0275795 0)
(-0.125122 0.0265593 0)
(-0.115911 0.0260006 0)
(-0.10667 0.0257009 0)
(-0.097496 0.025507 0)
(-0.0884728 0.0252928 0)
(-0.079684 0.0249722 0)
(-0.0712371 0.0244469 0)
(-0.0632043 0.0236979 0)
(-0.0556646 0.0226356 0)
(-0.0487447 0.0212498 0)
(-0.0425521 0.019507 0)
(-0.037193 0.0174063 0)
(-0.0327792 0.0149394 0)
(-0.0294151 0.0121108 0)
(-0.0272069 0.0089282 0)
(-0.0262509 0.00539146 0)
(-0.0266384 0.0015076 0)
(-0.0284326 -0.00273166 0)
(-0.0317053 -0.00733815 0)
(-0.0365189 -0.0123245 0)
(-0.0428773 -0.0177276 0)
(-0.0507608 -0.0236056 0)
(-0.0600831 -0.0300578 0)
(-0.0706595 -0.0372027 0)
(-0.0821359 -0.0451779 0)
(-0.0939871 -0.0540862 0)
(-0.105192 -0.0640604 0)
(-0.11467 -0.0750753 0)
(-0.119104 -0.0875148 0)
(-0.118407 -0.0999802 0)
(-0.10025 -0.11428 0)
(-0.076488 -0.121072 0)
(-0.02985 -0.120006 0)
(-0.0462983 0.121273 0)
(-0.111221 0.104451 0)
(-0.129403 0.0894224 0)
(-0.144089 0.0687813 0)
(-0.137062 0.0555487 0)
(-0.127869 0.0447668 0)
(-0.114849 0.0370557 0)
(-0.101243 0.0313023 0)
(-0.0873472 0.0272129 0)
(-0.0736883 0.0244413 0)
(-0.0603336 0.0226786 0)
(-0.0473491 0.0216766 0)
(-0.0347011 0.0211692 0)
(-0.0223754 0.0209406 0)
(-0.0103623 0.0208382 0)
(0.001324 0.0207395 0)
(0.0126412 0.0205689 0)
(0.023515 0.0202344 0)
(0.0338686 0.0197107 0)
(0.0436053 0.0189248 0)
(0.0525947 0.017868 0)
(0.0607054 0.0165085 0)
(0.0678022 0.0148467 0)
(0.0737413 0.0128755 0)
(0.078383 0.0105977 0)
(0.0815826 0.00802086 0)
(0.0832013 0.00514169 0)
(0.0830981 0.001964 0)
(0.0811523 -0.00152376 0)
(0.077225 -0.0053371 0)
(0.0711728 -0.0094951 0)
(0.0628886 -0.0140441 0)
(0.0522562 -0.0190553 0)
(0.0391873 -0.0246539 0)
(0.0236292 -0.0310016 0)
(0.00564396 -0.0383069 0)
(-0.014658 -0.0467731 0)
(-0.0365913 -0.0567315 0)
(-0.0598173 -0.0683854 0)
(-0.08037 -0.0828492 0)
(-0.100329 -0.0988101 0)
(-0.0981478 -0.120815 0)
(-0.0964581 -0.134071 0)
(-0.0421165 -0.147617 0)
(-0.0579782 0.156302 0)
(-0.12839 0.11487 0)
(-0.111269 0.0922449 0)
(-0.107677 0.0649898 0)
(-0.0809903 0.0496957 0)
(-0.0590671 0.0380954 0)
(-0.0364025 0.0303759 0)
(-0.0161317 0.0248489 0)
(0.00258513 0.0210833 0)
(0.0197242 0.01861 0)
(0.0357086 0.0171174 0)
(0.0508083 0.0163299 0)
(0.0652762 0.0159931 0)
(0.0792682 0.0159048 0)
(0.0928813 0.01593 0)
(0.106152 0.0159619 0)
(0.119065 0.0159381 0)
(0.131564 0.0157879 0)
(0.14356 0.0154801 0)
(0.154941 0.0149595 0)
(0.165562 0.0142207 0)
(0.175267 0.0132372 0)
(0.183896 0.0120104 0)
(0.191274 0.0105361 0)
(0.197234 0.00881629 0)
(0.201601 0.00685902 0)
(0.204204 0.0046603 0)
(0.204865 0.00222293 0)
(0.20342 -0.000463516 0)
(0.19968 -0.00341489 0)
(0.193444 -0.00664796 0)
(0.184522 -0.0102084 0)
(0.172688 -0.0141647 0)
(0.157701 -0.0186432 0)
(0.139276 -0.0238145 0)
(0.117162 -0.0299128 0)
(0.0909622 -0.0371873 0)
(0.0608601 -0.046097 0)
(0.0259541 -0.0570138 0)
(-0.00975382 -0.071717 0)
(-0.0527876 -0.089285 0)
(-0.0722411 -0.117845 0)
(-0.1105 -0.138542 0)
(-0.0522565 -0.178071 0)
(-0.0572632 0.190387 0)
(-0.125272 0.114236 0)
(-0.0567458 0.0852107 0)
(-0.0330425 0.0548718 0)
(0.0112702 0.039836 0)
(0.0423862 0.029136 0)
(0.0710002 0.0224683 0)
(0.0945358 0.0178601 0)
(0.115084 0.0148422 0)
(0.13313 0.0129278 0)
(0.149543 0.0118388 0)
(0.164866 0.0113246 0)
(0.179524 0.0111702 0)
(0.193765 0.0112075 0)
(0.207732 0.0113299 0)
(0.221484 0.0114532 0)
(0.235016 0.0115327 0)
(0.248268 0.0115136 0)
(0.261138 0.0113724 0)
(0.273494 0.0110673 0)
(0.285173 0.0105963 0)
(0.295999 0.00993925 0)
(0.305787 0.00909816 0)
(0.314344 0.00807176 0)
(0.321479 0.00686148 0)
(0.327 0.00547535 0)
(0.330716 0.00391 0)
(0.332431 0.00216795 0)
(0.331953 0.000241394 0)
(0.329069 -0.00188172 0)
(0.323548 -0.00421431 0)
(0.31515 -0.0067937 0)
(0.303587 -0.00967573 0)
(0.288518 -0.0129686 0)
(0.269488 -0.0168232 0)
(0.245997 -0.021456 0)
(0.217194 -0.027104 0)
(0.18278 -0.0342505 0)
(0.140505 -0.0433214 0)
(0.0939438 -0.0564284 0)
(0.030681 -0.0732463 0)
(-0.0113501 -0.104592 0)
(-0.104765 -0.131726 0)
(-0.0491219 -0.207442 0)
(-0.0267727 0.216218 0)
(-0.0829992 0.101552 0)
(0.0432616 0.0695751 0)
(0.0835091 0.041067 0)
(0.138903 0.0284058 0)
(0.173762 0.0199056 0)
(0.203716 0.0148979 0)
(0.226902 0.0115421 0)
(0.246388 0.00942181 0)
(0.263014 0.00812321 0)
(0.27794 0.00743028 0)
(0.291869 0.00714946 0)
(0.305312 0.00712184 0)
(0.318547 0.00722408 0)
(0.331727 0.0073817 0)
(0.344902 0.00753476 0)
(0.358061 0.00765663 0)
(0.371134 0.0077034 0)
(0.384002 0.00766501 0)
(0.396518 0.00751061 0)
(0.408503 0.00724016 0)
(0.419772 0.00684006 0)
(0.430121 0.0063122 0)
(0.439351 0.00565711 0)
(0.447261 0.00487565 0)
(0.453654 0.0039749 0)
(0.458336 0.00295245 0)
(0.461107 0.00181048 0)
(0.461771 0.000544111 0)
(0.460113 -0.000854361 0)
(0.455897 -0.00239356 0)
(0.448878 -0.0040999 0)
(0.438748 -0.0060129 0)
(0.425137 -0.00821245 0)
(0.407505 -0.0108131 0)
(0.385217 -0.0139835 0)
(0.357131 -0.0179121 0)
(0.322624 -0.0230105 0)
(0.278411 -0.0296596 0)
(0.227433 -0.039843 0)
(0.151814 -0.0537476 0)
(0.092208 -0.0828624 0)
(-0.0609297 -0.113297 0)
(-0.0155017 -0.228583 0)
(0.0551886 0.224081 0)
(0.0184728 0.0789129 0)
(0.191992 0.0488332 0)
(0.240603 0.0266969 0)
(0.297895 0.0176529 0)
(0.330802 0.0119246 0)
(0.357807 0.00868931 0)
(0.377679 0.00658271 0)
(0.393903 0.00529072 0)
(0.407449 0.00452385 0)
(0.419548 0.00413791 0)
(0.430928 0.00400686 0)
(0.442094 0.00403073 0)
(0.453305 0.0041318 0)
(0.464688 0.004265 0)
(0.476275 0.00439242 0)
(0.488041 0.00449999 0)
(0.499905 0.00455934 0)
(0.511745 0.00456595 0)
(0.523405 0.00450056 0)
(0.534709 0.0043638 0)
(0.54547 0.00414772 0)
(0.555491 0.00385339 0)
(0.564578 0.00348213 0)
(0.572539 0.00303406 0)
(0.579187 0.00251441 0)
(0.584343 0.00192163 0)
(0.587822 0.00125722 0)
(0.589442 0.000518778 0)
(0.589007 -0.000298296 0)
(0.586306 -0.00119866 0)
(0.581113 -0.00219892 0)
(0.573151 -0.00332319 0)
(0.562072 -0.00462168 0)
(0.54735 -0.00616805 0)
(0.528335 -0.00807253 0)
(0.503814 -0.0104621 0)
(0.473049 -0.0136226 0)
(0.432327 -0.0178411 0)
(0.383975 -0.0245812 0)
(0.307038 -0.0343255 0)
(0.239974 -0.0567967 0)
(0.0401914 -0.0859081 0)
(0.0691717 -0.231953 0)
(0.209695 0.204325 0)
(0.195117 0.0509034 0)
(0.385816 0.0277394 0)
(0.432518 0.0143723 0)
(0.482498 0.0091047 0)
(0.509016 0.00598982 0)
(0.530046 0.00426539 0)
(0.544837 0.0031756 0)
(0.556632 0.00251874 0)
(0.566303 0.0021364 0)
(0.574931 0.00194856 0)
(0.583135 0.00188984 0)
(0.591335 0.00190994 0)
(0.599736 0.00196915 0)
(0.608433 0.00204521 0)
(0.61744 0.0021179 0)
(0.626727 0.00218114 0)
(0.636218 0.00221966 0)
(0.6458 0.00223222 0)
(0.65534 0.00220886 0)
(0.664681 0.0021499 0)
(0.673666 0.00205174 0)
(0.682123 0.00191438 0)
(0.689892 0.0017392 0)
(0.69681 0.00152563 0)
(0.702722 0.00127676 0)
(0.70748 0.000991621 0)
(0.710933 0.000670857 0)
(0.712934 0.000313685 0)
(0.713324 -8.25236e-05 0)
(0.711937 -0.000519765 0)
(0.708592 -0.00100705 0)
(0.703067 -0.00155669 0)
(0.695084 -0.00219407 0)
(0.684204 -0.00295771 0)
(0.669881 -0.00390448 0)
(0.651049 -0.00510595 0)
(0.627045 -0.00671554 0)
(0.59444 -0.00891989 0)
(0.555 -0.0125156 0)
(0.488499 -0.0180883 0)
(0.426763 -0.0315967 0)
(0.21373 -0.0543419 0)
(0.224083 -0.208383 0)
(0.451088 0.159056 0)
(0.454112 0.0250066 0)
(0.615416 0.0115187 0)
(0.650387 0.00585743 0)
(0.685625 0.00355187 0)
(0.703244 0.0023112 0)
(0.716895 0.00161611 0)
(0.726172 0.00119181 0)
(0.73344 0.000935221 0)
(0.739303 0.000785641 0)
(0.744498 0.000709029 0)
(0.749433 0.000681101 0)
(0.754388 0.000683785 0)
(0.759499 0.000701936 0)
(0.764831 0.000727593 0)
(0.770397 0.000752399 0)
(0.776177 0.000774698 0)
(0.782122 0.000788201 0)
(0.78816 0.000792828 0)
(0.794204 0.000785049 0)
(0.800152 0.00076437 0)
(0.805904 0.000730238 0)
(0.81135 0.000681698 0)
(0.816384 0.000620048 0)
(0.820901 0.000544318 0)
(0.824803 0.000455952 0)
(0.827993 0.000354462 0)
(0.830373 0.000239749 0)
(0.831849 0.000111937 0)
(0.832317 -3.04555e-05 0)
(0.83167 -0.000187981 0)
(0.829791 -0.000364504 0)
(0.826533 -0.00056494 0)
(0.821712 -0.000798519 0)
(0.815037 -0.00108045 0)
(0.806146 -0.00143135 0)
(0.794306 -0.00188271 0)
(0.779062 -0.00249135 0)
(0.757925 -0.00335622 0)
(0.732081 -0.00475431 0)
(0.686311 -0.00714961 0)
(0.642289 -0.0128331 0)
(0.466303 -0.0262469 0)
(0.461924 -0.16056 0)
(0.781463 0.0411804 0)
(0.789333 0.00451177 0)
(0.86511 0.00176522 0)
(0.879591 0.000906412 0)
(0.893811 0.000529205 0)
(0.900675 0.000345204 0)
(0.905955 0.000238631 0)
(0.909489 0.000175679 0)
(0.912235 0.000136892 0)
(0.914416 0.00011391 0)
(0.916309 0.000101241 0)
(0.918059 9.55598e-05 0)
(0.91977 9.44712e-05 0)
(0.921496 9.57462e-05 0)
(0.923269 9.83311e-05 0)
(0.925097 0.00010089 0)
(0.926979 0.000103356 0)
(0.928902 0.00010469 0)
(0.930845 0.000104925 0)
(0.932783 0.000103656 0)
(0.934685 0.000100618 0)
(0.936519 9.59651e-05 0)
(0.93825 8.92991e-05 0)
(0.939845 8.10094e-05 0)
(0.94127 7.07734e-05 0)
(0.942493 5.886e-05 0)
(0.943481 4.51816e-05 0)
(0.944202 2.96306e-05 0)
(0.944622 1.23303e-05 0)
(0.944706 -7.05832e-06 0)
(0.944416 -2.85686e-05 0)
(0.943709 -5.28355e-05 0)
(0.942529 -8.06377e-05 0)
(0.940807 -0.000113201 0)
(0.938435 -0.000152855 0)
(0.935281 -0.000202294 0)
(0.931066 -0.00026682 0)
(0.925621 -0.000353918 0)
(0.917936 -0.000482974 0)
(0.9085 -0.000685355 0)
(0.890958 -0.0010719 0)
(0.87392 -0.00192731 0)
(0.793186 -0.00468198 0)
(0.785194 -0.041398 0)
)
;

boundaryField
{
    movingWall
    {
        type            fixedValue;
        value           uniform (1 0 0);
    }
    fixedWalls
    {
        type            noSlip;
    }
    frontAndBack
    {
        type            empty;
    }
    defaultFaces
    {
        type            empty;
    }
}


// ************************************************************************* //
