/*--------------------------------*- C++ -*----------------------------------*\
  =========                 |
  \\      /  F ield         | OpenFOAM: The Open Source CFD Toolbox
   \\    /   O peration     | Website:  https://openfoam.org
    \\  /    A nd           | Version:  7
     \\/     M anipulation  |
\*---------------------------------------------------------------------------*/
FoamFile
{
    version     2.0;
    format      ascii;
    class       surfaceScalarField;
    location    "0.14";
    object      phi;
}
// * * * * * * * * * * * * * * * * * * * * * * * * * * * * * * * * * * * * * //

dimensions      [0 3 -1 0 0 0 0];

internalField   nonuniform List<scalar> 
3784
(
-0.00235507
0.00235508
-0.0021323
-0.000222773
-0.000703487
-0.00142881
0.000150793
-0.00085428
0.000517788
-0.000366996
0.00095525
-0.000437462
0.00119136
-0.000236113
0.000950873
0.000240487
0.000171383
0.000779491
-0.000676907
0.000848292
-0.0010322
0.00035529
-0.000557387
-0.000474813
0.000649025
-0.00120641
0.00149957
-0.000850541
0.000922924
0.000576645
-0.000611246
0.00153417
-0.00161295
0.00100171
-0.000970555
-0.000642398
0.000640973
-0.00161153
0.00173302
-0.00109205
0.00160282
0.000130203
0.000334505
0.00126831
-0.00106322
0.00139772
-0.00130731
0.000244091
-0.000256824
-0.00105049
0.0010118
-0.00126862
0.00124478
-0.000232981
0.000126345
0.00111843
-0.00140741
0.00153376
-0.00184849
0.000441079
-0.000639637
-0.00120886
0.000913484
-0.00155312
0.00150381
-0.000590324
0.000778466
0.000725343
-0.000692487
0.00147095
-0.0016501
0.000957609
-0.00111471
-0.000535383
0.000364499
-0.00147921
0.00143933
-0.00107483
0.0011551
0.000284233
-0.000242002
0.0013971
-0.00148132
0.00123932
-0.00134727
-0.000134054
-0.00134727
-0.0032696
0.00562468
-0.00321237
-0.000279995
-0.000776938
-0.00386425
0.000135434
-0.00176665
0.000393901
-0.000625462
0.000975404
-0.00101896
0.0012258
-0.000486509
0.000946294
0.00051999
0.000238091
0.00148769
-0.000556048
0.00164243
-0.0012531
0.00105234
-0.000905735
-0.000822175
0.000850873
-0.00296302
0.00174596
-0.00174564
0.000811432
0.00151118
-0.000474676
0.00282028
-0.00160793
0.00213496
-0.00135059
-0.000899734
0.000896656
-0.00385877
0.00214768
-0.00234307
0.0014337
0.000844177
0.000330887
0.00237113
-0.000951369
0.00267998
-0.00170282
0.000995539
-0.000380513
-0.00237279
0.00146042
-0.00310955
0.00127342
-4.59832e-05
1.97096e-06
0.00238988
-0.0012524
0.00278813
-0.00210712
0.00129579
-0.000886531
-0.00242944
0.00137575
-0.0038154
0.00168983
-0.0009044
0.000596843
0.00181833
-0.000570297
0.00263809
-0.00175578
0.00214309
-0.00153509
-0.000756073
0.000589142
-0.00360344
0.00180702
-0.00229271
0.00100847
0.00108278
-0.000184401
0.00258997
-0.00138437
0.00243929
-0.00182846
0.000310031
-0.00317572
-0.00309703
0.0087217
-0.00349175
0.000114721
-0.00117353
-0.00618246
0.000115734
-0.00305592
0.000496499
-0.00100623
0.00105006
-0.00157253
0.00129459
-0.000731033
0.00089319
0.00092139
6.85454e-06
0.00237403
-0.000938411
0.00258769
-0.00158731
0.00170124
-0.000896131
-0.00151335
0.00119997
-0.00505912
0.00216924
-0.00271492
0.00112087
0.00255956
-0.000421938
0.00436309
-0.00183729
0.00355031
-0.00164669
-0.00109034
0.000851732
-0.00635719
0.00238318
-0.00387452
0.0015414
0.00168596
4.93216e-05
0.00386321
-0.00143653
0.00416583
-0.00209915
0.00165816
-0.00046423
-0.00400771
0.00174588
-0.00531967
0.00174023
-4.0328e-05
0.000324796
0.00380531
-0.00126991
0.00438284
-0.00238586
0.00241174
-0.00111962
-0.00369568
0.00149503
-0.00643005
0.00206082
-0.0014702
0.00080511
0.00307404
-0.000727918
0.00417112
-0.00210344
0.00351861
-0.00175161
-0.0011079
0.00070935
-0.00606441
0.00215925
-0.00374261
0.00130092
0.00194111
-0.000205157
0.00409605
-0.00170423
0.00393836
-0.00211764
0.00072344
-0.00529337
-0.00239015
0.0111119
-0.00315514
0.000879714
-0.00165934
-0.00767827
-0.000368996
-0.00434626
0.000212873
-0.0015881
0.000644813
-0.00200447
0.000775244
-0.000861465
0.000401721
0.00129491
-0.000239523
0.00301527
-0.000860903
0.00320907
-0.00119223
0.00203256
-0.000514876
-0.0021907
0.00103453
-0.00660852
0.00163609
-0.00331648
0.000904636
0.00329101
-9.27673e-05
0.00536049
-0.00111085
0.0045684
-0.00112642
-0.00107477
0.000542091
-0.0080257
0.00161823
-0.00495066
0.000916896
0.0023873
-0.000224438
0.00500454
-0.00118832
0.00512971
-0.00154713
0.00201697
-0.000348915
-0.00520592
0.00124574
-0.00691432
0.00132848
-0.00012307
0.000415226
0.00471857
-0.000669758
0.00546782
-0.00157139
0.00331337
-0.000847165
-0.0044199
0.000990782
-0.008268
0.00146762
-0.00194704
0.000567018
0.00397464
-0.000523863
0.005262
-0.00147748
0.00447224
-0.00121222
-0.00137317
0.000529302
-0.00780593
0.00153933
-0.00475264
0.000918394
0.00256204
-0.000128197
0.00514264
-0.00116245
0.00497261
-0.00145931
0.00102031
-0.00675268
-0.0016858
0.0127977
-0.00275413
0.00194805
-0.0020769
-0.00835551
-0.000950459
-0.0054727
-0.000225629
-0.00231293
7.68182e-05
-0.00230692
0.000118924
-0.000903572
-0.000152624
0.00156646
-0.000473646
0.0033363
-0.000749592
0.00348502
-0.000757536
0.00204051
-0.000118029
-0.00283021
0.000810656
-0.0075372
0.00104753
-0.00355335
0.000616555
0.00372198
0.000165147
0.0058119
-0.000363294
0.00509684
-0.000563505
-0.000874554
0.000202733
-0.00879194
0.000825942
-0.00557387
0.000332119
0.00288112
-0.000356838
0.0056935
-0.000799538
0.00557242
-0.000948245
0.00216568
-0.000217349
-0.00593682
0.000716418
-0.00784809
0.000838758
-0.000245408
0.000424337
0.00513299
-0.000119545
0.0060117
-0.000713303
0.00390713
-0.000527664
-0.00460554
0.000458469
-0.00925413
0.000819179
-0.00230775
0.000314853
0.00447897
-0.000291864
0.00586872
-0.000746729
0.0049271
-0.000624559
-0.00149534
0.000337914
-0.0087684
0.000889272
-0.00530399
0.000484823
0.00296649
-6.09779e-05
0.00568844
-0.000562998
0.00547463
-0.000767932
0.00122524
-0.00752061
-0.000917896
0.0137156
-0.00220148
0.00323163
-0.00234133
-0.00821566
-0.00152769
-0.00628635
-0.000791968
-0.00304865
-0.000588398
-0.00251049
-0.000606881
-0.000885087
-0.000669614
0.00162919
-0.000616819
0.0032835
-0.000511819
0.00338003
-0.000253786
0.00178248
0.000263465
-0.00334746
0.000509521
-0.00778326
0.000361035
-0.00340486
0.000264803
0.00381822
0.000326046
0.00575066
0.000305637
0.00511724
-1.29342e-05
-0.00055598
-0.000112682
-0.00869219
3.60697e-05
-0.00572263
-0.000129153
0.00304635
-0.000288134
0.00585248
-0.000294395
0.00557868
-0.000282021
0.0021533
-6.0246e-05
-0.00615859
0.000185757
-0.00809409
0.000252519
-0.00031217
0.000306683
0.00507883
0.000326438
0.00599195
0.000140288
0.00409328
-0.000178299
-0.00428696
-7.33806e-05
-0.00935905
0.000106246
-0.00248737
5.37265e-05
0.00453149
5.73035e-07
0.00592187
2.22568e-05
0.00490542
-1.03629e-05
-0.00146272
0.000129273
-0.00890804
0.000187427
-0.00536215
5.35925e-05
0.00310033
2.50016e-06
0.00573954
2.39605e-06
0.00547474
-8.90444e-05
0.00131668
-0.00760966
-9.38588e-05
0.0138094
-0.00138745
0.00452523
-0.00230043
-0.00730268
-0.00199583
-0.00659095
-0.00138872
-0.00365577
-0.00125924
-0.00263997
-0.00124016
-0.000904163
-0.0010546
0.00144363
-0.000669478
0.00289838
-0.000233375
0.00294392
0.000213529
0.00133557
0.000526736
-0.00366067
0.000129513
-0.00738603
-0.000345193
-0.00293016
-0.000117578
0.0035906
0.000408241
0.00522484
0.000829584
0.0046959
0.000503072
-0.000229467
-0.000354885
-0.00783424
-0.00068624
-0.00539127
-0.000480239
0.00284035
-0.000111658
0.0054839
0.000267226
0.00519979
0.000412958
0.00200757
0.000102593
-0.00584823
-0.000332447
-0.00765906
-0.000332612
-0.000312005
9.14609e-05
0.00465475
0.000629261
0.00545415
0.000853217
0.00386932
0.000182985
-0.00361672
-0.000529288
-0.00864678
-0.000543601
-0.00247306
-0.000195843
0.00418373
0.000298287
0.00542774
0.000728456
0.00447525
0.000541612
-0.00127587
-9.43139e-05
-0.00827211
-0.000486373
-0.00497009
-0.000343283
0.00295724
6.14487e-05
0.0053348
0.000491113
0.00504507
0.000560056
0.00124774
-0.0070496
0.000873052
0.0129364
-0.000164201
0.00556248
-0.0018044
-0.00566249
-0.00215706
-0.00623829
-0.00184058
-0.00397224
-0.001783
-0.00269755
-0.00169448
-0.000992687
-0.00128076
0.0010299
-0.000635195
0.00225282
-2.65692e-06
0.00231138
0.000613425
0.00071949
0.000613203
-0.00366044
-0.000341599
-0.00643123
-0.00095932
-0.00231244
-0.000466693
0.00309798
0.00041629
0.00434186
0.0011601
0.00395209
0.00094217
-1.15359e-05
-0.000488865
-0.0064032
-0.00125993
-0.0046202
-0.000753935
0.00233436
5.24342e-05
0.00467753
0.00076554
0.00448668
0.00106566
0.00170746
0.000239123
-0.0050217
-0.000810814
-0.00660912
-0.000770414
-0.000352404
-0.000115207
0.00399955
0.000794445
0.0045445
0.00133175
0.00333202
0.000510111
-0.00279509
-0.000865016
-0.00727165
-0.0010821
-0.00225598
-0.000400183
0.00350181
0.000512224
0.00451533
0.00119959
0.00378788
0.000987286
-0.00106357
-0.000316476
-0.00696835
-0.00109865
-0.00418792
-0.000679321
0.00253791
0.000112085
0.0045434
0.000869598
0.00428756
0.00107975
0.00103759
-0.00596985
0.00185821
0.0110781
0.00140697
0.00601372
-0.000755935
-0.00349958
-0.00181799
-0.00517624
-0.00194329
-0.00384694
-0.00200885
-0.00263199
-0.00186944
-0.00113209
-0.0013171
0.000477554
-0.00053238
0.0014681
0.000235587
0.00154342
0.000853103
0.000101974
0.000505154
-0.0033125
-0.000828106
-0.00509796
-0.00143516
-0.00170538
-0.000695427
0.00235824
0.00036967
0.00327677
0.0012508
0.00307096
0.00120644
3.28243e-05
-0.000513178
-0.00468358
-0.00161309
-0.00352029
-0.000906688
0.00162796
0.000115544
0.0036553
0.00107235
0.00352988
0.00151022
0.00126958
0.000314345
-0.00382582
-0.00115288
-0.0051419
-0.00110016
-0.000405118
-0.000227558
0.00312694
0.000853602
0.00346334
0.00158955
0.00259606
0.000767877
-0.00197341
-0.00101736
-0.00548641
-0.00142859
-0.00184474
-0.00053057
0.00260379
0.000574362
0.0034104
0.00144751
0.00291473
0.00124238
-0.000858442
-0.000470445
-0.00525552
-0.00150759
-0.00315078
-0.000841664
0.00187199
0.000155151
0.00354659
0.00107184
0.00337087
0.00142928
0.00068015
-0.00454057
0.00248516
0.00859299
0.00286054
0.00563834
0.000664063
-0.00130311
-0.000931614
-0.00358057
-0.00155402
-0.00322452
-0.00182469
-0.00236133
-0.0017211
-0.00123568
-0.00116765
-7.59037e-05
-0.000380318
0.000680765
0.000399182
0.00076392
0.000878705
-0.000377545
0.00025488
-0.00268868
-0.00120027
-0.00364282
-0.00166886
-0.00123678
-0.000807598
0.00149698
0.000246017
0.00222316
0.00120996
0.00210701
0.00123338
9.41106e-06
-0.000465
-0.0029852
-0.00167198
-0.00231331
-0.00100646
0.000962434
0.000110722
0.00253812
0.00118218
0.00245842
0.00162282
0.000828934
0.000332159
-0.00253515
-0.00129406
-0.00351568
-0.00128474
-0.000414433
-0.000297646
0.00213984
0.000764681
0.00240101
0.00159534
0.0017654
0.000877263
-0.00125533
-0.000982986
-0.00362616
-0.00149244
-0.00133528
-0.000540351
0.00165169
0.000551332
0.00231872
0.00150045
0.00196561
0.00128622
-0.000644209
-0.000511869
-0.00345743
-0.00158676
-0.00207589
-0.000897369
0.0011826
0.00017379
0.00247543
0.00119288
0.00235179
0.00152243
0.0003506
-0.00301814
0.00247461
0.00611838
0.00349782
0.00461512
0.00193825
0.000256473
0.000255935
-0.00189825
-0.0007363
-0.00223228
-0.00124018
-0.00185746
-0.00127724
-0.00119862
-0.000861147
-0.000491993
-0.000199025
1.86397e-05
0.000471641
9.32499e-05
0.000744002
-0.000649905
5.76397e-06
-0.00195044
-0.00128933
-0.00234772
-0.00160842
-0.000917686
-0.000824002
0.000712557
0.000114261
0.0012849
0.000994832
0.00122645
0.00101117
-6.92572e-06
-0.000380632
-0.00159341
-0.00142568
-0.00126826
-0.000941337
0.000478093
8.77041e-05
0.00150909
0.00105983
0.0014863
0.00141755
0.000471211
0.000309408
-0.00142701
-0.00117084
-0.00203544
-0.00123416
-0.000351104
-0.000315363
0.00122104
0.000624346
0.0014613
0.00136974
0.00102001
0.000815803
-0.000701398
-0.000784716
-0.00202565
-0.00127662
-0.00084338
-0.0004818
0.000856867
0.000475714
0.00136121
0.00132926
0.00111206
0.00110475
-0.000419697
-0.000438671
-0.00191401
-0.00134708
-0.00116748
-0.000797373
0.000632891
0.000178057
0.0015
0.00112338
0.00140647
0.00133206
0.000141925
-0.00168609
0.0020422
0.00407618
0.00328083
0.00337648
0.00247035
0.00106695
0.00120365
-0.00063155
0.000180317
-0.00120895
-0.000444675
-0.00123247
-0.000638919
-0.00100438
-0.000439201
-0.000691712
2.23346e-05
-0.000442895
0.000491098
-0.000375514
0.000567785
-0.000726592
-9.37983e-05
-0.00128886
-0.00106467
-0.00137684
-0.00129045
-0.000691903
-0.000733097
0.0001552
-1.22662e-05
0.000564067
0.000642844
0.000571335
0.000635707
2.08328e-07
-0.000284631
-0.000673069
-0.000995024
-0.000557865
-0.00070841
0.000191483
6.41953e-05
0.000736481
0.000790987
0.000759501
0.00102372
0.000238472
0.000248299
-0.000651586
-0.000830516
-0.000956619
-0.000943045
-0.000238574
-0.000269146
0.000547135
0.000451291
0.000740859
0.000986033
0.000485271
0.000610442
-0.000325809
-0.000497285
-0.000917923
-0.000884367
-0.000456296
-0.00035676
0.000329259
0.000357243
0.000647203
0.000965158
0.000504151
0.000764566
-0.000219108
-0.0002952
-0.000854243
-0.000927235
-0.000535445
-0.000580187
0.000285845
0.000153396
0.000766417
0.000858365
0.000701498
0.000945285
5.50086e-05
-0.000740799
0.00129065
0.00278553
0.00237023
0.00229691
0.00228594
0.00115124
0.00154383
0.00011056
0.000778722
-0.000443838
0.000240049
-0.000693795
-6.01681e-06
-0.00075831
3.03496e-05
-0.000728075
0.000244167
-0.000656715
0.000471812
-0.000603161
0.000421523
-0.000676301
-6.65152e-05
-0.00080082
-0.000671226
-0.000772134
-0.000856669
-0.000506458
-0.000558013
-0.000143454
-0.000102983
0.000109036
0.000293435
0.000174912
0.000287118
6.52549e-06
-0.000185801
-0.000200144
-0.000562261
-0.000181402
-0.00042509
5.43102e-05
4.06151e-05
0.000270773
0.000487114
0.000313
0.00060732
0.000118268
0.000164081
-0.000208344
-0.000450495
-0.000342042
-0.00056358
-0.000125489
-0.00018494
0.000168493
0.000274205
0.000281712
0.000576169
0.000183308
0.000359526
-0.000109167
-0.00023788
-0.00032052
-0.00048741
-0.000206764
-0.000220567
6.24157e-05
0.00021422
0.000212414
0.000550625
0.000167747
0.000409517
-7.79999e-05
-0.00016141
-0.000283314
-0.000518138
-0.000178715
-0.000344377
0.000112085
0.000105889
0.000316152
0.000520369
0.000287016
0.000531404
4.39747e-05
-0.000209392
0.000791648
0.00199388
0.00143516
0.00165339
0.00160803
0.000978367
0.00130241
0.000416182
0.000916206
-5.76303e-05
0.000578836
-0.00035643
0.000385581
-0.000565055
0.000332328
-0.000674815
0.000367012
-0.000691399
0.000400871
-0.000637029
0.000293346
-0.000568776
5.40657e-06
-0.000512877
-0.000313053
-0.000453673
-0.00045203
-0.000367483
-0.000356223
-0.000239262
-0.000132045
-0.000115142
6.57187e-05
-2.28505e-05
7.59024e-05
-3.6554e-06
-0.000101484
-2.27554e-05
-0.000252715
-3.01718e-05
-0.000201271
2.86253e-06
1.3517e-05
5.59808e-05
0.000234826
9.16923e-05
0.000289463
6.3634e-05
9.19966e-05
-1.0877e-05
-0.000183445
-6.66024e-05
-0.000259621
-4.93149e-05
-0.000103465
1.23372e-05
0.000124474
5.37726e-05
0.000260656
4.71248e-05
0.000164129
-1.26395e-05
-8.31599e-05
-7.32343e-05
-0.000212756
-7.71679e-05
-0.000118172
-3.21682e-05
8.25244e-05
1.17169e-05
0.000225407
2.48661e-05
0.00015706
-9.65202e-06
-8.27884e-05
-4.34635e-05
-0.00023806
-2.34432e-05
-0.000168449
4.24731e-05
4.93322e-05
9.83709e-05
0.000239201
9.71499e-05
0.00022581
5.73648e-05
1.64187e-05
0.00053766
0.00145622
0.000893434
0.00129762
0.00101802
0.000853776
0.000969291
0.000464911
0.000780185
0.000131485
0.00061223
-0.000188469
0.000475542
-0.00042837
0.00037849
-0.000577764
0.000310019
-0.000622928
0.000245636
-0.000572649
0.000150835
-0.000473978
1.7785e-05
-0.000379824
-0.000114975
-0.00032091
-0.000194274
-0.000288185
-0.000185589
-0.000247948
-0.000117805
-0.000182923
-4.09404e-05
-9.97106e-05
-1.70587e-05
-2.75368e-05
-4.81223e-05
8.30452e-06
-8.37402e-05
5.44229e-06
-6.9789e-05
-1.109e-05
-1.36121e-06
-1.24463e-05
7.85454e-05
1.17867e-05
0.000101487
4.06935e-05
4.66401e-05
4.39686e-05
-4.17794e-05
2.18151e-05
-8.12851e-05
-9.8092e-06
-4.20846e-05
-2.68616e-05
3.21407e-05
-2.04541e-05
7.83682e-05
8.93997e-07
5.46544e-05
1.10731e-05
-1.97762e-05
1.19543e-06
-7.16893e-05
-2.52552e-05
-5.70645e-05
-4.6792e-05
-9.79649e-07
-4.43672e-05
4.18088e-05
-1.79207e-05
2.20226e-05
1.01332e-05
-4.36535e-05
2.22116e-05
-8.72473e-05
2.0153e-05
-6.5862e-05
2.10893e-05
6.07622e-06
2.6432e-05
6.49374e-05
3.82913e-05
6.06044e-05
6.17004e-05
7.70225e-05
0.00041196
0.00104425
0.000688694
0.00102089
0.000789533
0.000752939
0.000780739
0.000473701
0.000712891
0.000199332
0.000574782
-5.03539e-05
0.000435979
-0.000289566
0.000298411
-0.000440202
0.000174468
-0.000498986
7.88961e-05
-0.000477074
1.10651e-05
-0.000406145
-3.708e-05
-0.000331679
-7.51197e-05
-0.00028287
-0.000104446
-0.000258857
-0.000117003
-0.000235386
-0.000108645
-0.000191277
-8.33724e-05
-0.000124985
-5.36506e-05
-5.72629e-05
-3.12381e-05
-1.41111e-05
-2.02479e-05
-5.54902e-06
-1.45063e-05
-1.68316e-05
-5.49114e-06
-2.14608e-05
1.04366e-05
-4.14162e-06
2.57873e-05
2.53415e-05
2.77544e-05
4.20015e-05
1.638e-05
3.31895e-05
6.90112e-07
5.88013e-06
-5.79034e-06
-2.03812e-05
-1.50811e-06
-2.47382e-05
8.61228e-06
-9.23033e-06
1.06927e-05
8.99167e-06
3.11822e-06
8.7717e-06
-1.04514e-05
-1.16848e-05
-2.35966e-05
-3.3648e-05
-2.99947e-05
-3.79711e-05
-2.87957e-05
-1.91184e-05
-2.77756e-05
9.116e-06
-3.17458e-05
2.61821e-05
-3.70297e-05
2.54376e-05
-3.22072e-05
1.62702e-05
-2.06366e-05
1.48617e-05
-1.10769e-05
2.87308e-05
-5.56572e-06
5.6193e-05
7.14592e-05
0.000314044
0.000730198
0.000572728
0.000762202
0.000704376
0.000621294
0.000736065
0.000442014
0.000693107
0.000242286
0.00060063
4.2122e-05
0.000446892
-0.000135825
0.00028375
-0.00027706
0.00013482
-0.000350057
2.12593e-05
-0.000363511
-4.68625e-05
-0.000338022
-7.83659e-05
-0.000300175
-9.25215e-05
-0.000268711
-0.000105124
-0.000246249
-0.000117663
-0.000222843
-0.000121935
-0.000187006
-0.000109213
-0.000137713
-7.9955e-05
-8.65243e-05
-4.54991e-05
-4.85661e-05
-2.02683e-05
-3.07794e-05
-1.0453e-05
-2.66486e-05
-9.77594e-06
-2.21389e-05
-5.99924e-06
-7.91888e-06
7.03718e-06
1.23038e-05
2.37581e-05
2.52805e-05
3.32237e-05
2.37246e-05
3.08411e-05
8.26066e-06
1.7767e-05
-7.31005e-06
5.9056e-06
-1.28781e-05
2.84597e-06
-6.17118e-06
8.64654e-06
3.19138e-06
1.38584e-05
3.56007e-06
8.49279e-06
-6.31998e-06
-7.30531e-06
-1.78521e-05
-2.47212e-05
-2.05573e-05
-3.36752e-05
-1.01639e-05
-3.14411e-05
6.88756e-06
-2.3747e-05
1.8493e-05
-1.90403e-05
2.07294e-05
-2.06312e-05
1.78591e-05
-2.47054e-05
1.89377e-05
-2.60478e-05
3.00739e-05
-1.73271e-05
4.74745e-05
5.41349e-05
0.000226624
0.000503575
0.000444841
0.000543981
0.000594409
0.000471723
0.000668717
0.000367707
0.000670915
0.000240087
0.000610491
0.000102547
0.00050244
-2.7772e-05
0.000360113
-0.000134731
0.000218272
-0.000208215
0.000100178
-0.000245417
1.70112e-05
-0.000254854
-3.43825e-05
-0.000248779
-6.61199e-05
-0.000236969
-8.96495e-05
-0.000222715
-0.00010868
-0.000203814
-0.000118664
-0.000177027
-0.000113497
-0.000142883
-9.29986e-05
-0.000107022
-6.4943e-05
-7.66211e-05
-4.03388e-05
-5.53858e-05
-2.54598e-05
-4.15296e-05
-1.78826e-05
-2.97154e-05
-9.63658e-06
-1.61647e-05
4.68605e-06
-2.021e-06
2.21966e-05
7.76789e-06
3.60597e-05
9.86034e-06
3.92603e-05
5.05811e-06
3.32904e-05
-1.34173e-06
2.45301e-05
-4.11749e-06
2.03699e-05
-2.01019e-06
2.20114e-05
1.54945e-06
2.34658e-05
2.10308e-06
1.87332e-05
-1.59102e-06
6.71391e-06
-5.83453e-06
-7.54761e-06
-6.29403e-06
-1.65658e-05
-1.14332e-06
-1.73863e-05
7.70915e-06
-1.37586e-05
1.48685e-05
-1.17478e-05
1.87202e-05
-1.42511e-05
2.03587e-05
-1.90936e-05
2.37803e-05
-2.00507e-05
3.10353e-05
-1.2802e-05
4.02288e-05
4.13332e-05
0.000159126
0.000344449
0.000325457
0.000377647
0.000459254
0.000337924
0.000548769
0.000278192
0.000586839
0.000202019
0.000572971
0.000116416
0.000514642
3.05581e-05
0.000425239
-4.53264e-05
0.000322581
-0.000105557
0.000224043
-0.000146879
0.000140615
-0.000171423
7.48457e-05
-0.000183006
2.37354e-05
-0.000185856
-1.68819e-05
-0.000182097
-4.85698e-05
-0.000172129
-6.95758e-05
-0.000156023
-7.75115e-05
-0.000134946
-7.28981e-05
-0.000111634
-6.02075e-05
-8.93141e-05
-4.54189e-05
-7.01763e-05
-3.26784e-05
-5.42686e-05
-2.20234e-05
-4.037e-05
-1.07022e-05
-2.74889e-05
3.28003e-06
-1.60064e-05
1.83997e-05
-7.35309e-06
3.08266e-05
-2.5681e-06
3.70577e-05
-1.17438e-06
3.70108e-05
-1.29402e-06
3.38237e-05
-9.29555e-07
3.12161e-05
5.95615e-07
3.02958e-05
2.46693e-06
2.89681e-05
3.42829e-06
2.42567e-05
3.1185e-06
1.56769e-05
2.74318e-06
5.74478e-06
3.63852e-06
-2.10241e-06
6.70785e-06
-5.67701e-06
1.12827e-05
-6.66471e-06
1.58533e-05
-7.59321e-06
1.96518e-05
-9.94539e-06
2.27136e-05
-1.24745e-05
2.63098e-05
-1.23045e-05
3.08674e-05
-7.6316e-06
3.55582e-05
3.37009e-05
0.000113148
0.000231299
0.00023542
0.000255372
0.000341147
0.000232198
0.00042202
0.00019732
0.000471447
0.000152591
0.000486333
0.000101529
0.000468332
4.85575e-05
0.000424738
-1.73076e-06
0.000362258
-4.30762e-05
0.00029533
-7.99505e-05
0.000229334
-0.000105425
0.000168859
-0.000122528
0.000115228
-0.000132224
6.87555e-05
-0.000135626
2.99894e-05
-0.000133364
8.41005e-08
-0.000126116
-1.99209e-05
-0.000114938
-3.02838e-05
-0.000101272
-3.29098e-05
-8.66919e-05
-3.06838e-05
-7.24016e-05
-2.59197e-05
-5.90295e-05
-1.95855e-05
-4.67065e-05
-1.15969e-05
-3.54837e-05
-1.99612e-06
-2.5609e-05
8.12922e-06
-1.74773e-05
1.68823e-05
-1.13228e-05
2.26484e-05
-6.94225e-06
2.50938e-05
-3.73841e-06
2.52273e-05
-1.06275e-06
2.43983e-05
1.42228e-06
2.32e-05
3.66152e-06
2.1177e-05
5.44785e-06
1.75063e-05
6.78969e-06
1.20532e-05
8.19663e-06
5.96827e-06
9.71943e-06
3.94808e-07
1.2282e-05
-3.51556e-06
1.51956e-05
-5.9389e-06
1.82738e-05
-7.53115e-06
2.12433e-05
-8.88341e-06
2.40696e-05
-9.44807e-06
2.6877e-05
-8.23913e-06
2.96583e-05
-4.73784e-06
3.20559e-05
2.89622e-05
8.16023e-05
0.000149695
0.000170958
0.000166014
0.000250578
0.000152578
0.000315388
0.000132508
0.000361174
0.000106802
0.000385528
7.71723e-05
0.000388341
4.57449e-05
0.000371831
1.478e-05
0.000342722
-1.39653e-05
0.000300651
-3.78775e-05
0.000255052
-5.98247e-05
0.000208263
-7.57385e-05
0.000162819
-8.67806e-05
0.000120393
-9.31998e-05
8.24233e-05
-9.53928e-05
5.01464e-05
-9.38371e-05
2.43914e-05
-8.91827e-05
5.3445e-06
-8.22275e-05
-7.57072e-06
-7.3778e-05
-1.54203e-05
-6.45507e-05
-1.93389e-05
-5.51111e-05
-2.02015e-05
-4.58482e-05
-1.86395e-05
-3.7049e-05
-1.52896e-05
-2.8958e-05
-1.09961e-05
-2.17706e-05
-6.74142e-06
-1.55796e-05
-3.32528e-06
-1.03582e-05
-1.11546e-06
-5.94758e-06
-1.18674e-08
-2.1688e-06
2.97287e-07
1.11229e-06
1.76465e-08
3.94126e-06
-7.94497e-07
6.25538e-06
-2.59322e-06
8.58653e-06
-4.93245e-06
1.05391e-05
-7.59898e-06
1.23838e-05
-9.70035e-06
1.43801e-05
-1.14443e-05
1.69421e-05
-1.24042e-05
1.92354e-05
-1.25735e-05
2.1411e-05
-1.19642e-05
2.34593e-05
-1.04348e-05
2.53479e-05
-7.78238e-06
2.70059e-05
-4.00799e-06
2.82811e-05
2.49546e-05
5.8298e-05
9.13956e-05
0.000122587
0.000101724
0.000180897
9.42677e-05
0.000230199
8.32018e-05
0.000267966
6.90311e-05
0.000292596
5.25433e-05
0.000303651
3.46911e-05
0.000301927
1.65059e-05
0.000288979
-1.01637e-06
0.000268046
-1.69429e-05
0.000239359
-3.11364e-05
0.000206781
-4.31602e-05
0.000172304
-5.23037e-05
0.00013777
-5.86642e-05
0.000104702
-6.23239e-05
7.43694e-05
-6.3504e-05
4.76924e-05
-6.25071e-05
2.51721e-05
-5.97082e-05
6.92145e-06
-5.55267e-05
-7.26507e-06
-5.03644e-05
-1.77911e-05
-4.45886e-05
-2.51298e-05
-3.85128e-05
-2.97775e-05
-3.23999e-05
-3.22726e-05
-2.64608e-05
-3.31905e-05
-2.08554e-05
-3.3081e-05
-1.56916e-05
-3.24321e-05
-1.1004e-05
-3.15748e-05
-6.80329e-06
-3.0694e-05
-3.05414e-06
-2.98474e-05
2.64713e-07
-2.90529e-05
3.15032e-06
-2.85447e-05
5.74475e-06
-2.80566e-05
8.09379e-06
-2.76886e-05
1.01733e-05
-2.72081e-05
1.19049e-05
-2.65576e-05
1.37271e-05
-2.53408e-05
1.57248e-05
-2.35281e-05
1.74248e-05
-2.10821e-05
1.89657e-05
-1.79727e-05
2.03489e-05
-1.41762e-05
2.15504e-05
-9.70142e-06
2.25307e-05
-4.65421e-06
2.32342e-05
2.03013e-05
3.72487e-05
5.41448e-05
7.85317e-05
6.04406e-05
0.000116551
5.62473e-05
0.000149689
5.00605e-05
0.000176581
4.21378e-05
0.000196266
3.28614e-05
0.000208276
2.26843e-05
0.000212676
1.21077e-05
0.000210028
1.63223e-06
0.00020139
-8.30381e-06
0.000187437
-1.71815e-05
0.000169356
-2.50786e-05
0.000148504
-3.14517e-05
0.000126127
-3.62863e-05
0.000103287
-3.94844e-05
8.09516e-05
-4.11695e-05
5.98911e-05
-4.14483e-05
4.06727e-05
-4.049e-05
2.36462e-05
-3.84992e-05
8.97378e-06
-3.5693e-05
-3.33273e-06
-3.22855e-05
-1.33672e-05
-2.84795e-05
-2.13059e-05
-2.44581e-05
-2.73894e-05
-2.03751e-05
-3.18886e-05
-1.63591e-05
-3.50762e-05
-1.25059e-05
-3.71965e-05
-8.87993e-06
-3.84803e-05
-5.51702e-06
-3.90901e-05
-2.44776e-06
-3.91552e-05
3.28478e-07
-3.88352e-05
2.83391e-06
-3.81579e-05
5.06771e-06
-3.7117e-05
7.04935e-06
-3.57488e-05
8.80482e-06
-3.42347e-05
1.03925e-05
-3.23564e-05
1.18484e-05
-2.98004e-05
1.31675e-05
-2.67249e-05
1.43494e-05
-2.31544e-05
1.53959e-05
-1.91076e-05
1.63025e-05
-1.46151e-05
1.70578e-05
-9.7293e-06
1.76448e-05
-4.53992e-06
1.80449e-05
1.5761e-05
2.32357e-05
3.09076e-05
4.92061e-05
3.44719e-05
7.34586e-05
3.19946e-05
9.51584e-05
2.83587e-05
0.000113592
2.37063e-05
0.00012822
1.82382e-05
0.000138692
1.22151e-05
0.000144895
5.9057e-06
0.000146948
-4.19815e-07
0.000145108
-6.46352e-06
0.000139917
-1.19896e-05
0.000131747
-1.6908e-05
0.00012126
-2.09641e-05
0.000109081
-2.41083e-05
9.58599e-05
-2.62644e-05
8.21631e-05
-2.74745e-05
6.84943e-05
-2.77807e-05
5.52708e-05
-2.72661e-05
4.28123e-05
-2.60395e-05
3.13434e-05
-2.42246e-05
2.10075e-05
-2.19517e-05
1.18797e-05
-1.93518e-05
3.96495e-06
-1.65404e-05
-2.77653e-06
-1.36318e-05
-8.41966e-06
-1.07179e-05
-1.3052e-05
-7.87488e-06
-1.67689e-05
-5.1603e-06
-1.96664e-05
-2.61735e-06
-2.18491e-05
-2.66872e-07
-2.33888e-05
1.86696e-06
-2.43456e-05
3.79282e-06
-2.48019e-05
5.52495e-06
-2.48008e-05
7.04621e-06
-2.4368e-05
8.37058e-06
-2.35163e-05
9.54087e-06
-2.22384e-05
1.05699e-05
-2.05417e-05
1.14692e-05
-1.84443e-05
1.22507e-05
-1.59703e-05
1.29212e-05
-1.31514e-05
1.34834e-05
-1.00297e-05
1.39359e-05
-6.65895e-06
1.42735e-05
-3.10632e-06
1.44915e-05
1.2653e-05
1.61922e-05
1.47158e-05
3.44303e-05
1.62374e-05
5.16425e-05
1.47832e-05
6.73513e-05
1.26498e-05
8.10951e-05
9.96611e-06
9.26171e-05
6.72046e-06
0.000101578
3.25647e-06
0.000107922
-4.37169e-07
0.000111594
-4.09136e-06
0.000112653
-7.52185e-06
0.000111367
-1.07033e-05
0.000107944
-1.34849e-05
0.000102708
-1.57272e-05
9.59943e-05
-1.73954e-05
8.81896e-05
-1.84607e-05
7.9638e-05
-1.8924e-05
7.06684e-05
-1.88114e-05
6.1574e-05
-1.81704e-05
5.26027e-05
-1.70663e-05
4.39561e-05
-1.55776e-05
3.57895e-05
-1.37859e-05
2.82102e-05
-1.17722e-05
2.12983e-05
-9.62623e-06
1.50855e-05
-7.41768e-06
9.58153e-06
-5.2153e-06
4.77728e-06
-3.07181e-06
6.55696e-07
-1.03713e-06
-2.83462e-06
8.74684e-07
-5.72901e-06
2.62667e-06
-8.064e-06
4.20085e-06
-9.85612e-06
5.58586e-06
-1.11537e-05
6.82339e-06
-1.19859e-05
7.87719e-06
-1.24269e-05
8.80988e-06
-1.24827e-05
9.59557e-06
-1.2167e-05
1.02532e-05
-1.15029e-05
1.08034e-05
-1.05134e-05
1.12591e-05
-9.22575e-06
1.16316e-05
-7.67371e-06
1.19295e-05
-5.89728e-06
1.21577e-05
-3.94282e-06
1.23172e-05
-1.86392e-06
1.24105e-05
1.07876e-05
1.15398e-05
3.17802e-06
2.45949e-05
3.18607e-06
3.70265e-05
2.35217e-06
4.85144e-05
1.16288e-06
5.88214e-05
-3.37226e-07
6.76132e-05
-2.0687e-06
7.47842e-05
-3.91332e-06
8.00399e-05
-5.69137e-06
8.35886e-05
-7.63915e-06
8.54287e-05
-9.36179e-06
8.55567e-05
-1.0831e-05
8.41251e-05
-1.20526e-05
8.13143e-05
-1.29153e-05
7.73302e-05
-1.34104e-05
7.23938e-05
-1.35241e-05
6.67318e-05
-1.32621e-05
6.05668e-05
-1.26458e-05
5.41068e-05
-1.17086e-05
4.75376e-05
-1.0495e-05
4.10221e-05
-9.06124e-06
3.46944e-05
-7.45888e-06
2.86774e-05
-5.75529e-06
2.30451e-05
-3.99286e-06
1.78496e-05
-2.22162e-06
1.31466e-05
-5.13644e-07
8.93562e-06
1.13791e-06
5.25238e-06
2.64677e-06
2.03901e-06
4.0892e-06
-6.95031e-07
5.36032e-06
-2.96305e-06
6.46788e-06
-4.78893e-06
7.41181e-06
-6.19148e-06
8.22625e-06
-7.22216e-06
8.90702e-06
-7.87443e-06
9.46046e-06
-8.1866e-06
9.90612e-06
-8.17558e-06
1.02407e-05
-7.86356e-06
1.04895e-05
-7.27603e-06
1.06693e-05
-6.44079e-06
1.07938e-05
-5.38955e-06
1.08757e-05
-4.15799e-06
1.09235e-05
-2.78567e-06
1.09423e-05
-1.31738e-06
1.09398e-05
9.46943e-06
7.76832e-06
-4.58776e-06
1.65231e-05
-5.56572e-06
2.48871e-05
-6.01124e-06
3.26435e-05
-6.59188e-06
3.95914e-05
-7.28212e-06
4.55512e-05
-8.02749e-06
5.0405e-05
-8.76616e-06
5.41546e-05
-9.4389e-06
5.65696e-05
-1.00529e-05
5.77312e-05
-1.05229e-05
5.77049e-05
-1.08036e-05
5.65277e-05
-1.08735e-05
5.4331e-05
-1.07163e-05
5.12494e-05
-1.03268e-05
4.74362e-05
-9.70961e-06
4.3051e-05
-8.87629e-06
3.82538e-05
-7.84795e-06
3.31981e-05
-6.65154e-06
2.80461e-05
-5.3414e-06
2.29302e-05
-3.94482e-06
1.79484e-05
-2.47771e-06
1.32475e-05
-1.05494e-06
8.87914e-06
3.76001e-07
4.88009e-06
1.7777e-06
1.26678e-06
3.0987e-06
-1.90586e-06
4.30946e-06
-4.66351e-06
5.40464e-06
-6.95049e-06
6.37696e-06
-8.80206e-06
7.21165e-06
-1.02486e-05
7.91345e-06
-1.13199e-05
8.48246e-06
-1.20182e-05
8.92413e-06
-1.23649e-05
9.25285e-06
-1.23832e-05
9.47717e-06
-1.20769e-05
9.59824e-06
-1.14902e-05
9.65257e-06
-1.06471e-05
9.6451e-06
-9.5702e-06
9.59085e-06
-8.28318e-06
9.50516e-06
-6.81211e-06
9.40274e-06
-5.18653e-06
9.29595e-06
-3.44025e-06
9.19399e-06
-1.60797e-06
9.10559e-06
7.86093e-06
4.45918e-06
-9.04487e-06
9.44883e-06
-1.0553e-05
1.42067e-05
-1.07681e-05
1.85646e-05
-1.09475e-05
2.23681e-05
-1.10836e-05
2.54854e-05
-1.11448e-05
2.78288e-05
-1.11081e-05
2.93396e-05
-1.09473e-05
2.99368e-05
-1.06485e-05
2.96158e-05
-1.02006e-05
2.84184e-05
-9.60456e-06
2.64071e-05
-8.86007e-06
2.36819e-05
-7.98877e-06
2.03557e-05
-6.99855e-06
1.65497e-05
-5.90247e-06
1.23887e-05
-4.71511e-06
7.98998e-06
-3.44927e-06
3.44328e-06
-2.10436e-06
-1.04412e-06
-8.53178e-07
-5.3432e-06
3.54543e-07
-9.36049e-06
1.53909e-06
-1.31009e-05
2.68512e-06
-1.64735e-05
3.74902e-06
-1.94202e-05
4.72483e-06
-2.19116e-05
5.58969e-06
-2.39323e-05
6.32949e-06
-2.54708e-05
6.94315e-06
-2.65227e-05
7.42934e-06
-2.71075e-05
7.79633e-06
-2.72433e-05
8.04838e-06
-2.6959e-05
8.19725e-06
-2.62879e-05
8.25254e-06
-2.52613e-05
8.22552e-06
-2.39174e-05
8.13233e-06
-2.23033e-05
7.98314e-06
-2.04398e-05
7.7883e-06
-1.83548e-05
7.55952e-06
-1.60729e-05
7.30833e-06
-1.36169e-05
7.04851e-06
-1.10105e-05
6.79547e-06
-8.27904e-06
6.56344e-06
-5.44883e-06
6.36252e-06
-2.5485e-06
6.20392e-06
5.31202e-06
1.54351e-06
-1.05865e-05
3.21756e-06
-1.22249e-05
4.76795e-06
-1.23168e-05
6.04424e-06
-1.22212e-05
6.91156e-06
-1.19499e-05
7.26423e-06
-1.14976e-05
7.02374e-06
-1.08658e-05
6.14303e-06
-1.00643e-05
4.60647e-06
-9.11046e-06
2.43387e-06
-8.02682e-06
-3.24142e-07
-6.84552e-06
-3.5795e-06
-5.60379e-06
-7.25659e-06
-4.31064e-06
-1.12593e-05
-2.99489e-06
-1.54833e-05
-1.67814e-06
-1.98159e-05
-3.82998e-07
-2.41686e-05
9.02789e-07
-2.84609e-05
2.18781e-06
-3.24752e-05
3.16163e-06
-3.62605e-05
4.1404e-06
-3.97271e-05
5.0057e-06
-4.27938e-05
5.75194e-06
-4.54083e-05
6.36426e-06
-4.75177e-05
6.83508e-06
-4.90906e-05
7.16277e-06
-5.01095e-05
7.34817e-06
-5.05644e-05
7.39831e-06
-5.04581e-05
7.32354e-06
-4.98001e-05
7.13871e-06
-4.86122e-05
6.86029e-06
-4.69228e-05
6.50755e-06
-4.47694e-05
6.09925e-06
-4.22027e-05
5.65886e-06
-3.92702e-05
5.19979e-06
-3.60231e-05
4.73602e-06
-3.25143e-05
4.27937e-06
-2.87913e-05
3.83634e-06
-2.48966e-05
3.4135e-06
-2.08655e-05
3.01713e-06
-1.6725e-05
2.65454e-06
-1.24951e-05
2.33286e-06
-8.19343e-06
2.06011e-06
-3.84078e-06
1.85048e-06
1.47119e-06
-1.08868e-06
-9.4961e-06
-2.36308e-06
-1.09488e-05
-3.69891e-06
-1.09789e-05
-5.24185e-06
-1.06759e-05
-7.11118e-06
-1.00803e-05
-9.37602e-06
-9.23286e-06
-1.20603e-05
-8.17998e-06
-1.51556e-05
-6.96774e-06
-1.86266e-05
-5.63918e-06
-2.24175e-05
-4.23589e-06
-2.64644e-05
-2.79926e-06
-3.07129e-05
-1.35605e-06
-3.50711e-05
4.71508e-08
-3.94781e-05
1.41202e-06
-4.38683e-05
2.71175e-06
-4.81444e-05
3.89229e-06
-5.22336e-05
4.99119e-06
-5.60721e-05
6.02611e-06
-5.96747e-05
6.76476e-06
-6.29437e-05
7.4102e-06
-6.58336e-05
7.89597e-06
-6.82897e-05
8.20839e-06
-7.02669e-05
8.34207e-06
-7.17274e-05
8.29634e-06
-7.26396e-05
8.07535e-06
-7.29795e-05
7.68796e-06
-7.27291e-05
7.14815e-06
-7.18789e-05
6.47388e-06
-7.04256e-05
5.68597e-06
-6.83742e-05
4.80922e-06
-6.5737e-05
3.87069e-06
-6.25396e-05
2.90249e-06
-5.88094e-05
1.92946e-06
-5.45833e-05
9.74438e-07
-4.99332e-05
8.65515e-08
-4.4921e-05
-7.32305e-07
-3.96184e-05
-1.46601e-06
-3.41012e-05
-2.1036e-06
-2.84415e-05
-2.64266e-06
-2.26979e-05
-3.08923e-06
-1.69042e-05
-3.46096e-06
-1.10743e-05
-3.76987e-06
-5.21057e-06
-4.01332e-06
-3.73907e-06
-3.53099e-06
-5.96367e-06
-7.50963e-06
-6.96891e-06
-1.15053e-05
-6.98097e-06
-1.56547e-05
-6.52492e-06
-2.00166e-05
-5.71877e-06
-2.45723e-05
-4.67744e-06
-2.92629e-05
-3.489e-06
-3.40177e-05
-2.21328e-06
-3.87728e-05
-8.85222e-07
-4.34622e-05
4.52126e-07
-4.80497e-05
1.78648e-06
-5.25203e-05
3.11271e-06
-5.68108e-05
4.33675e-06
-6.0914e-05
5.51464e-06
-6.48018e-05
6.59934e-06
-6.84743e-05
7.56382e-06
-7.18862e-05
8.40241e-06
-7.49629e-05
9.10243e-06
-7.77975e-05
9.59962e-06
-8.03084e-05
9.92163e-06
-8.24653e-05
1.00528e-05
-8.42388e-05
9.98177e-06
-8.55997e-05
9.70298e-06
-8.65205e-05
9.21724e-06
-8.69744e-05
8.52941e-06
-8.69352e-05
7.64841e-06
-8.63775e-05
6.59053e-06
-8.52778e-05
5.37426e-06
-8.36136e-05
4.02218e-06
-8.13656e-05
2.56156e-06
-7.85183e-05
1.02366e-06
-7.50593e-05
-5.5591e-07
-7.09815e-05
-2.14766e-06
-6.62643e-05
-3.7418e-06
-6.09723e-05
-5.20441e-06
-5.51273e-05
-6.57644e-06
-4.8798e-05
-7.79439e-06
-4.20805e-05
-8.82043e-06
-3.50925e-05
-9.63004e-06
-2.7957e-05
-1.02241e-05
-2.07826e-05
-1.06347e-05
-1.36218e-05
-1.09299e-05
-6.46148e-06
-1.1173e-05
-1.02002e-05
-5.78489e-06
-1.7782e-07
-1.22464e-05
-5.0697e-07
-1.86899e-05
-5.35761e-07
-2.51196e-05
-9.48906e-08
-3.14794e-05
6.39977e-07
-3.76394e-05
1.48192e-06
-4.3484e-05
2.3548e-06
-4.89303e-05
3.23172e-06
-5.39522e-05
4.13477e-06
-5.85286e-05
5.02686e-06
-6.26994e-05
5.95551e-06
-6.64725e-05
6.884e-06
-6.99164e-05
7.77999e-06
-7.3036e-05
8.63334e-06
-7.58615e-05
9.42465e-06
-7.84176e-05
1.01188e-05
-8.07104e-05
1.06941e-05
-8.27331e-05
1.11244e-05
-8.45196e-05
1.13856e-05
-8.60571e-05
1.14592e-05
-8.73353e-05
1.13304e-05
-8.83424e-05
1.09882e-05
-8.90643e-05
1.04247e-05
-8.94866e-05
9.63917e-06
-8.95892e-05
8.63269e-06
-8.93541e-05
7.41329e-06
-8.87544e-05
5.99172e-06
-8.7763e-05
4.38353e-06
-8.63466e-05
2.60702e-06
-8.44693e-05
6.85521e-07
-8.20944e-05
-1.35025e-06
-7.91699e-05
-3.47903e-06
-7.56366e-05
-5.6798e-06
-7.14837e-05
-7.89331e-06
-6.66184e-05
-1.00682e-05
-6.10291e-05
-1.21643e-05
-5.47172e-05
-1.41047e-05
-4.77267e-05
-1.58095e-05
-4.01603e-05
-1.71949e-05
-3.21731e-05
-1.82098e-05
-2.39599e-05
-1.88467e-05
-1.568e-05
-1.92088e-05
-7.45025e-06
-1.94018e-05
-1.76503e-05
-7.83866e-06
7.66126e-06
-1.64873e-05
8.14089e-06
-2.4967e-05
7.94485e-06
-3.29809e-05
7.91808e-06
-4.03869e-05
8.04461e-06
-4.70146e-05
8.10914e-06
-5.28063e-05
8.14513e-06
-5.77671e-05
8.19139e-06
-6.19534e-05
8.31936e-06
-6.54804e-05
8.55279e-06
-6.84324e-05
8.90662e-06
-7.09025e-05
9.35239e-06
-7.29799e-05
9.85709e-06
-7.47297e-05
1.03816e-05
-7.61957e-05
1.08902e-05
-7.7425e-05
1.13465e-05
-7.8447e-05
1.17143e-05
-7.92814e-05
1.19576e-05
-7.99539e-05
1.20567e-05
-8.0474e-05
1.1979e-05
-8.08493e-05
1.17047e-05
-8.10834e-05
1.12212e-05
-8.11754e-05
1.05164e-05
-8.11254e-05
9.58844e-06
-8.09246e-05
8.43299e-06
-8.05676e-05
7.05614e-06
-8.00363e-05
5.46167e-06
-7.93115e-05
3.65969e-06
-7.83639e-05
1.66112e-06
-7.71553e-05
-5.21016e-07
-7.56535e-05
-2.85022e-06
-7.37692e-05
-5.36094e-06
-7.14582e-05
-7.98876e-06
-6.8627e-05
-1.07224e-05
-6.51533e-05
-1.35396e-05
-6.09284e-05
-1.63873e-05
-5.58406e-05
-1.91903e-05
-4.98137e-05
-2.18345e-05
-4.28315e-05
-2.41753e-05
-3.4955e-05
-2.60847e-05
-2.63826e-05
-2.74178e-05
-1.7342e-05
-2.82486e-05
-8.26521e-06
-2.84775e-05
-2.59159e-05
-9.77104e-06
1.74321e-05
-2.01095e-05
1.84775e-05
-2.98243e-05
1.76597e-05
-3.82184e-05
1.63108e-05
-4.5293e-05
1.51183e-05
-5.10102e-05
1.38265e-05
-5.55168e-05
1.26504e-05
-5.89733e-05
1.16476e-05
-6.15655e-05
1.09107e-05
-6.3472e-05
1.04587e-05
-6.48353e-05
1.02699e-05
-6.57813e-05
1.02964e-05
-6.6397e-05
1.04726e-05
-6.67588e-05
1.07411e-05
-6.69143e-05
1.10449e-05
-6.69084e-05
1.13386e-05
-6.67742e-05
1.15778e-05
-6.65371e-05
1.17195e-05
-6.62231e-05
1.17409e-05
-6.58479e-05
1.16037e-05
-6.54297e-05
1.12859e-05
-6.49832e-05
1.07738e-05
-6.45178e-05
1.00518e-05
-6.4048e-05
9.11787e-06
-6.35763e-05
7.96335e-06
-6.31128e-05
6.59256e-06
-6.26529e-05
5.00363e-06
-6.21933e-05
3.20108e-06
-6.17195e-05
1.18891e-06
-6.1211e-05
-1.02724e-06
-6.06234e-05
-3.43603e-06
-5.99255e-05
-6.05621e-06
-5.90459e-05
-8.86622e-06
-5.7884e-05
-1.18819e-05
-5.6312e-05
-1.51092e-05
-5.41606e-05
-1.85369e-05
-5.12332e-05
-2.21156e-05
-4.73166e-05
-2.57496e-05
-4.22137e-05
-2.92768e-05
-3.57421e-05
-3.25552e-05
-2.79167e-05
-3.52423e-05
-1.87597e-05
-3.74056e-05
-9.1337e-06
-3.81024e-05
-3.50504e-05
-1.17652e-05
2.91967e-05
-2.29267e-05
2.96369e-05
-3.25955e-05
2.73283e-05
-3.97822e-05
2.34964e-05
-4.50638e-05
2.03994e-05
-4.86983e-05
1.74619e-05
-5.10942e-05
1.50453e-05
-5.25398e-05
1.30935e-05
-5.32839e-05
1.16545e-05
-5.35157e-05
1.06899e-05
-5.33718e-05
1.01263e-05
-5.29625e-05
9.88442e-06
-5.23517e-05
9.86178e-06
-5.15954e-05
9.98208e-06
-5.07254e-05
1.01739e-05
-4.9773e-05
1.03845e-05
-4.87644e-05
1.05668e-05
-4.77201e-05
1.06747e-05
-4.66646e-05
1.06838e-05
-4.56155e-05
1.05548e-05
-4.4595e-05
1.02657e-05
-4.36256e-05
9.80374e-06
-4.27233e-05
9.15131e-06
-4.19143e-05
8.30809e-06
-4.12109e-05
7.26264e-06
-4.06369e-05
6.01861e-06
-4.02019e-05
4.57064e-06
-3.99186e-05
2.91899e-06
-3.97913e-05
1.06277e-06
-3.98164e-05
-9.99941e-07
-3.99816e-05
-3.26962e-06
-4.02733e-05
-5.7624e-06
-4.06485e-05
-8.48931e-06
-4.10401e-05
-1.14889e-05
-4.13388e-05
-1.48087e-05
-4.13861e-05
-1.84886e-05
-4.0968e-05
-2.25325e-05
-3.98022e-05
-2.69146e-05
-3.75532e-05
-3.1525e-05
-3.37492e-05
-3.63589e-05
-2.80679e-05
-4.09232e-05
-1.9887e-05
-4.55873e-05
-1.03496e-05
-4.76384e-05
-4.54013e-05
-1.39217e-05
4.31178e-05
-2.44526e-05
4.0166e-05
-3.23894e-05
3.52649e-05
-3.68759e-05
2.79826e-05
-3.93496e-05
2.28727e-05
-4.03607e-05
1.84744e-05
-4.04761e-05
1.51595e-05
-3.99978e-05
1.26156e-05
-3.91425e-05
1.07994e-05
-3.80434e-05
9.58982e-06
-3.67901e-05
8.87373e-06
-3.5437e-05
8.52823e-06
-3.40093e-05
8.43428e-06
-3.25322e-05
8.50237e-06
-3.10153e-05
8.65618e-06
-2.94727e-05
8.84098e-06
-2.7921e-05
9.013e-06
-2.6373e-05
9.12685e-06
-2.48507e-05
9.16021e-06
-2.33717e-05
9.0762e-06
-2.19594e-05
8.85439e-06
-2.06413e-05
8.48481e-06
-1.94372e-05
7.94956e-06
-1.83814e-05
7.25091e-06
-1.74927e-05
6.37664e-06
-1.68051e-05
5.33051e-06
-1.63389e-05
4.10592e-06
-1.61196e-05
2.70052e-06
-1.61675e-05
1.11113e-06
-1.64972e-05
-6.68656e-07
-1.71227e-05
-2.64369e-06
-1.80536e-05
-4.83023e-06
-1.92858e-05
-7.25622e-06
-2.07962e-05
-9.97793e-06
-2.25284e-05
-1.30755e-05
-2.43821e-05
-1.66347e-05
-2.62005e-05
-2.07135e-05
-2.77343e-05
-2.53806e-05
-2.86352e-05
-3.0624e-05
-2.82627e-05
-3.67318e-05
-2.59873e-05
-4.31983e-05
-2.02521e-05
-5.13241e-05
-1.202e-05
-5.58691e-05
-5.74229e-05
-1.5921e-05
5.90384e-05
-2.38851e-05
4.81287e-05
-2.84109e-05
3.97905e-05
-2.93304e-05
2.89022e-05
-2.87591e-05
2.23009e-05
-2.73479e-05
1.70645e-05
-2.56089e-05
1.34192e-05
-2.37362e-05
1.07432e-05
-2.18396e-05
8.90307e-06
-1.99608e-05
7.70965e-06
-1.81063e-05
7.02041e-06
-1.62817e-05
6.7006e-06
-1.44695e-05
6.62271e-06
-1.26662e-05
6.69697e-06
-1.08624e-05
6.85177e-06
-9.05862e-06
7.03708e-06
-7.26301e-06
7.21564e-06
-5.48459e-06
7.34902e-06
-3.74001e-06
7.41467e-06
-2.04898e-06
7.38525e-06
-4.34101e-07
7.24079e-06
1.07393e-06
6.97538e-06
2.45376e-06
6.57231e-06
3.66648e-06
6.0362e-06
4.68961e-06
5.35576e-06
5.48411e-06
4.53501e-06
6.02292e-06
3.56786e-06
6.27301e-06
2.45079e-06
6.20351e-06
1.18031e-06
5.78701e-06
-2.51191e-07
4.99152e-06
-1.84842e-06
3.78859e-06
-3.62678e-06
2.15118e-06
-5.61846e-06
5.97633e-08
-7.88671e-06
-2.48818e-06
-1.05271e-05
-5.47118e-06
-1.36521e-05
-8.82973e-06
-1.7355e-05
-1.24281e-05
-2.17826e-05
-1.60339e-05
-2.70184e-05
-1.90649e-05
-3.37017e-05
-2.08066e-05
-4.14563e-05
-1.89669e-05
-5.3166e-05
-1.37595e-05
-6.10751e-05
-7.11841e-05
-1.68367e-05
7.5875e-05
-2.03025e-05
5.15934e-05
-2.02976e-05
3.97851e-05
-1.77284e-05
2.63333e-05
-1.46583e-05
1.92299e-05
-1.15756e-05
1.39829e-05
-8.74223e-06
1.05845e-05
-6.18113e-06
8.18203e-06
-3.86798e-06
6.59039e-06
-1.75097e-06
5.591e-06
2.30648e-07
5.04036e-06
2.1181e-06
4.81053e-06
3.95766e-06
4.78416e-06
5.77151e-06
4.88168e-06
7.57927e-06
5.04358e-06
9.38846e-06
5.2283e-06
1.11947e-05
5.40795e-06
1.29929e-05
5.55164e-06
1.47663e-05
5.64057e-06
1.64958e-05
5.65528e-06
1.81593e-05
5.57862e-06
1.97247e-05
5.40808e-06
2.117e-05
5.12934e-06
2.24556e-05
4.74829e-06
2.35574e-05
4.25569e-06
2.44357e-05
3.65546e-06
2.50608e-05
2.943e-06
2.5397e-05
2.11466e-06
2.54088e-05
1.16777e-06
2.50625e-05
9.56085e-08
2.43186e-05
-1.10494e-06
2.31376e-05
-2.44576e-06
2.14752e-05
-3.95592e-06
1.92826e-05
-5.69463e-06
1.65107e-05
-7.75508e-06
1.31111e-05
-1.02531e-05
9.04535e-06
-1.32894e-05
4.31238e-06
-1.70502e-05
-1.03041e-06
-2.1676e-05
-6.68058e-06
-2.80527e-05
-1.21065e-05
-3.60301e-05
-1.5024e-05
-5.02509e-05
-1.45364e-05
-6.15614e-05
-8.57221e-05
-1.52523e-05
9.11275e-05
-1.3064e-05
4.94043e-05
-8.42786e-06
3.51481e-05
-3.2934e-06
2.11991e-05
1.23496e-06
1.47004e-05
5.0263e-06
1.01924e-05
8.1578e-06
7.452e-06
1.07638e-05
5.57575e-06
1.2979e-05
4.37571e-06
1.49203e-05
3.64797e-06
1.66914e-05
3.27089e-06
1.83607e-05
3.13923e-06
1.99873e-05
3.15884e-06
2.16007e-05
3.26738e-06
2.3223e-05
3.42094e-06
2.48634e-05
3.58854e-06
2.6519e-05
3.75114e-06
2.81854e-05
3.88597e-06
2.98462e-05
3.97935e-06
3.14823e-05
4.01842e-06
3.30723e-05
3.98979e-06
3.45849e-05
3.89337e-06
3.59984e-05
3.71789e-06
3.72751e-05
3.46924e-06
3.83914e-05
3.14062e-06
3.93104e-05
2.73536e-06
4.00026e-05
2.25061e-06
4.04341e-05
1.6832e-06
4.05695e-05
1.03159e-06
4.03747e-05
2.9079e-07
3.981e-05
-5.40627e-07
3.88345e-05
-1.47032e-06
3.73993e-05
-2.52061e-06
3.54431e-05
-3.73903e-06
3.28911e-05
-5.20291e-06
2.96492e-05
-7.01183e-06
2.56125e-05
-9.2529e-06
2.06676e-05
-1.2106e-05
1.47095e-05
-1.57181e-05
7.69529e-06
-2.10398e-05
-1.34703e-07
-2.81997e-05
-7.7398e-06
-4.26482e-05
-1.28849e-05
-5.64153e-05
-9.86084e-05
-9.73324e-06
0.000100861
-2.02278e-06
4.16931e-05
6.12968e-06
2.69948e-05
1.24102e-05
1.49187e-05
1.72524e-05
9.85704e-06
2.08987e-05
6.54675e-06
2.37139e-05
4.63606e-06
2.59241e-05
3.36511e-06
2.77231e-05
2.57726e-06
2.92538e-05
2.11561e-06
3.06342e-05
1.892e-06
3.19395e-05
1.83239e-06
3.3228e-05
1.87159e-06
3.45279e-05
1.96711e-06
3.5858e-05
2.09056e-06
3.7226e-05
2.22118e-06
3.86287e-05
2.34751e-06
4.00609e-05
2.45433e-06
4.1507e-05
2.53296e-06
4.29488e-05
2.5758e-06
4.43663e-05
2.57338e-06
4.57306e-05
2.52696e-06
4.70217e-05
2.42843e-06
4.82063e-05
2.28266e-06
4.92627e-05
2.08515e-06
5.01589e-05
1.83829e-06
5.08686e-05
1.54067e-06
5.1362e-05
1.18987e-06
5.16075e-05
7.85369e-07
5.15748e-05
3.23864e-07
5.1229e-05
-1.95047e-07
5.05342e-05
-7.75626e-07
4.94465e-05
-1.43274e-06
4.79061e-05
-2.19905e-06
4.58324e-05
-3.12906e-06
4.31149e-05
-4.29479e-06
3.96215e-05
-5.75975e-06
3.51792e-05
-7.66438e-06
2.95935e-05
-1.01326e-05
2.25148e-05
-1.39625e-05
1.37311e-05
-1.94155e-05
2.87216e-06
-3.17915e-05
-7.40242e-06
-4.61399e-05
-0.000106012
5.29888e-07
0.000100331
1.21227e-05
3.00998e-05
2.1819e-05
1.72978e-05
2.7836e-05
8.90181e-06
3.20757e-05
5.61629e-06
3.50215e-05
3.60126e-06
3.71796e-05
2.47748e-06
3.87921e-05
1.75213e-06
4.00571e-05
1.31276e-06
4.11089e-05
1.06232e-06
4.20553e-05
9.46835e-07
4.29629e-05
9.23652e-07
4.38799e-05
9.55549e-07
4.48287e-05
1.01829e-06
4.58225e-05
1.09652e-06
4.68664e-05
1.17793e-06
4.79564e-05
1.25678e-06
4.90869e-05
1.3242e-06
5.02442e-05
1.37556e-06
5.1412e-05
1.40718e-06
5.25733e-05
1.41311e-06
5.37035e-05
1.39498e-06
5.47856e-05
1.34761e-06
5.57924e-05
1.27427e-06
5.67059e-05
1.17237e-06
5.75004e-05
1.04317e-06
5.81545e-05
8.86287e-07
5.86446e-05
7.00039e-07
5.89449e-05
4.8452e-07
5.90314e-05
2.37764e-07
5.88766e-05
-4.037e-08
5.8453e-05
-3.52058e-07
5.77263e-05
-7.05868e-07
5.66472e-05
-1.12025e-06
5.51448e-05
-1.6266e-06
5.31168e-05
-2.26709e-06
5.04379e-05
-3.08113e-06
4.69294e-05
-4.15643e-06
4.23809e-05
-5.58423e-06
3.62932e-05
-7.876e-06
2.8228e-05
-1.135e-05
1.63394e-05
-1.99047e-05
2.73132e-06
-3.25312e-05
-0.000103282
1.49605e-05
8.5371e-05
2.80317e-05
1.70283e-05
3.69873e-05
8.34171e-06
4.1744e-05
4.14544e-06
4.48634e-05
2.49598e-06
4.68934e-05
1.57135e-06
4.83136e-05
1.05682e-06
4.93284e-05
7.36899e-07
5.00981e-05
5.43583e-07
5.07252e-05
4.34027e-07
5.12907e-05
3.82257e-07
5.18432e-05
3.70318e-07
5.24169e-05
3.82535e-07
5.3027e-05
4.08261e-07
5.3682e-05
4.41397e-07
5.43845e-05
4.75904e-07
5.51311e-05
5.09719e-07
5.59166e-05
5.38921e-07
5.67307e-05
5.61458e-07
5.75609e-05
5.76275e-07
5.83946e-05
5.80196e-07
5.92137e-05
5.74541e-07
6.00057e-05
5.56626e-07
6.07508e-05
5.28007e-07
6.1436e-05
4.87633e-07
6.20431e-05
4.35673e-07
6.25568e-05
3.72386e-07
6.29604e-05
2.96634e-07
6.32359e-05
2.08761e-07
6.33662e-05
1.07756e-07
6.33324e-05
-6.61259e-09
6.31156e-05
-1.35324e-07
6.26925e-05
-2.82484e-07
6.20279e-05
-4.55858e-07
6.10702e-05
-6.68872e-07
5.97422e-05
-9.39393e-07
5.7948e-05
-1.2871e-06
5.55422e-05
-1.751e-06
5.23476e-05
-2.38974e-06
4.78917e-05
-3.4211e-06
4.16768e-05
-5.13479e-06
3.11516e-05
-9.38087e-06
1.66507e-05
-1.80299e-05
-8.66315e-05
3.27873e-05
5.25837e-05
4.41209e-05
5.69451e-06
5.02623e-05
2.2002e-06
5.32939e-05
1.1141e-06
5.51523e-05
6.36873e-07
5.63192e-05
4.04415e-07
5.71068e-05
2.68805e-07
5.76547e-05
1.8872e-07
5.80601e-05
1.38587e-07
5.8384e-05
1.09301e-07
5.86733e-05
9.35041e-08
5.89558e-05
8.72628e-08
5.92513e-05
8.74002e-08
5.95689e-05
9.08729e-08
5.99134e-05
9.67714e-08
6.02868e-05
1.02993e-07
6.06867e-05
1.09367e-07
6.11108e-05
1.15028e-07
6.1553e-05
1.19246e-07
6.20065e-05
1.22261e-07
6.24645e-05
1.22756e-07
6.29166e-05
1.2145e-07
6.33564e-05
1.17535e-07
6.37725e-05
1.11212e-07
6.41578e-05
1.02593e-07
6.45021e-05
9.11205e-08
6.4797e-05
7.73928e-08
6.50331e-05
6.067e-08
6.52004e-05
4.12783e-08
6.52895e-05
1.89059e-08
6.52896e-05
-6.70349e-09
6.519e-05
-3.56991e-08
6.49771e-05
-6.94231e-08
6.46307e-05
-1.09622e-07
6.41213e-05
-1.59443e-07
6.34045e-05
-2.228e-07
6.24228e-05
-3.05453e-07
6.10872e-05
-4.15823e-07
5.9275e-05
-5.7756e-07
5.66831e-05
-8.29916e-07
5.28663e-05
-1.31778e-06
4.58882e-05
-2.40373e-06
3.378e-05
-5.92144e-06
-5.28519e-05
5.25837e-05
5.82784e-05
6.04785e-05
6.15927e-05
6.22291e-05
6.26334e-05
6.29023e-05
6.30908e-05
6.32297e-05
6.33385e-05
6.34322e-05
6.35194e-05
6.36069e-05
6.3698e-05
6.37946e-05
6.38978e-05
6.4007e-05
6.4122e-05
6.42414e-05
6.43633e-05
6.44864e-05
6.46074e-05
6.47252e-05
6.48362e-05
6.49388e-05
6.50299e-05
6.51072e-05
6.5168e-05
6.52092e-05
6.52282e-05
6.52215e-05
6.51858e-05
6.51165e-05
6.50068e-05
6.48473e-05
6.46244e-05
6.43189e-05
6.39029e-05
6.33254e-05
6.24951e-05
6.11774e-05
5.87733e-05
5.28519e-05
)
;

boundaryField
{
    movingWall
    {
        type            calculated;
        value           uniform 0;
    }
    fixedWalls
    {
        type            calculated;
        value           uniform 0;
    }
    frontAndBack
    {
        type            empty;
        value           nonuniform 0();
    }
    defaultFaces
    {
        type            empty;
        value           nonuniform 0();
    }
}


// ************************************************************************* //
