/*--------------------------------*- C++ -*----------------------------------*\
  =========                 |
  \\      /  F ield         | OpenFOAM: The Open Source CFD Toolbox
   \\    /   O peration     | Website:  https://openfoam.org
    \\  /    A nd           | Version:  7
     \\/     M anipulation  |
\*---------------------------------------------------------------------------*/
FoamFile
{
    version     2.0;
    format      ascii;
    class       volVectorField;
    location    "0.14";
    object      U;
}
// * * * * * * * * * * * * * * * * * * * * * * * * * * * * * * * * * * * * * //

dimensions      [0 1 -1 0 0 0 0];

internalField   nonuniform List<vector> 
1936
(
(-11.1964 3.05886 0)
(-69.5837 205.924 0)
(-14.0602 441.971 0)
(11.0457 424.66 0)
(-1.49082 379.951 0)
(11.1852 377.531 0)
(17.2673 349.279 0)
(19.1263 305.505 0)
(9.19719 274.62 0)
(-3.96201 271.519 0)
(-12.2878 301.52 0)
(-23.5861 398.419 0)
(-4.54425 480.304 0)
(32.2997 395.073 0)
(22.6296 256.751 0)
(-0.706471 220.213 0)
(-13.1562 231.314 0)
(-36.7955 338.797 0)
(-10.9433 489.35 0)
(37.5894 432.948 0)
(28.7403 272.309 0)
(12.4393 218.519 0)
(-1.73137 216.758 0)
(-25.6026 279.634 0)
(-29.087 439.392 0)
(16.2427 478.672 0)
(31.5863 329.29 0)
(6.93254 226.243 0)
(-7.03387 213.948 0)
(-27.7081 249.547 0)
(-39.5063 407.362 0)
(8.32284 501.631 0)
(35.8026 371.712 0)
(15.269 241.41 0)
(1.25053 217.812 0)
(-15.7076 231.584 0)
(-37.7522 351.494 0)
(-12.5234 492.004 0)
(32.2002 424.811 0)
(24.8734 265.585 0)
(3.34892 216.091 0)
(-8.51008 219.924 0)
(-31.8609 299.325 0)
(-27.8385 463.764 0)
(-12.1584 7.44914 0)
(-76.6894 -0.478884 0)
(-18.061 -4.99643 0)
(9.64929 -2.44259 0)
(-2.89096 -0.915552 0)
(9.40729 -1.35793 0)
(15.5026 -0.672259 0)
(16.4608 0.712038 0)
(7.73863 2.11045 0)
(-1.58455 2.31909 0)
(-10.2951 1.32514 0)
(-24.9849 -1.21008 0)
(-5.2716 -3.92178 0)
(32.292 -2.43335 0)
(18.7853 1.95319 0)
(-1.71429 4.03653 0)
(-7.51156 2.92311 0)
(-34.767 -1.4277 0)
(-11.5948 -5.14061 0)
(39.1294 -3.21949 0)
(25.0725 0.932896 0)
(7.40038 3.38164 0)
(1.49008 3.78414 0)
(-23.0474 1.16938 0)
(-30.3076 -3.2125 0)
(17.3286 -4.11769 0)
(31.0294 -0.249786 0)
(2.50237 3.2685 0)
(-4.94867 4.00602 0)
(-22.149 1.63213 0)
(-39.3977 -3.40255 0)
(9.08495 -5.04799 0)
(36.5958 -1.38906 0)
(10.6702 2.38398 0)
(0.256699 3.80921 0)
(-10.7273 2.89252 0)
(-36.9079 -1.19726 0)
(-12.9935 -4.77623 0)
(33.5503 -3.15626 0)
(21.5702 1.29079 0)
(0.218697 3.69918 0)
(-3.61609 3.42011 0)
(-29.3805 0.183316 0)
(-29.6919 -4.26124 0)
(-2.58794 15.5525 0)
(-72.2293 -0.274695 0)
(-21.2435 -10.8962 0)
(8.31186 -5.19087 0)
(-1.59575 -1.75285 0)
(8.64367 -2.79979 0)
(14.7233 -1.31929 0)
(14.9272 1.55359 0)
(4.96192 4.192 0)
(-4.52942 4.59608 0)
(-13.283 2.97741 0)
(-25.9788 -2.52166 0)
(-2.37227 -8.66629 0)
(35.5666 -4.85576 0)
(20.0612 4.37474 0)
(0.074232 7.79463 0)
(-5.84526 6.14232 0)
(-36.1088 -2.20368 0)
(-14.7307 -11.0549 0)
(39.088 -6.73498 0)
(25.3461 2.70317 0)
(3.82868 6.76105 0)
(-2.15653 7.42148 0)
(-26.0325 2.84688 0)
(-32.3196 -6.90008 0)
(18.0829 -9.10559 0)
(33.9374 -0.115649 0)
(5.63754 6.70482 0)
(-1.81906 7.78043 0)
(-20.3607 3.97226 0)
(-41.6974 -6.66526 0)
(7.37246 -11.072 0)
(38.4566 -2.58472 0)
(12.3026 5.28103 0)
(0.0939071 7.3919 0)
(-11.2521 6.11487 0)
(-38.5943 -2.04297 0)
(-13.2205 -10.4469 0)
(35.5914 -6.5428 0)
(23.0884 3.24196 0)
(0.748411 7.25205 0)
(-3.68131 6.90759 0)
(-31.0679 1.0822 0)
(-30.8163 -9.16785 0)
(6.7221 21.7972 0)
(-59.9201 0.971867 0)
(-19.9543 -15.2439 0)
(1.9899 -8.07497 0)
(-3.91732 -2.79979 0)
(4.28528 -3.91614 0)
(8.47571 -1.7546 0)
(7.87886 2.42178 0)
(0.269946 5.94154 0)
(-4.35618 6.40129 0)
(-9.00221 4.11125 0)
(-19.0915 -4.05459 0)
(-0.148299 -12.7958 0)
(27.9092 -6.65361 0)
(12.117 6.40585 0)
(0.226721 10.7327 0)
(1.86074 8.92655 0)
(-24.9378 -2.42827 0)
(-13.1702 -15.7991 0)
(29.443 -9.7021 0)
(15.5236 4.4373 0)
(-2.75393 9.77428 0)
(-1.07424 10.2516 0)
(-18.0214 4.02561 0)
(-25.3579 -10.1147 0)
(14.1475 -13.4222 0)
(25.0214 -0.194947 0)
(2.07334 9.3844 0)
(2.05749 10.8736 0)
(-8.852 6.25588 0)
(-31.9405 -8.95477 0)
(4.50935 -16.1277 0)
(28.7707 -3.76518 0)
(5.91261 7.73935 0)
(-0.799094 10.4133 0)
(-4.26356 8.78198 0)
(-28.2021 -2.74666 0)
(-10.0033 -15.2194 0)
(27.7163 -9.34199 0)
(14.4873 4.92528 0)
(-1.93374 10.1916 0)
(1.21137 9.82019 0)
(-20.698 1.88559 0)
(-24.5492 -13.2355 0)
(14.4974 26.4496 0)
(-49.1239 2.98884 0)
(-18.2205 -17.7564 0)
(-3.2863 -10.7955 0)
(-6.45522 -4.24615 0)
(-0.358538 -4.75483 0)
(2.23234 -1.95788 0)
(1.52672 3.15921 0)
(-3.30098 7.06568 0)
(-3.81626 7.45203 0)
(-5.69753 4.52649 0)
(-12.97 -5.52927 0)
(1.67017 -15.6277 0)
(20.5463 -7.62758 0)
(5.83573 7.74975 0)
(-0.345477 12.4334 0)
(6.95133 10.7221 0)
(-15.461 -2.20748 0)
(-11.3285 -18.6148 0)
(20.5699 -11.646 0)
(8.35263 5.79151 0)
(-6.78742 11.8852 0)
(1.22999 11.9036 0)
(-11.537 4.62052 0)
(-18.7687 -12.3177 0)
(10.4567 -16.3136 0)
(17.5147 -0.417781 0)
(-1.03618 10.9376 0)
(4.28249 12.776 0)
(-0.258244 7.97002 0)
(-22.859 -10.031 0)
(1.97007 -19.3709 0)
(20.318 -4.71184 0)
(1.11862 9.35787 0)
(-1.42262 12.3843 0)
(1.5068 10.4249 0)
(-19.076 -3.19602 0)
(-6.91925 -18.3218 0)
(20.4101 -11.1325 0)
(7.93052 6.09766 0)
(-4.38805 12.046 0)
(5.04187 11.6119 0)
(-12.4601 2.4573 0)
(-18.6007 -15.7934 0)
(20.266 29.4495 0)
(-38.5309 5.60045 0)
(-15.5656 -18.439 0)
(-6.86933 -12.9943 0)
(-8.93993 -5.88679 0)
(-4.58782 -5.33716 0)
(-3.19037 -1.98736 0)
(-3.51701 3.56465 0)
(-5.30933 7.413 0)
(-2.60307 7.68431 0)
(-2.70128 4.27141 0)
(-7.74859 -6.83088 0)
(2.64933 -17.0094 0)
(13.611 -7.7623 0)
(0.500329 8.3917 0)
(-1.3222 12.9359 0)
(9.78845 11.3965 0)
(-7.86055 -1.63858 0)
(-9.10329 -19.4496 0)
(12.8176 -12.5509 0)
(2.98415 6.55739 0)
(-8.27498 12.8859 0)
(4.21108 12.4674 0)
(-5.759 4.79447 0)
(-12.6873 -13.4323 0)
(7.13011 -17.6994 0)
(11.1469 -0.630394 0)
(-4.33215 11.4 0)
(4.83957 13.4305 0)
(5.6647 8.89543 0)
(-14.8499 -9.93447 0)
(0.0613786 -20.6812 0)
(13.0497 -5.32817 0)
(-2.9458 10.0265 0)
(-1.6563 13.1861 0)
(6.32278 10.9696 0)
(-11.3379 -3.31107 0)
(-4.24291 -19.6389 0)
(13.7471 -11.8591 0)
(2.59277 6.73081 0)
(-6.00914 12.774 0)
(7.59918 12.2324 0)
(-5.9243 2.80104 0)
(-13.1582 -16.8158 0)
(23.0599 30.6381 0)
(-27.2494 8.48979 0)
(-11.6098 -17.3343 0)
(-8.34791 -14.2897 0)
(-10.5861 -7.41149 0)
(-7.75963 -5.72263 0)
(-7.06231 -1.97833 0)
(-6.7717 3.46204 0)
(-5.88457 6.94869 0)
(-1.29064 7.097 0)
(-0.111504 3.49709 0)
(-3.60788 -7.77057 0)
(2.53982 -16.901 0)
(7.34733 -7.08921 0)
(-3.75328 8.28417 0)
(-1.84879 12.3191 0)
(10.3791 10.9868 0)
(-2.27936 -0.914093 0)
(-6.49144 -18.4565 0)
(6.4308 -12.3856 0)
(-0.977542 6.54679 0)
(-7.59156 12.6744 0)
(6.05352 12.0834 0)
(-0.588866 4.6391 0)
(-7.27543 -13.3828 0)
(4.15586 -17.5538 0)
(5.91838 -0.700348 0)
(-6.71036 10.8999 0)
(4.08836 12.843 0)
(8.94816 8.89128 0)
(-8.17505 -8.85814 0)
(-1.02872 -20.0851 0)
(7.0307 -5.51896 0)
(-5.89709 9.72432 0)
(-1.36347 12.725 0)
(9.20855 10.5064 0)
(-5.18104 -3.07543 0)
(-2.08154 -19.1636 0)
(7.81765 -11.5227 0)
(-1.6831 6.75031 0)
(-6.07961 12.4091 0)
(8.2333 11.7823 0)
(-0.97943 2.84753 0)
(-8.31309 -16.3491 0)
(22.9563 29.8098 0)
(-14.5693 11.1361 0)
(-6.35601 -14.5459 0)
(-7.52021 -14.2938 0)
(-10.601 -8.47568 0)
(-9.34137 -5.94016 0)
(-8.99627 -2.08675 0)
(-8.09355 2.81431 0)
(-5.4066 5.79157 0)
(-0.229538 5.88718 0)
(1.75767 2.32568 0)
(-0.721231 -8.13389 0)
(1.43351 -15.4381 0)
(2.04681 -5.87026 0)
(-6.5375 7.50333 0)
(-1.83505 10.7415 0)
(9.25418 9.69476 0)
(1.36551 -0.290107 0)
(-3.69626 -15.9529 0)
(1.60369 -11.1846 0)
(-3.71824 5.78325 0)
(-5.93222 11.3485 0)
(6.27197 10.8617 0)
(3.67798 4.17266 0)
(-2.83673 -12.158 0)
(1.56294 -15.9507 0)
(1.81074 -0.724392 0)
(-7.48037 9.69564 0)
(2.87173 11.2122 0)
(9.93977 8.06026 0)
(-2.97506 -7.19898 0)
(-1.28479 -17.8156 0)
(2.33116 -5.26235 0)
(-7.40654 8.59028 0)
(-0.793217 11.1378 0)
(9.73007 9.27106 0)
(-0.70461 -2.61999 0)
(-0.452265 -17.0602 0)
(2.86831 -10.2394 0)
(-4.75243 6.15162 0)
(-5.04265 11.0632 0)
(7.41341 10.4509 0)
(2.5196 2.55994 0)
(-4.17426 -14.5594 0)
(19.6868 26.8211 0)
(-1.99827 12.8517 0)
(-0.226291 -10.3354 0)
(-4.48445 -12.7776 0)
(-8.58784 -8.72526 0)
(-8.99433 -5.94305 0)
(-8.98669 -2.33742 0)
(-7.72872 1.73169 0)
(-4.3029 4.16163 0)
(0.509338 4.2952 0)
(2.71465 0.95978 0)
(0.866124 -7.75121 0)
(-0.164754 -12.9112 0)
(-1.87435 -4.48824 0)
(-7.54902 6.14841 0)
(-1.61797 8.51875 0)
(7.33292 7.85647 0)
(3.41459 0.0368463 0)
(-1.23269 -12.4576 0)
(-1.50135 -9.11361 0)
(-5.27684 4.4658 0)
(-4.41823 9.26208 0)
(5.3793 8.96211 0)
(6.2724 3.38124 0)
(0.188228 -9.9291 0)
(-0.411395 -13.1707 0)
(-1.27995 -0.802836 0)
(-6.97276 7.97302 0)
(1.84148 8.93192 0)
(9.14883 6.64774 0)
(0.583868 -5.35384 0)
(-0.970246 -14.3186 0)
(-0.915043 -4.56443 0)
(-7.44304 6.84083 0)
(-0.391517 8.82762 0)
(8.5365 7.51589 0)
(2.25652 -2.12722 0)
(0.615677 -13.7249 0)
(-0.618452 -8.2235 0)
(-6.24876 4.97401 0)
(-3.73329 9.01711 0)
(6.05657 8.54106 0)
(4.68271 1.96217 0)
(-1.00527 -11.7798 0)
(13.8237 22.0663 0)
(7.02785 13.0037 0)
(5.34783 -5.48302 0)
(-0.175873 -9.86262 0)
(-4.91466 -7.92737 0)
(-6.83242 -5.59094 0)
(-7.35451 -2.62281 0)
(-6.19537 0.467711 0)
(-2.99985 2.36536 0)
(0.92204 2.54133 0)
(2.82691 -0.250923 0)
(1.32379 -6.65826 0)
(-1.56282 -9.79845 0)
(-4.13043 -3.25953 0)
(-7.00292 4.36695 0)
(-1.47077 6.08644 0)
(5.23532 5.76636 0)
(4.03386 0.0947562 0)
(0.230817 -8.63543 0)
(-2.85643 -6.53991 0)
(-5.52478 2.95895 0)
(-3.2425 6.83601 0)
(4.09294 6.6412 0)
(6.65654 2.38953 0)
(1.76556 -7.14399 0)
(-1.38856 -9.72269 0)
(-3.18499 -0.849043 0)
(-5.72177 5.8729 0)
(1.1751 6.46726 0)
(7.28292 4.89917 0)
(2.50925 -3.60251 0)
(-0.50613 -10.2503 0)
(-2.60662 -3.52984 0)
(-6.23759 4.78601 0)
(-0.24357 6.30707 0)
(6.60058 5.45186 0)
(3.77056 -1.62622 0)
(1.04569 -9.80657 0)
(-2.34868 -5.85724 0)
(-6.00394 3.47668 0)
(-2.58637 6.64925 0)
(4.67778 6.33464 0)
(5.38049 1.22065 0)
(0.856594 -8.48105 0)
(7.76013 16.6009 0)
(10.0141 11.529 0)
(8.35676 -1.27731 0)
(3.73089 -6.22888 0)
(-0.838344 -6.15998 0)
(-3.62892 -4.75859 0)
(-4.74029 -2.73063 0)
(-4.09768 -0.647193 0)
(-1.753 0.718474 0)
(1.07224 0.915533 0)
(2.4399 -1.07897 0)
(1.14565 -5.12047 0)
(-2.13714 -6.7037 0)
(-4.61682 -2.35205 0)
(-5.47583 2.51566 0)
(-1.34202 3.81177 0)
(3.25478 3.68051 0)
(3.45503 0.0662827 0)
(0.648926 -5.14925 0)
(-2.82906 -4.00585 0)
(-4.56414 1.67579 0)
(-2.19443 4.42499 0)
(2.8219 4.30842 0)
(5.31452 1.4827 0)
(2.15662 -4.42228 0)
(-1.453 -6.2347 0)
(-3.60849 -0.780703 0)
(-4.0996 3.72654 0)
(0.725649 4.18213 0)
(5.02023 3.13074 0)
(2.965 -2.14534 0)
(-0.132109 -6.36376 0)
(-2.84069 -2.39092 0)
(-4.3643 2.83207 0)
(-0.154696 3.97599 0)
(4.51804 3.41152 0)
(3.80907 -1.12116 0)
(0.962055 -6.04354 0)
(-2.57833 -3.61437 0)
(-4.52348 2.08506 0)
(-1.64876 4.32431 0)
(3.28902 4.11341 0)
(4.68505 0.61756 0)
(1.4902 -5.26472 0)
(3.93766 11.5244 0)
(8.37394 9.08867 0)
(8.25472 1.4126 0)
(5.5382 -2.91797 0)
(2.06219 -3.91978 0)
(-0.613086 -3.52087 0)
(-1.99752 -2.51125 0)
(-1.95271 -1.36202 0)
(-0.608079 -0.498959 0)
(1.14699 -0.323441 0)
(1.94495 -1.47058 0)
(0.849576 -3.55151 0)
(-1.81186 -4.14718 0)
(-3.70318 -1.73097 0)
(-3.68789 0.98579 0)
(-1.13441 1.94783 0)
(1.63239 1.95575 0)
(2.19905 0.0505809 0)
(0.450682 -2.5254 0)
(-2.06714 -2.01801 0)
(-3.00546 0.792685 0)
(-1.26489 2.42464 0)
(1.74164 2.3981 0)
(3.40064 0.826412 0)
(1.77049 -2.2815 0)
(-1.0096 -3.3417 0)
(-2.77882 -0.594826 0)
(-2.48009 1.94095 0)
(0.41199 2.32193 0)
(2.96498 1.68747 0)
(2.35769 -1.09002 0)
(0.0592589 -3.30221 0)
(-2.11228 -1.39616 0)
(-2.53069 1.34272 0)
(-0.055228 2.111 0)
(2.67131 1.76579 0)
(2.75764 -0.656806 0)
(0.640981 -3.09368 0)
(-1.90984 -1.87047 0)
(-2.74108 1.06187 0)
(-0.911511 2.41558 0)
(2.00063 2.27191 0)
(3.17524 0.26771 0)
(1.2966 -2.69074 0)
(2.14976 7.64552 0)
(5.1804 6.54886 0)
(6.02603 2.47868 0)
(4.98208 -0.606614 0)
(2.99309 -1.89182 0)
(1.1677 -2.21174 0)
(0.0293607 -2.03573 0)
(-0.214294 -1.64951 0)
(0.342821 -1.24445 0)
(1.17054 -1.09385 0)
(1.46446 -1.52101 0)
(0.642885 -2.28446 0)
(-1.05459 -2.37771 0)
(-2.25877 -1.28401 0)
(-2.15961 0.0163604 0)
(-0.851515 0.667327 0)
(0.584191 0.790547 0)
(1.02111 0.0468596 0)
(0.152394 -0.946269 0)
(-1.1844 -0.792339 0)
(-1.59235 0.290583 0)
(-0.614821 1.06806 0)
(0.92624 1.11494 0)
(1.79378 0.417495 0)
(1.07768 -0.915987 0)
(-0.514651 -1.42505 0)
(-1.56524 -0.370011 0)
(-1.25032 0.768271 0)
(0.207625 1.04229 0)
(1.48675 0.740115 0)
(1.3729 -0.438402 0)
(0.0928652 -1.36854 0)
(-1.15534 -0.694203 0)
(-1.22763 0.439939 0)
(-0.00994039 0.868744 0)
(1.3192 0.71366 0)
(1.47037 -0.302876 0)
(0.300747 -1.24793 0)
(-1.06714 -0.767284 0)
(-1.36337 0.458393 0)
(-0.420798 1.12721 0)
(1.025 1.04593 0)
(1.67806 0.138138 0)
(0.789512 -1.03117 0)
(1.21813 5.1702 0)
(2.63069 4.57004 0)
(3.47942 2.46265 0)
(3.29728 0.594752 0)
(2.45446 -0.545293 0)
(1.56133 -1.19248 0)
(0.915505 -1.5221 0)
(0.664739 -1.62576 0)
(0.782546 -1.5596 0)
(1.01661 -1.41463 0)
(0.989562 -1.3799 0)
(0.460817 -1.44793 0)
(-0.413037 -1.3552 0)
(-1.05423 -0.948881 0)
(-1.07328 -0.429107 0)
(-0.541696 -0.0432172 0)
(0.0911248 0.147093 0)
(0.323744 0.0252737 0)
(-0.00706537 -0.221517 0)
(-0.539991 -0.21044 0)
(-0.682947 0.0653989 0)
(-0.256849 0.334728 0)
(0.403141 0.409344 0)
(0.776599 0.208793 0)
(0.501631 -0.227363 0)
(-0.194034 -0.441468 0)
(-0.669468 -0.186006 0)
(-0.525808 0.18009 0)
(0.0790466 0.327529 0)
(0.611696 0.251548 0)
(0.595736 -0.110029 0)
(0.0536224 -0.417736 0)
(-0.486152 -0.29212 0)
(-0.511138 0.0286904 0)
(-0.0266098 0.209243 0)
(0.501837 0.192254 0)
(0.564275 -0.0920572 0)
(0.0697509 -0.352422 0)
(-0.48322 -0.213592 0)
(-0.568053 0.173453 0)
(-0.169536 0.423094 0)
(0.42115 0.408188 0)
(0.676522 0.125974 0)
(0.355032 -0.194459 0)
(0.696848 3.64949 0)
(1.398 3.33116 0)
(1.8801 2.15406 0)
(1.95584 1.01579 0)
(1.68746 0.109986 0)
(1.29271 -0.582482 0)
(0.963523 -1.10604 0)
(0.76041 -1.41865 0)
(0.677911 -1.498 0)
(0.630521 -1.37639 0)
(0.500231 -1.17758 0)
(0.228188 -1.00155 0)
(-0.12584 -0.864445 0)
(-0.396535 -0.728905 0)
(-0.448256 -0.558141 0)
(-0.29071 -0.350985 0)
(-0.07578 -0.149653 0)
(0.0227266 -0.0273695 0)
(-0.0548657 -0.00174534 0)
(-0.198695 -0.0143525 0)
(-0.231035 -0.00771412 0)
(-0.0880366 0.039932 0)
(0.134895 0.103689 0)
(0.261854 0.116057 0)
(0.179859 0.0398582 0)
(-0.0419259 -0.0470312 0)
(-0.205992 -0.0636023 0)
(-0.172306 -0.0244788 0)
(0.0172497 0.0266596 0)
(0.187699 0.0526468 0)
(0.184886 0.0082078 0)
(0.0135359 -0.0707674 0)
(-0.164698 -0.107432 0)
(-0.186219 -0.0903245 0)
(-0.0464378 -0.0447051 0)
(0.109552 0.00106844 0)
(0.121208 0.00210493 0)
(-0.0326227 -0.0200918 0)
(-0.19306 0.00134355 0)
(-0.206187 0.0681129 0)
(-0.0712287 0.128375 0)
(0.114264 0.151661 0)
(0.18256 0.135753 0)
(0.115899 0.109954 0)
(0.423572 2.63481 0)
(0.93416 2.53466 0)
(1.24954 1.83994 0)
(1.32924 1.10699 0)
(1.25067 0.392965 0)
(1.04972 -0.244624 0)
(0.802249 -0.766181 0)
(0.581712 -1.11666 0)
(0.404506 -1.24925 0)
(0.258703 -1.17842 0)
(0.127162 -0.992112 0)
(0.00587523 -0.802018 0)
(-0.103513 -0.678454 0)
(-0.185733 -0.61571 0)
(-0.215981 -0.551243 0)
(-0.185847 -0.434466 0)
(-0.126431 -0.263262 0)
(-0.0813184 -0.0987619 0)
(-0.068388 -0.00473412 0)
(-0.0719248 0.00291511 0)
(-0.0621982 -0.0310546 0)
(-0.0238696 -0.0391002 0)
(0.030436 0.00730292 0)
(0.0675003 0.0725387 0)
(0.0599102 0.101556 0)
(0.0147805 0.0676766 0)
(-0.0268818 -0.00106779 0)
(-0.0278223 -0.0527971 0)
(0.00594971 -0.0513459 0)
(0.0383966 -0.0109244 0)
(0.0377734 0.0245174 0)
(0.00274801 0.0119868 0)
(-0.0397459 -0.0404129 0)
(-0.0578084 -0.089608 0)
(-0.0424218 -0.0919697 0)
(-0.0203981 -0.040902 0)
(-0.0237365 0.0238868 0)
(-0.0563898 0.0597479 0)
(-0.0824911 0.0546341 0)
(-0.07461 0.0397621 0)
(-0.0434962 0.0443973 0)
(-0.00644552 0.0748608 0)
(0.00763921 0.132328 0)
(0.0234335 0.166282 0)
(0.257208 1.88734 0)
(0.662987 1.92073 0)
(0.940282 1.52008 0)
(1.05519 1.03971 0)
(1.04201 0.52092 0)
(0.930007 0.000233739 0)
(0.740085 -0.447868 0)
(0.512946 -0.768697 0)
(0.300255 -0.924941 0)
(0.12541 -0.925443 0)
(-0.0011818 -0.824768 0)
(-0.080767 -0.702243 0)
(-0.12719 -0.613552 0)
(-0.155601 -0.563419 0)
(-0.171887 -0.514713 0)
(-0.172225 -0.428783 0)
(-0.154815 -0.300693 0)
(-0.124691 -0.166728 0)
(-0.0894213 -0.0744568 0)
(-0.0573036 -0.0437542 0)
(-0.0334513 -0.0511731 0)
(-0.0165503 -0.0512813 0)
(-0.00173619 -0.0156804 0)
(0.0133256 0.0407335 0)
(0.027203 0.0758439 0)
(0.0341424 0.063733 0)
(0.0313316 0.0156564 0)
(0.0257503 -0.0309426 0)
(0.0216741 -0.0430068 0)
(0.0196584 -0.0169514 0)
(0.0182834 0.0135671 0)
(0.0131261 0.0151758 0)
(0.00279293 -0.0189938 0)
(-0.0104002 -0.057584 0)
(-0.0226789 -0.0654976 0)
(-0.032583 -0.0320383 0)
(-0.0385239 0.0178109 0)
(-0.041592 0.0492294 0)
(-0.0400441 0.0502573 0)
(-0.0344013 0.037445 0)
(-0.0312688 0.0374421 0)
(-0.027917 0.0670748 0)
(-0.0240891 0.118087 0)
(0.000415087 0.141814 0)
(0.148617 1.3292 0)
(0.438098 1.41004 0)
(0.663749 1.18867 0)
(0.803427 0.890269 0)
(0.850025 0.540172 0)
(0.807893 0.172792 0)
(0.69601 -0.171226 0)
(0.536423 -0.438102 0)
(0.360932 -0.601713 0)
(0.20232 -0.662013 0)
(0.0784776 -0.647839 0)
(-0.00753894 -0.601276 0)
(-0.0640383 -0.55457 0)
(-0.102179 -0.515598 0)
(-0.12859 -0.470934 0)
(-0.143158 -0.403961 0)
(-0.142579 -0.313511 0)
(-0.126107 -0.218133 0)
(-0.0984856 -0.142629 0)
(-0.0687146 -0.0990777 0)
(-0.0444951 -0.0783598 0)
(-0.0275726 -0.0593873 0)
(-0.0139479 -0.0282449 0)
(0.00149861 0.00967866 0)
(0.0193447 0.0355966 0)
(0.035294 0.0353925 0)
(0.0438569 0.0137121 0)
(0.0435316 -0.00987706 0)
(0.0378656 -0.0182518 0)
(0.032114 -0.00820876 0)
(0.0295057 0.00541868 0)
(0.0280424 0.00645081 0)
(0.023307 -0.00848426 0)
(0.0132118 -0.0261219 0)
(-0.00028996 -0.0291558 0)
(-0.0124973 -0.011657 0)
(-0.0192712 0.015725 0)
(-0.0204616 0.0356802 0)
(-0.0189221 0.0425167 0)
(-0.0184113 0.0423599 0)
(-0.0202659 0.04902 0)
(-0.0209376 0.0700355 0)
(-0.0192292 0.0991552 0)
(-0.00261179 0.106329 0)
(0.0839041 0.922143 0)
(0.274443 1.00194 0)
(0.432962 0.879789 0)
(0.554949 0.70251 0)
(0.625473 0.483151 0)
(0.637236 0.243158 0)
(0.595529 0.0093293 0)
(0.513338 -0.1914 0)
(0.408367 -0.337307 0)
(0.299564 -0.424989 0)
(0.201095 -0.463614 0)
(0.119387 -0.47057 0)
(0.0543354 -0.461138 0)
(0.00298576 -0.441817 0)
(-0.0367618 -0.41094 0)
(-0.0647798 -0.364959 0)
(-0.0798609 -0.305567 0)
(-0.0816725 -0.241684 0)
(-0.0726393 -0.184482 0)
(-0.0582005 -0.140337 0)
(-0.0433251 -0.107417 0)
(-0.0298413 -0.0788444 0)
(-0.0167869 -0.0496825 0)
(-0.0023951 -0.0216673 0)
(0.0131417 -0.00142099 0)
(0.027222 0.00632638 0)
(0.0366899 0.00312701 0)
(0.0402377 -0.0032602 0)
(0.0393325 -0.00533607 0)
(0.0368673 -0.00117435 0)
(0.0348103 0.00458463 0)
(0.0327124 0.00595721 0)
(0.0285688 0.00175725 0)
(0.0212079 -0.00324601 0)
(0.0117126 -0.00251013 0)
(0.00265705 0.00663916 0)
(-0.00360301 0.0205482 0)
(-0.00680408 0.0330836 0)
(-0.00841965 0.0412869 0)
(-0.0100213 0.0473422 0)
(-0.0119967 0.0560133 0)
(-0.0123433 0.0692821 0)
(-0.0109477 0.0842621 0)
(-0.00168782 0.0827507 0)
(0.0487596 0.628603 0)
(0.171517 0.691551 0)
(0.275018 0.621921 0)
(0.363449 0.518301 0)
(0.426284 0.387117 0)
(0.456863 0.239674 0)
(0.45495 0.0900837 0)
(0.425145 -0.0474936 0)
(0.374477 -0.160818 0)
(0.313137 -0.244579 0)
(0.2502 -0.300156 0)
(0.190199 -0.332241 0)
(0.135676 -0.346354 0)
(0.087726 -0.346147 0)
(0.0470206 -0.333063 0)
(0.0145088 -0.308025 0)
(-0.00899878 -0.273425 0)
(-0.0233635 -0.233724 0)
(-0.0296333 -0.193987 0)
(-0.0300221 -0.15775 0)
(-0.0268008 -0.125812 0)
(-0.0213978 -0.0971136 0)
(-0.0143103 -0.0707484 0)
(-0.00573365 -0.0474063 0)
(0.00362373 -0.0289872 0)
(0.0123674 -0.0167865 0)
(0.0190309 -0.0100715 0)
(0.0228863 -0.00625043 0)
(0.0242577 -0.00261337 0)
(0.0240802 0.00190323 0)
(0.0230992 0.00639129 0)
(0.0213682 0.00940115 0)
(0.0184289 0.0107122 0)
(0.0140126 0.0118501 0)
(0.00862178 0.014858 0)
(0.00321389 0.0206821 0)
(-0.00128111 0.0285409 0)
(-0.00443844 0.0366302 0)
(-0.00650442 0.0438789 0)
(-0.00790244 0.0506192 0)
(-0.00866571 0.0579032 0)
(-0.00801477 0.0660247 0)
(-0.00638874 0.0736232 0)
(-0.00116163 0.0683169 0)
(0.0293991 0.416546 0)
(0.108151 0.461555 0)
(0.174305 0.421204 0)
(0.233557 0.361162 0)
(0.279688 0.28478 0)
(0.308851 0.197629 0)
(0.320037 0.106508 0)
(0.314366 0.0185056 0)
(0.295422 -0.0609542 0)
(0.265981 -0.126677 0)
(0.229852 -0.177583 0)
(0.191666 -0.214014 0)
(0.153583 -0.237122 0)
(0.117215 -0.24825 0)
(0.0839434 -0.248614 0)
(0.0549238 -0.239548 0)
(0.0310363 -0.222902 0)
(0.0126009 -0.201012 0)
(-0.000643071 -0.176406 0)
(-0.00929634 -0.151151 0)
(-0.0141873 -0.126515 0)
(-0.0161384 -0.103109 0)
(-0.015785 -0.0813301 0)
(-0.0136932 -0.0617178 0)
(-0.0105216 -0.0449055 0)
(-0.0070351 -0.0312473 0)
(-0.00393367 -0.020526 0)
(-0.00165174 -0.0119755 0)
(-0.000287227 -0.00473914 0)
(0.000303102 0.00169039 0)
(0.000305151 0.00736197 0)
(-0.000201661 0.0121606 0)
(-0.00133421 0.0162142 0)
(-0.00307913 0.0200238 0)
(-0.00514736 0.024198 0)
(-0.00709571 0.0290368 0)
(-0.00868854 0.0344646 0)
(-0.00983416 0.040093 0)
(-0.0103449 0.0455933 0)
(-0.0101762 0.0508866 0)
(-0.00926579 0.056016 0)
(-0.00742617 0.060846 0)
(-0.00506205 0.0648013 0)
(-0.0012742 0.0582443 0)
(0.0178498 0.263755 0)
(0.0674872 0.293693 0)
(0.108964 0.270743 0)
(0.147148 0.236782 0)
(0.178564 0.193552 0)
(0.201017 0.143718 0)
(0.21384 0.0904257 0)
(0.217175 0.0370196 0)
(0.211944 -0.0134238 0)
(0.199799 -0.0588671 0)
(0.182009 -0.097081 0)
(0.160061 -0.127394 0)
(0.135986 -0.149603 0)
(0.111226 -0.163879 0)
(0.0869715 -0.170696 0)
(0.064234 -0.170794 0)
(0.0437965 -0.165186 0)
(0.0261623 -0.155094 0)
(0.0115474 -0.141824 0)
(-7.92724e-05 -0.126556 0)
(-0.00893065 -0.110289 0)
(-0.015319 -0.0937916 0)
(-0.0195949 -0.0776676 0)
(-0.0221295 -0.062417 0)
(-0.0233195 -0.0484354 0)
(-0.023617 -0.035958 0)
(-0.0233845 -0.0250191 0)
(-0.0228637 -0.0154805 0)
(-0.0222507 -0.00713023 0)
(-0.0216368 0.000218314 0)
(-0.0210608 0.00669029 0)
(-0.0206053 0.0123898 0)
(-0.0202705 0.0174655 0)
(-0.0199866 0.0221146 0)
(-0.0196894 0.0265646 0)
(-0.0192852 0.0309291 0)
(-0.0186151 0.0351765 0)
(-0.0175381 0.0393173 0)
(-0.016019 0.0432707 0)
(-0.0140292 0.0469548 0)
(-0.0115388 0.0502838 0)
(-0.00853418 0.0531262 0)
(-0.00521267 0.0552543 0)
(-0.00157479 0.0488406 0)
(0.011245 0.158805 0)
(0.043459 0.17727 0)
(0.0701547 0.1645 0)
(0.0953088 0.145681 0)
(0.116951 0.121689 0)
(0.133685 0.0937897 0)
(0.145066 0.0634638 0)
(0.150961 0.0322982 0)
(0.151607 0.00183771 0)
(0.147574 -0.02657 0)
(0.13948 -0.0519002 0)
(0.127991 -0.0732457 0)
(0.114014 -0.0901527 0)
(0.0984966 -0.102432 0)
(0.082268 -0.11013 0)
(0.0660588 -0.11351 0)
(0.0504899 -0.113015 0)
(0.0360429 -0.109222 0)
(0.0230432 -0.10278 0)
(0.0116728 -0.0943495 0)
(0.00200239 -0.0845526 0)
(-0.00599712 -0.0739442 0)
(-0.0124301 -0.0630029 0)
(-0.0174471 -0.0521298 0)
(-0.0212339 -0.0416431 0)
(-0.0239923 -0.0317742 0)
(-0.0259138 -0.0226436 0)
(-0.027121 -0.0143132 0)
(-0.0277799 -0.00678223 0)
(-0.028033 -1.84596e-05 0)
(-0.0279484 0.00602601 0)
(-0.0275975 0.011415 0)
(-0.0269809 0.016224 0)
(-0.0261058 0.0205468 0)
(-0.0250842 0.0244708 0)
(-0.0238926 0.0280794 0)
(-0.0223121 0.0314254 0)
(-0.0202931 0.0345023 0)
(-0.0179063 0.0372936 0)
(-0.0151716 0.0397689 0)
(-0.0120981 0.0418825 0)
(-0.00870835 0.0435714 0)
(-0.00511519 0.0447573 0)
(-0.0016558 0.0392423 0)
(0.00801884 0.0923645 0)
(0.0315298 0.103015 0)
(0.0509384 0.0957314 0)
(0.0696002 0.0850305 0)
(0.0862979 0.0713623 0)
(0.0999878 0.0553705 0)
(0.110383 0.0378169 0)
(0.117299 0.019529 0)
(0.120726 0.00133619 0)
(0.120826 -0.0159885 0)
(0.117925 -0.0318089 0)
(0.112403 -0.0455766 0)
(0.104684 -0.0568979 0)
(0.0953005 -0.0655484 0)
(0.0847859 -0.0714533 0)
(0.0736443 -0.0746744 0)
(0.0623226 -0.0753904 0)
(0.051199 -0.0738717 0)
(0.0405771 -0.0704509 0)
(0.0306809 -0.0654926 0)
(0.0216614 -0.0593673 0)
(0.0136115 -0.0524313 0)
(0.00657025 -0.0450118 0)
(0.000519862 -0.0373969 0)
(-0.00459563 -0.0298276 0)
(-0.00884347 -0.0224938 0)
(-0.0122968 -0.0155341 0)
(-0.015034 -0.0090408 0)
(-0.0171371 -0.00306743 0)
(-0.0186734 0.00236363 0)
(-0.019705 0.00725316 0)
(-0.0202962 0.0116389 0)
(-0.020484 0.0155216 0)
(-0.0202927 0.0189675 0)
(-0.0197702 0.0220165 0)
(-0.0189122 0.0247396 0)
(-0.0176893 0.0271809 0)
(-0.016123 0.0293394 0)
(-0.0142342 0.0312225 0)
(-0.0120438 0.0328282 0)
(-0.00958253 0.0341435 0)
(-0.00687398 0.0351454 0)
(-0.0040098 0.0358121 0)
(-0.00134654 0.0312764 0)
(0.00640255 0.0494215 0)
(0.025537 0.0548175 0)
(0.0412609 0.050536 0)
(0.0566296 0.0442659 0)
(0.0707771 0.0362493 0)
(0.0828391 0.0268525 0)
(0.0926209 0.0165167 0)
(0.0999452 0.00571599 0)
(0.104734 -0.00509889 0)
(0.107 -0.0154463 0)
(0.106899 -0.0249204 0)
(0.104657 -0.0332032 0)
(0.100528 -0.0400348 0)
(0.0948261 -0.0452486 0)
(0.0878983 -0.0487679 0)
(0.080094 -0.0505992 0)
(0.0717376 -0.050823 0)
(0.0631235 -0.0495808 0)
(0.0545092 -0.04706 0)
(0.0461045 -0.0434767 0)
(0.0380769 -0.03906 0)
(0.0305693 -0.0340404 0)
(0.0236726 -0.0286374 0)
(0.0174218 -0.0230507 0)
(0.0118362 -0.0174545 0)
(0.00692159 -0.0119936 0)
(0.00266611 -0.00677832 0)
(-0.000963504 -0.0018892 0)
(-0.00401055 0.0026175 0)
(-0.00650098 0.00671158 0)
(-0.00842407 0.0103864 0)
(-0.00990064 0.0136379 0)
(-0.0109722 0.0164955 0)
(-0.0115971 0.0189879 0)
(-0.0118378 0.0211456 0)
(-0.0117161 0.0230125 0)
(-0.0112548 0.0246169 0)
(-0.0104733 0.0259847 0)
(-0.00939263 0.0271359 0)
(-0.00804006 0.0280823 0)
(-0.00645622 0.0288282 0)
(-0.00465809 0.0293699 0)
(-0.00273192 0.0297076 0)
(-0.000945972 0.0258817 0)
(0.00515482 0.0194253 0)
(0.0211865 0.0210888 0)
(0.0340629 0.0186057 0)
(0.0469203 0.0150032 0)
(0.0590047 0.0104122 0)
(0.0695205 0.00505864 0)
(0.0783094 -0.000789593 0)
(0.0851523 -0.00684719 0)
(0.0900036 -0.0127933 0)
(0.0929685 -0.0184121 0)
(0.0940591 -0.0234576 0)
(0.0933512 -0.0277391 0)
(0.0910208 -0.031103 0)
(0.0872844 -0.0334499 0)
(0.0823794 -0.034734 0)
(0.0765531 -0.0349597 0)
(0.0700515 -0.0341771 0)
(0.0631111 -0.0324749 0)
(0.0559495 -0.0299737 0)
(0.0487572 -0.0268142 0)
(0.0416951 -0.0231431 0)
(0.0349062 -0.0191146 0)
(0.0285059 -0.0148765 0)
(0.0225621 -0.0105605 0)
(0.0171233 -0.00628771 0)
(0.0122252 -0.00215854 0)
(0.00788755 0.00174289 0)
(0.00409636 0.00535332 0)
(0.000828859 0.00863672 0)
(-0.00191061 0.0115729 0)
(-0.00415864 0.0141568 0)
(-0.00594896 0.0163754 0)
(-0.00729695 0.018286 0)
(-0.00823247 0.0198898 0)
(-0.00877785 0.0212308 0)
(-0.00894848 0.0223201 0)
(-0.00877156 0.0231997 0)
(-0.00828376 0.0239013 0)
(-0.00750892 0.0244515 0)
(-0.00647652 0.024872 0)
(-0.00522907 0.0251775 0)
(-0.00377371 0.0253747 0)
(-0.00220396 0.0254763 0)
(-0.000754577 0.0221635 0)
(0.00383643 -0.00141407 0)
(0.0167001 -0.0023399 0)
(0.0263938 -0.00371811 0)
(0.0363297 -0.00563033 0)
(0.0457443 -0.00800531 0)
(0.053928 -0.0106973 0)
(0.0607874 -0.0135415 0)
(0.0662465 -0.0163712 0)
(0.0701547 -0.0190025 0)
(0.0724271 -0.0213254 0)
(0.0731474 -0.0232225 0)
(0.0723854 -0.0245861 0)
(0.0702463 -0.0253457 0)
(0.0668958 -0.0254619 0)
(0.0625236 -0.0249249 0)
(0.0573268 -0.0237535 0)
(0.0515061 -0.021993 0)
(0.0452599 -0.0197091 0)
(0.0387893 -0.0170029 0)
(0.0322805 -0.0139814 0)
(0.0258837 -0.0107124 0)
(0.0197514 -0.00730223 0)
(0.0140092 -0.00385176 0)
(0.00871348 -0.000458147 0)
(0.00389727 0.00280393 0)
(-0.000398335 0.00587227 0)
(-0.00415103 0.00869457 0)
(-0.00734373 0.0112336 0)
(-0.00998286 0.0134716 0)
(-0.0120649 0.0154022 0)
(-0.0136293 0.0170248 0)
(-0.0147466 0.01836 0)
(-0.0154089 0.0194267 0)
(-0.0156111 0.0202481 0)
(-0.0154309 0.0208507 0)
(-0.0148967 0.021268 0)
(-0.013997 0.0215309 0)
(-0.0127852 0.0216718 0)
(-0.0112936 0.0217222 0)
(-0.00955121 0.0217101 0)
(-0.00759446 0.0216575 0)
(-0.00541316 0.0215781 0)
(-0.00311846 0.0214899 0)
(-0.00100738 0.0186813 0)
(0.00230985 -0.0146032 0)
(0.011469 -0.0171038 0)
(0.0173831 -0.0178068 0)
(0.0237621 -0.0186126 0)
(0.0298064 -0.0194882 0)
(0.0348527 -0.0203449 0)
(0.0388316 -0.0210861 0)
(0.0416413 -0.0216301 0)
(0.0431708 -0.0219476 0)
(0.0433588 -0.0219425 0)
(0.0422353 -0.021584 0)
(0.0398742 -0.0208499 0)
(0.0363956 -0.0197379 0)
(0.0319593 -0.0182547 0)
(0.0267377 -0.0164209 0)
(0.0209096 -0.0142709 0)
(0.0146466 -0.0118506 0)
(0.00810142 -0.00921303 0)
(0.00149372 -0.00646601 0)
(-0.00492397 -0.00359323 0)
(-0.0109947 -0.000725738 0)
(-0.0166523 0.00207746 0)
(-0.0218407 0.00475826 0)
(-0.0264549 0.00725996 0)
(-0.0304181 0.00954196 0)
(-0.0337017 0.0115733 0)
(-0.036288 0.0133367 0)
(-0.0381657 0.0148257 0)
(-0.0393462 0.0160381 0)
(-0.0398556 0.0169845 0)
(-0.0397304 0.0176793 0)
(-0.0390174 0.0181455 0)
(-0.0377601 0.0184101 0)
(-0.0360095 0.0185006 0)
(-0.0338319 0.0184313 0)
(-0.0312783 0.0182544 0)
(-0.0283841 0.0179863 0)
(-0.0251874 0.0176544 0)
(-0.0217206 0.0172886 0)
(-0.0180183 0.0169185 0)
(-0.0141144 0.01657 0)
(-0.00998165 0.0162612 0)
(-0.00573109 0.0160128 0)
(-0.00180107 0.0138995 0)
(0.000531554 -0.0210302 0)
(0.00532464 -0.0241977 0)
(0.00675187 -0.0245023 0)
(0.00885354 -0.0245586 0)
(0.0107276 -0.0243737 0)
(0.0117247 -0.023916 0)
(0.0117799 -0.023158 0)
(0.0107967 -0.0220885 0)
(0.00871694 -0.0207153 0)
(0.00555253 -0.0190516 0)
(0.00138411 -0.0171289 0)
(-0.00371346 -0.0149844 0)
(-0.00961169 -0.0126568 0)
(-0.0161234 -0.0101821 0)
(-0.0230843 -0.00760038 0)
(-0.0303135 -0.0049558 0)
(-0.0376447 -0.00229743 0)
(-0.0449356 0.00031588 0)
(-0.05194 0.00289508 0)
(-0.0585109 0.00535758 0)
(-0.0646119 0.00762136 0)
(-0.0701077 0.00965307 0)
(-0.0748858 0.0114237 0)
(-0.078855 0.012917 0)
(-0.0819421 0.0141161 0)
(-0.084107 0.0150164 0)
(-0.0853281 0.0156233 0)
(-0.0855986 0.0159512 0)
(-0.0849291 0.016022 0)
(-0.0833459 0.0158649 0)
(-0.0808894 0.0155143 0)
(-0.0776182 0.0150077 0)
(-0.0736062 0.0143828 0)
(-0.0689339 0.0136757 0)
(-0.0636884 0.0129206 0)
(-0.0579579 0.0121454 0)
(-0.0518269 0.0113717 0)
(-0.0453737 0.010619 0)
(-0.0386653 0.00990694 0)
(-0.0317577 0.00925521 0)
(-0.024689 0.00868095 0)
(-0.0174123 0.00819469 0)
(-0.0100098 0.00781518 0)
(-0.00313003 0.00670216 0)
(-0.00159651 -0.0213713 0)
(-0.00200504 -0.0244393 0)
(-0.00595397 -0.0245291 0)
(-0.00903673 -0.0240509 0)
(-0.012316 -0.0230748 0)
(-0.0164084 -0.0216487 0)
(-0.021306 -0.0198236 0)
(-0.0270124 -0.0176573 0)
(-0.033483 -0.0152109 0)
(-0.0406162 -0.0125513 0)
(-0.0482931 -0.00974706 0)
(-0.0564045 -0.00686668 0)
(-0.0648098 -0.00396502 0)
(-0.0733605 -0.00109036 0)
(-0.0819331 0.00171222 0)
(-0.0903713 0.00439906 0)
(-0.0985078 0.00691777 0)
(-0.10621 0.00920941 0)
(-0.113432 0.0113377 0)
(-0.120102 0.0131221 0)
(-0.126078 0.014592 0)
(-0.13126 0.0157222 0)
(-0.135555 0.0164946 0)
(-0.138881 0.0169023 0)
(-0.141169 0.0169472 0)
(-0.142365 0.0166423 0)
(-0.142429 0.0160095 0)
(-0.141335 0.0150807 0)
(-0.139069 0.0138947 0)
(-0.135631 0.0124983 0)
(-0.131039 0.010945 0)
(-0.12533 0.0092911 0)
(-0.118553 0.00759137 0)
(-0.110769 0.00590247 0)
(-0.102084 0.00427642 0)
(-0.0926282 0.00275458 0)
(-0.0825327 0.00136895 0)
(-0.0719436 0.000143028 0)
(-0.0610101 -0.00091074 0)
(-0.0498685 -0.00179244 0)
(-0.0386145 -0.00251553 0)
(-0.0272014 -0.00310909 0)
(-0.0156667 -0.00358433 0)
(-0.00490661 -0.00340156 0)
(-0.00420529 -0.0160954 0)
(-0.0109304 -0.0184235 0)
(-0.0214679 -0.0184216 0)
(-0.0309437 -0.0175801 0)
(-0.0405094 -0.0160785 0)
(-0.0506484 -0.0140881 0)
(-0.0611576 -0.0117391 0)
(-0.0718802 -0.00913331 0)
(-0.082657 -0.00634402 0)
(-0.0933285 -0.00344115 0)
(-0.103786 -0.000493319 0)
(-0.113978 0.00243495 0)
(-0.123825 0.00529319 0)
(-0.133249 0.00802907 0)
(-0.142213 0.0105979 0)
(-0.150689 0.012958 0)
(-0.158619 0.0150625 0)
(-0.165872 0.0168721 0)
(-0.172476 0.0183175 0)
(-0.178446 0.0193888 0)
(-0.183659 0.020062 0)
(-0.188043 0.0203161 0)
(-0.191535 0.0201386 0)
(-0.194072 0.0195287 0)
(-0.195591 0.0184944 0)
(-0.196035 0.0170573 0)
(-0.195345 0.0152455 0)
(-0.193467 0.0130988 0)
(-0.190348 0.0106638 0)
(-0.185939 0.00799691 0)
(-0.180203 0.00516213 0)
(-0.173107 0.00222483 0)
(-0.164623 -0.000737921 0)
(-0.154723 -0.00364847 0)
(-0.143451 -0.00643824 0)
(-0.130895 -0.00902667 0)
(-0.117159 -0.0113426 0)
(-0.102428 -0.013324 0)
(-0.0869455 -0.0149293 0)
(-0.0709953 -0.0161546 0)
(-0.0548647 -0.0170404 0)
(-0.0386222 -0.0176932 0)
(-0.0223106 -0.0182009 0)
(-0.00702006 -0.0164784 0)
(-0.00740856 -0.00562311 0)
(-0.0217976 -0.0066971 0)
(-0.0403419 -0.00671145 0)
(-0.0574557 -0.00580157 0)
(-0.0740847 -0.00425278 0)
(-0.0904815 -0.00237953 0)
(-0.106172 -0.00031924 0)
(-0.120911 0.00185373 0)
(-0.134547 0.00412513 0)
(-0.147013 0.00647795 0)
(-0.158344 0.00886687 0)
(-0.168618 0.0112466 0)
(-0.177942 0.0135656 0)
(-0.186413 0.0157743 0)
(-0.194077 0.0178181 0)
(-0.201007 0.0196458 0)
(-0.207246 0.0212084 0)
(-0.212784 0.0224634 0)
(-0.217666 0.0233043 0)
(-0.221926 0.0237488 0)
(-0.22553 0.0237594 0)
(-0.22845 0.0233095 0)
(-0.230652 0.0223835 0)
(-0.2321 0.0209804 0)
(-0.23275 0.0191049 0)
(-0.232555 0.0167783 0)
(-0.231456 0.0140252 0)
(-0.229383 0.0108831 0)
(-0.226257 0.00739515 0)
(-0.221989 0.00361416 0)
(-0.216486 -0.000399473 0)
(-0.209628 -0.0045813 0)
(-0.201275 -0.00885068 0)
(-0.191332 -0.0131286 0)
(-0.179656 -0.0173271 0)
(-0.166108 -0.021338 0)
(-0.15066 -0.025036 0)
(-0.133367 -0.0282823 0)
(-0.114417 -0.0309447 0)
(-0.0941398 -0.0329465 0)
(-0.0730524 -0.0342738 0)
(-0.0514258 -0.0351052 0)
(-0.0296706 -0.035577 0)
(-0.00933159 -0.0321404 0)
(-0.0113604 0.00968644 0)
(-0.034849 0.0101931 0)
(-0.0625454 0.00989123 0)
(-0.0878423 0.0101203 0)
(-0.110904 0.0107931 0)
(-0.132046 0.0114905 0)
(-0.150671 0.0122291 0)
(-0.166784 0.0130341 0)
(-0.180462 0.0139979 0)
(-0.191957 0.0151584 0)
(-0.201583 0.0164971 0)
(-0.209623 0.017968 0)
(-0.216357 0.0194929 0)
(-0.222017 0.0210111 0)
(-0.226761 0.022445 0)
(-0.230726 0.0237246 0)
(-0.234027 0.0247811 0)
(-0.236734 0.0255504 0)
(-0.23892 0.0259555 0)
(-0.240641 0.0259605 0)
(-0.241921 0.0255284 0)
(-0.242777 0.0246294 0)
(-0.243214 0.0232403 0)
(-0.243233 0.0213575 0)
(-0.24282 0.0189767 0)
(-0.241956 0.0161143 0)
(-0.240607 0.0127845 0)
(-0.238718 0.00901511 0)
(-0.236215 0.00483709 0)
(-0.233001 0.000288224 0)
(-0.228968 -0.00458743 0)
(-0.223935 -0.00973404 0)
(-0.217708 -0.0151044 0)
(-0.210081 -0.0206391 0)
(-0.200728 -0.0262572 0)
(-0.189288 -0.0318593 0)
(-0.175424 -0.0372907 0)
(-0.15884 -0.0423411 0)
(-0.139399 -0.0467576 0)
(-0.1171 -0.0503341 0)
(-0.0924865 -0.0528416 0)
(-0.0656859 -0.054461 0)
(-0.0380842 -0.0550103 0)
(-0.0120106 -0.0498394 0)
(-0.0165479 0.0295793 0)
(-0.0505969 0.0314122 0)
(-0.0872586 0.0300568 0)
(-0.119451 0.0280733 0)
(-0.145811 0.0265034 0)
(-0.167923 0.0248001 0)
(-0.185432 0.0232914 0)
(-0.199094 0.0220633 0)
(-0.209442 0.0212802 0)
(-0.217102 0.0209797 0)
(-0.22264 0.0211272 0)
(-0.226526 0.0216395 0)
(-0.229134 0.0223896 0)
(-0.230745 0.0232761 0)
(-0.231564 0.0241882 0)
(-0.231747 0.0250343 0)
(-0.23143 0.0257249 0)
(-0.230713 0.0261786 0)
(-0.229687 0.0263206 0)
(-0.228425 0.0260938 0)
(-0.226986 0.0254532 0)
(-0.225429 0.0243666 0)
(-0.223794 0.0228027 0)
(-0.222126 0.020757 0)
(-0.220453 0.0182149 0)
(-0.2188 0.0151883 0)
(-0.217178 0.0116789 0)
(-0.215573 0.00770258 0)
(-0.213956 0.00327527 0)
(-0.212267 -0.00158436 0)
(-0.210396 -0.00685184 0)
(-0.208214 -0.0125038 0)
(-0.205551 -0.0185298 0)
(-0.202119 -0.0249156 0)
(-0.19752 -0.0316422 0)
(-0.191233 -0.0386593 0)
(-0.182632 -0.0458394 0)
(-0.17099 -0.0529703 0)
(-0.155641 -0.0597279 0)
(-0.135733 -0.0658423 0)
(-0.111421 -0.0707249 0)
(-0.0813374 -0.0745713 0)
(-0.0485943 -0.0758531 0)
(-0.015713 -0.0694661 0)
(-0.0239797 0.0539478 0)
(-0.0698788 0.055295 0)
(-0.112259 0.0513688 0)
(-0.147263 0.0449547 0)
(-0.170963 0.0397869 0)
(-0.188603 0.0348025 0)
(-0.200237 0.0306519 0)
(-0.207717 0.0272828 0)
(-0.211933 0.0248254 0)
(-0.213753 0.0232371 0)
(-0.213816 0.0224016 0)
(-0.212619 0.0221734 0)
(-0.210509 0.0223582 0)
(-0.207717 0.0228067 0)
(-0.204412 0.0233749 0)
(-0.200712 0.0239523 0)
(-0.196735 0.0244383 0)
(-0.192571 0.0247395 0)
(-0.188314 0.0247821 0)
(-0.184047 0.0245006 0)
(-0.179851 0.0238433 0)
(-0.175817 0.0227796 0)
(-0.172021 0.0212726 0)
(-0.16855 0.0193201 0)
(-0.165481 0.0168997 0)
(-0.162888 0.0140207 0)
(-0.160838 0.0106751 0)
(-0.159377 0.00686823 0)
(-0.15854 0.00260337 0)
(-0.158331 -0.00211761 0)
(-0.158714 -0.00728732 0)
(-0.159645 -0.0129215 0)
(-0.161024 -0.0190383 0)
(-0.162633 -0.0256867 0)
(-0.164128 -0.0329352 0)
(-0.164977 -0.0408238 0)
(-0.164461 -0.0493128 0)
(-0.161571 -0.0582894 0)
(-0.155239 -0.0674753 0)
(-0.14342 -0.0767689 0)
(-0.125732 -0.0852314 0)
(-0.0968363 -0.0935056 0)
(-0.062652 -0.097019 0)
(-0.0216691 -0.0914867 0)
(-0.0347068 0.0829183 0)
(-0.0927778 0.0791016 0)
(-0.132391 0.0704638 0)
(-0.163372 0.0574126 0)
(-0.176951 0.0479846 0)
(-0.184836 0.039661 0)
(-0.186846 0.0332302 0)
(-0.185849 0.028219 0)
(-0.182656 0.0246112 0)
(-0.178092 0.0222145 0)
(-0.172614 0.0208163 0)
(-0.166557 0.0201877 0)
(-0.160117 0.020081 0)
(-0.153395 0.0203111 0)
(-0.146468 0.0207141 0)
(-0.139381 0.0211704 0)
(-0.13221 0.0215801 0)
(-0.125019 0.0218511 0)
(-0.117893 0.0219027 0)
(-0.110922 0.0216807 0)
(-0.104203 0.0211288 0)
(-0.0978551 0.0202221 0)
(-0.0919859 0.0189213 0)
(-0.0867244 0.0172291 0)
(-0.0821912 0.0151194 0)
(-0.0785105 0.0126007 0)
(-0.0758073 0.00966002 0)
(-0.0741872 0.00629519 0)
(-0.0737575 0.00250181 0)
(-0.0745987 -0.00173005 0)
(-0.0767743 -0.0064058 0)
(-0.0803461 -0.0115576 0)
(-0.0853353 -0.0172344 0)
(-0.091679 -0.0235394 0)
(-0.0992078 -0.0306189 0)
(-0.107561 -0.0386164 0)
(-0.116206 -0.0476072 0)
(-0.124157 -0.0576551 0)
(-0.130433 -0.0686446 0)
(-0.131871 -0.0809589 0)
(-0.128329 -0.0935104 0)
(-0.107559 -0.108432 0)
(-0.0807737 -0.116383 0)
(-0.0310148 -0.116725 0)
(-0.0481793 0.116386 0)
(-0.116583 0.0990812 0)
(-0.138976 0.083694 0)
(-0.157982 0.0629338 0)
(-0.154903 0.0497651 0)
(-0.149866 0.0390137 0)
(-0.14084 0.0313013 0)
(-0.131236 0.0255389 0)
(-0.121196 0.021518 0)
(-0.111198 0.0188868 0)
(-0.1013 0.0173593 0)
(-0.0915429 0.0166492 0)
(-0.0818931 0.0164826 0)
(-0.0722902 0.0166608 0)
(-0.0627023 0.0170202 0)
(-0.0530991 0.0174455 0)
(-0.0435091 0.0178478 0)
(-0.0339753 0.0181404 0)
(-0.02457 0.0182564 0)
(-0.0153918 0.0181431 0)
(-0.00655269 0.0177501 0)
(0.00179955 0.0170601 0)
(0.00953159 0.016035 0)
(0.016476 0.0146831 0)
(0.0224739 0.0129783 0)
(0.0273579 0.0109296 0)
(0.0309535 0.00852319 0)
(0.0331022 0.00575276 0)
(0.0336321 0.00261115 0)
(0.0323896 -0.000917075 0)
(0.0292193 -0.0048421 0)
(0.0239559 -0.00919699 0)
(0.0164481 -0.0140498 0)
(0.00657772 -0.0195326 0)
(-0.0057246 -0.0258417 0)
(-0.0203979 -0.0331983 0)
(-0.0373308 -0.0417723 0)
(-0.0558703 -0.0518113 0)
(-0.0757552 -0.063406 0)
(-0.0931687 -0.0776418 0)
(-0.110026 -0.0935763 0)
(-0.105088 -0.116184 0)
(-0.100355 -0.130682 0)
(-0.0430431 -0.145639 0)
(-0.0598374 0.152823 0)
(-0.133572 0.111027 0)
(-0.120519 0.0880662 0)
(-0.121241 0.0607173 0)
(-0.0984284 0.0454968 0)
(-0.080596 0.0339157 0)
(-0.0618637 0.026172 0)
(-0.0455729 0.0206021 0)
(-0.0307386 0.0168491 0)
(-0.0173176 0.0144599 0)
(-0.00486388 0.0131188 0)
(0.00691531 0.012536 0)
(0.0182848 0.0124411 0)
(0.0294517 0.0126475 0)
(0.0405342 0.0130112 0)
(0.0516209 0.0134318 0)
(0.0627141 0.0138379 0)
(0.0737876 0.0141537 0)
(0.0847709 0.0143337 0)
(0.0955501 0.0143269 0)
(0.106001 0.0140924 0)
(0.115947 0.0136213 0)
(0.125232 0.0128794 0)
(0.133656 0.0118788 0)
(0.14103 0.0105969 0)
(0.147154 0.00904272 0)
(0.151818 0.0072047 0)
(0.154824 0.00507501 0)
(0.155951 0.00264711 0)
(0.15499 -9.45162e-05 0)
(0.151715 -0.00315814 0)
(0.145886 -0.0065726 0)
(0.137248 -0.0104056 0)
(0.125529 -0.0147921 0)
(0.110426 -0.019941 0)
(0.0916659 -0.0261046 0)
(0.0688351 -0.0334968 0)
(0.0420864 -0.0424883 0)
(0.010484 -0.0533307 0)
(-0.0220775 -0.0677457 0)
(-0.0617879 -0.0851922 0)
(-0.0783107 -0.114293 0)
(-0.113587 -0.136205 0)
(-0.0527902 -0.177068 0)
(-0.058961 0.188057 0)
(-0.12994 0.111634 0)
(-0.0651758 0.0823262 0)
(-0.0455691 0.0519202 0)
(-0.00486344 0.0369556 0)
(0.0224461 0.0262669 0)
(0.0473905 0.0195639 0)
(0.0671615 0.0148997 0)
(0.0839811 0.0118636 0)
(0.0984101 0.00999173 0)
(0.111357 0.00899373 0)
(0.123396 0.00861419 0)
(0.134968 0.00862111 0)
(0.146377 0.0088591 0)
(0.157787 0.00921524 0)
(0.169313 0.00961046 0)
(0.18097 0.00999342 0)
(0.192734 0.0103059 0)
(0.204528 0.0105126 0)
(0.216221 0.010578 0)
(0.227675 0.0104688 0)
(0.238688 0.0101824 0)
(0.249087 0.00969078 0)
(0.258648 0.00900712 0)
(0.267162 0.00811395 0)
(0.274411 0.00701935 0)
(0.280163 0.00571531 0)
(0.284197 0.00419437 0)
(0.286265 0.00245212 0)
(0.286125 0.000475963 0)
(0.283514 -0.00173873 0)
(0.27815 -0.00421274 0)
(0.269724 -0.0070021 0)
(0.257873 -0.0102238 0)
(0.242118 -0.0140651 0)
(0.221908 -0.0187625 0)
(0.196345 -0.0245211 0)
(0.165099 -0.0317423 0)
(0.125945 -0.0407424 0)
(0.0824196 -0.0535589 0)
(0.0226493 -0.0702092 0)
(-0.0162376 -0.101987 0)
(-0.106765 -0.130192 0)
(-0.0491725 -0.207061 0)
(-0.0282229 0.214766 0)
(-0.0869771 0.0999108 0)
(0.0359163 0.0677232 0)
(0.0724279 0.0391728 0)
(0.124603 0.0265681 0)
(0.15608 0.0180728 0)
(0.182757 0.0130309 0)
(0.20253 0.00962391 0)
(0.218578 0.00747587 0)
(0.231824 0.00619452 0)
(0.243479 0.00555195 0)
(0.254286 0.00535336 0)
(0.264776 0.00542542 0)
(0.275283 0.00565422 0)
(0.285976 0.00596142 0)
(0.296968 0.00629087 0)
(0.308267 0.00660903 0)
(0.319843 0.00687645 0)
(0.331609 0.00706752 0)
(0.343419 0.00716034 0)
(0.355124 0.00713006 0)
(0.366508 0.00697819 0)
(0.377387 0.00668363 0)
(0.387527 0.00625819 0)
(0.396714 0.00568969 0)
(0.404725 0.00498438 0)
(0.411324 0.00413774 0)
(0.416289 0.00314368 0)
(0.419363 0.00200008 0)
(0.420299 0.000698046 0)
(0.418826 -0.000764162 0)
(0.414661 -0.00239924 0)
(0.407493 -0.00424738 0)
(0.396932 -0.00639573 0)
(0.382415 -0.00898788 0)
(0.363224 -0.0122106 0)
(0.33814 -0.0162272 0)
(0.306503 -0.0213852 0)
(0.26511 -0.0279802 0)
(0.216949 -0.0379242 0)
(0.144866 -0.051668 0)
(0.0885752 -0.0810835 0)
(-0.0617977 -0.112351 0)
(-0.0150846 -0.228515 0)
(0.0540202 0.223268 0)
(0.0152632 0.0779786 0)
(0.185897 0.0477712 0)
(0.231264 0.0256097 0)
(0.285827 0.0166005 0)
(0.315879 0.0108724 0)
(0.3401 0.00761183 0)
(0.357032 0.00546969 0)
(0.370251 0.00415412 0)
(0.380806 0.00339213 0)
(0.389988 0.00303071 0)
(0.398569 0.00294448 0)
(0.407072 0.00302336 0)
(0.415807 0.00319561 0)
(0.424917 0.00341434 0)
(0.434493 0.00364391 0)
(0.444531 0.00386467 0)
(0.45499 0.00405478 0)
(0.465778 0.00419598 0)
(0.476743 0.00427742 0)
(0.487739 0.00428249 0)
(0.498552 0.00421441 0)
(0.509002 0.00405886 0)
(0.518865 0.00382464 0)
(0.527939 0.00350415 0)
(0.536013 0.00310128 0)
(0.54287 0.0026142 0)
(0.548302 0.00203845 0)
(0.552073 0.00137363 0)
(0.553951 0.000614094 0)
(0.55369 -0.000240662 0)
(0.551035 -0.00119748 0)
(0.545713 -0.00228159 0)
(0.537368 -0.0035478 0)
(0.525448 -0.00508857 0)
(0.509205 -0.00702671 0)
(0.487325 -0.00947303 0)
(0.459032 -0.0126725 0)
(0.420728 -0.0168587 0)
(0.374838 -0.0234415 0)
(0.301244 -0.0330714 0)
(0.237443 -0.0557249 0)
(0.0402015 -0.0853706 0)
(0.0699066 -0.231973 0)
(0.208807 0.203945 0)
(0.192708 0.0504606 0)
(0.381155 0.0272416 0)
(0.42529 0.01386 0)
(0.473157 0.00860589 0)
(0.497451 0.00548863 0)
(0.516303 0.00374969 0)
(0.528777 0.00264159 0)
(0.538186 0.00197018 0)
(0.545471 0.00158751 0)
(0.551761 0.00140859 0)
(0.557713 0.00136944 0)
(0.563762 0.00141425 0)
(0.570155 0.00150612 0)
(0.576999 0.00162245 0)
(0.58436 0.0017437 0)
(0.592225 0.0018609 0)
(0.60055 0.00196301 0)
(0.609253 0.0020404 0)
(0.618198 0.002089 0)
(0.627259 0.00209904 0)
(0.636254 0.00207375 0)
(0.64503 0.00200475 0)
(0.653399 0.00189712 0)
(0.661191 0.00174704 0)
(0.668234 0.00155591 0)
(0.674347 0.00132369 0)
(0.679363 0.0010473 0)
(0.683088 0.000727244 0)
(0.685335 0.000360327 0)
(0.685904 -5.39024e-05 0)
(0.684593 -0.000518794 0)
(0.681189 -0.00104793 0)
(0.675407 -0.00166891 0)
(0.666791 -0.0024291 0)
(0.654705 -0.0033919 0)
(0.637991 -0.00462033 0)
(0.615945 -0.00624846 0)
(0.585244 -0.00843815 0)
(0.54773 -0.011958 0)
(0.48399 -0.0174763 0)
(0.424994 -0.0310753 0)
(0.214045 -0.0540787 0)
(0.224831 -0.208384 0)
(0.450532 0.158927 0)
(0.452662 0.0248561 0)
(0.612603 0.0113559 0)
(0.646006 0.00568778 0)
(0.679977 0.00338319 0)
(0.696226 0.0021401 0)
(0.708529 0.00143833 0)
(0.716365 0.00100741 0)
(0.722147 0.000743779 0)
(0.726514 0.00059224 0)
(0.730235 0.000516718 0)
(0.733741 0.000493986 0)
(0.73732 0.00050419 0)
(0.74114 0.000532544 0)
(0.745272 0.000571795 0)
(0.749764 0.000612985 0)
(0.754607 0.000653725 0)
(0.759775 0.000689488 0)
(0.765213 0.000716524 0)
(0.770836 0.000734463 0)
(0.776564 0.000738273 0)
(0.782279 0.000730278 0)
(0.787885 0.000706682 0)
(0.79326 0.000669275 0)
(0.798297 0.000617186 0)
(0.802884 0.000549753 0)
(0.806905 0.000468083 0)
(0.810253 0.000369979 0)
(0.812804 0.00025623 0)
(0.814437 0.000125371 0)
(0.815023 -2.3235e-05 0)
(0.814431 -0.000190788 0)
(0.812517 -0.000383303 0)
(0.809094 -0.000610855 0)
(0.80386 -0.000891088 0)
(0.796398 -0.00124712 0)
(0.785919 -0.00170665 0)
(0.771941 -0.00232023 0)
(0.752033 -0.00317956 0)
(0.727388 -0.00455436 0)
(0.683369 -0.00693591 0)
(0.641064 -0.0126523 0)
(0.466407 -0.0261504 0)
(0.462375 -0.160539 0)
(0.7813 0.0411645 0)
(0.788934 0.00449305 0)
(0.864332 0.00174652 0)
(0.878383 0.000886523 0)
(0.892268 0.000508665 0)
(0.898738 0.000324062 0)
(0.903627 0.000216239 0)
(0.906732 0.000152374 0)
(0.909029 0.000112251 0)
(0.910744 8.86275e-05 0)
(0.912163 7.56785e-05 0)
(0.913443 7.0291e-05 0)
(0.914692 6.99608e-05 0)
(0.915976 7.22911e-05 0)
(0.917328 7.65654e-05 0)
(0.918771 8.11231e-05 0)
(0.920307 8.57878e-05 0)
(0.921931 9.00742e-05 0)
(0.92363 9.3144e-05 0)
(0.92538 9.53093e-05 0)
(0.927158 9.55253e-05 0)
(0.928928 9.43535e-05 0)
(0.930662 9.11563e-05 0)
(0.932322 8.60898e-05 0)
(0.933873 7.92368e-05 0)
(0.93528 7.01585e-05 0)
(0.936504 5.93201e-05 0)
(0.93751 4.61366e-05 0)
(0.938257 3.08597e-05 0)
(0.938702 1.32367e-05 0)
(0.938801 -6.94172e-06 0)
(0.938506 -2.98031e-05 0)
(0.937762 -5.64119e-05 0)
(0.936497 -8.81459e-05 0)
(0.934598 -0.00012749 0)
(0.931916 -0.00017754 0)
(0.928156 -0.000242877 0)
(0.923143 -0.000330233 0)
(0.915888 -0.000458313 0)
(0.906853 -0.000658322 0)
(0.889883 -0.00104426 0)
(0.873391 -0.00190416 0)
(0.793104 -0.00466862 0)
(0.785299 -0.0413907 0)
)
;

boundaryField
{
    movingWall
    {
        type            fixedValue;
        value           uniform (1 0 0);
    }
    fixedWalls
    {
        type            noSlip;
    }
    frontAndBack
    {
        type            empty;
    }
    defaultFaces
    {
        type            empty;
    }
}


// ************************************************************************* //
