/*--------------------------------*- C++ -*----------------------------------*\
  =========                 |
  \\      /  F ield         | OpenFOAM: The Open Source CFD Toolbox
   \\    /   O peration     | Website:  https://openfoam.org
    \\  /    A nd           | Version:  7
     \\/     M anipulation  |
\*---------------------------------------------------------------------------*/
FoamFile
{
    version     2.0;
    format      ascii;
    class       volVectorField;
    location    "1.42";
    object      U;
}
// * * * * * * * * * * * * * * * * * * * * * * * * * * * * * * * * * * * * * //

dimensions      [0 1 -1 0 0 0 0];

internalField   nonuniform List<vector> 
1936
(
(-18.2531 2.52254 0)
(-55.5284 214.638 0)
(13.5829 406.575 0)
(19.8855 350.581 0)
(3.58518 272.967 0)
(-1.2397 236.741 0)
(-19.0546 222.912 0)
(-26.4924 252.502 0)
(-35.633 377.9 0)
(3.48005 466.112 0)
(39.706 357.668 0)
(28.4661 229.471 0)
(20.0209 197.627 0)
(2.09208 197.701 0)
(-13.7976 240.396 0)
(-25.9066 358.817 0)
(-0.953102 437.379 0)
(26.4864 349.87 0)
(14.2146 226.595 0)
(-3.53847 187.352 0)
(-20.0063 188.537 0)
(-30.8995 229.597 0)
(-37.0593 371.859 0)
(7.10006 464.553 0)
(40.4376 352.745 0)
(29.5081 219.146 0)
(21.028 183.208 0)
(2.7281 183.774 0)
(-13.2005 223.956 0)
(-27.3293 342.631 0)
(-7.44441 438.712 0)
(26.2838 362.263 0)
(16.7764 227.623 0)
(-3.79369 183.98 0)
(-18.6481 186.436 0)
(-32.5183 238.519 0)
(-35.1385 395.319 0)
(16.6986 459.058 0)
(41.1253 315.281 0)
(25.3016 194.155 0)
(13.8843 175.139 0)
(-2.61121 181.65 0)
(-25.4137 268.295 0)
(-22.2363 417.25 0)
(-18.0946 6.32485 0)
(-64.3558 -3.18229 0)
(10.2895 -5.07541 0)
(22.4195 -0.194877 0)
(3.59353 1.69357 0)
(-3.06312 2.4614 0)
(-14.7453 2.59646 0)
(-21.7249 0.610859 0)
(-35.9125 -3.10934 0)
(3.25336 -5.35772 0)
(39.1601 -2.82239 0)
(22.5732 0.934086 0)
(15.5602 2.95582 0)
(4.23036 3.40373 0)
(-12.1757 1.91522 0)
(-27.238 -1.35124 0)
(-0.998572 -3.65739 0)
(27.3193 -1.58895 0)
(12.0451 1.99962 0)
(-5.23463 3.54306 0)
(-14.9129 2.98595 0)
(-25.2066 0.479912 0)
(-36.9338 -3.77102 0)
(7.40852 -5.57766 0)
(40.6591 -2.56333 0)
(24 0.946788 0)
(15.7544 2.9553 0)
(4.70582 3.51166 0)
(-11.4656 2.18826 0)
(-28.9713 -0.870852 0)
(-7.94601 -3.73843 0)
(27.0418 -2.20605 0)
(14.3075 1.79186 0)
(-5.66856 3.68291 0)
(-13.1891 3.06665 0)
(-27.2362 0.157552 0)
(-35.4918 -4.34676 0)
(17.6974 -5.39605 0)
(40.6428 -1.71368 0)
(18.8304 1.84614 0)
(11.045 3.41616 0)
(1.12026 3.45525 0)
(-24.6221 0.625892 0)
(-23.9401 -3.35528 0)
(-5.48466 13.4479 0)
(-65.2314 -5.48919 0)
(-1.64186 -11.5189 0)
(20.6315 -1.16738 0)
(10.2204 3.40575 0)
(4.15283 4.70758 0)
(-5.6576 5.17294 0)
(-17.5086 2.07036 0)
(-35.6292 -5.95593 0)
(3.82787 -11.4335 0)
(39.6258 -5.26193 0)
(18.8895 2.69258 0)
(7.44827 5.81198 0)
(-3.20589 6.56264 0)
(-16.8955 4.06228 0)
(-29.1592 -2.9509 0)
(0.139979 -8.18483 0)
(30.164 -3.31223 0)
(16.4719 4.25858 0)
(1.93163 6.77724 0)
(-7.28482 5.90942 0)
(-21.4908 1.86444 0)
(-38.2633 -7.25418 0)
(5.57647 -11.9555 0)
(40.5445 -4.85397 0)
(21.3485 2.76973 0)
(7.69222 5.90145 0)
(-2.93596 6.756 0)
(-16.7547 4.61246 0)
(-30.9278 -1.94501 0)
(-5.87782 -8.39834 0)
(30.4958 -4.59914 0)
(18.4001 3.90755 0)
(1.21763 7.04179 0)
(-6.10422 6.11575 0)
(-24.1247 1.27844 0)
(-37.2419 -8.65375 0)
(16.4371 -11.6027 0)
(40.9095 -2.8812 0)
(15.8231 4.39702 0)
(3.98726 6.59961 0)
(-5.43772 6.91196 0)
(-28.7416 1.60284 0)
(-25.6213 -7.48374 0)
(7.42936 18.9356 0)
(-55.9033 -5.40169 0)
(-10.9515 -16.7731 0)
(10.4858 -3.60803 0)
(7.73762 3.90188 0)
(4.95505 6.19486 0)
(2.1713 7.41182 0)
(-6.73654 3.91349 0)
(-25.985 -7.91045 0)
(3.12783 -16.2637 0)
(28.7176 -6.81618 0)
(7.26882 4.82222 0)
(-1.63284 8.42711 0)
(-6.05295 8.80079 0)
(-12.8184 5.30691 0)
(-22.2887 -4.71997 0)
(0.89655 -12.2181 0)
(23.4433 -4.98129 0)
(12.1691 5.68018 0)
(5.19112 9.08052 0)
(2.03343 8.54252 0)
(-8.79334 3.71857 0)
(-28.389 -9.55169 0)
(3.01367 -17.1291 0)
(29.3255 -6.55726 0)
(10.3589 4.91705 0)
(-1.69026 8.71371 0)
(-5.8803 9.13607 0)
(-13.2233 6.07784 0)
(-23.4797 -3.4078 0)
(-3.16469 -12.5868 0)
(24.1737 -6.70273 0)
(13.0358 5.27237 0)
(4.13283 9.44205 0)
(3.06745 8.85272 0)
(-11.0508 2.8957 0)
(-28.4769 -11.6933 0)
(11.773 -16.6587 0)
(29.2534 -3.60571 0)
(5.58216 7.05581 0)
(-2.73611 9.46525 0)
(-5.50889 9.40622 0)
(-21.0897 1.94541 0)
(-20.6438 -11.2261 0)
(15.539 22.8046 0)
(-45.1533 -3.36418 0)
(-18.6982 -20.0114 0)
(-0.0824765 -6.79014 0)
(3.15193 3.19398 0)
(1.89385 6.72393 0)
(4.04389 8.78509 0)
(-0.214231 5.39369 0)
(-17.6841 -8.92921 0)
(2.26513 -19.2053 0)
(18.8853 -7.45965 0)
(-0.578172 6.72444 0)
(-6.33514 10.4017 0)
(-6.22467 10.0339 0)
(-9.51607 5.62033 0)
(-16.0237 -6.3311 0)
(1.58864 -15.1023 0)
(17.3734 -6.35279 0)
(8.9239 6.1827 0)
(5.71758 10.3608 0)
(6.96799 10.4695 0)
(-0.0785776 5.45061 0)
(-19.2885 -10.5484 0)
(0.697883 -20.3557 0)
(19.2587 -7.56366 0)
(2.6821 6.81962 0)
(-6.66272 10.9232 0)
(-5.71597 10.5594 0)
(-10.2678 6.5757 0)
(-16.707 -4.94422 0)
(-0.743803 -15.6052 0)
(18.2915 -8.22825 0)
(8.93573 5.7903 0)
(4.36705 10.7263 0)
(7.86873 10.7889 0)
(-1.86864 4.45485 0)
(-20.2835 -13.1839 0)
(7.27661 -19.8145 0)
(19.1889 -3.90759 0)
(-1.44335 9.21981 0)
(-5.87298 11.5977 0)
(-4.21444 10.7387 0)
(-14.7261 1.68665 0)
(-16.0041 -13.8976 0)
(19.2943 25.0595 0)
(-32.5346 0.119628 0)
(-22.2625 -20.7136 0)
(-8.92005 -10.03 0)
(-3.20165 1.54672 0)
(-3.86234 6.39828 0)
(1.74997 9.00937 0)
(2.63448 5.98539 0)
(-11.1621 -9.20059 0)
(1.19558 -20.2191 0)
(10.4649 -7.33501 0)
(-5.29587 7.99078 0)
(-7.34817 11.499 0)
(-3.22293 10.4327 0)
(-5.73959 5.30533 0)
(-10.2926 -7.65203 0)
(2.06351 -16.7423 0)
(11.8807 -7.32771 0)
(5.35285 6.08456 0)
(3.17038 10.8174 0)
(8.21746 11.4812 0)
(5.00678 6.68292 0)
(-11.4564 -10.3709 0)
(-0.971978 -21.5024 0)
(10.7324 -7.93528 0)
(-2.44586 8.0661 0)
(-7.95053 12.2195 0)
(-2.53536 11.1688 0)
(-6.48694 6.40968 0)
(-10.5106 -6.38296 0)
(1.04222 -17.3303 0)
(12.8194 -9.10461 0)
(4.85368 5.7671 0)
(1.78222 11.1102 0)
(9.0311 11.7096 0)
(3.68128 5.60007 0)
(-13.0534 -13.2266 0)
(3.48238 -20.9679 0)
(10.8555 -3.87576 0)
(-5.96932 10.5154 0)
(-6.08612 12.7559 0)
(-0.324497 11.1016 0)
(-8.9946 1.15872 0)
(-11.7162 -15.4172 0)
(19.6656 25.6448 0)
(-19.9741 4.22203 0)
(-20.9028 -18.7506 0)
(-14.1039 -12.3427 0)
(-9.17305 -0.606285 0)
(-8.8541 5.32521 0)
(-1.58025 7.96886 0)
(3.1607 5.44179 0)
(-6.40404 -8.9807 0)
(-0.109061 -19.4428 0)
(3.51036 -6.67495 0)
(-7.81693 8.3035 0)
(-6.24207 11.4896 0)
(0.535397 10.0989 0)
(-1.45213 4.67969 0)
(-5.16262 -8.461 0)
(2.17436 -17.0378 0)
(6.91966 -7.67074 0)
(1.18176 5.68909 0)
(-0.130406 10.5442 0)
(7.23624 11.4141 0)
(7.44801 7.12731 0)
(-5.07462 -9.30021 0)
(-1.75585 -20.6255 0)
(3.91549 -7.7344 0)
(-5.67495 8.34726 0)
(-6.9047 12.3494 0)
(1.07688 11.0171 0)
(-1.87888 5.86668 0)
(-5.02658 -7.41518 0)
(1.9776 -17.6445 0)
(7.76497 -9.17176 0)
(0.517087 5.45987 0)
(-1.23864 10.7332 0)
(7.89114 11.4922 0)
(6.50812 6.03586 0)
(-6.8691 -12.1048 0)
(0.775702 -20.1628 0)
(4.29525 -3.62403 0)
(-8.35364 10.7051 0)
(-4.53525 12.7216 0)
(3.91238 10.6375 0)
(-4.01816 0.731919 0)
(-7.73446 -15.6865 0)
(17.8154 24.6121 0)
(-8.81408 8.02478 0)
(-15.4189 -14.6144 0)
(-14.6938 -12.9376 0)
(-12.415 -2.72007 0)
(-10.7346 3.54629 0)
(-3.51398 5.92733 0)
(2.65781 3.95922 0)
(-3.18559 -8.4236 0)
(-1.54634 -17.1837 0)
(-1.88338 -5.75988 0)
(-8.919 7.58914 0)
(-4.5445 10.3398 0)
(3.05422 9.13676 0)
(2.61268 3.84242 0)
(-1.00498 -8.54528 0)
(1.83903 -15.951 0)
(2.65653 -7.26731 0)
(-2.91636 5.08169 0)
(-2.42224 9.64017 0)
(5.45746 10.3083 0)
(8.26468 6.72264 0)
(-0.2219 -7.69712 0)
(-1.69308 -17.9899 0)
(-0.972816 -6.99014 0)
(-7.39544 7.64975 0)
(-5.07018 11.2709 0)
(3.40842 10.1643 0)
(2.68272 5.02691 0)
(-0.657431 -7.73235 0)
(2.06544 -16.5075 0)
(3.3426 -8.40948 0)
(-3.47206 4.92273 0)
(-3.08355 9.70727 0)
(5.95515 10.2313 0)
(7.61629 5.69024 0)
(-1.87242 -10.1921 0)
(-0.762918 -17.6458 0)
(-0.440955 -3.21541 0)
(-9.03493 9.81264 0)
(-2.61175 11.5486 0)
(6.28401 9.56878 0)
(-0.0252805 0.433882 0)
(-4.1245 -14.6908 0)
(14.3564 22.1331 0)
(0.149426 10.6763 0)
(-7.66332 -9.29704 0)
(-11.031 -11.5909 0)
(-11.573 -4.29662 0)
(-9.44293 1.3535 0)
(-3.52772 3.45623 0)
(1.92471 2.00326 0)
(-1.18079 -7.51851 0)
(-2.74912 -13.9305 0)
(-5.34088 -4.76273 0)
(-8.9331 5.98496 0)
(-3.30569 8.30425 0)
(3.8528 7.55131 0)
(5.30923 2.79817 0)
(1.69975 -7.77738 0)
(1.13264 -13.6284 0)
(-0.627472 -6.20073 0)
(-5.72602 4.2496 0)
(-3.28935 8.15618 0)
(3.86029 8.44314 0)
(7.97096 5.57185 0)
(2.84498 -5.83348 0)
(-1.15329 -14.112 0)
(-3.78449 -5.71483 0)
(-7.80217 6.15704 0)
(-3.52576 9.28092 0)
(4.18146 8.61814 0)
(5.846 3.91027 0)
(2.18876 -7.13854 0)
(1.58637 -14.0681 0)
(-0.0272034 -7.00099 0)
(-5.98067 4.11667 0)
(-3.49245 8.11508 0)
(4.28563 8.25592 0)
(7.57078 4.6503 0)
(1.53416 -7.82283 0)
(-1.36195 -13.9074 0)
(-3.27991 -2.61211 0)
(-8.45024 8.09264 0)
(-1.33532 9.53749 0)
(6.63418 8.05001 0)
(2.92642 0.145531 0)
(-1.15589 -12.5782 0)
(10.0387 18.5646 0)
(6.07509 11.651 0)
(-0.119882 -4.04942 0)
(-4.95633 -8.74265 0)
(-7.44745 -4.88904 0)
(-6.44774 -0.625572 0)
(-2.52721 1.17305 0)
(1.3546 0.115111 0)
(-0.0344843 -6.31813 0)
(-3.18011 -10.3196 0)
(-6.53782 -3.79409 0)
(-7.87961 3.88851 0)
(-2.55881 5.83066 0)
(3.41498 5.46485 0)
(5.9168 1.68786 0)
(2.79901 -6.31471 0)
(0.272554 -10.4773 0)
(-2.72651 -4.71815 0)
(-6.51353 3.20936 0)
(-3.12983 6.1953 0)
(2.64083 6.24046 0)
(6.69597 4.00506 0)
(3.95481 -3.95974 0)
(-0.622137 -9.74776 0)
(-4.59272 -4.09775 0)
(-6.90339 4.30194 0)
(-2.42932 6.84789 0)
(3.83094 6.50475 0)
(6.73888 2.69724 0)
(3.47439 -5.77604 0)
(0.89241 -10.7596 0)
(-2.12207 -5.24019 0)
(-6.42669 3.07148 0)
(-3.0496 6.07834 0)
(2.99421 6.02481 0)
(6.50468 3.24137 0)
(3.04275 -5.36953 0)
(-1.3491 -9.65425 0)
(-4.3113 -1.83768 0)
(-6.87728 5.94909 0)
(-0.659853 7.13692 0)
(5.87135 6.14313 0)
(4.60033 -0.130709 0)
(0.742001 -9.6681 0)
(5.91444 14.5193 0)
(7.91413 10.9237 0)
(4.73338 -0.0199438 0)
(0.917114 -5.3049 0)
(-2.32372 -4.31471 0)
(-3.00407 -1.77935 0)
(-1.08303 -0.51606 0)
(1.21817 -1.27152 0)
(0.549185 -4.97551 0)
(-2.74081 -6.98294 0)
(-5.78145 -2.94702 0)
(-5.99203 1.85037 0)
(-1.93093 3.38087 0)
(2.46915 3.27056 0)
(4.82042 0.702344 0)
(2.66236 -4.54368 0)
(-0.42548 -7.11722 0)
(-3.54122 -3.20313 0)
(-5.61695 2.06888 0)
(-2.56221 4.09579 0)
(1.59391 4.09452 0)
(4.73554 2.49429 0)
(3.4709 -2.31214 0)
(-0.317665 -5.7503 0)
(-3.94215 -2.47708 0)
(-5.08741 2.60153 0)
(-1.52537 4.42617 0)
(2.99306 4.24462 0)
(5.71204 1.5762 0)
(3.47474 -4.06032 0)
(0.29652 -7.23043 0)
(-2.90707 -3.4983 0)
(-5.31561 1.94938 0)
(-2.36434 3.95998 0)
(1.87291 3.89437 0)
(4.68572 1.91997 0)
(2.91528 -3.19496 0)
(-1.02167 -5.709 0)
(-3.87512 -1.03091 0)
(-4.76491 3.843 0)
(-0.237533 4.77155 0)
(4.56957 4.09032 0)
(4.77021 -0.303633 0)
(1.52525 -6.49032 0)
(3.17259 10.6523 0)
(6.7076 9.02371 0)
(6.35736 2.27131 0)
(4.36513 -2.28715 0)
(1.58214 -2.93278 0)
(0.123838 -1.99679 0)
(0.543526 -1.46692 0)
(1.45117 -1.97391 0)
(0.813066 -3.68027 0)
(-1.75796 -4.38381 0)
(-3.9372 -2.26391 0)
(-3.84224 0.293212 0)
(-1.29358 1.35279 0)
(1.51716 1.40287 0)
(3.1037 -0.0300975 0)
(1.86701 -2.89355 0)
(-0.717642 -4.19653 0)
(-3.15132 -1.95379 0)
(-3.98753 1.04391 0)
(-1.9179 2.27328 0)
(0.709721 2.31664 0)
(2.69558 1.34775 0)
(2.20131 -1.07636 0)
(-0.231664 -2.75501 0)
(-2.64962 -1.19734 0)
(-3.07704 1.33447 0)
(-0.780848 2.41535 0)
(2.05442 2.3158 0)
(3.86558 0.716767 0)
(2.63168 -2.44621 0)
(-0.0381959 -4.14907 0)
(-2.58744 -2.0583 0)
(-3.64489 0.984932 0)
(-1.69773 2.17988 0)
(0.913417 2.1386 0)
(2.70761 0.951544 0)
(1.89782 -1.56711 0)
(-0.7022 -2.72337 0)
(-2.68525 -0.377556 0)
(-2.74756 2.16838 0)
(0.0410065 2.75907 0)
(3.08384 2.28881 0)
(3.68163 -0.31928 0)
(1.44912 -3.67115 0)
(1.81112 7.54718 0)
(4.43527 6.76842 0)
(5.39542 2.96171 0)
(4.75369 -0.26784 0)
(3.1016 -1.46175 0)
(1.92101 -1.60901 0)
(1.65517 -1.69175 0)
(1.63161 -2.01368 0)
(0.893476 -2.57827 0)
(-0.726995 -2.66695 0)
(-2.01274 -1.75429 0)
(-1.99498 -0.639375 0)
(-0.714657 -0.0165546 0)
(0.796955 0.13243 0)
(1.63819 -0.455742 0)
(0.997093 -1.65819 0)
(-0.637289 -2.13833 0)
(-2.12138 -1.08783 0)
(-2.42317 0.331813 0)
(-1.30505 0.99143 0)
(0.129058 1.06505 0)
(1.16623 0.63206 0)
(1.00449 -0.318079 0)
(-0.203136 -0.960461 0)
(-1.41108 -0.4139 0)
(-1.51044 0.546285 0)
(-0.300004 1.03149 0)
(1.21129 0.987601 0)
(2.13816 0.207291 0)
(1.51369 -1.23052 0)
(-0.164992 -1.96453 0)
(-1.7321 -1.04269 0)
(-2.15591 0.345977 0)
(-1.12727 0.952243 0)
(0.252394 0.934112 0)
(1.1724 0.388496 0)
(0.835537 -0.56397 0)
(-0.466205 -0.929094 0)
(-1.46385 0.0123916 0)
(-1.30436 1.05892 0)
(0.144917 1.32808 0)
(1.75909 1.0348 0)
(2.17578 -0.215783 0)
(0.956113 -1.65964 0)
(1.07127 5.37661 0)
(2.54605 4.8482 0)
(3.51864 2.72298 0)
(3.50046 0.740535 0)
(2.80213 -0.423434 0)
(2.13562 -1.02821 0)
(1.7457 -1.39752 0)
(1.39554 -1.62918 0)
(0.800046 -1.75195 0)
(-0.0272889 -1.69395 0)
(-0.650882 -1.40789 0)
(-0.710701 -1.05186 0)
(-0.226328 -0.759855 0)
(0.391383 -0.566572 0)
(0.704776 -0.629116 0)
(0.384329 -0.909273 0)
(-0.420894 -0.974943 0)
(-1.14011 -0.570381 0)
(-1.27072 -0.0329766 0)
(-0.784904 0.261577 0)
(-0.128601 0.340399 0)
(0.325589 0.254319 0)
(0.299705 0.0274737 0)
(-0.138487 -0.146808 0)
(-0.573528 -0.0565742 0)
(-0.568389 0.144779 0)
(-0.0551539 0.271211 0)
(0.597317 0.260493 0)
(0.955034 -0.00508635 0)
(0.643961 -0.491295 0)
(-0.17558 -0.732789 0)
(-0.933898 -0.43713 0)
(-1.11966 0.0371124 0)
(-0.687294 0.272471 0)
(-0.0834749 0.277749 0)
(0.296797 0.127476 0)
(0.182222 -0.0852139 0)
(-0.288722 -0.123675 0)
(-0.630512 0.159742 0)
(-0.490932 0.446618 0)
(0.137909 0.50035 0)
(0.835272 0.35922 0)
(0.99507 -0.0820575 0)
(0.471342 -0.534745 0)
(0.65255 3.85421 0)
(1.52592 3.53808 0)
(2.12844 2.29418 0)
(2.24868 1.07529 0)
(1.99127 0.138937 0)
(1.62447 -0.517331 0)
(1.29327 -0.944587 0)
(0.968958 -1.15423 0)
(0.615779 -1.21157 0)
(0.262946 -1.20786 0)
(0.00658983 -1.19017 0)
(-0.070524 -1.14309 0)
(0.0288852 -1.0307 0)
(0.180675 -0.840003 0)
(0.222791 -0.652246 0)
(0.0585731 -0.541271 0)
(-0.250367 -0.444943 0)
(-0.511853 -0.303025 0)
(-0.564636 -0.160911 0)
(-0.403047 -0.065068 0)
(-0.163826 0.00722243 0)
(0.00785605 0.0733793 0)
(0.0331642 0.106745 0)
(-0.0572004 0.0863925 0)
(-0.147446 0.0391473 0)
(-0.119371 -0.0187981 0)
(0.0444159 -0.0434316 0)
(0.242266 -0.0319302 0)
(0.322763 -0.0442832 0)
(0.180709 -0.115956 0)
(-0.12589 -0.167239 0)
(-0.410242 -0.12532 0)
(-0.490829 -0.0507743 0)
(-0.360764 -0.0133035 0)
(-0.168833 -8.42814e-05 0)
(-0.0483683 0.0218414 0)
(-0.0641654 0.0602901 0)
(-0.160008 0.108824 0)
(-0.208324 0.161601 0)
(-0.119888 0.167751 0)
(0.0987855 0.132338 0)
(0.318833 0.093607 0)
(0.339081 0.0230155 0)
(0.174925 -0.0419053 0)
(0.412505 2.75365 0)
(1.02265 2.64038 0)
(1.41453 1.90084 0)
(1.52477 1.12701 0)
(1.42506 0.429548 0)
(1.20178 -0.133521 0)
(0.94164 -0.528093 0)
(0.69937 -0.759543 0)
(0.488341 -0.876461 0)
(0.316178 -0.956113 0)
(0.188529 -1.03077 0)
(0.101408 -1.06643 0)
(0.0512311 -1.00732 0)
(0.0219784 -0.835999 0)
(-0.0190465 -0.607827 0)
(-0.0867774 -0.405024 0)
(-0.16523 -0.271932 0)
(-0.21877 -0.210806 0)
(-0.222108 -0.193335 0)
(-0.181266 -0.172836 0)
(-0.120534 -0.112434 0)
(-0.0613725 -0.0161937 0)
(-0.022407 0.0656157 0)
(-0.00259671 0.0799543 0)
(0.0104986 0.0238561 0)
(0.0319907 -0.064154 0)
(0.0648252 -0.114595 0)
(0.089333 -0.0894982 0)
(0.0822673 -0.0231374 0)
(0.0273699 0.0300194 0)
(-0.057287 0.0363979 0)
(-0.131496 0.00308804 0)
(-0.1619 -0.0477229 0)
(-0.149444 -0.0873622 0)
(-0.122219 -0.0811599 0)
(-0.0991071 -0.0188554 0)
(-0.0852769 0.0601305 0)
(-0.069205 0.11193 0)
(-0.0405906 0.107521 0)
(0.00373544 0.0631359 0)
(0.0540179 0.0237362 0)
(0.0901208 0.0346624 0)
(0.077395 0.0827396 0)
(0.0503287 0.116638 0)
(0.259004 1.93944 0)
(0.692956 1.95964 0)
(1.00142 1.53967 0)
(1.13149 1.05683 0)
(1.11615 0.574697 0)
(1.00553 0.138618 0)
(0.836944 -0.205563 0)
(0.651125 -0.452681 0)
(0.484194 -0.626689 0)
(0.340635 -0.758824 0)
(0.215653 -0.858899 0)
(0.103457 -0.9051 0)
(0.00528214 -0.865393 0)
(-0.0715696 -0.734543 0)
(-0.121979 -0.552019 0)
(-0.14494 -0.380339 0)
(-0.144978 -0.266173 0)
(-0.131211 -0.218779 0)
(-0.113235 -0.209435 0)
(-0.0970464 -0.194979 0)
(-0.0817615 -0.145179 0)
(-0.060535 -0.06911 0)
(-0.0293068 -0.00460982 0)
(0.00821445 0.01564 0)
(0.0375489 -0.0144721 0)
(0.0500805 -0.0643865 0)
(0.0466974 -0.0893255 0)
(0.0317491 -0.0631547 0)
(0.0166136 -0.00243569 0)
(0.00601624 0.0504334 0)
(-0.00162183 0.063081 0)
(-0.00809384 0.0287116 0)
(-0.0157786 -0.028189 0)
(-0.02771 -0.0706842 0)
(-0.0408818 -0.0689592 0)
(-0.0464703 -0.0268514 0)
(-0.0401557 0.027082 0)
(-0.0203877 0.0595533 0)
(0.00399761 0.0572088 0)
(0.0190017 0.0339708 0)
(0.0213378 0.0210259 0)
(0.0159397 0.0475996 0)
(0.00362252 0.100545 0)
(0.00982641 0.12756 0)
(0.158501 1.34373 0)
(0.449521 1.41788 0)
(0.689291 1.19359 0)
(0.833384 0.909151 0)
(0.88408 0.599228 0)
(0.856848 0.295171 0)
(0.776961 0.0182404 0)
(0.662484 -0.211555 0)
(0.53064 -0.39784 0)
(0.396112 -0.544912 0)
(0.264146 -0.649612 0)
(0.139292 -0.699667 0)
(0.0294576 -0.683659 0)
(-0.0558006 -0.605749 0)
(-0.109063 -0.491346 0)
(-0.129448 -0.378299 0)
(-0.125053 -0.29525 0)
(-0.109149 -0.249169 0)
(-0.0932494 -0.224904 0)
(-0.0821125 -0.199314 0)
(-0.0731759 -0.158113 0)
(-0.0600387 -0.106396 0)
(-0.0385831 -0.0626412 0)
(-0.0118354 -0.0426427 0)
(0.00932578 -0.0476412 0)
(0.017355 -0.0609074 0)
(0.0136696 -0.0611528 0)
(0.00509873 -0.0367754 0)
(0.00126208 0.00288847 0)
(0.00710573 0.0355062 0)
(0.0189737 0.0429552 0)
(0.0276532 0.022761 0)
(0.0281128 -0.0109052 0)
(0.0194794 -0.0361957 0)
(0.00506202 -0.038266 0)
(-0.0063259 -0.0190767 0)
(-0.00884988 0.00712686 0)
(-0.00251858 0.0268938 0)
(0.00567999 0.0337297 0)
(0.00760034 0.0341457 0)
(0.00190434 0.041776 0)
(-0.00578529 0.0657417 0)
(-0.0115672 0.098337 0)
(-0.000392341 0.108232 0)
(0.0951535 0.916547 0)
(0.280752 0.995851 0)
(0.449317 0.879779 0)
(0.573004 0.72037 0)
(0.647112 0.533056 0)
(0.670351 0.334611 0)
(0.650432 0.13953 0)
(0.596794 -0.0423375 0)
(0.517561 -0.201497 0)
(0.42091 -0.333587 0)
(0.315455 -0.431196 0)
(0.209782 -0.486956 0)
(0.113029 -0.497549 0)
(0.0341205 -0.468465 0)
(-0.0218354 -0.413951 0)
(-0.0545425 -0.353155 0)
(-0.0682899 -0.300918 0)
(-0.071105 -0.26219 0)
(-0.0700187 -0.23202 0)
(-0.0682339 -0.201949 0)
(-0.0651337 -0.167269 0)
(-0.0585509 -0.130605 0)
(-0.0477025 -0.0992447 0)
(-0.0346999 -0.0789424 0)
(-0.0234332 -0.0687738 0)
(-0.017586 -0.0619368 0)
(-0.0166039 -0.0502022 0)
(-0.0161073 -0.0300555 0)
(-0.0124847 -0.006013 0)
(-0.00402215 0.0124988 0)
(0.00736407 0.018019 0)
(0.0163529 0.0102307 0)
(0.0191008 -0.00329889 0)
(0.0150802 -0.0137999 0)
(0.00687617 -0.0148328 0)
(-0.00114333 -0.0063024 0)
(-0.0060335 0.00669213 0)
(-0.0072692 0.019247 0)
(-0.00715519 0.0294082 0)
(-0.00844387 0.0392399 0)
(-0.0112797 0.0523707 0)
(-0.0128971 0.070167 0)
(-0.0124242 0.0886441 0)
(-0.00182051 0.0883904 0)
(0.0563138 0.615159 0)
(0.17136 0.680506 0)
(0.280693 0.620043 0)
(0.369906 0.532599 0)
(0.435451 0.42415 0)
(0.473044 0.302513 0)
(0.483171 0.17549 0)
(0.468401 0.0500605 0)
(0.431687 -0.0666497 0)
(0.378147 -0.16814 0)
(0.313883 -0.248779 0)
(0.244413 -0.303762 0)
(0.176302 -0.331422 0)
(0.115553 -0.334502 0)
(0.0661574 -0.320096 0)
(0.0293693 -0.296019 0)
(0.00366663 -0.269508 0)
(-0.0139251 -0.243949 0)
(-0.0262121 -0.219101 0)
(-0.03493 -0.193329 0)
(-0.040427 -0.166072 0)
(-0.0425525 -0.138906 0)
(-0.0416719 -0.114557 0)
(-0.0389915 -0.0948466 0)
(-0.0360298 -0.0792916 0)
(-0.0338409 -0.0654968 0)
(-0.0322069 -0.0509141 0)
(-0.0298159 -0.0348484 0)
(-0.0255471 -0.0192073 0)
(-0.019483 -0.00707964 0)
(-0.0130823 -0.000847892 0)
(-0.00816781 -0.000252751 0)
(-0.00595461 -0.00229749 0)
(-0.00681442 -0.00347076 0)
(-0.00999486 -0.00122441 0)
(-0.0138876 0.00444732 0)
(-0.0170349 0.0124475 0)
(-0.0188601 0.0214515 0)
(-0.0195869 0.0309381 0)
(-0.019551 0.0411861 0)
(-0.0185723 0.0525177 0)
(-0.0156013 0.0643103 0)
(-0.0115413 0.0745094 0)
(-0.00211178 0.070278 0)
(0.0331099 0.404641 0)
(0.103798 0.452434 0)
(0.171951 0.420195 0)
(0.23106 0.372277 0)
(0.279011 0.310951 0)
(0.312619 0.239705 0)
(0.330884 0.162434 0)
(0.333853 0.0832695 0)
(0.323273 0.00601 0)
(0.300456 -0.0641313 0)
(0.267678 -0.123944 0)
(0.229012 -0.17033 0)
(0.188081 -0.201922 0)
(0.148222 -0.219352 0)
(0.111964 -0.224966 0)
(0.0806737 -0.22192 0)
(0.0545755 -0.213198 0)
(0.0331566 -0.200769 0)
(0.0156774 -0.185629 0)
(0.00159513 -0.16829 0)
(-0.00933017 -0.149438 0)
(-0.0173426 -0.130119 0)
(-0.0228536 -0.111713 0)
(-0.026463 -0.0949631 0)
(-0.0288266 -0.079905 0)
(-0.0303474 -0.0659989 0)
(-0.0310607 -0.052663 0)
(-0.0307678 -0.039852 0)
(-0.0293456 -0.0282053 0)
(-0.0270454 -0.0186367 0)
(-0.0245039 -0.011629 0)
(-0.022453 -0.00682924 0)
(-0.0214324 -0.00325911 0)
(-0.0215442 0.000271004 0)
(-0.0224374 0.00455692 0)
(-0.0235498 0.00992415 0)
(-0.0243494 0.0161853 0)
(-0.0244882 0.023061 0)
(-0.0237699 0.0303945 0)
(-0.0220449 0.0380704 0)
(-0.0191296 0.0458064 0)
(-0.0146394 0.0529922 0)
(-0.00960449 0.0586443 0)
(-0.00203526 0.0537132 0)
(0.0196664 0.257687 0)
(0.0635019 0.289894 0)
(0.105769 0.272399 0)
(0.143933 0.246153 0)
(0.176777 0.212079 0)
(0.202317 0.171748 0)
(0.219782 0.127014 0)
(0.228783 0.0800114 0)
(0.229466 0.0330338 0)
(0.222304 -0.0119528 0)
(0.208554 -0.0522444 0)
(0.189935 -0.0862811 0)
(0.16805 -0.113007 0)
(0.144626 -0.132149 0)
(0.121156 -0.144167 0)
(0.0987186 -0.149987 0)
(0.077975 -0.150689 0)
(0.0592517 -0.147254 0)
(0.0426715 -0.140504 0)
(0.0283053 -0.131164 0)
(0.0162387 -0.119972 0)
(0.00616869 -0.107717 0)
(-0.00207182 -0.0951423 0)
(-0.00852616 -0.082793 0)
(-0.0135833 -0.0709482 0)
(-0.0174923 -0.0596836 0)
(-0.020377 -0.0490026 0)
(-0.0223174 -0.0389871 0)
(-0.0234178 -0.0298365 0)
(-0.0238624 -0.0217706 0)
(-0.0239101 -0.0148711 0)
(-0.0238317 -0.0089921 0)
(-0.0238167 -0.00380401 0)
(-0.0238913 0.00107246 0)
(-0.0239507 0.00592312 0)
(-0.0238367 0.0108892 0)
(-0.0233754 0.0159799 0)
(-0.0224139 0.0211444 0)
(-0.0208307 0.0263157 0)
(-0.0185303 0.0313818 0)
(-0.0154344 0.0361387 0)
(-0.0114207 0.0402803 0)
(-0.00710367 0.0433815 0)
(-0.00174813 0.0390669 0)
(0.0124449 0.157885 0)
(0.0413085 0.178072 0)
(0.0689194 0.168447 0)
(0.0945247 0.154019 0)
(0.117408 0.135217 0)
(0.136323 0.112769 0)
(0.150763 0.087563 0)
(0.160349 0.0606379 0)
(0.165003 0.0331311 0)
(0.165129 0.00618199 0)
(0.160923 -0.0189372 0)
(0.152793 -0.0413443 0)
(0.141753 -0.0603102 0)
(0.128678 -0.0754178 0)
(0.114372 -0.0865618 0)
(0.0995509 -0.0938869 0)
(0.084794 -0.0977035 0)
(0.0705472 -0.0984093 0)
(0.0571424 -0.0964467 0)
(0.0448168 -0.0922846 0)
(0.0337285 -0.0864176 0)
(0.0239364 -0.0794126 0)
(0.0154318 -0.0716068 0)
(0.00812712 -0.0634538 0)
(0.00197251 -0.0552428 0)
(-0.00312089 -0.0471678 0)
(-0.00731245 -0.0393661 0)
(-0.010676 -0.0319496 0)
(-0.0132999 -0.0250183 0)
(-0.0152938 -0.0186475 0)
(-0.0167726 -0.0128614 0)
(-0.0178482 -0.00761714 0)
(-0.018594 -0.00282393 0)
(-0.0190265 0.00163113 0)
(-0.0191327 0.00584205 0)
(-0.0188855 0.00986544 0)
(-0.0182456 0.0137199 0)
(-0.0171731 0.0173952 0)
(-0.0156374 0.0208597 0)
(-0.0136224 0.0240559 0)
(-0.0111206 0.0268916 0)
(-0.00811665 0.0292435 0)
(-0.00491135 0.0309425 0)
(-0.00135721 0.027574 0)
(0.0087885 0.0944351 0)
(0.0299255 0.10647 0)
(0.0498824 0.100975 0)
(0.0687435 0.0927829 0)
(0.0860319 0.0821179 0)
(0.100888 0.06935 0)
(0.112976 0.0549346 0)
(0.122031 0.0394111 0)
(0.127916 0.0233844 0)
(0.130645 0.00748532 0)
(0.130366 -0.00781519 0)
(0.127349 -0.0218314 0)
(0.121988 -0.0341232 0)
(0.114722 -0.0443795 0)
(0.106018 -0.0524238 0)
(0.0963307 -0.0582112 0)
(0.0860797 -0.0618058 0)
(0.0756328 -0.0633567 0)
(0.0653007 -0.0630756 0)
(0.0553347 -0.0612202 0)
(0.0459276 -0.058078 0)
(0.0372123 -0.0539483 0)
(0.0292689 -0.0491151 0)
(0.022133 -0.0438411 0)
(0.015798 -0.0383467 0)
(0.0102284 -0.0327972 0)
(0.00537064 -0.0273321 0)
(0.00124772 -0.0220552 0)
(-0.00218663 -0.0170441 0)
(-0.00505057 -0.0123523 0)
(-0.00738155 -0.00800775 0)
(-0.00922693 -0.004002 0)
(-0.0106207 -0.000314033 0)
(-0.0115862 0.00308602 0)
(-0.0121472 0.00623125 0)
(-0.0123124 0.00914632 0)
(-0.0120846 0.0118441 0)
(-0.0114682 0.014325 0)
(-0.010473 0.0165776 0)
(-0.00911701 0.0185779 0)
(-0.00742243 0.0202893 0)
(-0.0054159 0.0216633 0)
(-0.0032436 0.022631 0)
(-0.00096888 0.0200392 0)
(0.00679653 0.053567 0)
(0.0237014 0.0602174 0)
(0.0393824 0.0569935 0)
(0.0544263 0.0522388 0)
(0.0684714 0.046075 0)
(0.0808332 0.0386963 0)
(0.091266 0.0303531 0)
(0.0995783 0.0213485 0)
(0.105642 0.0120133 0)
(0.109381 0.00264942 0)
(0.110889 -0.0063736 0)
(0.110345 -0.0147357 0)
(0.107914 -0.0221641 0)
(0.103833 -0.0284494 0)
(0.0983816 -0.0334537 0)
(0.0918595 -0.0371111 0)
(0.0845622 -0.0394227 0)
(0.0767686 -0.0404472 0)
(0.0687306 -0.04029 0)
(0.0606672 -0.0390945 0)
(0.0527625 -0.037028 0)
(0.045164 -0.0342707 0)
(0.0379834 -0.0310017 0)
(0.0312982 -0.0273915 0)
(0.0251499 -0.0235925 0)
(0.0195618 -0.0197305 0)
(0.0145544 -0.0159119 0)
(0.0101317 -0.0122231 0)
(0.00626487 -0.00870242 0)
(0.00293024 -0.00539501 0)
(0.000140573 -0.00233558 0)
(-0.00213523 0.000459673 0)
(-0.00397354 0.00301454 0)
(-0.00540149 0.0053395 0)
(-0.00641526 0.00745173 0)
(-0.00702652 0.00936745 0)
(-0.00725459 0.0110998 0)
(-0.00712155 0.0126565 0)
(-0.00665291 0.0140387 0)
(-0.0058798 0.0152402 0)
(-0.00483557 0.0162484 0)
(-0.00356521 0.0170442 0)
(-0.00214007 0.0175984 0)
(-0.000677528 0.0155114 0)
(0.00537173 0.0255101 0)
(0.0191815 0.0284694 0)
(0.0316254 0.026631 0)
(0.0437186 0.0239759 0)
(0.0551858 0.0205678 0)
(0.0654031 0.0165054 0)
(0.0741572 0.0119269 0)
(0.0813283 0.00699592 0)
(0.0867789 0.00188569 0)
(0.0904851 -0.00315144 0)
(0.0925352 -0.00798295 0)
(0.0929372 -0.0124286 0)
(0.0917771 -0.0163314 0)
(0.0892013 -0.0195682 0)
(0.0853961 -0.0220554 0)
(0.0805716 -0.0237495 0)
(0.0749472 -0.0246454 0)
(0.0687404 -0.0247733 0)
(0.0621559 -0.0241941 0)
(0.0553818 -0.0229949 0)
(0.0485853 -0.0212738 0)
(0.0419086 -0.0191426 0)
(0.0354698 -0.0167153 0)
(0.0293591 -0.0141 0)
(0.0236432 -0.0113972 0)
(0.018373 -0.0086901 0)
(0.0136075 -0.00604752 0)
(0.00938956 -0.00351847 0)
(0.00568401 -0.00117488 0)
(0.00246498 0.000967034 0)
(-0.000281817 0.00291387 0)
(-0.00257164 0.00466642 0)
(-0.00439106 0.00620882 0)
(-0.00575393 0.00757066 0)
(-0.00668511 0.00876813 0)
(-0.00720763 0.00981848 0)
(-0.00734635 0.0107393 0)
(-0.00713003 0.011546 0)
(-0.00659206 0.0122487 0)
(-0.00577083 0.0128522 0)
(-0.0047054 0.0133554 0)
(-0.00344529 0.013752 0)
(-0.00204062 0.0140311 0)
(-0.000651609 0.0123257 0)
(0.00389993 0.00632221 0)
(0.0144825 0.00680924 0)
(0.0234276 0.00590392 0)
(0.0322751 0.00466666 0)
(0.0407515 0.00309716 0)
(0.0482876 0.00123885 0)
(0.0547809 -0.00083316 0)
(0.0600601 -0.00303307 0)
(0.0640635 -0.00525616 0)
(0.0667093 -0.00736242 0)
(0.0678789 -0.00930958 0)
(0.0676505 -0.0110061 0)
(0.0661353 -0.0123784 0)
(0.0634599 -0.0133711 0)
(0.0597697 -0.0139483 0)
(0.0552293 -0.0140952 0)
(0.0500152 -0.0138166 0)
(0.0442989 -0.0131344 0)
(0.0382615 -0.0120939 0)
(0.0320992 -0.0107815 0)
(0.0259707 -0.00921703 0)
(0.0199957 -0.00747629 0)
(0.0142885 -0.0056333 0)
(0.0089457 -0.00375837 0)
(0.00403642 -0.00191016 0)
(-0.00039556 -0.000139075 0)
(-0.0043474 0.00151616 0)
(-0.00782097 0.00303016 0)
(-0.0107661 0.00435935 0)
(-0.0131289 0.00550058 0)
(-0.0149067 0.00646742 0)
(-0.0161835 0.0072758 0)
(-0.0169759 0.00792768 0)
(-0.0172552 0.0084423 0)
(-0.0170728 0.00884187 0)
(-0.0164667 0.00914986 0)
(-0.0154695 0.00938869 0)
(-0.0141167 0.00957847 0)
(-0.0124468 0.00973533 0)
(-0.0105028 0.00987034 0)
(-0.00832621 0.00998884 0)
(-0.00596079 0.0100901 0)
(-0.00346291 0.0101711 0)
(-0.00108368 0.0089128 0)
(0.00212678 -0.00485672 0)
(0.00894372 -0.00571587 0)
(0.0138593 -0.00605389 0)
(0.0188506 -0.00639277 0)
(0.0235971 -0.006761 0)
(0.027575 -0.00714358 0)
(0.030662 -0.00750614 0)
(0.0327348 -0.00781375 0)
(0.0337377 -0.00801858 0)
(0.0336306 -0.00815262 0)
(0.0323922 -0.00814032 0)
(0.0300687 -0.00796889 0)
(0.0267626 -0.00762858 0)
(0.0226144 -0.00711409 0)
(0.0177623 -0.00642555 0)
(0.0123462 -0.00557066 0)
(0.0065289 -0.004565 0)
(0.000404655 -0.00343425 0)
(-0.00586185 -0.00225385 0)
(-0.0119729 -0.000959323 0)
(-0.0177773 0.000335717 0)
(-0.0232252 0.00159488 0)
(-0.0282388 0.00278293 0)
(-0.0327321 0.00386593 0)
(-0.0366255 0.00481748 0)
(-0.0398623 0.00561631 0)
(-0.0424134 0.00624692 0)
(-0.0442695 0.00669709 0)
(-0.045423 0.00699906 0)
(-0.0458745 0.00715441 0)
(-0.0456427 0.0071621 0)
(-0.0447654 0.00703173 0)
(-0.0432745 0.00681539 0)
(-0.0412152 0.00652676 0)
(-0.0386568 0.00619259 0)
(-0.0356586 0.00583916 0)
(-0.0322795 0.00548838 0)
(-0.0285717 0.00515997 0)
(-0.0245754 0.00486905 0)
(-0.0203329 0.0046278 0)
(-0.0158833 0.00444483 0)
(-0.0112554 0.00432147 0)
(-0.00651553 0.00425748 0)
(-0.00203602 0.00371901 0)
(2.13731e-05 -0.00880801 0)
(0.00215235 -0.0100421 0)
(0.00204196 -0.0100745 0)
(0.00226435 -0.00986822 0)
(0.00233563 -0.00945246 0)
(0.00174825 -0.00883795 0)
(0.000351517 -0.0080399 0)
(-0.00191478 -0.00707604 0)
(-0.00498465 -0.0059793 0)
(-0.00884059 -0.00478281 0)
(-0.0134717 -0.00350539 0)
(-0.0188473 -0.00217553 0)
(-0.0248432 -0.000820963 0)
(-0.0312653 0.000533642 0)
(-0.0379718 0.00186556 0)
(-0.0448511 0.00315251 0)
(-0.0517701 0.00436617 0)
(-0.0586191 0.00547307 0)
(-0.0651729 0.00650618 0)
(-0.0713215 0.00741981 0)
(-0.077039 0.00814861 0)
(-0.0821472 0.00868225 0)
(-0.0865228 0.00900924 0)
(-0.090087 0.00912377 0)
(-0.0927811 0.00902249 0)
(-0.0945608 0.00870878 0)
(-0.0953978 0.00819305 0)
(-0.0952828 0.00749228 0)
(-0.0942193 0.00663497 0)
(-0.0922204 0.00564906 0)
(-0.0893233 0.00456537 0)
(-0.085577 0.00341961 0)
(-0.0810103 0.00225425 0)
(-0.0757073 0.00110573 0)
(-0.069793 9.29425e-06 0)
(-0.0633601 -0.00100644 0)
(-0.0565234 -0.00191787 0)
(-0.0493839 -0.00271019 0)
(-0.042001 -0.00337533 0)
(-0.034433 -0.00391117 0)
(-0.0267219 -0.00431811 0)
(-0.0188699 -0.00460215 0)
(-0.0109305 -0.00476717 0)
(-0.00342698 -0.00423085 0)
(-0.00233206 -0.00690957 0)
(-0.00551355 -0.00783036 0)
(-0.0113269 -0.00766396 0)
(-0.0166058 -0.00702361 0)
(-0.0219519 -0.00599527 0)
(-0.0278663 -0.00465311 0)
(-0.0344235 -0.00307627 0)
(-0.0415761 -0.00132515 0)
(-0.0491816 0.000524527 0)
(-0.0571111 0.00241544 0)
(-0.0652654 0.00429395 0)
(-0.0735638 0.00611241 0)
(-0.0819327 0.00782711 0)
(-0.0903342 0.00940256 0)
(-0.0986539 0.0108097 0)
(-0.106736 0.0120239 0)
(-0.114445 0.0130178 0)
(-0.121624 0.0137677 0)
(-0.128234 0.0143116 0)
(-0.134268 0.0145221 0)
(-0.139599 0.0144513 0)
(-0.144109 0.0140886 0)
(-0.147712 0.0134279 0)
(-0.150338 0.0124722 0)
(-0.151931 0.0112315 0)
(-0.152444 0.00972477 0)
(-0.151841 0.00797767 0)
(-0.150097 0.00602314 0)
(-0.14719 0.00390318 0)
(-0.1431 0.0016648 0)
(-0.137851 -0.00064389 0)
(-0.131514 -0.00296565 0)
(-0.124167 -0.00524045 0)
(-0.115863 -0.0074102 0)
(-0.106654 -0.00941978 0)
(-0.0966646 -0.0112215 0)
(-0.0860117 -0.012777 0)
(-0.0748375 -0.0140642 0)
(-0.0633244 -0.0150787 0)
(-0.0516306 -0.015836 0)
(-0.0398724 -0.0163641 0)
(-0.028068 -0.0167051 0)
(-0.016258 -0.0168961 0)
(-0.00511348 -0.0149977 0)
(-0.00487288 0.00017851 0)
(-0.0138293 0.000124295 0)
(-0.0257711 0.000409857 0)
(-0.0370361 0.00136546 0)
(-0.0482775 0.00278962 0)
(-0.0598147 0.00450306 0)
(-0.0714465 0.00637051 0)
(-0.0830129 0.00829445 0)
(-0.0943981 0.0102033 0)
(-0.105499 0.012057 0)
(-0.116189 0.0138225 0)
(-0.126337 0.0154622 0)
(-0.135922 0.0169317 0)
(-0.144963 0.0181954 0)
(-0.153444 0.0192266 0)
(-0.161323 0.0200019 0)
(-0.168559 0.0204981 0)
(-0.175089 0.0206973 0)
(-0.180917 0.0205304 0)
(-0.186053 0.0200216 0)
(-0.190428 0.0191595 0)
(-0.193983 0.0179357 0)
(-0.196666 0.016348 0)
(-0.198423 0.0144041 0)
(-0.199205 0.0121184 0)
(-0.19896 0.00951497 0)
(-0.197639 0.00662453 0)
(-0.195196 0.00348574 0)
(-0.191574 0.000143624 0)
(-0.186734 -0.0033439 0)
(-0.180627 -0.00691664 0)
(-0.173208 -0.0105065 0)
(-0.164481 -0.0140396 0)
(-0.154438 -0.0174322 0)
(-0.143075 -0.0206016 0)
(-0.130447 -0.0234634 0)
(-0.116654 -0.0259393 0)
(-0.101862 -0.0279672 0)
(-0.0863174 -0.0295103 0)
(-0.0703084 -0.0305726 0)
(-0.054142 -0.0311961 0)
(-0.037978 -0.0314908 0)
(-0.0219531 -0.0315782 0)
(-0.00691338 -0.0281218 0)
(-0.00759638 0.0116671 0)
(-0.0227898 0.0128954 0)
(-0.0412392 0.0132366 0)
(-0.0587596 0.0142265 0)
(-0.0758508 0.0155681 0)
(-0.0925104 0.0169865 0)
(-0.108259 0.0183694 0)
(-0.122828 0.0196525 0)
(-0.136117 0.0208299 0)
(-0.148127 0.0219192 0)
(-0.158896 0.0229373 0)
(-0.168484 0.0238685 0)
(-0.177004 0.0246736 0)
(-0.18458 0.025313 0)
(-0.191315 0.0257477 0)
(-0.19729 0.0259448 0)
(-0.202564 0.0258678 0)
(-0.207174 0.0254876 0)
(-0.211163 0.0247513 0)
(-0.214567 0.0236531 0)
(-0.21738 0.0221726 0)
(-0.219588 0.0202989 0)
(-0.221172 0.018025 0)
(-0.222104 0.0153561 0)
(-0.222346 0.0123025 0)
(-0.221853 0.00888514 0)
(-0.220572 0.00512989 0)
(-0.218452 0.00107065 0)
(-0.2154 -0.00325148 0)
(-0.21132 -0.0077852 0)
(-0.206112 -0.012469 0)
(-0.199644 -0.0172381 0)
(-0.191793 -0.0220207 0)
(-0.182419 -0.0267277 0)
(-0.171382 -0.0312602 0)
(-0.158563 -0.0355032 0)
(-0.143895 -0.0393263 0)
(-0.127396 -0.0425943 0)
(-0.109224 -0.0451766 0)
(-0.0896842 -0.0469892 0)
(-0.0693234 -0.0479856 0)
(-0.0485491 -0.0483205 0)
(-0.0279656 -0.0481714 0)
(-0.00879989 -0.0430231 0)
(-0.0107306 0.0267791 0)
(-0.033062 0.0294984 0)
(-0.0587181 0.0296701 0)
(-0.0825653 0.0299689 0)
(-0.104328 0.0303185 0)
(-0.124008 0.0304165 0)
(-0.141084 0.0303377 0)
(-0.155532 0.030141 0)
(-0.167514 0.0299194 0)
(-0.177326 0.0297471 0)
(-0.185286 0.0296606 0)
(-0.191703 0.0296442 0)
(-0.196861 0.0296465 0)
(-0.201 0.0296084 0)
(-0.204319 0.0294628 0)
(-0.206978 0.0291583 0)
(-0.209103 0.0286369 0)
(-0.210789 0.0278556 0)
(-0.212114 0.0267563 0)
(-0.213138 0.0253121 0)
(-0.213897 0.0234917 0)
(-0.214413 0.0212776 0)
(-0.214698 0.0186538 0)
(-0.214749 0.015619 0)
(-0.214554 0.012175 0)
(-0.214089 0.00833535 0)
(-0.213314 0.00411535 0)
(-0.212176 -0.000462157 0)
(-0.21059 -0.00536648 0)
(-0.208452 -0.0105652 0)
(-0.20563 -0.0160154 0)
(-0.201944 -0.0216693 0)
(-0.197182 -0.0274751 0)
(-0.191086 -0.0333667 0)
(-0.183351 -0.0392592 0)
(-0.173629 -0.0450408 0)
(-0.161559 -0.0505599 0)
(-0.146799 -0.0556238 0)
(-0.129137 -0.0599848 0)
(-0.108507 -0.0634071 0)
(-0.0854816 -0.0655611 0)
(-0.0603704 -0.0665435 0)
(-0.034892 -0.0662121 0)
(-0.0110192 -0.0593281 0)
(-0.0150126 0.0451252 0)
(-0.0459308 0.0489746 0)
(-0.0786373 0.0482714 0)
(-0.107457 0.0464242 0)
(-0.130651 0.0444886 0)
(-0.149439 0.0421291 0)
(-0.163668 0.0397635 0)
(-0.174064 0.0375354 0)
(-0.181274 0.0355993 0)
(-0.185982 0.0340283 0)
(-0.18876 0.0328264 0)
(-0.190091 0.0319365 0)
(-0.190361 0.0312602 0)
(-0.189864 0.0307006 0)
(-0.188828 0.0301559 0)
(-0.187431 0.0295527 0)
(-0.185815 0.0288084 0)
(-0.184091 0.0278662 0)
(-0.182351 0.0266544 0)
(-0.180664 0.0251362 0)
(-0.17909 0.023266 0)
(-0.17768 0.0210218 0)
(-0.176472 0.0183791 0)
(-0.175494 0.0153316 0)
(-0.174766 0.0118722 0)
(-0.174297 0.00800707 0)
(-0.174084 0.00374083 0)
(-0.174086 -0.000915574 0)
(-0.17427 -0.00595099 0)
(-0.174576 -0.01135 0)
(-0.174877 -0.0170976 0)
(-0.17501 -0.0231754 0)
(-0.174756 -0.0295684 0)
(-0.173816 -0.0362533 0)
(-0.171797 -0.043195 0)
(-0.168187 -0.0503346 0)
(-0.162357 -0.057562 0)
(-0.153525 -0.0647095 0)
(-0.140915 -0.071474 0)
(-0.123554 -0.0775345 0)
(-0.10161 -0.0821 0)
(-0.0739247 -0.0851805 0)
(-0.0441124 -0.0852775 0)
(-0.0143404 -0.0771209 0)
(-0.0216916 0.0670406 0)
(-0.0628883 0.0701896 0)
(-0.0997594 0.067122 0)
(-0.129771 0.0609436 0)
(-0.148788 0.0554078 0)
(-0.16157 0.0497714 0)
(-0.168502 0.0448048 0)
(-0.171395 0.0405238 0)
(-0.17129 0.0370364 0)
(-0.16913 0.0343197 0)
(-0.165565 0.0322965 0)
(-0.161092 0.0308335 0)
(-0.156063 0.0297656 0)
(-0.150727 0.0289511 0)
(-0.145269 0.0282542 0)
(-0.139826 0.0275828 0)
(-0.134509 0.0268357 0)
(-0.129416 0.025949 0)
(-0.12463 0.0248369 0)
(-0.120222 0.0234624 0)
(-0.116267 0.0217691 0)
(-0.112834 0.0197339 0)
(-0.109987 0.0173276 0)
(-0.107787 0.0145416 0)
(-0.106292 0.011363 0)
(-0.105551 0.00779309 0)
(-0.10561 0.0038281 0)
(-0.106473 -0.000529294 0)
(-0.10817 -0.00528727 0)
(-0.110709 -0.0104424 0)
(-0.114024 -0.0160047 0)
(-0.11803 -0.021987 0)
(-0.122577 -0.0284145 0)
(-0.127434 -0.0353168 0)
(-0.132255 -0.0427281 0)
(-0.136526 -0.0506825 0)
(-0.139538 -0.0591741 0)
(-0.140227 -0.0681713 0)
(-0.137389 -0.0774452 0)
(-0.128802 -0.0868354 0)
(-0.114094 -0.0950769 0)
(-0.088086 -0.102488 0)
(-0.0573686 -0.104507 0)
(-0.0200989 -0.097101 0)
(-0.0319522 0.0932445 0)
(-0.0844069 0.0910504 0)
(-0.117561 0.0834443 0)
(-0.142432 0.0706935 0)
(-0.150323 0.0608884 0)
(-0.152333 0.0519381 0)
(-0.148713 0.0447742 0)
(-0.142277 0.0389875 0)
(-0.134009 0.0345236 0)
(-0.124821 0.0311915 0)
(-0.115181 0.0288062 0)
(-0.105415 0.027153 0)
(-0.0957196 0.0260081 0)
(-0.086215 0.025196 0)
(-0.076988 0.0245586 0)
(-0.0681018 0.0239961 0)
(-0.0596123 0.0233998 0)
(-0.0515911 0.0227049 0)
(-0.0441033 0.0218255 0)
(-0.037218 0.0207222 0)
(-0.0310222 0.0193378 0)
(-0.0256018 0.0176516 0)
(-0.0210487 0.0156335 0)
(-0.0174554 0.0132761 0)
(-0.0149187 0.0105639 0)
(-0.0135328 0.00749665 0)
(-0.0133943 0.00406538 0)
(-0.0145644 0.000269421 0)
(-0.0171391 -0.00391118 0)
(-0.0212043 -0.00848028 0)
(-0.0267834 -0.0134657 0)
(-0.0338983 -0.0189014 0)
(-0.0425278 -0.0248432 0)
(-0.0525864 -0.0313658 0)
(-0.0639011 -0.0385666 0)
(-0.0761312 -0.0465789 0)
(-0.0887612 -0.0555259 0)
(-0.100756 -0.0655921 0)
(-0.110995 -0.0767469 0)
(-0.116114 -0.0893265 0)
(-0.116 -0.1018 0)
(-0.0984286 -0.115817 0)
(-0.0753602 -0.122015 0)
(-0.0295006 -0.120372 0)
(-0.0452955 0.124047 0)
(-0.107844 0.108202 0)
(-0.123391 0.0939415 0)
(-0.135643 0.0734985 0)
(-0.126338 0.0599469 0)
(-0.114916 0.0486128 0)
(-0.0998255 0.0402748 0)
(-0.0844022 0.0338911 0)
(-0.0689636 0.0292024 0)
(-0.0540731 0.0258421 0)
(-0.0397979 0.0235381 0)
(-0.0261675 0.0220208 0)
(-0.0131515 0.0210363 0)
(-0.000704252 0.0203976 0)
(0.011199 0.0199421 0)
(0.0225737 0.0195772 0)
(0.0334186 0.0191971 0)
(0.0436897 0.0187434 0)
(0.0533348 0.0181402 0)
(0.0622812 0.0173478 0)
(0.0704307 0.016315 0)
(0.0776769 0.0150255 0)
(0.0839011 0.0134519 0)
(0.0889784 0.0115895 0)
(0.0927754 0.0094237 0)
(0.0951576 0.00695459 0)
(0.095982 0.00417156 0)
(0.0951281 0.00107358 0)
(0.0924442 -0.00236172 0)
(0.0877791 -0.00614242 0)
(0.0810138 -0.0103036 0)
(0.0720171 -0.014888 0)
(0.0606712 -0.019966 0)
(0.0468833 -0.0256366 0)
(0.0305916 -0.0320352 0)
(0.0118495 -0.0393657 0)
(-0.0092387 -0.0478559 0)
(-0.0319828 -0.0579032 0)
(-0.0560206 -0.0697146 0)
(-0.0773466 -0.0843572 0)
(-0.0979935 -0.10037 0)
(-0.0965041 -0.1221 0)
(-0.0955299 -0.134704 0)
(-0.0418591 -0.147627 0)
(-0.0571351 0.158176 0)
(-0.125303 0.117656 0)
(-0.105401 0.0958134 0)
(-0.0990599 0.0687552 0)
(-0.0698153 0.0531654 0)
(-0.0454826 0.0410705 0)
(-0.0206422 0.0328219 0)
(0.0014736 0.0267823 0)
(0.0216965 0.0225388 0)
(0.0399948 0.0196109 0)
(0.0568018 0.017693 0)
(0.0724154 0.016504 0)
(0.0870969 0.0157951 0)
(0.101038 0.0153926 0)
(0.11436 0.015148 0)
(0.127137 0.0149851 0)
(0.139403 0.0148113 0)
(0.151133 0.0145801 0)
(0.162279 0.0142264 0)
(0.172755 0.013719 0)
(0.182449 0.0130147 0)
(0.191233 0.0121018 0)
(0.198961 0.0109581 0)
(0.205479 0.00958174 0)
(0.210621 0.00796066 0)
(0.214222 0.00609642 0)
(0.2161 0.00397914 0)
(0.216091 0.0016085 0)
(0.214 -0.0010334 0)
(0.209626 -0.0039569 0)
(0.202779 -0.00719491 0)
(0.193238 -0.0107892 0)
(0.180771 -0.0148086 0)
(0.165124 -0.0193545 0)
(0.146011 -0.0245688 0)
(0.123181 -0.0306808 0)
(0.0962436 -0.0379638 0)
(0.0653742 -0.0469503 0)
(0.0296645 -0.058024 0)
(-0.00687486 -0.0729199 0)
(-0.0507069 -0.0905719 0)
(-0.0709892 -0.11889 0)
(-0.109975 -0.13894 0)
(-0.0521736 -0.177847 0)
(-0.0566667 0.191576 0)
(-0.1227 0.116198 0)
(-0.0512967 0.0878894 0)
(-0.0245462 0.0577177 0)
(0.0225727 0.0424223 0)
(0.0562109 0.0313159 0)
(0.0870299 0.0242324 0)
(0.11237 0.0192345 0)
(0.134341 0.01586 0)
(0.153441 0.0136132 0)
(0.170558 0.01221 0)
(0.186258 0.0114001 0)
(0.200978 0.0109706 0)
(0.215007 0.0107792 0)
(0.228521 0.0107058 0)
(0.241624 0.010693 0)
(0.254363 0.0106674 0)
(0.266717 0.0105984 0)
(0.27863 0.0104318 0)
(0.290002 0.0101469 0)
(0.300704 0.00971012 0)
(0.310584 0.00911431 0)
(0.319476 0.00834278 0)
(0.327201 0.00739587 0)
(0.333571 0.00626486 0)
(0.338398 0.00495231 0)
(0.34148 0.00345053 0)
(0.342621 0.00176018 0)
(0.341606 -0.000130953 0)
(0.338206 -0.00223223 0)
(0.332188 -0.00456978 0)
(0.323279 -0.00717784 0)
(0.311175 -0.0101133 0)
(0.295517 -0.0134634 0)
(0.275851 -0.0173515 0)
(0.251697 -0.0219892 0)
(0.222226 -0.0276345 0)
(0.18712 -0.0348403 0)
(0.144083 -0.0440489 0)
(0.0966493 -0.0573349 0)
(0.0324616 -0.0742507 0)
(-0.0105771 -0.105401 0)
(-0.104754 -0.131963 0)
(-0.0492614 -0.207119 0)
(-0.0264511 0.216934 0)
(-0.0810394 0.10284 0)
(0.0481284 0.0714303 0)
(0.0916243 0.043049 0)
(0.149979 0.030185 0)
(0.187385 0.0213865 0)
(0.219489 0.0160829 0)
(0.244384 0.0124563 0)
(0.265179 0.0100914 0)
(0.282746 0.0085674 0)
(0.298263 0.00766016 0)
(0.312454 0.00717793 0)
(0.325842 0.00696173 0)
(0.338749 0.00690922 0)
(0.351364 0.00693438 0)
(0.363791 0.00699811 0)
(0.376071 0.00704804 0)
(0.388176 0.00706765 0)
(0.400039 0.00701547 0)
(0.411542 0.00687941 0)
(0.422547 0.00663621 0)
(0.432882 0.00628191 0)
(0.44237 0.00580525 0)
(0.450819 0.0052076 0)
(0.458032 0.00448319 0)
(0.463811 0.00363485 0)
(0.467949 0.00265733 0)
(0.470242 0.001552 0)
(0.47047 0.000311113 0)
(0.468402 -0.00107174 0)
(0.463795 -0.00261474 0)
(0.456363 -0.00434223 0)
(0.44578 -0.00629485 0)
(0.431645 -0.00853731 0)
(0.413429 -0.0111612 0)
(0.390531 -0.0143317 0)
(0.361852 -0.0182525 0)
(0.326744 -0.0233917 0)
(0.281832 -0.0301456 0)
(0.22997 -0.0404706 0)
(0.153316 -0.0544628 0)
(0.0925282 -0.0834403 0)
(-0.0614185 -0.11343 0)
(-0.0158589 -0.228278 0)
(0.0552903 0.224483 0)
(0.019865 0.0796879 0)
(0.19616 0.0499629 0)
(0.247997 0.0279088 0)
(0.308183 0.0187359 0)
(0.343502 0.0128213 0)
(0.372492 0.00940346 0)
(0.393911 0.00713142 0)
(0.411297 0.00569065 0)
(0.42566 0.00478752 0)
(0.43825 0.00427141 0)
(0.449811 0.00401838 0)
(0.460858 0.00392707 0)
(0.471693 0.00393464 0)
(0.482481 0.00398722 0)
(0.493307 0.00406167 0)
(0.504198 0.00412575 0)
(0.515114 0.0041698 0)
(0.525981 0.00416857 0)
(0.536675 0.0041154 0)
(0.547054 0.00399607 0)
(0.556947 0.00380868 0)
(0.566178 0.00354647 0)
(0.574561 0.00321082 0)
(0.581905 0.00279828 0)
(0.588024 0.00231108 0)
(0.59272 0.00174604 0)
(0.595804 0.00110452 0)
(0.597073 0.00038213 0)
(0.596315 -0.00042484 0)
(0.593306 -0.00132746 0)
(0.587784 -0.00234067 0)
(0.579445 -0.00348943 0)
(0.567909 -0.00481484 0)
(0.552663 -0.00637494 0)
(0.533101 -0.00827814 0)
(0.508069 -0.0106605 0)
(0.476801 -0.0138455 0)
(0.43547 -0.0181304 0)
(0.38628 -0.0249612 0)
(0.308287 -0.0347639 0)
(0.239972 -0.0571551 0)
(0.0393689 -0.0859792 0)
(0.0686739 -0.23174 0)
(0.209716 0.20453 0)
(0.196138 0.0512963 0)
(0.389191 0.028296 0)
(0.438659 0.0149717 0)
(0.491094 0.00964375 0)
(0.519639 0.00643818 0)
(0.542322 0.00462318 0)
(0.558396 0.00345106 0)
(0.571149 0.00271976 0)
(0.58149 0.00226936 0)
(0.590514 0.00201626 0)
(0.598852 0.00189676 0)
(0.606933 0.00185878 0)
(0.614998 0.00187138 0)
(0.623176 0.00190658 0)
(0.631527 0.00195292 0)
(0.640063 0.00199417 0)
(0.648742 0.00202457 0)
(0.657497 0.00203269 0)
(0.666215 0.00201504 0)
(0.674773 0.00196455 0)
(0.683024 0.00188032 0)
(0.690818 0.00175899 0)
(0.697997 0.00160133 0)
(0.704401 0.00140556 0)
(0.709875 0.00117289 0)
(0.714255 0.00090164 0)
(0.717387 0.000592604 0)
(0.719104 0.000243716 0)
(0.719237 -0.000147032 0)
(0.717606 -0.000585212 0)
(0.714 -0.00107859 0)
(0.708174 -0.00163971 0)
(0.699818 -0.00229007 0)
(0.688508 -0.00305978 0)
(0.673737 -0.00400586 0)
(0.654496 -0.00520346 0)
(0.630098 -0.00682528 0)
(0.597008 -0.0090622 0)
(0.556875 -0.0127008 0)
(0.489483 -0.0183001 0)
(0.426662 -0.0317691 0)
(0.212912 -0.0543767 0)
(0.223607 -0.20828 0)
(0.451137 0.159143 0)
(0.454854 0.0251497 0)
(0.617695 0.0117127 0)
(0.654446 0.00606884 0)
(0.691256 0.00374597 0)
(0.710196 0.00247477 0)
(0.724938 0.00174747 0)
(0.735067 0.0012936 0)
(0.742979 0.00101008 0)
(0.749293 0.000835833 0)
(0.754759 0.000735354 0)
(0.759793 0.000685425 0)
(0.764681 0.000666658 0)
(0.769581 0.000667995 0)
(0.774582 0.000678533 0)
(0.779725 0.000693685 0)
(0.785016 0.000707676 0)
(0.790431 0.000717685 0)
(0.795924 0.000720419 0)
(0.801424 0.00071405 0)
(0.806851 0.000696358 0)
(0.812112 0.000666617 0)
(0.817109 0.000623875 0)
(0.821741 0.000568127 0)
(0.825907 0.000498813 0)
(0.829504 0.000416179 0)
(0.832429 0.000319635 0)
(0.834582 0.000209299 0)
(0.835855 8.45636e-05 0)
(0.836141 -5.56893e-05 0)
(0.835321 -0.000213434 0)
(0.83326 -0.000391976 0)
(0.829797 -0.000595884 0)
(0.82473 -0.000833734 0)
(0.817773 -0.00111722 0)
(0.80859 -0.00146812 0)
(0.796484 -0.00191843 0)
(0.780984 -0.00253161 0)
(0.759535 -0.00340758 0)
(0.733253 -0.00481884 0)
(0.686942 -0.0072206 0)
(0.642254 -0.0128891 0)
(0.465804 -0.0262591 0)
(0.461632 -0.160531 0)
(0.781506 0.0411948 0)
(0.789639 0.00453103 0)
(0.865922 0.00178977 0)
(0.880968 0.000933844 0)
(0.89569 0.000555208 0)
(0.902991 0.000367447 0)
(0.908642 0.000256593 0)
(0.91247 0.000189698 0)
(0.915443 0.000147329 0)
(0.917785 0.000121051 0)
(0.919779 0.000105132 0)
(0.921573 9.6484e-05 0)
(0.923272 9.24288e-05 0)
(0.924939 9.14698e-05 0)
(0.926611 9.19943e-05 0)
(0.928307 9.32392e-05 0)
(0.930033 9.45257e-05 0)
(0.931784 9.5266e-05 0)
(0.933549 9.52335e-05 0)
(0.935305 9.39992e-05 0)
(0.937031 9.13889e-05 0)
(0.938696 8.71669e-05 0)
(0.940271 8.13054e-05 0)
(0.941724 7.37034e-05 0)
(0.943021 6.43323e-05 0)
(0.944132 5.31549e-05 0)
(0.945019 4.01178e-05 0)
(0.945652 2.51749e-05 0)
(0.945992 8.28967e-06 0)
(0.946004 -1.07947e-05 0)
(0.945645 -3.23152e-05 0)
(0.944866 -5.68426e-05 0)
(0.94361 -8.49832e-05 0)
(0.941801 -0.000118061 0)
(0.939332 -0.000157796 0)
(0.936078 -0.000207294 0)
(0.931771 -0.000271763 0)
(0.926237 -0.000359494 0)
(0.918445 -0.000489951 0)
(0.908867 -0.000693706 0)
(0.891166 -0.00108056 0)
(0.873931 -0.00193365 0)
(0.79305 -0.00468351 0)
(0.785112 -0.0413956 0)
)
;

boundaryField
{
    movingWall
    {
        type            fixedValue;
        value           uniform (1 0 0);
    }
    fixedWalls
    {
        type            noSlip;
    }
    frontAndBack
    {
        type            empty;
    }
    defaultFaces
    {
        type            empty;
    }
}


// ************************************************************************* //
