/*--------------------------------*- C++ -*----------------------------------*\
  =========                 |
  \\      /  F ield         | OpenFOAM: The Open Source CFD Toolbox
   \\    /   O peration     | Website:  https://openfoam.org
    \\  /    A nd           | Version:  7
     \\/     M anipulation  |
\*---------------------------------------------------------------------------*/
FoamFile
{
    version     2.0;
    format      ascii;
    class       surfaceScalarField;
    location    "1.16";
    object      phi;
}
// * * * * * * * * * * * * * * * * * * * * * * * * * * * * * * * * * * * * * //

dimensions      [0 3 -1 0 0 0 0];

internalField   nonuniform List<scalar> 
3784
(
-0.00253187
0.00253187
-0.00244399
-8.78794e-05
-0.00100032
-0.00144367
8.58371e-06
-0.0010089
0.000507937
-0.000499353
0.000952925
-0.000444989
0.00109498
-0.000142051
0.000716658
0.00037832
-0.000212767
0.000929424
-0.00121118
0.000998415
-0.00136635
0.000155165
-0.000269595
-0.00109675
0.00108226
-0.00135186
0.00159757
-0.00051531
0.00099549
0.000602082
-0.000322618
0.00131811
-0.00137184
0.00104922
-0.00138406
1.22239e-05
-0.000343762
-0.0010403
0.000879323
-0.00122308
0.000891436
-1.21138e-05
-0.000385032
0.00127647
-0.00165724
0.00127221
-0.00156964
-8.7601e-05
-0.000177868
-0.00139177
0.0010647
-0.00124257
0.00120616
-0.000141461
0.00016109
0.00104507
-0.00129552
0.00145661
-0.00157212
0.000276598
-0.000193547
-0.00137857
0.0012674
-0.00146095
0.0016641
-0.000396698
0.000815766
0.000848335
-0.000566698
0.00138246
-0.00142532
0.000858618
-0.00119815
-0.000227166
5.72851e-05
-0.00125543
0.00121175
-0.00115447
0.00090256
0.000309194
-0.000505211
0.00140777
-0.00159219
0.00108698
-0.00136502
-0.000227169
-0.00136502
-0.00343401
0.00596588
-0.00355264
3.07482e-05
-0.00111391
-0.0038824
-3.81755e-05
-0.00208463
0.000367629
-0.00090516
0.001028
-0.00110536
0.00116468
-0.000278733
0.000632905
0.000910099
-0.000222844
0.00178517
-0.00113014
0.00190571
-0.00162223
0.000647258
-0.000404721
-0.00231426
0.00151587
-0.00327245
0.00171062
-0.000710058
0.00078853
0.00152416
-0.000278231
0.00238487
-0.00150499
0.00227598
-0.00180076
0.000307995
-0.000337993
-0.00250306
0.00117082
-0.0027319
0.00082856
0.000330146
-0.000399996
0.00250503
-0.00157069
0.0024429
-0.00191103
0.000252743
-0.000194645
-0.00310816
0.00154101
-0.00297823
0.00121464
0.000184913
7.00907e-05
0.00218962
-0.00118217
0.00270888
-0.0018665
0.000960927
-0.000308451
-0.00293662
0.00177503
-0.00354443
0.00175206
-0.000373728
0.000682753
0.00191764
-0.000442688
0.00250791
-0.00164898
0.00206491
-0.00165151
-0.000224636
0.000169146
-0.00307609
0.00146247
-0.00244779
0.000783195
0.000988468
-0.000421019
0.00261199
-0.0014927
0.00215866
-0.00180775
8.78809e-05
-0.00317277
-0.00325481
0.00922069
-0.00386959
0.000645529
-0.00160107
-0.00615093
-0.000105435
-0.00358026
0.000475202
-0.00148579
0.00112009
-0.00175024
0.00129206
-0.000450715
0.000720137
0.00148203
-0.000283286
0.0027886
-0.00137784
0.00300027
-0.00194446
0.00121387
-0.000574911
-0.00368381
0.00164338
-0.00549074
0.00191954
-0.000986218
0.000683223
0.00276048
-0.000734541
0.00380263
-0.0019731
0.00351454
-0.00190837
0.000243266
-2.71577e-05
-0.00438428
0.00160915
-0.0043682
0.00119873
0.000740564
-0.000197914
0.00390167
-0.00164263
0.00388761
-0.00217515
0.000785267
-0.000345202
-0.00493811
0.00176089
-0.00508432
0.00163236
0.000313443
0.000303522
0.00351846
-0.00127395
0.00428634
-0.00219224
0.00187922
-0.00059013
-0.00453873
0.00185174
-0.0059863
0.00201088
-0.000532868
0.000647407
0.00328111
-0.000862982
0.00401829
-0.00208797
0.0032899
-0.00169196
-0.000620644
0.000533414
-0.00530146
0.00191059
-0.00382497
0.00113042
0.00176863
-0.000311264
0.00405367
-0.00169289
0.00354028
-0.0020535
0.000448491
-0.00522627
-0.00254479
0.0117655
-0.00346974
0.00157048
-0.00202072
-0.00759995
-0.000605882
-0.0049951
0.00014909
-0.00224076
0.000700909
-0.00230206
0.000814616
-0.00056442
0.00036234
0.0019343
-0.000344601
0.00349554
-0.00104709
0.00370276
-0.00140145
0.00156823
-0.000460103
-0.00462516
0.00110329
-0.00705413
0.00124463
-0.00112756
0.00021058
0.00379454
-0.000848824
0.00486203
-0.0016008
0.00426652
-0.00128393
-7.36026e-05
0.000198164
-0.00586638
0.0012231
-0.00539314
0.000899994
0.00106367
3.44962e-05
0.00476717
-0.000939304
0.00486141
-0.00145689
0.00130286
-0.000321256
-0.00607375
0.0012042
-0.00660977
0.0012228
0.000294837
0.000326952
0.00441431
-0.000718066
0.00533136
-0.00147221
0.00263337
-0.000550891
-0.00546005
0.00117673
-0.00771392
0.00132882
-0.000684961
0.000277438
0.0043325
-0.000839089
0.00513482
-0.00162471
0.00407552
-0.00110465
-0.00114071
0.000567714
-0.00697382
0.00140944
-0.0046667
0.000868195
0.00230988
-5.7429e-05
0.0049793
-0.00106
0.00454285
-0.00138104
0.000769536
-0.00660731
-0.00180723
0.0135727
-0.00298356
0.00274681
-0.00234642
-0.00823709
-0.00117634
-0.00616518
-0.000333016
-0.00308409
0.000104413
-0.00273949
0.000203756
-0.000663759
-5.06377e-05
0.00218869
-0.000392106
0.00383701
-0.000684968
0.00399562
-0.000822122
0.00170538
-0.000353928
-0.00509335
0.000511386
-0.00791945
0.000592256
-0.00120843
-0.000102767
0.00448956
-0.0007482
0.00550746
-0.00101411
0.00453243
-0.000549534
-0.000538184
0.000402787
-0.0068187
0.000786241
-0.00577659
0.000548193
0.00130172
0.000210928
0.00510444
-0.000243856
0.0053162
-0.000691984
0.00175099
-0.000271757
-0.00649398
0.000617967
-0.0074995
0.000722471
0.000190332
0.00028985
0.00484693
-0.000191547
0.00581276
-0.000704257
0.00314608
-0.000485722
-0.00567859
0.000437606
-0.00863725
0.000569348
-0.000816703
-2.86114e-05
0.00493045
-0.000695449
0.00580166
-0.00100376
0.00438384
-0.000416841
-0.00172763
0.000569404
-0.00796007
0.000844221
-0.00494151
0.000498978
0.00265512
8.55133e-05
0.00539276
-0.000443332
0.0050717
-0.000689217
0.00101542
-0.00729653
-0.00096363
0.0145363
-0.00231803
0.00410121
-0.00249386
-0.00806127
-0.00171547
-0.00694358
-0.000934772
-0.00386478
-0.000620099
-0.00305416
-0.000508341
-0.000775517
-0.000506247
0.0021866
-0.000422556
0.00375332
-0.000288524
0.00386159
-0.000232251
0.00164911
-0.000271682
-0.00505392
-0.000127358
-0.00806378
-4.5013e-05
-0.00129078
-0.00024154
0.00468609
-0.000366434
0.00563235
-0.000237635
0.00440363
0.000189929
-0.000965747
0.000501799
-0.00713057
0.000292785
-0.00556758
0.000126624
0.00146788
0.000268687
0.00496237
0.000322912
0.00526197
6.22582e-05
0.00201164
-0.000191305
-0.00624041
1.21712e-05
-0.00770298
0.000166294
3.62096e-05
0.00018498
0.00482824
0.000265581
0.00573216
7.5025e-05
0.00333664
-0.000372429
-0.00523113
-0.000288274
-0.00872141
-0.00015934
-0.000945637
-0.000260008
0.00503112
-0.000372823
0.00591448
-0.000227493
0.00423851
0.000281074
-0.0022362
0.000485559
-0.00816455
0.000202378
-0.00465833
5.81975e-05
0.0027993
0.000117644
0.00533331
8.35515e-05
0.00510579
-3.36925e-05
0.00113267
-0.00733022
-3.60007e-05
0.0145723
-0.00136172
0.00542693
-0.00232389
-0.00709909
-0.00211419
-0.00715328
-0.00154909
-0.00442988
-0.001366
-0.00323725
-0.0012201
-0.000921425
-0.000919359
0.00188586
-0.000456306
0.00329027
3.74513e-05
0.00336783
0.000277434
0.00140913
-0.000215664
-0.00456081
-0.00074428
-0.00753516
-0.000597913
-0.00143715
-0.000302312
0.00439049
9.0661e-05
0.00523937
0.00057465
0.00391964
0.000789974
-0.00118107
0.0004459
-0.0067865
-0.000226756
-0.00489492
-0.000286633
0.00152776
0.000219561
0.00445618
0.00071921
0.00476232
0.000694652
0.0020362
-5.37396e-05
-0.00549202
-0.000535986
-0.00722073
-0.000380709
-0.000119069
3.69231e-05
0.00441061
0.000605762
0.00516331
0.000735693
0.00320671
-0.000179667
-0.00431577
-0.000877056
-0.00802402
-0.000766363
-0.00105633
-0.000380983
0.00464574
8.82178e-05
0.00544527
0.000575821
0.00375091
0.000846572
-0.00250695
0.000316151
-0.00763413
-0.000447622
-0.00389456
-0.000393512
0.00274519
8.55571e-05
0.00485424
0.00050123
0.00469012
0.000571829
0.00106207
-0.00675839
0.000996949
0.0135754
-1.14762e-05
0.00643535
-0.00171688
-0.00539369
-0.00220544
-0.00666472
-0.00200356
-0.00463176
-0.00197387
-0.00326694
-0.00178547
-0.00110983
-0.00122399
0.00132439
-0.000497074
0.00256335
0.000245346
0.00262541
0.000602641
0.00105183
-0.00015914
-0.00379903
-0.00123288
-0.00646142
-0.00112609
-0.00154393
-0.000388442
0.00365284
0.000443697
0.00440723
0.00112247
0.00324087
0.0011591
-0.00121769
0.000236871
-0.00586428
-0.000714913
-0.00394314
-0.000603645
0.00141649
0.000123307
0.00372923
0.000955683
0.00392995
0.00119404
0.00179784
0.000121515
-0.0044195
-0.000939014
-0.00616021
-0.000772542
-0.000285544
-0.000105067
0.00374314
0.000803378
0.00425487
0.00119709
0.002813
0.000102788
-0.00322147
-0.00121018
-0.00671104
-0.00115576
-0.00111075
-0.000406056
0.00389603
0.000510757
0.00452846
0.00124084
0.00302083
0.00117291
-0.00243903
2.9024e-05
-0.00649024
-0.000948471
-0.00291706
-0.000714631
0.00251135
5.51248e-05
0.00408449
0.000793885
0.00395136
0.00104132
0.000814636
-0.00571707
0.00198743
0.011588
0.00164004
0.00678274
-0.000603714
-0.00314994
-0.00182211
-0.00544633
-0.00209998
-0.00435388
-0.00225536
-0.00311156
-0.00206817
-0.00129702
-0.00138413
0.000640356
-0.000514409
0.00169362
0.000323699
0.0017873
0.000774539
0.000600992
-7.65856e-05
-0.00294791
-0.0015056
-0.00503241
-0.00154352
-0.00150602
-0.000498298
0.00260762
0.000575214
0.00333372
0.0014024
0.00241368
0.00128671
-0.001102
-4.37677e-05
-0.0045338
-0.00108116
-0.00290574
-0.000782192
0.00111752
5.2888e-05
0.00289415
0.00101605
0.00296678
0.00148135
0.00133255
0.000286944
-0.00322509
-0.00115538
-0.00471788
-0.00104697
-0.000393951
-0.000197056
0.00289322
0.000859515
0.0031983
0.00145977
0.00221275
0.000413543
-0.00217525
-0.00127866
-0.00501884
-0.0013635
-0.00102592
-0.000394177
0.00292672
0.000745333
0.00338895
0.00159864
0.00216753
0.00122818
-0.00206857
-0.000328193
-0.00493387
-0.00128894
-0.00195632
-0.00082845
0.00205087
9.76819e-05
0.00315836
0.000995416
0.00305362
0.00135119
0.000458858
-0.00436588
0.00255959
0.00902837
0.00309759
0.00624474
0.000847241
-0.000899587
-0.00090997
-0.00368912
-0.00169585
-0.003568
-0.0020821
-0.00272531
-0.00197776
-0.00140136
-0.00133311
-4.29892e-06
-0.000473663
0.00083418
0.000348406
0.000965233
0.000798558
0.000150838
8.35908e-06
-0.00215771
-0.00150234
-0.00352171
-0.00169818
-0.00131018
-0.000592774
0.00150221
0.000535429
0.00220552
0.00141007
0.00153904
0.00118809
-0.000880031
-0.00027512
-0.00307058
-0.00124583
-0.00193503
-0.000862326
0.000734011
1.61189e-05
0.00201571
0.000967437
0.00201546
0.00149008
0.000809908
0.000378852
-0.00211387
-0.00117777
-0.00316126
-0.00117237
-0.000399356
-0.000246291
0.00196715
0.000749415
0.00220259
0.00146173
0.00150043
0.000609482
-0.001323
-0.00113987
-0.00326949
-0.00135972
-0.000806062
-0.000347522
0.00191452
0.000797273
0.00224415
0.00161964
0.00134516
0.00107237
-0.00152131
-0.00058492
-0.00327657
-0.00138004
-0.0011612
-0.000794542
0.00146537
0.000145572
0.00221825
0.00111924
0.00207995
0.00142539
0.000152713
-0.00294049
0.00251559
0.00651278
0.00367098
0.00508936
0.00210434
0.000667051
0.000295117
-0.00187989
-0.000834152
-0.00243873
-0.00145208
-0.00210738
-0.00152303
-0.00133041
-0.00106759
-0.000459742
-0.000370967
0.00013756
0.000326297
0.00026797
0.000694995
-0.000217866
4.50068e-05
-0.00150772
-0.00126233
-0.00221437
-0.00154289
-0.00102963
-0.000643322
0.000602651
0.000398646
0.00116355
0.00116336
0.000774331
0.000910294
-0.000626964
-0.000369386
-0.00179089
-0.00116501
-0.0011394
-0.00081586
0.000384853
-1.42944e-05
0.00121415
0.000814183
0.00118699
0.00123777
0.000386321
0.00034875
-0.00122485
-0.00101434
-0.00179817
-0.00110313
-0.000310565
-0.000272747
0.00113676
0.000584176
0.00134567
0.00122286
0.000861745
0.00061294
-0.000713083
-0.000865852
-0.0017907
-0.00113792
-0.000533993
-0.000255152
0.00103175
0.000704698
0.0012843
0.00136689
0.000682973
0.000799892
-0.000954312
-0.000645891
-0.00183079
-0.00121722
-0.000589877
-0.000655012
0.000903166
0.00018838
0.00137486
0.00106481
0.00120352
0.00124478
-2.7261e-05
-0.00169572
0.00207585
0.00443693
0.00339334
0.00377188
0.00264172
0.00141867
0.00131367
-0.000551843
0.000167196
-0.00129226
-0.000572578
-0.0013676
-0.000827444
-0.00107554
-0.000637693
-0.000649495
-0.000178189
-0.000321948
0.000301255
-0.000211475
0.000533413
-0.000450025
4.60579e-05
-0.00102037
-0.000886592
-0.00128172
-0.0011632
-0.000753021
-0.000581316
2.07697e-05
0.000205249
0.000376987
0.000755555
0.000224027
0.000545593
-0.000417001
-0.000338144
-0.00090716
-0.000896927
-0.000580622
-0.000659969
0.000147896
-4.29988e-05
0.00059718
0.00056879
0.000575205
0.000830491
0.000124617
0.000216943
-0.000611302
-0.000736644
-0.000844578
-0.000861875
-0.000185334
-0.000264319
0.000539201
0.000383267
0.000698081
0.000834371
0.00041064
0.000449378
-0.000328089
-0.000543676
-0.000797643
-0.000778266
-0.000299405
-0.000171174
0.000424656
0.000521303
0.000591828
0.000948828
0.000255449
0.000490246
-0.000495734
-0.000519861
-0.000820684
-0.000884028
-0.000225709
-0.000462668
0.000481808
0.000189983
0.000722207
0.000829467
0.000564041
0.000886643
-8.44386e-05
-0.000809079
0.0013299
0.00310702
0.00248072
0.00262106
0.00248653
0.00141286
0.00169421
0.000240477
0.000839947
-0.000437991
0.000198295
-0.000725956
-0.000132497
-0.000744751
-0.000141144
-0.000640848
5.97791e-05
-0.000522875
0.000313174
-0.000464876
0.000390962
-0.000527812
5.63308e-05
-0.000685727
-0.00049858
-0.000726802
-0.00071363
-0.000537972
-0.000439299
-0.00025356
1.62533e-05
-7.85595e-05
0.000338789
-9.85093e-05
0.000206977
-0.000285194
-0.000282686
-0.000417501
-0.00059463
-0.000268676
-0.000463838
1.71076e-05
-7.45089e-05
0.000207852
0.000303505
0.00019719
0.000428231
-1.10157e-07
7.1202e-05
-0.000254272
-0.000457486
-0.000315888
-0.000564726
-7.80943e-05
-0.000225261
0.000199731
0.000189255
0.000283563
0.000444691
0.000155205
0.000238897
-0.000122295
-0.000274322
-0.000284424
-0.000427617
-0.00014611
-0.000105365
0.000102403
0.000304912
0.000181551
0.000514111
4.62486e-05
0.000218069
-0.000199694
-0.000331318
-0.000271298
-0.000525982
-3.10439e-05
-0.000268984
0.000224814
0.000153886
0.000299337
0.000523211
0.000194712
0.000507113
-6.83402e-05
-0.000301966
0.000861998
0.00224502
0.00156408
0.00191898
0.00178662
0.00119031
0.00146829
0.000558809
0.00100703
2.32716e-05
0.000574931
-0.000293857
0.000308619
-0.000478448
0.000218007
-0.000550241
0.000250932
-0.000555798
0.000312498
-0.00052644
0.000280953
-0.000496267
7.58902e-05
-0.000480661
-0.000199978
-0.000450929
-0.000337508
-0.000400441
-0.000259934
-0.000331134
-7.56979e-05
-0.000262794
5.08901e-05
-0.000225099
-1.34615e-05
-0.000220846
-0.000226764
-0.000204198
-0.000358889
-0.000136549
-0.000294545
-4.72357e-05
-8.97755e-05
3.07931e-06
0.000100158
7.2563e-06
0.00013904
-3.89882e-05
-3.08834e-05
-8.43449e-05
-0.000264244
-8.25276e-05
-0.000317335
-2.50082e-05
-0.000166861
4.92527e-05
4.74164e-05
6.92852e-05
0.00017083
3.17928e-05
8.75315e-05
-3.89958e-05
-0.000112371
-8.45208e-05
-0.000188916
-6.95636e-05
-6.5808e-05
-2.07056e-05
0.000116475
-7.3304e-07
0.000185435
-2.27136e-05
4.51179e-05
-5.93763e-05
-0.000185817
-4.03601e-05
-0.00025176
3.49009e-05
-0.000117005
9.00585e-05
9.95861e-05
8.27462e-05
0.000261395
3.28988e-05
0.000229995
-3.69417e-05
-7.19695e-05
0.000596617
0.00164841
0.00100392
0.00151168
0.00115611
0.00103812
0.00109995
0.000614964
0.00086113
0.00026209
0.000636904
-6.96275e-05
0.000457222
-0.000298767
0.000346299
-0.000439324
0.00028644
-0.000495939
0.000244263
-0.000484256
0.000179349
-0.00043135
7.32609e-05
-0.000374575
-3.87059e-05
-0.000338961
-0.000111115
-0.000328029
-0.00012209
-0.000320158
-9.13154e-05
-0.00029357
-7.1617e-05
-0.000244798
-0.000103445
-0.000189019
-0.000167823
-0.00013982
-0.000200683
-0.000103688
-0.000166285
-8.16365e-05
-9.21365e-05
-7.10699e-05
-2.35085e-05
-6.13675e-05
-1.58664e-05
-4.66261e-05
-7.13165e-05
-2.88948e-05
-0.000139351
-1.44971e-05
-0.000156625
-7.73941e-06
-0.000101636
-5.73859e-06
-2.04954e-05
-1.18531e-05
2.89474e-05
-1.76462e-05
1.24412e-05
-2.24883e-05
-4.17323e-05
-3.03476e-05
-6.76756e-05
-4.36204e-05
-3.8434e-05
-4.99463e-05
7.96708e-06
-4.7132e-05
1.84899e-05
-3.32369e-05
-3.15314e-05
-9.35602e-06
-9.04403e-05
1.85508e-05
-9.15852e-05
3.60479e-05
-3.04996e-05
2.89709e-05
4.9831e-05
2.41629e-06
9.71559e-05
-1.4426e-05
7.37427e-05
-1.35322e-05
1.77267e-06
0.000455991
0.00119242
0.00077632
0.00119135
0.000898246
0.000916196
0.000886861
0.00062635
0.000803174
0.000345772
0.000640313
9.32307e-05
0.000488935
-0.000147386
0.000354696
-0.000305083
0.000242945
-0.000384188
0.000154975
-0.000396283
9.27131e-05
-0.000369087
4.73199e-05
-0.000329184
1.16305e-05
-0.000303272
-2.0824e-05
-0.00029557
-5.02592e-05
-0.000290721
-7.34836e-05
-0.000270347
-9.0032e-05
-0.000228249
-0.000102544
-0.000176507
-0.000109133
-0.000133234
-0.000104605
-0.00010822
-8.87543e-05
-9.74871e-05
-7.05475e-05
-8.92736e-05
-5.86359e-05
-7.32741e-05
-5.61707e-05
-4.90903e-05
-6.12873e-05
-2.37833e-05
-6.60028e-05
-9.78643e-06
-6.21048e-05
-1.16382e-05
-4.59731e-05
-2.18687e-05
-2.63887e-05
-3.14354e-05
-1.24879e-05
-3.15446e-05
-7.78143e-06
-2.7193e-05
-1.06572e-05
-2.74703e-05
-1.8125e-05
-3.61508e-05
-2.27664e-05
-4.53037e-05
-2.63745e-05
-4.35217e-05
-3.28417e-05
-2.67685e-05
-3.98731e-05
-2.32662e-06
-3.79346e-05
1.66104e-05
-2.05611e-05
1.86781e-05
4.55657e-06
3.8551e-06
2.11009e-05
-1.41296e-05
2.3392e-05
-1.67169e-05
1.18134e-05
-1.95506e-06
1.3584e-05
0.000349047
0.000843374
0.000644481
0.000895912
0.000801875
0.000758799
0.000845951
0.000582277
0.000808114
0.000383612
0.000718975
0.000182368
0.000574772
-3.18158e-06
0.000423593
-0.0001539
0.000286678
-0.000247271
0.000179383
-0.00028899
0.000106524
-0.000296228
6.48137e-05
-0.000287474
3.92895e-05
-0.000277746
1.43364e-05
-0.000270614
-1.53945e-05
-0.000260989
-4.47038e-05
-0.00024104
-6.37639e-05
-0.000209191
-6.76048e-05
-0.000172666
-5.97154e-05
-0.000141126
-4.83879e-05
-0.000119549
-4.05575e-05
-0.000105315
-3.83059e-05
-9.15216e-05
-3.80549e-05
-7.35249e-05
-3.50912e-05
-5.20563e-05
-2.58565e-05
-3.3022e-05
-1.29147e-05
-2.27311e-05
-2.61895e-06
-2.19332e-05
2.6486e-06
-2.7134e-05
3.54142e-06
-3.23268e-05
5.10551e-06
-3.31072e-05
8.99719e-06
-3.10824e-05
1.16582e-05
-3.01279e-05
7.86552e-06
-3.23545e-05
-2.79924e-06
-3.46382e-05
-1.50372e-05
-3.12861e-05
-2.15025e-05
-2.0303e-05
-1.75758e-05
-6.25109e-06
-4.5657e-06
3.59938e-06
9.88275e-06
4.22968e-06
1.68282e-05
-3.08755e-06
1.20623e-05
-9.36594e-06
1.97243e-06
-6.63091e-06
-2.65225e-06
2.66987e-06
1.09325e-05
0.000254831
0.000588544
0.000504186
0.000646558
0.000682032
0.00058095
0.000780764
0.000483545
0.000804494
0.000359886
0.000764814
0.000222051
0.000673657
8.79763e-05
0.000550831
-3.10722e-05
0.000425557
-0.000121995
0.000313882
-0.000177316
0.000227196
-0.000209542
0.000165035
-0.000225311
0.000118751
-0.00023146
7.9218e-05
-0.000231081
4.24144e-05
-0.000224187
1.14537e-05
-0.00021008
-8.05181e-06
-0.000189686
-1.45331e-05
-0.000166186
-1.17149e-05
-0.000143946
-6.19886e-06
-0.000125065
-2.92346e-06
-0.000108586
-2.14037e-06
-9.23033e-05
-5.83751e-07
-7.5085e-05
5.48082e-06
-5.81242e-05
1.65499e-05
-4.40924e-05
2.89565e-05
-3.51391e-05
3.84716e-05
-3.14494e-05
4.24435e-05
-3.11052e-05
4.17885e-05
-3.16697e-05
3.99955e-05
-3.13107e-05
3.89844e-05
-3.00677e-05
3.75701e-05
-2.87123e-05
3.28313e-05
-2.76156e-05
2.37466e-05
-2.55527e-05
1.3871e-05
-2.14121e-05
8.56125e-06
-1.49946e-05
1.03683e-05
-8.05416e-06
1.69287e-05
-2.95731e-06
2.24214e-05
-1.26757e-06
2.08903e-05
-1.56061e-06
1.28779e-05
-1.35492e-06
4.28353e-06
1.96098e-06
-3.44819e-07
7.29774e-06
1.05893e-05
0.000181962
0.000406581
0.000375041
0.000453478
0.000536483
0.000419509
0.000654277
0.000365752
0.000720603
0.000293561
0.000734005
0.00020865
0.000702082
0.000119902
0.000633347
3.76634e-05
0.000546014
-3.46616e-05
0.000459121
-9.04237e-05
0.000377291
-0.000127713
0.00030577
-0.000153789
0.000244229
-0.000169917
0.000190828
-0.000177683
0.00014483
-0.00017819
0.000107121
-0.000172369
7.92716e-05
-0.000161837
6.16992e-05
-0.000148616
5.21246e-05
-0.000134371
4.69984e-05
-0.000119935
4.38351e-05
-0.000105421
4.2216e-05
-9.06868e-05
4.33146e-05
-7.61868e-05
4.80019e-05
-6.28133e-05
5.55477e-05
-5.16407e-05
6.36421e-05
-4.3236e-05
6.97036e-05
-3.75108e-05
7.2285e-05
-3.36849e-05
7.15439e-05
-3.0927e-05
6.86402e-05
-2.84045e-05
6.47099e-05
-2.61342e-05
5.96357e-05
-2.36381e-05
5.28707e-05
-2.08541e-05
4.49825e-05
-1.76651e-05
3.74356e-05
-1.38618e-05
3.20254e-05
-9.58366e-06
2.93181e-05
-5.34801e-06
2.80917e-05
-1.72813e-06
2.58127e-05
1.00972e-06
2.10125e-05
3.23267e-06
1.38795e-05
5.77537e-06
6.93559e-06
8.90621e-06
2.07537e-06
1.21593e-05
1.2665e-05
0.000132879
0.000273702
0.000279128
0.000307229
0.000410707
0.000287931
0.000519198
0.000257263
0.000597067
0.000215693
0.000639936
0.000165781
0.000648242
0.000111597
0.000627765
5.81406e-05
0.000583901
9.20176e-06
0.000527673
-3.4196e-05
0.000469172
-6.92135e-05
0.000409207
-9.38238e-05
0.000351656
-0.000112368
0.000298304
-0.00012433
0.000250424
-0.000130311
0.000209278
-0.000131223
0.000175504
-0.000128064
0.000148899
-0.000122013
0.000128512
-0.000113981
0.000113129
-0.000104548
0.000101819
-9.4113e-05
9.4231e-05
-8.31051e-05
9.01308e-05
-7.2088e-05
8.90696e-05
-6.17522e-05
9.00444e-05
-5.26194e-05
9.16892e-05
-4.48843e-05
9.26041e-05
-3.84238e-05
9.19219e-05
-3.2999e-05
8.9344e-05
-2.83476e-05
8.5276e-05
-2.4337e-05
7.97493e-05
-2.06081e-05
7.32375e-05
-1.71251e-05
6.60178e-05
-1.36348e-05
5.83296e-05
-9.97939e-06
5.07124e-05
-6.24187e-06
4.37807e-05
-2.64747e-06
3.76999e-05
7.29671e-07
3.21282e-05
3.8407e-06
2.63822e-05
6.75721e-06
2.00932e-05
9.52149e-06
1.36517e-05
1.22156e-05
7.79773e-06
1.47609e-05
3.10513e-06
1.68532e-05
1.57699e-05
9.95054e-05
0.000174197
0.000210772
0.000195963
0.000313862
0.000184841
0.000403681
0.000167444
0.00047534
0.000144032
0.000525365
0.000115755
0.000552537
8.44245e-05
0.000558449
5.22279e-05
0.000545802
2.18473e-05
0.000518807
-7.20253e-06
0.00048238
-3.27873e-05
0.000442951
-5.43961e-05
0.000400208
-6.96258e-05
0.000357443
-8.15643e-05
0.000316558
-8.94254e-05
0.000278874
-9.35386e-05
0.000245291
-9.4483e-05
0.000216128
-9.28492e-05
0.000191258
-8.91082e-05
0.000170468
-8.37576e-05
0.000153537
-7.71862e-05
0.000140225
-6.97967e-05
0.000130175
-6.20386e-05
0.00012275
-5.43287e-05
0.000117124
-4.69959e-05
0.000112444
-4.02032e-05
0.000107993
-3.39704e-05
0.000103251
-2.8257e-05
9.79299e-05
-2.30242e-05
9.18388e-05
-1.82444e-05
8.51367e-05
-1.39091e-05
7.77711e-05
-9.76009e-06
7.00103e-05
-5.8694e-06
6.21535e-05
-2.12288e-06
5.44427e-05
1.46711e-06
4.69694e-05
4.82947e-06
3.97718e-05
7.92852e-06
3.27872e-05
1.08221e-05
2.6028e-05
1.35159e-05
1.96143e-05
1.59375e-05
1.36434e-05
1.81882e-05
8.29001e-06
2.01146e-05
3.59262e-06
2.15504e-05
1.93622e-05
7.38992e-05
0.000100299
0.000157149
0.000112712
0.000235428
0.00010656
0.000305771
9.71012e-05
0.000365303
8.44972e-05
0.000411788
6.92675e-05
0.000444049
5.21623e-05
0.000462167
3.41091e-05
0.000467971
1.60423e-05
0.000460884
-1.16769e-07
0.0004454
-1.73038e-05
0.000422444
-3.14412e-05
0.000396107
-4.3289e-05
0.000366915
-5.23719e-05
0.000336656
-5.91671e-05
0.000306727
-6.36099e-05
0.000278106
-6.58612e-05
0.000251382
-6.61238e-05
0.000227018
-6.4745e-05
0.000205225
-6.19674e-05
0.000186098
-5.80611e-05
0.000169609
-5.33068e-05
0.000155556
-4.79848e-05
0.00014358
-4.23563e-05
0.000133225
-3.66422e-05
0.000124024
-3.09967e-05
0.000115567
-2.55107e-05
0.000107544
-2.02371e-05
9.97343e-05
-1.52132e-05
9.19657e-05
-1.0471e-05
8.40852e-05
-6.03029e-06
7.65256e-05
-2.20357e-06
6.86309e-05
2.02936e-06
6.08326e-05
5.67853e-06
5.32199e-05
9.07756e-06
4.58309e-05
1.22188e-05
3.86095e-05
1.51528e-05
3.17468e-05
1.76851e-05
2.52541e-05
2.00074e-05
1.9136e-05
2.20555e-05
1.35171e-05
2.38078e-05
8.41663e-06
2.52156e-05
3.75801e-06
2.62092e-05
2.31205e-05
4.85949e-05
5.17031e-05
0.000103473
5.78325e-05
0.00015567
5.43617e-05
0.000203638
4.91341e-05
0.000245876
4.22562e-05
0.000281157
3.39834e-05
0.000308668
2.46503e-05
0.000328108
1.46699e-05
0.000339658
4.49226e-06
0.000344931
-5.39084e-06
0.00034248
-1.48539e-05
0.000334498
-2.34604e-05
0.00032232
-3.11108e-05
0.000306927
-3.69781e-05
0.000289249
-4.14894e-05
0.000270273
-4.46339e-05
0.000250783
-4.63702e-05
0.000231445
-4.67846e-05
0.000212704
-4.60048e-05
0.00019491
-4.41765e-05
0.000178316
-4.14676e-05
0.000163062
-3.8049e-05
0.00014916
-3.4082e-05
0.000136539
-2.9738e-05
0.000125062
-2.51646e-05
0.000114558
-2.04865e-05
0.000104854
-1.5803e-05
9.58052e-05
-1.11906e-05
8.73017e-05
-6.70932e-06
7.92432e-05
-2.40783e-06
7.15364e-05
1.67694e-06
6.38555e-05
5.47432e-06
5.6808e-05
9.0781e-06
5.00059e-05
1.24837e-05
4.34879e-05
1.55955e-05
3.72918e-05
1.84141e-05
3.14748e-05
2.09713e-05
2.59173e-05
2.32444e-05
2.06913e-05
2.52335e-05
1.58155e-05
2.69309e-05
1.13015e-05
2.83212e-05
7.13007e-06
2.93867e-05
3.23134e-06
3.01077e-05
2.63516e-05
3.04012e-05
2.12997e-05
6.4817e-05
2.34159e-05
9.78013e-05
2.13777e-05
0.000128549
1.83869e-05
0.000156293
1.45099e-05
0.000180398
9.87685e-06
0.000200391
4.65787e-06
0.000216005
-9.43899e-07
0.000227181
-6.68425e-06
0.000234102
-1.23118e-05
0.00023679
-1.7543e-05
0.000235831
-2.25018e-05
0.000231436
-2.67158e-05
0.000224544
-3.00856e-05
0.00021562
-3.25647e-05
0.000205122
-3.41351e-05
0.000193544
-3.47914e-05
0.000181323
-3.45627e-05
0.000168829
-3.35106e-05
0.000156369
-3.17186e-05
0.000144187
-2.92845e-05
0.000132452
-2.63103e-05
0.000121288
-2.29162e-05
0.000110756
-1.92061e-05
0.000100874
-1.52817e-05
9.16319e-05
-1.1239e-05
8.29929e-05
-7.16088e-06
7.49181e-05
-3.11685e-06
6.73718e-05
8.36856e-07
6.03134e-05
4.6535e-06
5.37052e-05
8.28603e-06
4.74828e-05
1.16946e-05
4.17743e-05
1.47862e-05
3.63539e-05
1.79056e-05
3.12982e-05
2.06516e-05
2.65797e-05
2.3132e-05
2.22031e-05
2.53479e-05
1.81508e-05
2.72973e-05
1.44171e-05
2.89676e-05
1.09863e-05
3.03611e-05
7.83837e-06
3.14681e-05
4.94276e-06
3.2281e-05
2.24618e-06
3.28027e-05
2.85958e-05
2.05489e-05
7.4897e-07
4.38348e-05
1.30714e-07
6.62202e-05
-1.00663e-06
8.72299e-05
-2.62301e-06
0.000106426
-4.68656e-06
0.000123437
-7.13296e-06
0.000137922
-9.82705e-06
0.000149766
-1.27893e-05
0.000158832
-1.57508e-05
0.000165116
-1.85954e-05
0.000168617
-2.10431e-05
0.000169706
-2.35913e-05
0.000168463
-2.5473e-05
0.000165226
-2.68479e-05
0.000160302
-2.76391e-05
0.000153987
-2.78192e-05
0.000146587
-2.73898e-05
0.000138393
-2.63673e-05
0.00012967
-2.47884e-05
0.000120657
-2.27053e-05
0.000111555
-2.01821e-05
0.000102538
-1.72899e-05
9.37293e-05
-1.41045e-05
8.52261e-05
-1.07025e-05
7.71064e-05
-7.16075e-06
6.94163e-05
-3.54533e-06
6.21705e-05
8.74188e-08
5.53894e-05
3.66398e-06
4.90837e-05
7.14237e-06
4.32411e-05
1.04978e-05
3.78554e-05
1.36727e-05
3.29479e-05
1.6601e-05
2.84597e-05
1.92734e-05
2.42895e-05
2.2076e-05
2.04872e-05
2.4454e-05
1.70424e-05
2.6576e-05
1.39425e-05
2.84467e-05
1.11743e-05
3.00646e-05
8.71062e-06
3.14304e-05
6.5269e-06
3.25434e-05
4.59133e-06
3.34016e-05
2.86688e-06
3.40027e-05
1.30181e-06
3.43645e-05
2.9895e-05
1.39629e-05
-1.32142e-05
2.97277e-05
-1.56331e-05
4.49097e-05
-1.61885e-05
5.92093e-05
-1.6924e-05
7.23562e-05
-1.78331e-05
8.41083e-05
-1.88831e-05
9.43005e-05
-2.00199e-05
0.000102692
-2.11823e-05
0.000109259
-2.23184e-05
0.000113853
-2.31882e-05
0.000116792
-2.39804e-05
0.000117948
-2.47473e-05
0.000117358
-2.48823e-05
0.000115409
-2.48987e-05
0.000112149
-2.43784e-05
0.000107779
-2.34482e-05
0.000102501
-2.21111e-05
9.65191e-05
-2.03841e-05
9.00264e-05
-1.82956e-05
8.32045e-05
-1.58837e-05
7.62172e-05
-1.31938e-05
6.92067e-05
-1.02771e-05
6.22927e-05
-7.18886e-06
5.55728e-05
-3.98241e-06
4.91314e-05
-7.18683e-07
4.30423e-05
2.54593e-06
3.73321e-05
5.79969e-06
3.20259e-05
8.97041e-06
2.7146e-05
1.20225e-05
2.27452e-05
1.49003e-05
1.8821e-05
1.75984e-05
1.54464e-05
1.99757e-05
1.21884e-05
2.2531e-05
9.46045e-06
2.48041e-05
7.13282e-06
2.67816e-05
5.20326e-06
2.85049e-05
3.65296e-06
2.99956e-05
2.43876e-06
3.12768e-05
1.51876e-06
3.23481e-05
8.55392e-07
3.3204e-05
4.20177e-07
3.38334e-05
1.79418e-07
3.42397e-05
8.70684e-08
3.4453e-05
2.99806e-05
8.85012e-06
-2.20639e-05
1.87358e-05
-2.55188e-05
2.82603e-05
-2.57145e-05
3.7226e-05
-2.5892e-05
4.54485e-05
-2.60546e-05
5.27322e-05
-2.61647e-05
5.89071e-05
-2.61955e-05
6.39332e-05
-2.62093e-05
6.77499e-05
-2.61347e-05
7.01579e-05
-2.55954e-05
7.1629e-05
-2.54509e-05
7.16219e-05
-2.47399e-05
7.05629e-05
-2.38234e-05
6.83629e-05
-2.2699e-05
6.52358e-05
-2.12515e-05
6.13202e-05
-1.95325e-05
5.67674e-05
-1.75579e-05
5.17302e-05
-1.53466e-05
4.63591e-05
-1.29247e-05
4.0799e-05
-1.03243e-05
3.51799e-05
-7.57465e-06
2.9621e-05
-4.71712e-06
2.42324e-05
-1.79959e-06
1.90833e-05
1.16636e-06
1.42485e-05
4.11626e-06
9.7825e-06
7.01348e-06
5.78681e-06
9.79737e-06
2.22193e-06
1.25365e-05
-8.7886e-07
1.51245e-05
-3.55237e-06
1.75759e-05
-5.5859e-06
1.96342e-05
-7.5221e-06
2.19132e-05
-8.90385e-06
2.39133e-05
-9.75982e-06
2.56606e-05
-1.01519e-05
2.71742e-05
-1.01072e-05
2.846e-05
-9.64471e-06
2.95322e-05
-8.87619e-06
3.05066e-05
-7.84586e-06
3.13154e-05
-6.60261e-06
3.1958e-05
-5.13714e-06
3.2365e-05
-3.46672e-06
3.25663e-05
-1.6084e-06
3.25921e-05
2.83719e-05
4.54241e-06
-2.66063e-05
9.4832e-06
-3.04604e-05
1.42371e-05
-3.04705e-05
1.86607e-05
-3.03174e-05
2.262e-05
-3.00117e-05
2.59939e-05
-2.95364e-05
2.84983e-05
-2.87003e-05
3.01007e-05
-2.78121e-05
3.10305e-05
-2.70646e-05
3.1305e-05
-2.58702e-05
3.0387e-05
-2.45332e-05
2.84575e-05
-2.2811e-05
2.5908e-05
-2.12749e-05
2.26477e-05
-1.94401e-05
1.87966e-05
-1.74017e-05
1.44837e-05
-1.52204e-05
9.8307e-06
-1.29054e-05
4.96253e-06
-1.04789e-05
3.19382e-09
-7.96644e-06
-4.92879e-06
-5.39371e-06
-9.72188e-06
-2.78242e-06
-1.42651e-05
-1.7396e-07
-1.84806e-05
2.41573e-06
-2.22869e-05
4.972e-06
-2.56307e-05
7.45969e-06
-2.84722e-05
9.85609e-06
-3.08075e-05
1.21345e-05
-3.2576e-05
1.43064e-05
-3.36108e-05
1.61606e-05
-3.42341e-05
1.82009e-05
-3.45291e-05
1.99312e-05
-3.41619e-05
2.15475e-05
-3.32407e-05
2.29931e-05
-3.17958e-05
2.42164e-05
-2.98222e-05
2.52014e-05
-2.74869e-05
2.61254e-05
-2.4915e-05
2.69604e-05
-2.20518e-05
2.76431e-05
-1.8878e-05
2.81406e-05
-1.53934e-05
2.84721e-05
-1.16626e-05
2.86327e-05
-7.71833e-06
2.86206e-05
-3.59371e-06
2.84662e-05
2.47779e-05
9.49419e-07
-2.75562e-05
1.75246e-06
-3.12634e-05
2.52141e-06
-3.12406e-05
3.07954e-06
-3.08757e-05
3.27471e-06
-3.02041e-05
2.99157e-06
-2.9252e-05
2.31194e-06
-2.80213e-05
1.09734e-06
-2.65979e-05
-9.29752e-07
-2.50383e-05
-3.53107e-06
-2.32701e-05
-6.7273e-06
-2.13381e-05
-1.03855e-05
-1.9154e-05
-1.45606e-05
-1.71016e-05
-1.90793e-05
-1.49234e-05
-2.38409e-05
-1.26419e-05
-2.87637e-05
-1.02992e-05
-3.37441e-05
-7.9264e-06
-3.86789e-05
-5.54548e-06
-4.34759e-05
-3.17136e-06
-4.80342e-05
-8.37439e-07
-5.22437e-05
1.4255e-06
-5.60381e-05
3.61965e-06
-5.93478e-05
5.72465e-06
-6.2101e-05
7.72415e-06
-6.42469e-05
9.60479e-06
-6.57432e-05
1.13527e-05
-6.65526e-05
1.2945e-05
-6.667e-05
1.44248e-05
-6.62431e-05
1.57345e-05
-6.50106e-05
1.69693e-05
-6.31438e-05
1.80655e-05
-6.06363e-05
1.90411e-05
-5.75337e-05
1.98914e-05
-5.39066e-05
2.05902e-05
-4.98259e-05
2.11216e-05
-4.53507e-05
2.16512e-05
-4.04627e-05
2.20733e-05
-3.52516e-05
2.24325e-05
-2.97632e-05
2.26524e-05
-2.40219e-05
2.27307e-05
-1.80647e-05
2.26752e-05
-1.19129e-05
2.24681e-05
-5.57057e-06
2.2123e-05
1.92069e-05
-2.04455e-06
-2.55114e-05
-4.42397e-06
-2.88824e-05
-6.90372e-06
-2.87609e-05
-9.58605e-06
-2.81924e-05
-1.25545e-05
-2.72335e-05
-1.58669e-05
-2.59397e-05
-1.95193e-05
-2.43696e-05
-2.35283e-05
-2.25894e-05
-2.7912e-05
-2.06558e-05
-3.25916e-05
-1.85922e-05
-3.75034e-05
-1.64279e-05
-4.24738e-05
-1.41854e-05
-4.76505e-05
-1.19271e-05
-5.29446e-05
-9.63145e-06
-5.81743e-05
-7.41437e-06
-6.33153e-05
-5.1603e-06
-6.82962e-05
-2.94765e-06
-7.30443e-05
-7.99574e-07
-7.74849e-05
1.26675e-06
-8.15574e-05
3.23266e-06
-8.51965e-05
5.06263e-06
-8.83382e-05
6.76026e-06
-9.09221e-05
8.30762e-06
-9.28938e-05
9.69477e-06
-9.42033e-05
1.09135e-05
-9.48036e-05
1.19531e-05
-9.46847e-05
1.28269e-05
-9.38031e-05
1.35441e-05
-9.21759e-05
1.41081e-05
-8.97546e-05
1.45489e-05
-8.65617e-05
1.48737e-05
-8.26206e-05
1.51012e-05
-7.79733e-05
1.52453e-05
-7.27003e-05
1.53184e-05
-6.69147e-05
1.5337e-05
-6.05987e-05
1.5336e-05
-5.38325e-05
1.53078e-05
-4.66534e-05
1.52538e-05
-3.91562e-05
1.51553e-05
-3.14296e-05
1.5004e-05
-2.35318e-05
1.47769e-05
-1.54826e-05
1.44183e-05
-7.2741e-06
1.39136e-05
1.19324e-05
-4.49853e-06
-2.10116e-05
-9.66129e-06
-2.37174e-05
-1.4851e-05
-2.35705e-05
-2.01956e-05
-2.28466e-05
-2.57354e-05
-2.16927e-05
-3.14448e-05
-2.02311e-05
-3.72556e-05
-1.85591e-05
-4.31013e-05
-1.67439e-05
-4.89255e-05
-1.48328e-05
-5.46697e-05
-1.28497e-05
-6.02873e-05
-1.0812e-05
-6.57368e-05
-8.73773e-06
-7.10261e-05
-6.6399e-06
-7.61123e-05
-4.54743e-06
-8.1026e-05
-2.50292e-06
-8.56895e-05
-4.9921e-07
-9.00752e-05
1.4355e-06
-9.41511e-05
3.27381e-06
-9.78796e-05
4.99262e-06
-0.000101217
6.56791e-06
-0.000104132
7.97596e-06
-0.000106578
9.20458e-06
-0.000108508
1.02373e-05
-0.000109889
1.10746e-05
-0.000110659
1.16832e-05
-0.000110791
1.20851e-05
-0.000110248
1.22847e-05
-0.000108994
1.22909e-05
-0.000107003
1.21181e-05
-0.000104243
1.17899e-05
-0.000100697
1.13289e-05
-9.63561e-05
1.07618e-05
-9.1226e-05
1.01167e-05
-8.53297e-05
9.42352e-06
-7.87049e-05
8.71331e-06
-7.1386e-05
8.01782e-06
-6.34477e-05
7.36982e-06
-5.49888e-05
6.79489e-06
-4.61385e-05
6.30478e-06
-3.70185e-05
5.88354e-06
-2.77215e-05
5.47942e-06
-1.82772e-05
4.97336e-06
-8.65956e-06
4.2954e-06
3.27273e-06
-6.62787e-06
-1.43821e-05
-1.41449e-05
-1.61982e-05
-2.16692e-05
-1.60452e-05
-2.92055e-05
-1.5309e-05
-3.66732e-05
-1.42247e-05
-4.39352e-05
-1.29696e-05
-5.08684e-05
-1.16256e-05
-5.73936e-05
-1.02185e-05
-6.34774e-05
-8.75014e-06
-6.91168e-05
-7.21187e-06
-7.43373e-05
-5.59335e-06
-7.91715e-05
-3.90534e-06
-8.36508e-05
-2.1626e-06
-8.78037e-05
-3.96401e-07
-9.16673e-05
1.35851e-06
-9.52422e-05
3.07353e-06
-9.85294e-05
4.7202e-06
-0.000101523
6.26546e-06
-0.000104213
7.68026e-06
-0.000106581
8.93435e-06
-0.000108606
9.99979e-06
-0.000110267
1.08648e-05
-0.000111528
1.14984e-05
-0.000112381
1.19272e-05
-0.000112761
1.20631e-05
-0.000112656
1.19809e-05
-0.000112029
1.16584e-05
-0.000110842
1.11056e-05
-0.00010906
1.03366e-05
-0.00010664
9.3714e-06
-0.000103543
8.23311e-06
-9.97279e-05
6.94752e-06
-9.51538e-05
5.54364e-06
-8.97766e-05
4.04736e-06
-8.35632e-05
2.50059e-06
-7.64968e-05
9.51859e-07
-6.85929e-05
-5.33842e-07
-5.99132e-05
-1.88495e-06
-5.05696e-05
-3.03898e-06
-4.07171e-05
-3.96926e-06
-3.05288e-05
-4.70907e-06
-2.01249e-05
-5.43084e-06
-9.57644e-06
-6.2532e-06
-6.30374e-06
-8.60314e-06
-5.77736e-06
-1.82405e-05
-6.55873e-06
-2.77552e-05
-6.52907e-06
-3.68414e-05
-6.22131e-06
-4.53183e-05
-5.74777e-06
-5.30085e-05
-5.27949e-06
-5.98507e-05
-4.78281e-06
-6.58567e-05
-4.21243e-06
-7.10952e-05
-3.51288e-06
-7.56565e-05
-2.65217e-06
-7.96454e-05
-1.6063e-06
-8.31538e-05
-3.98439e-07
-8.6258e-05
9.39888e-07
-8.90183e-05
2.36256e-06
-9.14851e-05
3.82372e-06
-9.36896e-05
5.27672e-06
-9.56535e-05
6.68227e-06
-9.73866e-05
7.99767e-06
-9.88958e-05
9.18788e-06
-0.000100177
1.02152e-05
-0.00010123
1.10523e-05
-0.000102038
1.16733e-05
-0.000102598
1.20587e-05
-0.000102872
1.22024e-05
-0.000102882
1.20735e-05
-0.000102583
1.16839e-05
-0.000101961
1.10379e-05
-0.000100987
1.01337e-05
-9.96307e-05
8.9822e-06
-9.78544e-05
7.59687e-06
-9.5614e-05
5.99404e-06
-9.28544e-05
4.18921e-06
-8.95103e-05
2.20057e-06
-8.54941e-05
3.20189e-08
-8.07127e-05
-2.28012e-06
-7.50664e-05
-4.69409e-06
-6.84676e-05
-7.13228e-06
-6.08596e-05
-9.49288e-06
-5.22368e-05
-1.16615e-05
-4.266e-05
-1.35461e-05
-3.23138e-05
-1.50551e-05
-2.13789e-05
-1.6366e-05
-1.02178e-05
-1.74143e-05
-1.65218e-05
-1.06394e-05
4.86359e-06
-2.21064e-05
4.90999e-06
-3.30061e-05
4.37254e-06
-4.25964e-05
3.37031e-06
-5.08418e-05
2.49776e-06
-5.77057e-05
1.58466e-06
-6.33352e-05
8.4708e-07
-6.79002e-05
3.5234e-07
-7.15898e-05
1.75273e-07
-7.45745e-05
3.31207e-07
-7.69983e-05
8.15871e-07
-7.8979e-05
1.58128e-06
-8.06053e-05
2.56507e-06
-8.19409e-05
3.6978e-06
-8.30351e-05
4.91706e-06
-8.39207e-05
6.16222e-06
-8.46244e-05
7.38496e-06
-8.51607e-05
8.53433e-06
-8.55452e-05
9.57144e-06
-8.57829e-05
1.04536e-05
-8.58839e-05
1.11525e-05
-8.58471e-05
1.16375e-05
-8.568e-05
1.18915e-05
-8.53759e-05
1.18995e-05
-8.49474e-05
1.16456e-05
-8.43902e-05
1.11282e-05
-8.36995e-05
1.03487e-05
-8.28657e-05
9.30189e-06
-8.18753e-05
7.99363e-06
-8.07077e-05
6.43103e-06
-7.93332e-05
4.62105e-06
-7.77092e-05
2.56654e-06
-7.57692e-05
2.61671e-07
-7.34302e-05
-2.30608e-06
-7.05695e-05
-5.1401e-06
-6.7038e-05
-8.22525e-06
-6.26628e-05
-1.1507e-05
-5.72548e-05
-1.49008e-05
-5.06275e-05
-1.82885e-05
-4.26005e-05
-2.15735e-05
-3.3185e-05
-2.44705e-05
-2.23567e-05
-2.71948e-05
-1.08915e-05
-2.88797e-05
-2.74137e-05
-1.29227e-05
1.77877e-05
-2.55111e-05
1.74998e-05
-3.66606e-05
1.55241e-05
-4.53153e-05
1.2026e-05
-5.20076e-05
9.19014e-06
-5.70028e-05
6.58016e-06
-6.07116e-05
4.55589e-06
-6.34286e-05
3.06893e-06
-6.54051e-05
2.15037e-06
-6.68222e-05
1.74758e-06
-6.78172e-05
1.80986e-06
-6.84849e-05
2.24887e-06
-6.88922e-05
2.97195e-06
-6.90824e-05
3.88853e-06
-6.90884e-05
4.92294e-06
-6.89312e-05
6.00594e-06
-6.86332e-05
7.08636e-06
-6.82062e-05
8.10866e-06
-6.76702e-05
9.03464e-06
-6.70347e-05
9.81951e-06
-6.63198e-05
1.04365e-05
-6.55353e-05
1.08544e-05
-6.4702e-05
1.10578e-05
-6.38314e-05
1.10302e-05
-6.29466e-05
1.07612e-05
-6.20622e-05
1.02451e-05
-6.11914e-05
9.47904e-06
-6.03479e-05
8.45979e-06
-5.95369e-05
7.18376e-06
-5.87611e-05
5.65647e-06
-5.80157e-05
3.87666e-06
-5.72836e-05
1.83541e-06
-5.65303e-05
-4.90915e-07
-5.56968e-05
-3.13909e-06
-5.46844e-05
-6.15202e-06
-5.3351e-05
-9.55872e-06
-5.15044e-05
-1.33533e-05
-4.88875e-05
-1.75181e-05
-4.51766e-05
-2.19993e-05
-3.9904e-05
-2.68468e-05
-3.27569e-05
-3.16179e-05
-2.30798e-05
-3.68727e-05
-1.19198e-05
-4.00402e-05
-3.9334e-05
-1.54359e-05
3.32248e-05
-2.77405e-05
2.98054e-05
-3.74862e-05
2.52715e-05
-4.37356e-05
1.82758e-05
-4.78911e-05
1.33456e-05
-5.05125e-05
9.20186e-06
-5.21666e-05
6.20975e-06
-5.31574e-05
4.05965e-06
-5.37025e-05
2.69459e-06
-5.39267e-05
1.97185e-06
-5.39103e-05
1.79313e-06
-5.36973e-05
2.03637e-06
-5.33153e-05
2.5899e-06
-5.27733e-05
3.34774e-06
-5.20835e-05
4.23321e-06
-5.12515e-05
5.17544e-06
-5.02921e-05
6.12625e-06
-4.92134e-05
7.03165e-06
-4.80374e-05
7.85739e-06
-4.67763e-05
8.56017e-06
-4.54582e-05
9.11701e-06
-4.41012e-05
9.49855e-06
-4.27369e-05
9.69247e-06
-4.13889e-05
9.68317e-06
-4.00914e-05
9.46358e-06
-3.88721e-05
9.02681e-06
-3.77618e-05
8.36917e-06
-3.67866e-05
7.48549e-06
-3.59748e-05
6.37245e-06
-3.53476e-05
5.02988e-06
-3.49252e-05
3.45449e-06
-3.47199e-05
1.63049e-06
-3.47346e-05
-4.76144e-07
-3.4953e-05
-2.92071e-06
-3.53293e-05
-5.77577e-06
-3.57771e-05
-9.11153e-06
-3.61565e-05
-1.29739e-05
-3.62405e-05
-1.74351e-05
-3.56933e-05
-2.25467e-05
-3.38815e-05
-2.86598e-05
-3.01979e-05
-3.53019e-05
-2.30825e-05
-4.39891e-05
-1.34067e-05
-4.97165e-05
-5.27412e-05
-1.77268e-05
5.09525e-05
-2.77162e-05
3.97954e-05
-3.42754e-05
3.1832e-05
-3.71497e-05
2.11503e-05
-3.84494e-05
1.46453e-05
-3.88283e-05
9.58113e-06
-3.87937e-05
6.17497e-06
-3.85406e-05
3.80693e-06
-3.81713e-05
2.32515e-06
-3.77162e-05
1.5175e-06
-3.71801e-05
1.25701e-06
-3.65478e-05
1.40487e-06
-3.5804e-05
1.84596e-06
-3.4931e-05
2.4762e-06
-3.39218e-05
3.22378e-06
-3.27692e-05
4.0245e-06
-3.14822e-05
4.8379e-06
-3.00651e-05
5.61622e-06
-2.8541e-05
6.33163e-06
-2.69245e-05
6.94538e-06
-2.52486e-05
7.43937e-06
-2.35371e-05
7.78804e-06
-2.18283e-05
7.98235e-06
-2.01535e-05
8.00908e-06
-1.8554e-05
7.86357e-06
-1.70659e-05
7.53932e-06
-1.57295e-05
7.03283e-06
-1.45822e-05
6.33853e-06
-1.36634e-05
5.45362e-06
-1.30094e-05
4.376e-06
-1.26577e-05
3.10247e-06
-1.26434e-05
1.6161e-06
-1.29999e-05
-1.20054e-07
-1.37533e-05
-2.16787e-06
-1.49157e-05
-4.61363e-06
-1.64762e-05
-7.55201e-06
-1.8387e-05
-1.10633e-05
-2.05273e-05
-1.5296e-05
-2.26776e-05
-2.03966e-05
-2.42671e-05
-2.70716e-05
-2.46106e-05
-3.49588e-05
-2.14591e-05
-4.71417e-05
-1.49554e-05
-5.62206e-05
-6.76971e-05
-1.87722e-05
6.9725e-05
-2.43275e-05
4.5351e-05
-2.64009e-05
3.39064e-05
-2.5797e-05
2.05468e-05
-2.46328e-05
1.34812e-05
-2.33854e-05
8.33436e-06
-2.23034e-05
5.09291e-06
-2.14016e-05
2.90588e-06
-2.06491e-05
1.57292e-06
-1.9981e-05
8.50668e-07
-1.9334e-05
6.1013e-07
-1.86469e-05
7.1839e-07
-1.78741e-05
1.07261e-06
-1.69786e-05
1.58189e-06
-1.59421e-05
2.18673e-06
-1.47505e-05
2.83435e-06
-1.34087e-05
3.49443e-06
-1.19195e-05
4.12841e-06
-1.03056e-05
4.71569e-06
-8.58305e-06
5.22436e-06
-6.78664e-06
5.64118e-06
-4.94314e-06
5.94556e-06
-3.0935e-06
6.13138e-06
-1.27227e-06
6.18839e-06
4.7707e-07
6.11368e-06
2.11478e-06
5.90195e-06
3.59718e-06
5.55028e-06
4.88218e-06
5.05367e-06
5.92546e-06
4.41005e-06
6.684e-06
3.61738e-06
7.1122e-06
2.67379e-06
7.16303e-06
1.56493e-06
6.78529e-06
2.57231e-07
5.92358e-06
-1.30684e-06
4.52064e-06
-3.21092e-06
2.52091e-06
-5.55327e-06
-1.18784e-07
-8.42369e-06
-3.40817e-06
-1.20077e-05
-7.30584e-06
-1.6499e-05
-1.15247e-05
-2.28538e-05
-1.55338e-05
-3.09499e-05
-1.7188e-05
-4.54883e-05
-1.55351e-05
-5.78739e-05
-8.32325e-05
-1.71258e-05
8.68508e-05
-1.68616e-05
4.50869e-05
-1.41057e-05
3.11511e-05
-1.08336e-05
1.72753e-05
-8.08242e-06
1.07305e-05
-6.01477e-06
6.2675e-06
-4.53744e-06
3.61559e-06
-3.50301e-06
1.87231e-06
-2.76786e-06
8.38203e-07
-2.20332e-06
2.87405e-07
-1.70331e-06
1.10133e-07
-1.18145e-06
1.97021e-07
-5.77637e-07
4.67908e-07
1.52662e-07
8.52391e-07
1.03173e-06
1.30663e-06
2.07588e-06
1.79148e-06
3.28184e-06
2.28663e-06
4.64772e-06
2.76375e-06
6.15225e-06
3.2091e-06
7.77933e-06
3.59865e-06
9.49533e-06
3.92355e-06
1.12734e-05
4.16854e-06
1.30739e-05
4.32979e-06
1.48628e-05
4.39999e-06
1.65987e-05
4.37743e-06
1.82428e-05
4.25819e-06
1.97528e-05
4.04008e-06
2.10875e-05
3.71915e-06
2.22033e-05
3.29405e-06
2.30571e-05
2.76348e-06
2.36038e-05
2.12679e-06
2.37946e-05
1.37389e-06
2.35733e-05
4.78186e-07
2.28722e-05
-6.06229e-07
2.16096e-05
-1.9483e-06
1.96884e-05
-3.63278e-06
1.70036e-05
-5.73867e-06
1.34397e-05
-8.44465e-06
8.88067e-06
-1.19398e-05
3.2616e-06
-1.72355e-05
-3.27051e-06
-2.44177e-05
-9.58975e-06
-3.91697e-05
-1.36817e-05
-5.37821e-05
-9.69145e-05
-1.13872e-05
9.8238e-05
-5.34194e-06
3.90417e-05
1.26727e-06
2.45425e-05
6.03071e-06
1.25125e-05
9.36143e-06
7.40042e-06
1.15274e-05
4.10234e-06
1.29116e-05
2.23153e-06
1.37546e-05
1.03006e-06
1.42595e-05
3.33604e-07
1.45788e-05
-3.08164e-08
1.48318e-05
-1.42977e-07
1.51089e-05
-7.97496e-08
1.54709e-05
1.04906e-07
1.59604e-05
3.63415e-07
1.65983e-05
6.6749e-07
1.73995e-05
9.91252e-07
1.83618e-05
1.32271e-06
1.94834e-05
1.64321e-06
2.0746e-05
1.94467e-06
2.21349e-05
2.21096e-06
2.36204e-05
2.43677e-06
2.5178e-05
2.61192e-06
2.67728e-05
2.73425e-06
2.83744e-05
2.79897e-06
2.99466e-05
2.80511e-06
3.14551e-05
2.75006e-06
3.28629e-05
2.6323e-06
3.41332e-05
2.44911e-06
3.52275e-05
2.19967e-06
3.61079e-05
1.88327e-06
3.67346e-05
1.49992e-06
3.7065e-05
1.04342e-06
3.70477e-05
4.95482e-07
3.66165e-05
-1.75337e-07
3.5686e-05
-1.01751e-06
3.41455e-05
-2.09267e-06
3.18661e-05
-3.45889e-06
2.86766e-05
-5.25562e-06
2.43725e-05
-7.63545e-06
1.85822e-05
-1.14456e-05
1.10764e-05
-1.69119e-05
1.39678e-06
-2.94905e-05
-8.00447e-06
-4.4381e-05
-0.000104919
-6.93473e-07
9.89315e-05
9.60314e-06
2.87453e-05
1.81224e-05
1.60236e-05
2.29943e-05
7.64117e-06
2.60746e-05
4.32068e-06
2.78731e-05
2.3046e-06
2.89115e-05
1.19319e-06
2.94461e-05
4.96153e-07
2.96826e-05
9.72207e-08
2.97625e-05
-1.09907e-07
2.97936e-05
-1.74325e-07
2.98545e-05
-1.40434e-07
2.99969e-05
-3.83518e-08
3.02556e-05
1.05069e-07
3.06474e-05
2.74505e-07
3.11843e-05
4.55217e-07
3.18644e-05
6.41207e-07
3.26866e-05
8.21875e-07
3.36366e-05
9.93286e-07
3.47024e-05
1.14621e-06
3.58602e-05
1.27797e-06
3.70903e-05
1.38275e-06
3.83647e-05
1.4594e-06
3.9659e-05
1.50522e-06
4.09445e-05
1.51962e-06
4.2194e-05
1.50109e-06
4.33778e-05
1.44866e-06
4.44665e-05
1.36075e-06
4.54293e-05
1.23689e-06
4.62362e-05
1.07662e-06
4.68563e-05
8.79943e-07
4.72564e-05
6.43413e-07
4.73956e-05
3.5648e-07
4.72188e-05
1.31011e-09
4.66519e-05
-4.502e-07
4.55937e-05
-1.03466e-06
4.39237e-05
-1.78837e-06
4.1466e-05
-2.79814e-06
3.80022e-05
-4.17131e-06
3.30099e-05
-6.45354e-06
2.60373e-05
-9.93916e-06
1.51431e-05
-1.85966e-05
2.2778e-06
-3.15157e-05
-0.000102641
1.41154e-05
8.48164e-05
2.63641e-05
1.64968e-05
3.4552e-05
7.83589e-06
3.85521e-05
3.64144e-06
4.08954e-05
1.9776e-06
4.21512e-05
1.04945e-06
4.28081e-05
5.36402e-07
4.3081e-05
2.23792e-07
4.31353e-05
4.30351e-08
4.30784e-05
-5.25598e-08
4.29909e-05
-8.70857e-08
4.293e-05
-7.93881e-08
4.2933e-05
-4.20388e-08
4.30248e-05
1.35547e-08
4.32173e-05
8.11036e-08
4.35191e-05
1.54034e-07
4.39291e-05
2.30072e-07
4.44472e-05
3.04551e-07
4.50634e-05
3.76041e-07
4.57699e-05
4.40585e-07
4.65501e-05
4.97081e-07
4.73905e-05
5.43076e-07
4.82717e-05
5.77959e-07
4.91769e-05
6.00595e-07
5.00861e-05
6.10564e-07
5.09804e-05
6.07217e-07
5.18393e-05
5.9001e-07
5.26421e-05
5.58243e-07
5.33675e-05
5.11658e-07
5.39945e-05
4.49911e-07
5.45018e-05
3.72755e-07
5.48669e-05
2.78561e-07
5.5061e-05
1.62576e-07
5.50451e-05
1.72544e-08
5.47649e-05
-1.69568e-07
5.4144e-05
-4.13779e-07
5.30899e-05
-7.33893e-07
5.14605e-05
-1.16879e-06
4.90729e-05
-1.78344e-06
4.5432e-05
-2.81276e-06
4.00307e-05
-4.53772e-06
3.02606e-05
-8.82675e-06
1.63237e-05
-1.75788e-05
-8.63178e-05
3.23509e-05
5.24658e-05
4.32623e-05
5.58567e-06
4.90049e-05
2.09343e-06
5.16399e-05
1.0065e-06
5.30906e-05
5.26958e-07
5.3848e-05
2.92478e-07
5.42282e-05
1.56483e-07
5.43758e-05
7.66861e-08
5.43906e-05
2.82612e-08
5.43371e-05
1.13006e-09
5.42615e-05
-1.17454e-08
5.41967e-05
-1.44676e-08
5.4164e-05
-9.8812e-09
5.41785e-05
-6.53112e-10
5.42472e-05
1.17887e-08
5.43758e-05
2.58222e-08
5.45641e-05
4.09742e-08
5.4813e-05
5.619e-08
5.51173e-05
7.1054e-08
5.54737e-05
8.48299e-08
5.58733e-05
9.70454e-08
5.63096e-05
1.07384e-07
5.6772e-05
1.15403e-07
5.7252e-05
1.21042e-07
5.77387e-05
1.23955e-07
5.82222e-05
1.24114e-07
5.86912e-05
1.21233e-07
5.91345e-05
1.15188e-07
5.95405e-05
1.05855e-07
5.98975e-05
9.3105e-08
6.01938e-05
7.67028e-08
6.04163e-05
5.61969e-08
6.05488e-05
3.02989e-08
6.05688e-05
-2.67593e-09
6.04452e-05
-4.55994e-08
6.01333e-05
-1.01967e-07
5.95774e-05
-1.77568e-07
5.86899e-05
-2.81348e-07
5.73447e-05
-4.37976e-07
5.52224e-05
-6.90526e-07
5.18689e-05
-1.18418e-06
4.5325e-05
-2.28295e-06
3.35594e-05
-5.81333e-06
-5.27585e-05
5.24661e-05
5.80516e-05
6.01449e-05
6.11515e-05
6.16786e-05
6.19714e-05
6.21279e-05
6.22047e-05
6.22329e-05
6.2234e-05
6.22222e-05
6.22078e-05
6.21977e-05
6.21972e-05
6.22086e-05
6.22347e-05
6.22753e-05
6.23318e-05
6.24026e-05
6.24877e-05
6.25846e-05
6.26922e-05
6.28076e-05
6.29288e-05
6.30529e-05
6.31771e-05
6.32984e-05
6.34138e-05
6.35197e-05
6.36129e-05
6.36897e-05
6.37459e-05
6.37763e-05
6.37737e-05
6.37282e-05
6.36263e-05
6.34488e-05
6.31675e-05
6.27296e-05
6.2039e-05
6.08548e-05
5.85718e-05
5.27585e-05
)
;

boundaryField
{
    movingWall
    {
        type            calculated;
        value           uniform 0;
    }
    fixedWalls
    {
        type            calculated;
        value           uniform 0;
    }
    frontAndBack
    {
        type            empty;
        value           nonuniform 0();
    }
    defaultFaces
    {
        type            empty;
        value           nonuniform 0();
    }
}


// ************************************************************************* //
