/*--------------------------------*- C++ -*----------------------------------*\
  =========                 |
  \\      /  F ield         | OpenFOAM: The Open Source CFD Toolbox
   \\    /   O peration     | Website:  https://openfoam.org
    \\  /    A nd           | Version:  7
     \\/     M anipulation  |
\*---------------------------------------------------------------------------*/
FoamFile
{
    version     2.0;
    format      ascii;
    class       volVectorField;
    location    "1.25";
    object      U;
}
// * * * * * * * * * * * * * * * * * * * * * * * * * * * * * * * * * * * * * //

dimensions      [0 1 -1 0 0 0 0];

internalField   nonuniform List<vector> 
1936
(
(-9.57207 3.14924 0)
(-70.3198 189.991 0)
(-27.1772 431.15 0)
(3.95357 433.754 0)
(-7.43329 392.559 0)
(1.15395 402.805 0)
(10.5308 393.619 0)
(18.4657 353.364 0)
(15.9658 306.346 0)
(4.34255 284.763 0)
(-6.52541 288.448 0)
(-17.766 341.508 0)
(-16.7494 458.009 0)
(23.4858 482.068 0)
(41.8708 348.903 0)
(25.8724 246.271 0)
(10.7956 233.752 0)
(-4.97347 253.273 0)
(-24.944 357.115 0)
(-12.8453 489.787 0)
(33.7091 437.448 0)
(32.4084 274.791 0)
(6.21769 221.077 0)
(-5.10359 231.394 0)
(-30.0083 318.671 0)
(-23.2274 475.679 0)
(26.4824 453.541 0)
(24.6011 291.534 0)
(-2.30944 230.388 0)
(-11.6819 234.339 0)
(-37.9854 328.163 0)
(-16.7423 488.637 0)
(34.482 450.171 0)
(25.9712 287.802 0)
(5.39953 231.798 0)
(-5.80794 233.019 0)
(-31.4552 315.43 0)
(-22.0942 475.467 0)
(30.0377 458.775 0)
(32.2435 295.123 0)
(8.58299 229.233 0)
(-1.76519 230.049 0)
(-27.9021 303.468 0)
(-26.0287 461.945 0)
(-11.4064 7.63161 0)
(-77.0299 0.635855 0)
(-30.2519 -4.44672 0)
(2.29652 -2.73172 0)
(-9.52476 -0.841916 0)
(-0.0411241 -1.49391 0)
(9.929 -1.51293 0)
(17.0016 -0.44507 0)
(13.5415 1.18706 0)
(3.63968 2.27895 0)
(-3.6318 2.13312 0)
(-15.9439 -0.0184759 0)
(-17.7338 -3.55326 0)
(23.8071 -4.21401 0)
(40.2507 -0.973499 0)
(20.0502 2.39157 0)
(9.97701 3.61648 0)
(-1.74822 2.89418 0)
(-25.6898 -0.184607 0)
(-14.2935 -4.04283 0)
(34.0528 -3.55369 0)
(28.0955 1.10013 0)
(3.29776 3.94289 0)
(-0.594157 3.44574 0)
(-28.7408 0.3178 0)
(-24.7052 -3.77202 0)
(27.5864 -3.4721 0)
(21.8448 1.10275 0)
(-4.53649 3.86046 0)
(-5.98937 3.1558 0)
(-35.0817 -0.974031 0)
(-17.6237 -4.99385 0)
(35.9101 -3.23848 0)
(23.0225 1.17172 0)
(1.94841 3.52858 0)
(-1.35116 3.41613 0)
(-29.2122 0.064082 0)
(-23.3067 -4.2738 0)
(31.0562 -3.99274 0)
(28.6035 0.441449 0)
(4.17315 3.49737 0)
(2.10812 3.63905 0)
(-25.5696 0.657886 0)
(-27.6181 -3.70546 0)
(-3.29735 15.9321 0)
(-71.6844 1.8688 0)
(-31.4965 -9.70099 0)
(1.31695 -5.71622 0)
(-7.76119 -1.62257 0)
(0.00409077 -3.14669 0)
(9.47348 -3.13599 0)
(16.5968 -0.82182 0)
(12.827 2.47649 0)
(2.56143 4.43847 0)
(-4.7088 4.31294 0)
(-17.3058 0.40605 0)
(-19.8505 -7.3859 0)
(22.7292 -9.03183 0)
(40.0057 -1.41577 0)
(16.2334 5.27007 0)
(3.95415 7.01152 0)
(-7.20916 5.97285 0)
(-28.9239 -0.218316 0)
(-13.6321 -8.98534 0)
(36.701 -7.33603 0)
(27.9127 2.89491 0)
(1.68215 7.78427 0)
(-2.61919 6.97898 0)
(-31.2562 1.15055 0)
(-24.7234 -8.3429 0)
(30.5574 -7.48403 0)
(24.9064 2.69278 0)
(-0.442303 7.48695 0)
(-2.13682 6.54668 0)
(-35.2925 -1.11439 0)
(-20.7716 -10.6406 0)
(35.9251 -6.9563 0)
(24.9639 2.97089 0)
(1.89988 6.97654 0)
(-1.81327 6.90567 0)
(-31.0519 0.741155 0)
(-24.7346 -9.21891 0)
(32.27 -8.4406 0)
(29.0608 1.63016 0)
(2.01239 6.98144 0)
(-0.564005 7.22184 0)
(-28.413 1.89407 0)
(-29.1715 -8.08475 0)
(4.87914 22.4626 0)
(-59.5054 3.71054 0)
(-26.7948 -13.4703 0)
(-3.44528 -8.6202 0)
(-8.96105 -2.70772 0)
(-1.46343 -4.56098 0)
(5.63884 -4.46829 0)
(10.397 -1.05909 0)
(6.97846 3.59711 0)
(0.215041 6.13562 0)
(-2.11056 6.00321 0)
(-10.203 0.774232 0)
(-15.6393 -10.4875 0)
(16.2635 -12.9878 0)
(28.5186 -1.48465 0)
(5.98566 8.07586 0)
(-0.658427 9.87731 0)
(-5.38669 8.18698 0)
(-21.526 -0.742262 0)
(-10.0319 -13.3487 0)
(28.9929 -10.2452 0)
(16.8064 4.66399 0)
(-2.17613 10.9739 0)
(1.03768 9.83559 0)
(-22.2492 1.67977 0)
(-18.9138 -12.3158 0)
(24.9358 -10.8877 0)
(16.9492 3.80534 0)
(-0.331599 10.2251 0)
(5.67567 9.55448 0)
(-23.2319 -0.635713 0)
(-17.9869 -15.0411 0)
(27.0219 -10.2372 0)
(16.468 4.3934 0)
(-1.75149 9.85826 0)
(2.5274 9.78038 0)
(-21.3385 1.36103 0)
(-19.6801 -13.3055 0)
(25.1234 -12.0333 0)
(18.3081 2.85219 0)
(-3.54804 9.95288 0)
(1.609 10.0653 0)
(-19.5034 2.77264 0)
(-23.3903 -11.8337 0)
(12.8106 27.506 0)
(-48.9297 5.97418 0)
(-21.7272 -15.5677 0)
(-6.89199 -11.1499 0)
(-9.95259 -4.31125 0)
(-3.43693 -5.84721 0)
(1.3249 -5.41182 0)
(4.16022 -1.13906 0)
(1.59061 4.38536 0)
(-1.86716 7.10985 0)
(-0.520374 6.86133 0)
(-4.90533 0.875007 0)
(-11.7514 -12.4398 0)
(9.96448 -15.5019 0)
(18.4623 -1.25334 0)
(-1.59557 10.2359 0)
(-2.61885 11.8259 0)
(-3.55502 9.35727 0)
(-15.1689 -1.56371 0)
(-6.79493 -16.3464 0)
(21.5884 -11.8775 0)
(7.88756 6.04952 0)
(-5.02069 12.9679 0)
(4.07657 11.5568 0)
(-14.9361 1.92367 0)
(-13.4615 -14.9541 0)
(19.5901 -13.1047 0)
(10.5849 4.35436 0)
(-1.81826 11.6954 0)
(9.82554 11.4911 0)
(-13.4642 0.18127 0)
(-14.9057 -17.496 0)
(18.8951 -12.4935 0)
(9.81999 5.24666 0)
(-4.88905 11.657 0)
(5.86729 11.4987 0)
(-13.4784 1.82653 0)
(-14.8179 -15.839 0)
(18.4244 -14.1945 0)
(9.97173 3.84236 0)
(-7.27714 11.8291 0)
(4.05401 11.6887 0)
(-12.4264 3.23542 0)
(-17.9688 -14.2618 0)
(19.3812 30.8667 0)
(-38.4535 8.56503 0)
(-16.2098 -16.0701 0)
(-8.45816 -13.0204 0)
(-10.6341 -6.1596 0)
(-5.54736 -6.90172 0)
(-2.8722 -5.93727 0)
(-1.45992 -1.1291 0)
(-2.90124 4.68415 0)
(-3.30691 7.30711 0)
(0.561373 6.86363 0)
(-1.28038 0.720942 0)
(-8.25959 -13.2004 0)
(4.54148 -16.4879 0)
(9.9654 -0.855884 0)
(-6.5427 11.4132 0)
(-2.36545 12.7296 0)
(-0.252657 9.6141 0)
(-9.48511 -2.43113 0)
(-4.08725 -17.8379 0)
(14.7659 -12.2194 0)
(0.867765 6.91088 0)
(-6.45082 13.6973 0)
(6.60132 12.1196 0)
(-8.90762 1.95327 0)
(-8.65019 -16.2148 0)
(14.4933 -14.0587 0)
(5.02852 4.51867 0)
(-4.11657 12.0757 0)
(10.9058 12.1676 0)
(-6.11068 1.07222 0)
(-11.4701 -18.046 0)
(11.9829 -13.6196 0)
(4.2935 5.52074 0)
(-6.78157 12.3232 0)
(8.06434 12.0223 0)
(-7.1157 2.14345 0)
(-10.2914 -16.7823 0)
(12.4251 -14.9185 0)
(3.60893 4.4794 0)
(-8.95077 12.5157 0)
(6.31688 12.1476 0)
(-6.59384 3.39044 0)
(-13.0079 -15.34 0)
(23.1092 32.2553 0)
(-26.8649 11.2255 0)
(-10.1853 -15.0327 0)
(-8.009 -13.9413 0)
(-10.5372 -7.84524 0)
(-7.20602 -7.64849 0)
(-6.14819 -6.07048 0)
(-5.64779 -1.13452 0)
(-5.9022 4.39081 0)
(-3.9163 6.72629 0)
(1.19042 6.10956 0)
(0.887018 0.366511 0)
(-5.19714 -12.8447 0)
(0.418902 -15.9777 0)
(3.19712 -0.475668 0)
(-8.77765 11.411 0)
(-1.06369 12.4445 0)
(3.55259 9.11788 0)
(-4.56661 -3.02786 0)
(-1.93871 -17.7202 0)
(8.75853 -11.3831 0)
(-4.10039 7.11467 0)
(-6.13104 13.1892 0)
(7.75446 11.6401 0)
(-4.07123 1.78535 0)
(-4.60258 -16.0727 0)
(9.68157 -13.7228 0)
(0.220292 4.40287 0)
(-5.41452 11.5255 0)
(9.72221 11.6366 0)
(-1.0966 1.71746 0)
(-7.72468 -16.946 0)
(6.55187 -13.5145 0)
(-0.136817 5.2186 0)
(-6.84375 11.8766 0)
(8.42262 11.4812 0)
(-2.16759 2.23949 0)
(-6.1864 -16.1828 0)
(7.26852 -14.2782 0)
(-0.980213 4.62449 0)
(-8.52166 12.0536 0)
(7.10399 11.6004 0)
(-1.90712 3.263 0)
(-8.54088 -15.0775 0)
(23.5405 31.3692 0)
(-13.5134 13.4865 0)
(-3.91083 -12.4815 0)
(-5.71891 -13.6404 0)
(-9.14343 -8.95654 0)
(-7.77815 -8.00323 0)
(-7.84235 -5.91499 0)
(-7.82535 -1.27092 0)
(-7.0906 3.53963 0)
(-3.73661 5.5016 0)
(1.46337 4.88059 0)
(1.98378 -0.196408 0)
(-2.60189 -11.5782 0)
(-2.27651 -14.163 0)
(-1.71945 -0.261919 0)
(-8.88957 10.266 0)
(0.122572 11.0726 0)
(6.19129 8.05256 0)
(-0.686194 -3.22829 0)
(-0.360706 -16.0478 0)
(3.7981 -9.65105 0)
(-6.9411 6.6454 0)
(-4.70437 11.624 0)
(7.54132 10.3535 0)
(-0.345004 1.40868 0)
(-1.39694 -14.5981 0)
(5.38362 -12.2018 0)
(-3.51152 4.03275 0)
(-5.19853 10.1696 0)
(7.65498 10.151 0)
(1.98419 1.89913 0)
(-3.94439 -14.5829 0)
(2.65061 -12.1965 0)
(-3.32261 4.44582 0)
(-5.69245 10.4688 0)
(7.32833 10.0795 0)
(1.4304 2.04811 0)
(-2.65632 -14.2244 0)
(3.10484 -12.4644 0)
(-3.97394 4.25152 0)
(-6.90613 10.6282 0)
(6.48151 10.2348 0)
(1.66419 2.85775 0)
(-4.66569 -13.587 0)
(20.0572 28.0889 0)
(-0.357609 14.7201 0)
(2.30989 -8.59751 0)
(-1.959 -11.9862 0)
(-6.2597 -9.15139 0)
(-6.87291 -7.86157 0)
(-7.76174 -5.5785 0)
(-7.97895 -1.55833 0)
(-6.69114 2.30311 0)
(-3.05221 3.89966 0)
(1.47677 3.40355 0)
(2.34112 -0.873938 0)
(-0.759439 -9.67011 0)
(-3.71241 -11.4262 0)
(-4.76151 -0.261784 0)
(-7.83488 8.29735 0)
(0.492696 8.94318 0)
(6.86701 6.50544 0)
(1.98085 -3.02533 0)
(0.571834 -13.1463 0)
(0.224368 -7.37376 0)
(-7.67314 5.60056 0)
(-3.17798 9.34959 0)
(6.54341 8.51577 0)
(2.37187 0.861662 0)
(0.816247 -12.0613 0)
(2.06428 -9.76182 0)
(-5.54305 3.33601 0)
(-4.10291 8.23024 0)
(5.75256 8.12041 0)
(3.68027 1.58865 0)
(-0.765689 -11.4512 0)
(0.160825 -9.88181 0)
(-5.06873 3.36268 0)
(-4.2389 8.41549 0)
(5.74266 8.12289 0)
(3.69736 1.56659 0)
(-0.0386213 -11.2939 0)
(0.16956 -9.80752 0)
(-5.47349 3.43957 0)
(-5.10324 8.58137 0)
(5.27215 8.31865 0)
(4.0378 2.17731 0)
(-1.62929 -11.1354 0)
(13.6352 22.9568 0)
(8.63064 14.3248 0)
(7.49058 -4.1193 0)
(2.3585 -9.12651 0)
(-2.39224 -8.25178 0)
(-4.62136 -7.14896 0)
(-6.19678 -5.07346 0)
(-6.621 -1.91499 0)
(-5.31745 0.950387 0)
(-2.20056 2.22443 0)
(1.29482 1.85447 0)
(2.18686 -1.44255 0)
(0.0892879 -7.42265 0)
(-4.06403 -8.32051 0)
(-5.94149 -0.383459 0)
(-6.2915 5.91423 0)
(0.302631 6.4495 0)
(5.90342 4.6602 0)
(3.24899 -2.50364 0)
(0.757143 -9.58358 0)
(-1.84382 -4.98811 0)
(-6.72797 4.18865 0)
(-2.07543 6.83341 0)
(5.19105 6.32742 0)
(3.89558 0.308832 0)
(1.84532 -8.89848 0)
(-0.0239686 -6.90674 0)
(-5.58652 2.40636 0)
(-2.90532 6.02943 0)
(4.19219 5.92188 0)
(4.22928 0.99446 0)
(1.0896 -8.08889 0)
(-1.05113 -7.04692 0)
(-5.17835 2.20006 0)
(-2.98 6.10055 0)
(4.21738 5.92444 0)
(4.49618 0.940559 0)
(1.30687 -7.93606 0)
(-1.31397 -6.79168 0)
(-5.4316 2.40714 0)
(-3.54541 6.28315 0)
(4.03988 6.12814 0)
(4.9203 1.3519 0)
(0.274152 -8.14177 0)
(7.40419 17.1678 0)
(11.0852 12.3371 0)
(9.88266 -0.334413 0)
(5.68147 -5.68845 0)
(1.26036 -6.39715 0)
(-1.76255 -5.86406 0)
(-3.78572 -4.35911 0)
(-4.48117 -2.17382 0)
(-3.58493 -0.235312 0)
(-1.37085 0.722737 0)
(1.01884 0.479891 0)
(1.72265 -1.74249 0)
(0.126473 -5.203 0)
(-3.61562 -5.43242 0)
(-5.46296 -0.535036 0)
(-4.59038 3.55345 0)
(0.00320447 4.04393 0)
(4.10057 2.83445 0)
(3.12199 -1.8203 0)
(0.44647 -6.05166 0)
(-2.54715 -2.93116 0)
(-4.90798 2.72133 0)
(-1.32647 4.47187 0)
(3.65243 4.09062 0)
(3.94935 -0.0608789 0)
(1.82801 -5.691 0)
(-0.994916 -4.23385 0)
(-4.28231 1.52223 0)
(-1.90385 3.90656 0)
(2.80475 3.81604 0)
(3.74043 0.442091 0)
(1.56751 -5.0067 0)
(-1.34573 -4.32785 0)
(-4.04195 1.23075 0)
(-1.93849 3.88806 0)
(2.81393 3.77858 0)
(3.93703 0.437535 0)
(1.54241 -4.78682 0)
(-1.60067 -4.00031 0)
(-4.20133 1.47704 0)
(-2.21858 4.06267 0)
(2.86131 3.94636 0)
(4.36326 0.6609 0)
(1.08962 -5.17136 0)
(3.74941 11.872 0)
(8.8499 9.52503 0)
(9.15821 1.96206 0)
(6.75842 -2.62419 0)
(3.41901 -4.10267 0)
(0.601226 -4.20885 0)
(-1.39392 -3.43982 0)
(-2.26983 -2.19074 0)
(-1.8945 -1.02685 0)
(-0.59165 -0.400128 0)
(0.81291 -0.523165 0)
(1.18516 -1.74194 0)
(-0.0744014 -3.35095 0)
(-2.67308 -3.21483 0)
(-3.97789 -0.645941 0)
(-3.01955 1.63673 0)
(-0.239729 2.07681 0)
(2.24747 1.36432 0)
(2.07148 -1.14572 0)
(0.0277946 -3.20101 0)
(-2.23607 -1.46206 0)
(-3.05297 1.51055 0)
(-0.80174 2.53604 0)
(2.16348 2.21397 0)
(2.85022 -0.19732 0)
(1.23795 -3.04725 0)
(-1.11659 -2.18234 0)
(-2.67561 0.844937 0)
(-1.13164 2.19859 0)
(1.61015 2.08686 0)
(2.55562 0.0994739 0)
(1.19456 -2.62745 0)
(-1.10375 -2.23269 0)
(-2.5222 0.588821 0)
(-1.11719 2.12199 0)
(1.61299 2.04604 0)
(2.61333 0.162702 0)
(1.13653 -2.37053 0)
(-1.2098 -1.89843 0)
(-2.56601 0.821563 0)
(-1.16488 2.2616 0)
(1.79231 2.15182 0)
(2.99014 0.234598 0)
(1.09297 -2.75794 0)
(2.12584 7.8755 0)
(5.3657 6.77097 0)
(6.44443 2.74771 0)
(5.55262 -0.489174 0)
(3.63927 -2.04214 0)
(1.70089 -2.58241 0)
(0.207842 -2.46362 0)
(-0.559108 -1.9792 0)
(-0.538551 -1.43388 0)
(0.0420042 -1.09146 0)
(0.678146 -1.09214 0)
(0.724979 -1.53907 0)
(-0.151193 -2.04255 0)
(-1.62203 -1.80865 0)
(-2.37159 -0.677165 0)
(-1.80821 0.404829 0)
(-0.384222 0.727326 0)
(0.881443 0.417645 0)
(0.914927 -0.630767 0)
(-0.235712 -1.37715 0)
(-1.48576 -0.596586 0)
(-1.67278 0.694792 0)
(-0.490494 1.19301 0)
(1.00459 0.958171 0)
(1.4766 -0.177304 0)
(0.560448 -1.31356 0)
(-0.819752 -0.893947 0)
(-1.43961 0.422131 0)
(-0.620361 1.0562 0)
(0.74403 0.923356 0)
(1.31578 -0.0377023 0)
(0.600603 -1.12801 0)
(-0.700036 -0.928691 0)
(-1.32467 0.2555 0)
(-0.586984 0.968637 0)
(0.742947 0.91749 0)
(1.31447 0.0723241 0)
(0.590193 -0.879865 0)
(-0.670421 -0.634467 0)
(-1.24938 0.451205 0)
(-0.486472 1.06616 0)
(0.965583 0.966292 0)
(1.61437 0.0574163 0)
(0.712997 -1.1707 0)
(1.25217 5.32326 0)
(2.75246 4.69524 0)
(3.67046 2.58234 0)
(3.50936 0.647984 0)
(2.66276 -0.636773 0)
(1.66613 -1.34454 0)
(0.810491 -1.64043 0)
(0.304878 -1.66247 0)
(0.193757 -1.54947 0)
(0.344324 -1.38976 0)
(0.494766 -1.28668 0)
(0.369582 -1.27781 0)
(-0.132168 -1.26512 0)
(-0.816814 -1.06635 0)
(-1.18476 -0.645198 0)
(-0.977734 -0.223855 0)
(-0.386682 -0.0268682 0)
(0.143145 -0.0704445 0)
(0.173765 -0.336477 0)
(-0.312909 -0.482033 0)
(-0.825999 -0.191876 0)
(-0.844601 0.249742 0)
(-0.32844 0.424896 0)
(0.296805 0.298351 0)
(0.496672 -0.108243 0)
(0.0924228 -0.432351 0)
(-0.503877 -0.254186 0)
(-0.712663 0.202906 0)
(-0.34836 0.418412 0)
(0.220388 0.313967 0)
(0.459179 -0.0529597 0)
(0.15028 -0.372391 0)
(-0.400507 -0.282411 0)
(-0.631957 0.114101 0)
(-0.318087 0.365206 0)
(0.22272 0.338109 0)
(0.464538 0.0653507 0)
(0.190573 -0.166693 0)
(-0.298685 -0.0559139 0)
(-0.490844 0.270461 0)
(-0.157352 0.425715 0)
(0.432947 0.354014 0)
(0.685548 0.0291184 0)
(0.338294 -0.342009 0)
(0.733459 3.72543 0)
(1.49974 3.40738 0)
(2.00834 2.22475 0)
(2.05105 1.06093 0)
(1.73888 0.116818 0)
(1.27083 -0.582558 0)
(0.825043 -1.05578 0)
(0.509912 -1.32584 0)
(0.349362 -1.42103 0)
(0.284855 -1.37162 0)
(0.218706 -1.2306 0)
(0.0772566 -1.05682 0)
(-0.147115 -0.889725 0)
(-0.39566 -0.740514 0)
(-0.539313 -0.599728 0)
(-0.490473 -0.46928 0)
(-0.311126 -0.352209 0)
(-0.149709 -0.267361 0)
(-0.139822 -0.218183 0)
(-0.290935 -0.161106 0)
(-0.436041 -0.0534129 0)
(-0.418639 0.0517732 0)
(-0.236891 0.0802913 0)
(-0.0352543 0.0365176 0)
(0.0162098 -0.0450954 0)
(-0.118131 -0.0792364 0)
(-0.300318 -0.00614459 0)
(-0.347622 0.104505 0)
(-0.215698 0.13206 0)
(-0.032986 0.068741 0)
(0.0318164 -0.0315837 0)
(-0.074562 -0.0785951 0)
(-0.244704 -0.0378753 0)
(-0.305078 0.0556333 0)
(-0.196329 0.107884 0)
(-0.0263225 0.100183 0)
(0.0526615 0.0660773 0)
(-0.0120442 0.0719711 0)
(-0.129287 0.123313 0)
(-0.158043 0.173084 0)
(-0.036671 0.156794 0)
(0.149961 0.112332 0)
(0.213424 0.0454093 0)
(0.11825 -0.0137361 0)
(0.448666 2.65339 0)
(0.997471 2.57005 0)
(1.34491 1.89212 0)
(1.41442 1.16796 0)
(1.29822 0.469235 0)
(1.0563 -0.14542 0)
(0.766299 -0.637615 0)
(0.505534 -0.983129 0)
(0.299923 -1.16092 0)
(0.137125 -1.17597 0)
(0.00468912 -1.06762 0)
(-0.103672 -0.899988 0)
(-0.193528 -0.740058 0)
(-0.262441 -0.630702 0)
(-0.299507 -0.567818 0)
(-0.293442 -0.514344 0)
(-0.259817 -0.43489 0)
(-0.230866 -0.320056 0)
(-0.229906 -0.198056 0)
(-0.251262 -0.0997651 0)
(-0.259624 -0.041168 0)
(-0.233433 -0.0262754 0)
(-0.17856 -0.0302077 0)
(-0.131511 -0.0318594 0)
(-0.127689 -0.0108414 0)
(-0.159005 0.0265144 0)
(-0.189126 0.0576163 0)
(-0.184919 0.0604662 0)
(-0.146249 0.0341639 0)
(-0.106449 -0.00179711 0)
(-0.100128 -0.0130131 0)
(-0.130104 0.00182318 0)
(-0.164604 0.0214071 0)
(-0.169097 0.0274129 0)
(-0.138914 0.0194364 0)
(-0.0988027 0.0220489 0)
(-0.0762348 0.0548134 0)
(-0.0725331 0.104281 0)
(-0.067835 0.134164 0)
(-0.0475051 0.115494 0)
(-0.0102157 0.0728158 0)
(0.028367 0.0469598 0)
(0.0339611 0.0588 0)
(0.026337 0.0728577 0)
(0.272387 1.87403 0)
(0.688591 1.9261 0)
(0.991095 1.55552 0)
(1.11531 1.10761 0)
(1.09913 0.620842 0)
(0.979578 0.132482 0)
(0.783672 -0.301138 0)
(0.553576 -0.632763 0)
(0.333813 -0.834166 0)
(0.14032 -0.901476 0)
(-0.0125749 -0.86294 0)
(-0.117242 -0.768317 0)
(-0.181117 -0.666705 0)
(-0.215894 -0.591611 0)
(-0.233081 -0.542954 0)
(-0.240778 -0.496214 0)
(-0.244173 -0.42542 0)
(-0.244487 -0.325871 0)
(-0.238661 -0.217988 0)
(-0.222932 -0.130589 0)
(-0.197327 -0.0815717 0)
(-0.16968 -0.0657573 0)
(-0.148255 -0.0584823 0)
(-0.137025 -0.0415675 0)
(-0.134752 -0.00865081 0)
(-0.132388 0.025887 0)
(-0.122272 0.0422246 0)
(-0.106892 0.0338202 0)
(-0.0945323 0.0109755 0)
(-0.0904245 -0.00474422 0)
(-0.0947156 -0.00180725 0)
(-0.1015 0.0121813 0)
(-0.103007 0.0198311 0)
(-0.0978313 0.0140425 0)
(-0.0899475 0.00478812 0)
(-0.0832437 0.0113607 0)
(-0.0768341 0.0401471 0)
(-0.0641894 0.0770909 0)
(-0.0427249 0.0943152 0)
(-0.0207041 0.0808947 0)
(-0.00777557 0.0550635 0)
(-0.00380696 0.0464766 0)
(-0.00572897 0.0637227 0)
(0.00351072 0.0760659 0)
(0.157333 1.30408 0)
(0.441726 1.39995 0)
(0.679707 1.20905 0)
(0.828282 0.94727 0)
(0.884388 0.632459 0)
(0.853252 0.291724 0)
(0.755388 -0.0394532 0)
(0.608141 -0.314775 0)
(0.43516 -0.508433 0)
(0.266405 -0.611763 0)
(0.120438 -0.638721 0)
(0.00798535 -0.617722 0)
(-0.0707723 -0.577713 0)
(-0.12383 -0.537262 0)
(-0.160036 -0.499306 0)
(-0.185724 -0.455037 0)
(-0.203594 -0.395056 0)
(-0.212268 -0.319561 0)
(-0.208816 -0.240639 0)
(-0.193295 -0.173419 0)
(-0.170751 -0.126795 0)
(-0.148595 -0.0979669 0)
(-0.131653 -0.0758542 0)
(-0.120082 -0.0510761 0)
(-0.110424 -0.0231627 0)
(-0.0980718 0.00110769 0)
(-0.081837 0.0136142 0)
(-0.0669448 0.0126798 0)
(-0.0579819 0.00464406 0)
(-0.0550712 -0.000276029 0)
(-0.0557909 0.00165993 0)
(-0.0559175 0.00716941 0)
(-0.0533184 0.0096718 0)
(-0.0496295 0.00737599 0)
(-0.0475188 0.00559039 0)
(-0.0469931 0.0119761 0)
(-0.0444774 0.0284563 0)
(-0.0365109 0.0484773 0)
(-0.023695 0.0604509 0)
(-0.0113629 0.0594772 0)
(-0.00535619 0.0528985 0)
(-0.0049377 0.0527876 0)
(-0.00640478 0.0620234 0)
(0.000764901 0.0631416 0)
(0.088837 0.897763 0)
(0.269956 0.988605 0)
(0.433502 0.890811 0)
(0.560208 0.743903 0)
(0.63994 0.554244 0)
(0.664512 0.337169 0)
(0.637128 0.115478 0)
(0.566924 -0.0871864 0)
(0.468592 -0.247911 0)
(0.358856 -0.358013 0)
(0.251014 -0.420847 0)
(0.15445 -0.447734 0)
(0.0738665 -0.451866 0)
(0.00890344 -0.442522 0)
(-0.0429957 -0.422997 0)
(-0.0835234 -0.392527 0)
(-0.113451 -0.350519 0)
(-0.13302 -0.29967 0)
(-0.141646 -0.246212 0)
(-0.139934 -0.19719 0)
(-0.13138 -0.156375 0)
(-0.119923 -0.123362 0)
(-0.10826 -0.0951133 0)
(-0.0971123 -0.0691348 0)
(-0.0857368 -0.0455449 0)
(-0.0734016 -0.0264691 0)
(-0.0605107 -0.0140067 0)
(-0.0487322 -0.0080286 0)
(-0.0399267 -0.0056544 0)
(-0.0345767 -0.00396544 0)
(-0.0314864 -0.00148318 0)
(-0.0290519 0.00123531 0)
(-0.0265478 0.003017 0)
(-0.0244797 0.00409414 0)
(-0.0235363 0.00643037 0)
(-0.0233592 0.0122484 0)
(-0.0223337 0.0219479 0)
(-0.0189942 0.032905 0)
(-0.0135937 0.0417571 0)
(-0.00817703 0.0466916 0)
(-0.0049034 0.0493322 0)
(-0.00356823 0.0528119 0)
(-0.00384449 0.0578349 0)
(0.000733338 0.0539636 0)
(0.0513873 0.611033 0)
(0.165525 0.68164 0)
(0.270957 0.629002 0)
(0.361461 0.546868 0)
(0.430139 0.437286 0)
(0.469263 0.307578 0)
(0.476904 0.169225 0)
(0.457397 0.0353337 0)
(0.415787 -0.0815622 0)
(0.358398 -0.17479 0)
(0.29412 -0.242636 0)
(0.229132 -0.287609 0)
(0.167482 -0.313962 0)
(0.111356 -0.325391 0)
(0.0618161 -0.324111 0)
(0.0195985 -0.311439 0)
(-0.0145879 -0.289035 0)
(-0.0404889 -0.259832 0)
(-0.058677 -0.226996 0)
(-0.0695816 -0.194024 0)
(-0.0742595 -0.162927 0)
(-0.0746297 -0.13452 0)
(-0.0721208 -0.108664 0)
(-0.0676259 -0.0853465 0)
(-0.0616161 -0.0649996 0)
(-0.0544622 -0.0482242 0)
(-0.0468206 -0.0352305 0)
(-0.0395773 -0.0255309 0)
(-0.0334466 -0.0182891 0)
(-0.0287097 -0.01267 0)
(-0.0251999 -0.00812725 0)
(-0.0226053 -0.0044163 0)
(-0.020702 -0.00124953 0)
(-0.0194584 0.00196804 0)
(-0.018803 0.00599267 0)
(-0.0182822 0.0114043 0)
(-0.017423 0.01815 0)
(-0.0158431 0.025487 0)
(-0.0134089 0.0324975 0)
(-0.0105929 0.0385346 0)
(-0.00799984 0.0436121 0)
(-0.00555887 0.0480295 0)
(-0.00409022 0.0516717 0)
(6.00818e-05 0.0469078 0)
(0.0307241 0.4072 0)
(0.10321 0.457287 0)
(0.170142 0.427605 0)
(0.230481 0.381277 0)
(0.280481 0.319199 0)
(0.315679 0.244748 0)
(0.334102 0.163156 0)
(0.335344 0.0807291 0)
(0.322137 0.00318048 0)
(0.298114 -0.0646688 0)
(0.266104 -0.120484 0)
(0.229344 -0.163696 0)
(0.190589 -0.194821 0)
(0.151959 -0.214777 0)
(0.115068 -0.224512 0)
(0.0811557 -0.225069 0)
(0.0511049 -0.217829 0)
(0.0258713 -0.204588 0)
(0.00565079 -0.18743 0)
(-0.00990465 -0.167953 0)
(-0.0213717 -0.14764 0)
(-0.0293196 -0.127421 0)
(-0.0340819 -0.107923 0)
(-0.0363745 -0.0896847 0)
(-0.0367686 -0.0731937 0)
(-0.0357704 -0.0587755 0)
(-0.0338857 -0.046483 0)
(-0.0315822 -0.0361338 0)
(-0.02922 -0.0274567 0)
(-0.0270391 -0.0201894 0)
(-0.0252202 -0.0141059 0)
(-0.0238026 -0.00894971 0)
(-0.0227437 -0.00436903 0)
(-0.0219881 5.76438e-05 0)
(-0.0213652 0.00470631 0)
(-0.0206742 0.00977042 0)
(-0.0197256 0.0151887 0)
(-0.018341 0.0208045 0)
(-0.016423 0.026352 0)
(-0.0140052 0.0315626 0)
(-0.0112083 0.03622 0)
(-0.00798798 0.04013 0)
(-0.00510855 0.0430218 0)
(-0.000829007 0.0387504 0)
(0.0186827 0.261132 0)
(0.0646311 0.294363 0)
(0.106809 0.27749 0)
(0.145921 0.251529 0)
(0.179989 0.217012 0)
(0.206598 0.175506 0)
(0.224602 0.129269 0)
(0.23346 0.081052 0)
(0.233711 0.0335974 0)
(0.226452 -0.0105265 0)
(0.212976 -0.0496022 0)
(0.19484 -0.082535 0)
(0.173489 -0.108807 0)
(0.150273 -0.128294 0)
(0.126411 -0.141159 0)
(0.102954 -0.147824 0)
(0.0807716 -0.148974 0)
(0.0605391 -0.145515 0)
(0.0426493 -0.138472 0)
(0.0272624 -0.128834 0)
(0.014446 -0.117542 0)
(0.00407338 -0.105214 0)
(-0.00408747 -0.0925226 0)
(-0.010275 -0.0799852 0)
(-0.0148178 -0.0680215 0)
(-0.0180165 -0.0569243 0)
(-0.0201384 -0.0468384 0)
(-0.0214598 -0.0378032 0)
(-0.0222048 -0.0297775 0)
(-0.0225545 -0.0226976 0)
(-0.0226587 -0.0164735 0)
(-0.0226264 -0.010971 0)
(-0.0225045 -0.00601451 0)
(-0.022268 -0.00138431 0)
(-0.0218543 0.00309434 0)
(-0.0211836 0.00751793 0)
(-0.0201707 0.0119088 0)
(-0.0187476 0.0162233 0)
(-0.0168675 0.0203745 0)
(-0.0145142 0.024242 0)
(-0.0117122 0.0276799 0)
(-0.00845074 0.0305295 0)
(-0.00515731 0.0325932 0)
(-0.00127875 0.029214 0)
(0.0119884 0.160033 0)
(0.0423473 0.180669 0)
(0.0700017 0.171174 0)
(0.0961483 0.156784 0)
(0.11972 0.137827 0)
(0.139314 0.115052 0)
(0.154314 0.0894629 0)
(0.164304 0.0622769 0)
(0.169092 0.0347967 0)
(0.16909 0.00818941 0)
(0.164936 -0.0164259 0)
(0.157149 -0.0382601 0)
(0.146435 -0.056758 0)
(0.133559 -0.0715919 0)
(0.119266 -0.0826409 0)
(0.104256 -0.0899731 0)
(0.0891512 -0.0938283 0)
(0.0744672 -0.0945874 0)
(0.0606007 -0.0927242 0)
(0.0478336 -0.0887488 0)
(0.0363423 -0.0831637 0)
(0.0262038 -0.0764314 0)
(0.0174196 -0.0689739 0)
(0.00998941 -0.0611666 0)
(0.00379823 -0.0533176 0)
(-0.00131115 -0.0456672 0)
(-0.0054687 -0.0383885 0)
(-0.00881377 -0.0315876 0)
(-0.0114422 -0.0253177 0)
(-0.0134692 -0.0195968 0)
(-0.0150171 -0.0144129 0)
(-0.0161698 -0.00972956 0)
(-0.0169287 -0.00545965 0)
(-0.017316 -0.00152992 0)
(-0.0173622 0.00213208 0)
(-0.0170422 0.00558426 0)
(-0.0163354 0.00885077 0)
(-0.0152299 0.0119267 0)
(-0.0137209 0.0147831 0)
(-0.011815 0.0173693 0)
(-0.00953721 0.0196154 0)
(-0.00690874 0.0214403 0)
(-0.00413091 0.0227382 0)
(-0.00118922 0.0202821 0)
(0.00853978 0.0952266 0)
(0.030694 0.107429 0)
(0.0506802 0.101993 0)
(0.0698457 0.0938558 0)
(0.0875387 0.0832131 0)
(0.102804 0.0704476 0)
(0.115258 0.0560504 0)
(0.124625 0.0406081 0)
(0.130753 0.0247576 0)
(0.13369 0.00913418 0)
(0.133632 -0.00567277 0)
(0.130867 -0.0191693 0)
(0.125775 -0.0309686 0)
(0.118762 -0.0408025 0)
(0.110263 -0.0485198 0)
(0.100717 -0.054081 0)
(0.0905413 -0.0575502 0)
(0.0801098 -0.0590795 0)
(0.0697426 -0.058885 0)
(0.0596994 -0.0572253 0)
(0.0501791 -0.0543764 0)
(0.0413225 -0.050614 0)
(0.0332203 -0.0462006 0)
(0.0259258 -0.041378 0)
(0.0194572 -0.0363579 0)
(0.0137591 -0.0313048 0)
(0.00879502 -0.0263841 0)
(0.00453811 -0.0216746 0)
(0.000939521 -0.0172495 0)
(-0.00206577 -0.0131494 0)
(-0.00452628 -0.00939198 0)
(-0.00646526 -0.00596208 0)
(-0.00796408 -0.00283755 0)
(-0.00905532 3.76612e-06 0)
(-0.009743 0.00260075 0)
(-0.0100502 0.00498431 0)
(-0.00998229 0.00717399 0)
(-0.00954604 0.00917645 0)
(-0.00875738 0.0109858 0)
(-0.00763938 0.0125842 0)
(-0.00622458 0.0139432 0)
(-0.00455253 0.0150274 0)
(-0.00271569 0.0157858 0)
(-0.000843192 0.0140115 0)
(0.00666824 0.0533732 0)
(0.0243818 0.0600351 0)
(0.0401617 0.0568815 0)
(0.055477 0.0522314 0)
(0.0698526 0.0461968 0)
(0.0825325 0.038976 0)
(0.0932497 0.0308284 0)
(0.101821 0.0220621 0)
(0.108132 0.0130179 0)
(0.112132 0.00405054 0)
(0.113899 -0.00452859 0)
(0.113593 -0.0124153 0)
(0.111404 -0.0193721 0)
(0.107564 -0.0252223 0)
(0.102342 -0.0298541 0)
(0.0960271 -0.0332214 0)
(0.0889061 -0.0353391 0)
(0.0812532 -0.0362759 0)
(0.0733178 -0.0361419 0)
(0.0653194 -0.0350785 0)
(0.0574429 -0.0332424 0)
(0.0498359 -0.0307987 0)
(0.0426096 -0.0279113 0)
(0.0358508 -0.0247341 0)
(0.0296443 -0.0214058 0)
(0.023969 -0.0180469 0)
(0.0188268 -0.0147541 0)
(0.014261 -0.0116024 0)
(0.0102461 -0.00864395 0)
(0.00679215 -0.00591526 0)
(0.00388185 -0.00342853 0)
(0.00143467 -0.00117737 0)
(-0.000596369 0.000831506 0)
(-0.00221317 0.00262593 0)
(-0.00343356 0.00422924 0)
(-0.00427767 0.00566294 0)
(-0.00476175 0.00694576 0)
(-0.004906 0.0080903 0)
(-0.00473546 0.00910236 0)
(-0.00427975 0.00998072 0)
(-0.00357529 0.0107176 0)
(-0.00267132 0.0112998 0)
(-0.00161149 0.0117054 0)
(-0.000530079 0.0103308 0)
(0.00530051 0.0245128 0)
(0.0198103 0.0273631 0)
(0.0324291 0.0256197 0)
(0.0448545 0.0231183 0)
(0.0566852 0.0199106 0)
(0.0672353 0.0160912 0)
(0.0762582 0.0118041 0)
(0.0836603 0.00722856 0)
(0.0894103 0.00254416 0)
(0.0934293 -0.00207695 0)
(0.0957163 -0.00645339 0)
(0.0963254 -0.0104267 0)
(0.0953632 -0.0138639 0)
(0.0929801 -0.0166647 0)
(0.08936 -0.018766 0)
(0.0847068 -0.0201435 0)
(0.0792327 -0.0208091 0)
(0.0731494 -0.020806 0)
(0.0666617 -0.020205 0)
(0.0599684 -0.0190993 0)
(0.0532393 -0.0175565 0)
(0.0466063 -0.0156828 0)
(0.0401808 -0.0135844 0)
(0.0340543 -0.0113586 0)
(0.028313 -0.00909363 0)
(0.0230319 -0.00687973 0)
(0.0182136 -0.00475035 0)
(0.0138513 -0.00276478 0)
(0.00996705 -0.000953244 0)
(0.00661295 0.00066871 0)
(0.00375 0.00209422 0)
(0.00131518 0.00331835 0)
(-0.000679124 0.00437957 0)
(-0.00225273 0.0052641 0)
(-0.00342232 0.00601037 0)
(-0.00421115 0.00664039 0)
(-0.00464339 0.00717422 0)
(-0.00474593 0.00762965 0)
(-0.00454832 0.00802015 0)
(-0.00408371 0.00835358 0)
(-0.00338941 0.00863234 0)
(-0.00251343 0.00885379 0)
(-0.00149085 0.00901252 0)
(-0.000483833 0.00790987 0)
(0.00386256 0.00487666 0)
(0.0150722 0.00520069 0)
(0.0242701 0.00437117 0)
(0.0335038 0.00327081 0)
(0.0423714 0.00190792 0)
(0.0502834 0.000326171 0)
(0.0571627 -0.00140229 0)
(0.0628051 -0.00318924 0)
(0.067026 -0.00494561 0)
(0.0698046 -0.00659587 0)
(0.0711421 -0.00805957 0)
(0.0710892 -0.00926788 0)
(0.0697384 -0.0101677 0)
(0.0672123 -0.0107223 0)
(0.0636573 -0.010911 0)
(0.0592363 -0.0107312 0)
(0.0541214 -0.010225 0)
(0.0484775 -0.0094534 0)
(0.0424814 -0.00838619 0)
(0.0363837 -0.00706637 0)
(0.0303542 -0.00560984 0)
(0.0244574 -0.00407811 0)
(0.018796 -0.00252772 0)
(0.0134546 -0.0010121 0)
(0.00851581 0.000422517 0)
(0.00401723 0.0017357 0)
(-1.98094e-06 0.00290098 0)
(-0.0034928 0.00390168 0)
(-0.0064691 0.00472753 0)
(-0.00891514 0.00538285 0)
(-0.0108193 0.00587102 0)
(-0.0121834 0.00620606 0)
(-0.0131014 0.00640685 0)
(-0.0136069 0.00650091 0)
(-0.0136605 0.00651302 0)
(-0.0133151 0.00646967 0)
(-0.012612 0.00639477 0)
(-0.011588 0.00631043 0)
(-0.0102782 0.0062347 0)
(-0.00871777 0.0061799 0)
(-0.00694097 0.00615123 0)
(-0.00498157 0.00614495 0)
(-0.00288271 0.00615127 0)
(-0.000896837 0.00535956 0)
(0.00219299 -0.0068729 0)
(0.00964738 -0.00796331 0)
(0.0148584 -0.00820547 0)
(0.0202183 -0.00837198 0)
(0.0253059 -0.00848326 0)
(0.0295782 -0.00852768 0)
(0.0329471 -0.00848825 0)
(0.0352985 -0.00835029 0)
(0.0365126 -0.00808822 0)
(0.036559 -0.00768699 0)
(0.0354764 -0.00713784 0)
(0.0333087 -0.00643988 0)
(0.0301324 -0.00560201 0)
(0.0260729 -0.00463824 0)
(0.0212892 -0.00356736 0)
(0.0159047 -0.00241482 0)
(0.0100721 -0.00117911 0)
(0.00403677 0.00012071 0)
(-0.00198949 0.00142175 0)
(-0.00794572 0.00269477 0)
(-0.0137306 0.00387496 0)
(-0.0191694 0.00493181 0)
(-0.0241666 0.00584083 0)
(-0.0286366 0.00658178 0)
(-0.0325014 0.00714151 0)
(-0.0357196 0.00751263 0)
(-0.0382617 0.00769293 0)
(-0.0401102 0.00768983 0)
(-0.0412719 0.00751681 0)
(-0.0417597 0.00719175 0)
(-0.0415928 0.00674067 0)
(-0.040803 0.00619188 0)
(-0.0394445 0.00555435 0)
(-0.037561 0.00489421 0)
(-0.0351959 0.00422221 0)
(-0.0324156 0.00356769 0)
(-0.0292833 0.00295753 0)
(-0.0258612 0.00241097 0)
(-0.0221972 0.00194345 0)
(-0.018329 0.00156476 0)
(-0.0142924 0.00127996 0)
(-0.0101158 0.00108597 0)
(-0.00586271 0.000974779 0)
(-0.00183747 0.0008124 0)
(9.03412e-05 -0.0115099 0)
(0.00274785 -0.0130563 0)
(0.00289365 -0.0129455 0)
(0.0034238 -0.0124891 0)
(0.00378094 -0.0117361 0)
(0.00342931 -0.0107128 0)
(0.00229888 -0.009445 0)
(0.000352587 -0.00796572 0)
(-0.00255209 -0.00631755 0)
(-0.0063681 -0.00454194 0)
(-0.0109058 -0.00268392 0)
(-0.0161411 -0.000791259 0)
(-0.0220225 0.0010898 0)
(-0.0284084 0.00291686 0)
(-0.0350832 0.00464608 0)
(-0.0418768 0.00623921 0)
(-0.0486769 0.00770427 0)
(-0.0554027 0.00907738 0)
(-0.0618945 0.010193 0)
(-0.0680045 0.0110232 0)
(-0.0736348 0.0116049 0)
(-0.0786471 0.0119259 0)
(-0.0829301 0.0119776 0)
(-0.0864042 0.0117604 0)
(-0.0890101 0.0112819 0)
(-0.0907079 0.0105578 0)
(-0.0914741 0.0096107 0)
(-0.0913027 0.00846998 0)
(-0.0902033 0.00717053 0)
(-0.0881951 0.00574965 0)
(-0.0853088 0.00425051 0)
(-0.0816067 0.00271785 0)
(-0.0771604 0.00119353 0)
(-0.0720172 -0.000279299 0)
(-0.066279 -0.00166799 0)
(-0.0600739 -0.00294218 0)
(-0.0534938 -0.00407639 0)
(-0.0466411 -0.00505536 0)
(-0.039594 -0.00587507 0)
(-0.0324033 -0.00653641 0)
(-0.0251086 -0.00704257 0)
(-0.0177103 -0.00739988 0)
(-0.0102565 -0.00761172 0)
(-0.00321691 -0.00674989 0)
(-0.00230692 -0.00992073 0)
(-0.00514426 -0.0111749 0)
(-0.0108118 -0.010873 0)
(-0.0158961 -0.00998164 0)
(-0.0210645 -0.00860266 0)
(-0.0268048 -0.00682559 0)
(-0.0331324 -0.0047401 0)
(-0.040059 -0.00243622 0)
(-0.0475453 -2.70327e-06 0)
(-0.0554241 0.00249792 0)
(-0.0635325 0.00498597 0)
(-0.0718095 0.00738977 0)
(-0.0801429 0.00964956 0)
(-0.0884312 0.0117136 0)
(-0.0966286 0.0135393 0)
(-0.104581 0.0150952 0)
(-0.112094 0.0163291 0)
(-0.119151 0.0172283 0)
(-0.125705 0.0177715 0)
(-0.131611 0.0179438 0)
(-0.136781 0.0177434 0)
(-0.141121 0.0171722 0)
(-0.144551 0.0162378 0)
(-0.147008 0.0149551 0)
(-0.148441 0.0133473 0)
(-0.148806 0.0114458 0)
(-0.14807 0.00928819 0)
(-0.146216 0.00692006 0)
(-0.14323 0.00439313 0)
(-0.139107 0.00176241 0)
(-0.133848 -0.000912313 0)
(-0.127525 -0.00357479 0)
(-0.120221 -0.00615736 0)
(-0.112014 -0.00860028 0)
(-0.102983 -0.0108497 0)
(-0.0932136 -0.0128583 0)
(-0.0828454 -0.0145903 0)
(-0.0720075 -0.0160235 0)
(-0.0608564 -0.0171575 0)
(-0.0495583 -0.0180095 0)
(-0.0382306 -0.0186094 0)
(-0.0268879 -0.0189997 0)
(-0.0155643 -0.0192202 0)
(-0.00489494 -0.0170667 0)
(-0.00490853 -0.00297249 0)
(-0.0137157 -0.00337547 0)
(-0.0256609 -0.00297912 0)
(-0.0368648 -0.00179252 0)
(-0.0480541 -2.21253e-05 0)
(-0.0595403 0.00213858 0)
(-0.071135 0.00453056 0)
(-0.0826493 0.00703424 0)
(-0.0939417 0.00955896 0)
(-0.104941 0.0120404 0)
(-0.115554 0.0144232 0)
(-0.125667 0.0166512 0)
(-0.135194 0.0186667 0)
(-0.144116 0.0204133 0)
(-0.152446 0.0218513 0)
(-0.160151 0.0229504 0)
(-0.167157 0.0236654 0)
(-0.173476 0.023936 0)
(-0.179122 0.0238011 0)
(-0.18403 0.0232358 0)
(-0.188154 0.0222335 0)
(-0.191448 0.0207962 0)
(-0.193867 0.0189355 0)
(-0.195369 0.0166707 0)
(-0.195911 0.0140308 0)
(-0.195446 0.0110518 0)
(-0.19393 0.00777751 0)
(-0.191321 0.00425781 0)
(-0.187571 0.000548236 0)
(-0.182636 -0.00328647 0)
(-0.176504 -0.00717819 0)
(-0.169115 -0.0110572 0)
(-0.160431 -0.0148462 0)
(-0.150487 -0.0184633 0)
(-0.139293 -0.0218219 0)
(-0.126891 -0.0248404 0)
(-0.113383 -0.0274442 0)
(-0.098928 -0.0295734 0)
(-0.083759 -0.0311946 0)
(-0.0681633 -0.0323141 0)
(-0.0524448 -0.0329764 0)
(-0.0367575 -0.0332922 0)
(-0.0212308 -0.033388 0)
(-0.00668542 -0.0297371 0)
(-0.007716 0.00855969 0)
(-0.0229814 0.00942961 0)
(-0.0416436 0.00983604 0)
(-0.0592434 0.0110303 0)
(-0.0763277 0.0127049 0)
(-0.0930194 0.0145626 0)
(-0.108843 0.0164656 0)
(-0.12347 0.0183388 0)
(-0.136762 0.020143 0)
(-0.148733 0.0218605 0)
(-0.159445 0.0234856 0)
(-0.168965 0.0249873 0)
(-0.177381 0.0263138 0)
(-0.184802 0.0274067 0)
(-0.191338 0.0282175 0)
(-0.197072 0.0287028 0)
(-0.202057 0.0288215 0)
(-0.206362 0.0285138 0)
(-0.210042 0.0277831 0)
(-0.213113 0.0266083 0)
(-0.215576 0.0249779 0)
(-0.21743 0.0228872 0)
(-0.218664 0.0203446 0)
(-0.219261 0.0173655 0)
(-0.219192 0.0139757 0)
(-0.218418 0.0102072 0)
(-0.216892 0.0060997 0)
(-0.214566 0.00169727 0)
(-0.211354 -0.00295144 0)
(-0.207164 -0.00778745 0)
(-0.201915 -0.0127471 0)
(-0.195469 -0.0177562 0)
(-0.18768 -0.0227442 0)
(-0.178425 -0.027625 0)
(-0.167567 -0.0322972 0)
(-0.154982 -0.0366492 0)
(-0.140601 -0.0405555 0)
(-0.124438 -0.0438828 0)
(-0.106644 -0.0465057 0)
(-0.0875217 -0.0483411 0)
(-0.0676124 -0.0493467 0)
(-0.0473178 -0.0496771 0)
(-0.0272322 -0.0495163 0)
(-0.00856801 -0.0442224 0)
(-0.0109299 0.0238656 0)
(-0.0335162 0.0262167 0)
(-0.0595344 0.0263929 0)
(-0.0835973 0.0268652 0)
(-0.105475 0.0275335 0)
(-0.125296 0.0280579 0)
(-0.142518 0.0284884 0)
(-0.15709 0.0288631 0)
(-0.169147 0.0292445 0)
(-0.178977 0.0296743 0)
(-0.186901 0.0301679 0)
(-0.193228 0.0306894 0)
(-0.198236 0.0311737 0)
(-0.202166 0.0315474 0)
(-0.205221 0.0317423 0)
(-0.207563 0.03169 0)
(-0.209325 0.0313351 0)
(-0.210621 0.0306184 0)
(-0.211539 0.0295053 0)
(-0.212138 0.0279717 0)
(-0.212465 0.0259976 0)
(-0.212552 0.0235687 0)
(-0.212421 0.0206865 0)
(-0.212083 0.0173577 0)
(-0.211531 0.013601 0)
(-0.210748 0.00943887 0)
(-0.209701 0.00490105 0)
(-0.208348 1.74597e-05 0)
(-0.206602 -0.00517078 0)
(-0.204357 -0.0106285 0)
(-0.201495 -0.0163078 0)
(-0.197834 -0.0221578 0)
(-0.193152 -0.0281247 0)
(-0.187194 -0.0341434 0)
(-0.179651 -0.040132 0)
(-0.170172 -0.0459817 0)
(-0.158389 -0.0515461 0)
(-0.143959 -0.0566346 0)
(-0.126665 -0.0610059 0)
(-0.106439 -0.0644229 0)
(-0.0838455 -0.0665624 0)
(-0.059193 -0.0675188 0)
(-0.0341859 -0.067159 0)
(-0.0107947 -0.0601667 0)
(-0.0152752 0.0424995 0)
(-0.0465898 0.0459634 0)
(-0.0797807 0.0451909 0)
(-0.108941 0.0434721 0)
(-0.132365 0.0418366 0)
(-0.151402 0.0398946 0)
(-0.165847 0.0380257 0)
(-0.176425 0.0363385 0)
(-0.183757 0.0349665 0)
(-0.188512 0.0339541 0)
(-0.191258 0.0332908 0)
(-0.192476 0.032894 0)
(-0.192553 0.0326568 0)
(-0.19179 0.0324654 0)
(-0.190423 0.0322232 0)
(-0.188638 0.0318362 0)
(-0.186589 0.0312324 0)
(-0.184405 0.0303369 0)
(-0.182183 0.0291034 0)
(-0.180004 0.0274885 0)
(-0.177942 0.0254671 0)
(-0.176057 0.0230163 0)
(-0.174398 0.0201316 0)
(-0.173005 0.0168115 0)
(-0.171906 0.0130671 0)
(-0.171116 0.00891129 0)
(-0.170637 0.00436304 0)
(-0.170436 -0.000563307 0)
(-0.170479 -0.00584061 0)
(-0.170701 -0.0114583 0)
(-0.170984 -0.0173917 0)
(-0.171161 -0.0236267 0)
(-0.171007 -0.030142 0)
(-0.170221 -0.0369175 0)
(-0.168404 -0.0439212 0)
(-0.16504 -0.0510975 0)
(-0.15949 -0.0583429 0)
(-0.150971 -0.0654891 0)
(-0.138702 -0.0722416 0)
(-0.121709 -0.0782765 0)
(-0.100153 -0.0828105 0)
(-0.0728775 -0.0858491 0)
(-0.0434804 -0.0859052 0)
(-0.0141373 -0.0776665 0)
(-0.0219971 0.0647476 0)
(-0.0637033 0.0674855 0)
(-0.101173 0.0642755 0)
(-0.131645 0.0581807 0)
(-0.151001 0.0529264 0)
(-0.16414 0.0476935 0)
(-0.171363 0.0432022 0)
(-0.174495 0.0394263 0)
(-0.174544 0.036459 0)
(-0.172443 0.0342506 0)
(-0.168839 0.0327163 0)
(-0.164223 0.0316948 0)
(-0.158957 0.0310198 0)
(-0.153299 0.0305286 0)
(-0.147446 0.0300976 0)
(-0.141547 0.0296095 0)
(-0.135733 0.028981 0)
(-0.130117 0.0281232 0)
(-0.124791 0.0269877 0)
(-0.119844 0.0255149 0)
(-0.115362 0.0236785 0)
(-0.11143 0.0214506 0)
(-0.108119 0.0188235 0)
(-0.105504 0.0157905 0)
(-0.103648 0.0123576 0)
(-0.102606 0.00853014 0)
(-0.102428 0.00431984 0)
(-0.103117 -0.000269818 0)
(-0.104706 -0.00523377 0)
(-0.107201 -0.0105726 0)
(-0.110533 -0.0162855 0)
(-0.114612 -0.0223922 0)
(-0.119283 -0.0289109 0)
(-0.12431 -0.0358761 0)
(-0.129338 -0.043325 0)
(-0.13385 -0.0512939 0)
(-0.137127 -0.0597866 0)
(-0.138101 -0.0687661 0)
(-0.135561 -0.0780153 0)
(-0.12729 -0.087368 0)
(-0.112904 -0.0955687 0)
(-0.0872352 -0.102928 0)
(-0.0568523 -0.104898 0)
(-0.0199302 -0.0974269 0)
(-0.0322788 0.0912971 0)
(-0.0853442 0.0886698 0)
(-0.119234 0.0808626 0)
(-0.14471 0.0681601 0)
(-0.153073 0.0586195 0)
(-0.155562 0.0500494 0)
(-0.152323 0.043328 0)
(-0.146188 0.0380004 0)
(-0.138106 0.0340064 0)
(-0.128982 0.0311278 0)
(-0.119286 0.0291768 0)
(-0.109344 0.0279108 0)
(-0.0993617 0.0271112 0)
(-0.089474 0.0265776 0)
(-0.0797829 0.0261718 0)
(-0.0703677 0.0257634 0)
(-0.0613125 0.0252686 0)
(-0.0527009 0.0245926 0)
(-0.0446118 0.0236874 0)
(-0.0371413 0.0224898 0)
(-0.0303823 0.0209755 0)
(-0.0244413 0.0191155 0)
(-0.0194158 0.0169021 0)
(-0.0154116 0.0143266 0)
(-0.0125309 0.0113928 0)
(-0.0108696 0.00810145 0)
(-0.0105283 0.00446047 0)
(-0.0115657 0.000466801 0)
(-0.0140776 -0.00388706 0)
(-0.0181394 -0.00860979 0)
(-0.0237742 -0.0137173 0)
(-0.0309959 -0.0192517 0)
(-0.039773 -0.0252617 0)
(-0.0500175 -0.0318276 0)
(-0.0615423 -0.0390504 0)
(-0.0740062 -0.0470641 0)
(-0.0868789 -0.0560043 0)
(-0.0991247 -0.0660454 0)
(-0.109616 -0.0771709 0)
(-0.114991 -0.0897098 0)
(-0.115125 -0.10214 0)
(-0.0978111 -0.116103 0)
(-0.074985 -0.122248 0)
(-0.0293755 -0.120549 0)
(-0.0456233 0.122439 0)
(-0.108889 0.106157 0)
(-0.125361 0.0916628 0)
(-0.138418 0.0712407 0)
(-0.129772 0.0579299 0)
(-0.118984 0.0469491 0)
(-0.104389 0.0390059 0)
(-0.0893457 0.033025 0)
(-0.0741305 0.0287482 0)
(-0.0593129 0.0257816 0)
(-0.0449642 0.0238541 0)
(-0.0311173 0.0226678 0)
(-0.017756 0.0219795 0)
(-0.00485369 0.0215751 0)
(0.0075968 0.0213185 0)
(0.0195904 0.0210815 0)
(0.031091 0.0207882 0)
(0.0420393 0.0203495 0)
(0.0523664 0.0197203 0)
(0.0619658 0.0188429 0)
(0.0707348 0.0176974 0)
(0.078542 0.0162573 0)
(0.0852638 0.014517 0)
(0.0907629 0.0124682 0)
(0.0948999 0.0101147 0)
(0.0975431 0.00745556 0)
(0.0985442 0.00449683 0)
(0.097791 0.00123173 0)
(0.0951328 -0.0023456 0)
(0.0904329 -0.00625351 0)
(0.0835765 -0.0105135 0)
(0.0744412 -0.0151769 0)
(0.0629243 -0.020307 0)
(0.0489349 -0.0260082 0)
(0.0324293 -0.0324206 0)
(0.0134595 -0.0397469 0)
(-0.00785254 -0.0482286 0)
(-0.0308192 -0.0582507 0)
(-0.0550671 -0.0700338 0)
(-0.0765964 -0.0846396 0)
(-0.0974257 -0.100611 0)
(-0.0961169 -0.12229 0)
(-0.0952979 -0.134841 0)
(-0.0417806 -0.147715 0)
(-0.0574508 0.15689 0)
(-0.126459 0.115962 0)
(-0.107728 0.0938775 0)
(-0.102456 0.0668325 0)
(-0.0741222 0.0514482 0)
(-0.0506161 0.0396655 0)
(-0.0264165 0.031752 0)
(-0.00478198 0.0260496 0)
(0.015163 0.0221517 0)
(0.0333703 0.0195524 0)
(0.0502668 0.0179494 0)
(0.0661415 0.017033 0)
(0.0812348 0.0165696 0)
(0.0957176 0.0163576 0)
(0.109687 0.016279 0)
(0.123193 0.0162198 0)
(0.136233 0.0161187 0)
(0.148756 0.0158996 0)
(0.160694 0.0155248 0)
(0.171923 0.0149463 0)
(0.182326 0.0141493 0)
(0.191743 0.0131125 0)
(0.200024 0.0118327 0)
(0.207005 0.0103038 0)
(0.212511 0.00853002 0)
(0.216383 0.00651032 0)
(0.218435 0.00425074 0)
(0.218514 0.00174344 0)
(0.216428 -0.00101252 0)
(0.211996 -0.00403944 0)
(0.205032 -0.00735648 0)
(0.195328 -0.0110141 0)
(0.182669 -0.0150742 0)
(0.166806 -0.0196431 0)
(0.147472 -0.0248678 0)
(0.124416 -0.0309748 0)
(0.0972648 -0.0382515 0)
(0.066189 -0.0472172 0)
(0.0302954 -0.0582693 0)
(-0.00641208 -0.0731318 0)
(-0.0503827 -0.0907508 0)
(-0.0707881 -0.119027 0)
(-0.109864 -0.139026 0)
(-0.0521373 -0.177891 0)
(-0.0569639 0.190593 0)
(-0.123972 0.114883 0)
(-0.0540148 0.0863324 0)
(-0.0286316 0.0561773 0)
(0.0172837 0.0410511 0)
(0.049882 0.0301972 0)
(0.0798966 0.0233807 0)
(0.104637 0.0186478 0)
(0.12626 0.0155464 0)
(0.14524 0.0135583 0)
(0.162456 0.0124038 0)
(0.17846 0.0118064 0)
(0.19366 0.0115699 0)
(0.208321 0.0115263 0)
(0.22259 0.011584 0)
(0.236543 0.0116522 0)
(0.250188 0.0116863 0)
(0.263469 0.0116263 0)
(0.276307 0.011445 0)
(0.288556 0.0111054 0)
(0.30008 0.0105977 0)
(0.310693 0.00990649 0)
(0.320223 0.00903052 0)
(0.32848 0.007966 0)
(0.335266 0.0067177 0)
(0.340404 0.00528477 0)
(0.343682 0.00367364 0)
(0.344926 0.00187734 0)
(0.343919 -0.00010193 0)
(0.340455 -0.002284 0)
(0.33431 -0.00468287 0)
(0.325224 -0.00734044 0)
(0.312916 -0.0103081 0)
(0.297029 -0.0136762 0)
(0.277136 -0.0175736 0)
(0.25275 -0.0222078 0)
(0.223066 -0.0278507 0)
(0.187756 -0.0350417 0)
(0.144542 -0.0442364 0)
(0.0969537 -0.0574948 0)
(0.0326426 -0.0743867 0)
(-0.0104889 -0.105508 0)
(-0.104722 -0.132024 0)
(-0.0492564 -0.207147 0)
(-0.0267255 0.216219 0)
(-0.0824046 0.10191 0)
(0.0450743 0.0702924 0)
(0.0869465 0.0419203 0)
(0.143831 0.029184 0)
(0.180006 0.0205702 0)
(0.211161 0.0154598 0)
(0.235346 0.0120237 0)
(0.255721 0.00985673 0)
(0.273132 0.00851974 0)
(0.288749 0.00779298 0)
(0.303272 0.00746322 0)
(0.31719 0.00738696 0)
(0.330799 0.00744061 0)
(0.344257 0.00756141 0)
(0.357633 0.00768341 0)
(0.370932 0.00777994 0)
(0.38408 0.00780606 0)
(0.396985 0.00774519 0)
(0.409481 0.00757139 0)
(0.421414 0.00727891 0)
(0.432582 0.0068576 0)
(0.442796 0.00630753 0)
(0.451856 0.00562665 0)
(0.459551 0.00481939 0)
(0.465695 0.00388518 0)
(0.470071 0.00283007 0)
(0.472499 0.00164865 0)
(0.472759 0.000344533 0)
(0.470642 -0.00109707 0)
(0.465916 -0.00268477 0)
(0.45831 -0.0044488 0)
(0.447523 -0.00642585 0)
(0.433155 -0.00868235 0)
(0.41471 -0.0113148 0)
(0.391576 -0.0144841 0)
(0.362681 -0.0184055 0)
(0.327361 -0.0235361 0)
(0.282266 -0.0302814 0)
(0.230245 -0.0405883 0)
(0.153462 -0.0545641 0)
(0.092585 -0.0835199 0)
(-0.0614161 -0.113481 0)
(-0.0158692 -0.228304 0)
(0.0550389 0.22403 0)
(0.0184771 0.0790846 0)
(0.192982 0.0492421 0)
(0.243082 0.0271896 0)
(0.301669 0.0180964 0)
(0.33567 0.0122983 0)
(0.363641 0.00900228 0)
(0.384291 0.00685045 0)
(0.401211 0.00553564 0)
(0.415389 0.00475115 0)
(0.428066 0.00435022 0)
(0.439956 0.00419363 0)
(0.451539 0.00419212 0)
(0.463088 0.00426713 0)
(0.474739 0.0043815 0)
(0.486543 0.00449188 0)
(0.498487 0.00458839 0)
(0.510486 0.00463779 0)
(0.522438 0.00463258 0)
(0.534169 0.00455699 0)
(0.545523 0.00440782 0)
(0.556297 0.00417936 0)
(0.566301 0.00387185 0)
(0.575342 0.00348444 0)
(0.583212 0.00302037 0)
(0.589739 0.00247913 0)
(0.594713 0.00186548 0)
(0.59797 0.0011755 0)
(0.599304 0.000412875 0)
(0.598527 -0.00043212 0)
(0.595425 -0.00136389 0)
(0.589751 -0.00240129 0)
(0.581226 -0.00356695 0)
(0.569473 -0.00490242 0)
(0.554007 -0.00646976 0)
(0.534217 -0.00837341 0)
(0.508972 -0.0107581 0)
(0.477489 -0.013939 0)
(0.435969 -0.0182198 0)
(0.386613 -0.0250402 0)
(0.308477 -0.0348336 0)
(0.24006 -0.057209 0)
(0.0393848 -0.0860223 0)
(0.0686649 -0.231765 0)
(0.209488 0.204296 0)
(0.19486 0.0509708 0)
(0.38629 0.0279274 0)
(0.434191 0.0146027 0)
(0.485164 0.00931301 0)
(0.512509 0.00616554 0)
(0.534254 0.00441286 0)
(0.549612 0.00330256 0)
(0.56192 0.00263644 0)
(0.57207 0.00224714 0)
(0.581149 0.00205398 0)
(0.589762 0.00198426 0)
(0.598305 0.0019936 0)
(0.606996 0.00204117 0)
(0.615935 0.00210905 0)
(0.625152 0.00217393 0)
(0.634628 0.0022326 0)
(0.644278 0.00226692 0)
(0.65401 0.00227384 0)
(0.663669 0.00224567 0)
(0.673117 0.00218051 0)
(0.682179 0.00207595 0)
(0.690691 0.00193183 0)
(0.698489 0.00174795 0)
(0.705397 0.00152605 0)
(0.711271 0.00126554 0)
(0.715937 0.000969405 0)
(0.71926 0.000635016 0)
(0.721072 0.000265093 0)
(0.721221 -0.000145925 0)
(0.719539 -0.000599845 0)
(0.715823 -0.00110643 0)
(0.709853 -0.00167735 0)
(0.701321 -0.00233368 0)
(0.689827 -0.00310843 0)
(0.674859 -0.00405554 0)
(0.65543 -0.00525547 0)
(0.630838 -0.00687596 0)
(0.597569 -0.00911165 0)
(0.557276 -0.0127455 0)
(0.48974 -0.0183406 0)
(0.426809 -0.0318023 0)
(0.212966 -0.0544052 0)
(0.223611 -0.2083 0)
(0.450959 0.159048 0)
(0.45391 0.0250269 0)
(0.615639 0.0115787 0)
(0.651341 0.00593292 0)
(0.687158 0.00362236 0)
(0.705274 0.00237163 0)
(0.71936 0.00166767 0)
(0.728984 0.00123701 0)
(0.736575 0.000977835 0)
(0.742742 0.000826278 0)
(0.748231 0.000748575 0)
(0.75344 0.000717426 0)
(0.758631 0.000716948 0)
(0.76395 0.000731385 0)
(0.769464 0.000754315 0)
(0.775195 0.000776955 0)
(0.781129 0.000797196 0)
(0.78721 0.00080938 0)
(0.793379 0.000811767 0)
(0.799534 0.000802106 0)
(0.805585 0.000779006 0)
(0.81142 0.000742152 0)
(0.816931 0.000690983 0)
(0.822012 0.000625599 0)
(0.82655 0.000546625 0)
(0.83045 0.000453517 0)
(0.833599 0.000347685 0)
(0.835911 0.000227635 0)
(0.837276 9.4781e-05 0)
(0.837597 -5.33649e-05 0)
(0.836764 -0.000217482 0)
(0.834647 -0.000401217 0)
(0.831099 -0.000609484 0)
(0.82592 -0.000849849 0)
(0.818841 -0.00113597 0)
(0.809523 -0.00148761 0)
(0.797282 -0.00193935 0)
(0.781641 -0.00255242 0)
(0.760054 -0.00342828 0)
(0.733647 -0.00483811 0)
(0.687217 -0.00723846 0)
(0.642431 -0.0129046 0)
(0.46589 -0.0262733 0)
(0.46165 -0.160542 0)
(0.781426 0.0411799 0)
(0.789262 0.00451395 0)
(0.865156 0.0017719 0)
(0.879849 0.000915268 0)
(0.894226 0.000537997 0)
(0.901237 0.000352911 0)
(0.906651 0.000245377 0)
(0.910296 0.000181749 0)
(0.91315 0.00014274 0)
(0.915438 0.000119584 0)
(0.917437 0.000106909 0)
(0.919291 0.000100928 0)
(0.921097 9.95181e-05 0)
(0.922912 0.000100373 0)
(0.924767 0.000102597 0)
(0.926673 0.00010494 0)
(0.92863 0.000107084 0)
(0.930622 0.000108276 0)
(0.932632 0.00010815 0)
(0.934629 0.000106586 0)
(0.936585 0.000103186 0)
(0.938465 9.80672e-05 0)
(0.940234 9.10181e-05 0)
(0.941858 8.20975e-05 0)
(0.943301 7.1384e-05 0)
(0.944532 5.87312e-05 0)
(0.945512 4.43954e-05 0)
(0.946213 2.80636e-05 0)
(0.946597 9.99236e-06 0)
(0.94663 -1.02287e-05 0)
(0.946274 -3.27347e-05 0)
(0.945481 -5.80009e-05 0)
(0.944197 -8.68786e-05 0)
(0.942349 -0.000120327 0)
(0.939835 -0.000160563 0)
(0.936529 -0.000210209 0)
(0.932167 -0.000274963 0)
(0.926573 -0.000362746 0)
(0.918721 -0.000493227 0)
(0.909086 -0.000696849 0)
(0.891327 -0.00108349 0)
(0.874043 -0.00193632 0)
(0.793111 -0.00468604 0)
(0.785129 -0.0413978 0)
)
;

boundaryField
{
    movingWall
    {
        type            fixedValue;
        value           uniform (1 0 0);
    }
    fixedWalls
    {
        type            noSlip;
    }
    frontAndBack
    {
        type            empty;
    }
    defaultFaces
    {
        type            empty;
    }
}


// ************************************************************************* //
