/*--------------------------------*- C++ -*----------------------------------*\
  =========                 |
  \\      /  F ield         | OpenFOAM: The Open Source CFD Toolbox
   \\    /   O peration     | Website:  https://openfoam.org
    \\  /    A nd           | Version:  7
     \\/     M anipulation  |
\*---------------------------------------------------------------------------*/
FoamFile
{
    version     2.0;
    format      ascii;
    class       volVectorField;
    location    "0.1";
    object      U;
}
// * * * * * * * * * * * * * * * * * * * * * * * * * * * * * * * * * * * * * //

dimensions      [0 1 -1 0 0 0 0];

internalField   nonuniform List<vector> 
1936
(
(-4.96701 2.90326 0)
(-69.1885 196.209 0)
(-21.3432 453.816 0)
(17.1334 431.942 0)
(0.559839 355.915 0)
(13.3734 333.996 0)
(8.38183 300.077 0)
(3.05409 277.91 0)
(-8.99933 273.595 0)
(-16.0894 301.362 0)
(-23.9675 398.688 0)
(2.70226 485.022 0)
(38.7717 406.067 0)
(32.9766 266.653 0)
(18.1942 220.651 0)
(2.45123 223.801 0)
(-15.635 270.387 0)
(-28.6428 400.811 0)
(-2.22075 477.351 0)
(31.8309 367.462 0)
(15.6477 235.902 0)
(-7.08848 212.535 0)
(-18.3762 228.015 0)
(-38.3723 339.573 0)
(-10.8249 488.89 0)
(36.3223 435.592 0)
(29.6625 273.312 0)
(11.9284 211.66 0)
(-2.94431 209.406 0)
(-23.3686 263.317 0)
(-31.8926 426.708 0)
(14.6745 493.306 0)
(41.1968 343.298 0)
(18.9022 219.775 0)
(3.7283 206.408 0)
(-13.0686 228.39 0)
(-34.106 350.902 0)
(-15.0766 483.836 0)
(30.1736 412.95 0)
(24.8451 253.351 0)
(0.0655945 206.54 0)
(-11.1921 213 0)
(-33.4278 294.687 0)
(-29.2838 465.8 0)
(-6.36429 7.02957 0)
(-75.1258 0.132966 0)
(-24.2993 -5.16173 0)
(16.9232 -3.05087 0)
(-1.96499 -0.697774 0)
(10.6436 -0.207154 0)
(6.74558 0.855403 0)
(1.68314 1.72506 0)
(-7.26376 1.98515 0)
(-13.1692 0.783993 0)
(-23.9113 -2.35705 0)
(2.2779 -4.62692 0)
(39.1849 -2.63091 0)
(28.4512 0.918374 0)
(12.8763 3.18067 0)
(4.77936 3.57568 0)
(-14.1676 2.03669 0)
(-30.7528 -1.28787 0)
(-2.39088 -4.18587 0)
(31.4573 -1.99874 0)
(11.6857 2.57243 0)
(-6.62362 3.98206 0)
(-11.9175 2.40755 0)
(-36.6584 -1.83534 0)
(-11.6209 -5.30329 0)
(37.6565 -3.27148 0)
(26.6678 0.926467 0)
(7.10053 3.40614 0)
(0.541152 3.75364 0)
(-20.1557 1.29542 0)
(-33.3995 -3.21971 0)
(15.1564 -4.96239 0)
(40.1226 -1.38241 0)
(12.8905 2.75003 0)
(3.84709 3.89325 0)
(-8.89673 2.82677 0)
(-34.9231 -0.544483 0)
(-15.8969 -4.34686 0)
(30.9289 -3.4014 0)
(20.8438 1.36341 0)
(-2.31598 3.91544 0)
(-5.38201 3.30334 0)
(-30.667 -0.0186194 0)
(-31.1239 -4.48318 0)
(-0.0776391 14.7621 0)
(-71.1277 0.887549 0)
(-26.8254 -11.4027 0)
(16.8832 -6.42163 0)
(0.874705 -1.14419 0)
(11.0759 -0.480088 0)
(7.27047 1.7308 0)
(2.00328 3.38832 0)
(-6.95176 3.90826 0)
(-13.7381 1.93553 0)
(-25.6182 -4.55202 0)
(0.375277 -9.9492 0)
(39.0913 -5.26947 0)
(26.9595 2.68664 0)
(6.24114 6.44004 0)
(-1.84183 6.94395 0)
(-19.2734 4.37492 0)
(-31.5305 -2.97522 0)
(1.85631 -9.28673 0)
(35.163 -3.84701 0)
(14.3917 5.45186 0)
(-1.87834 7.58289 0)
(-8.2899 5.28006 0)
(-37.6275 -2.91709 0)
(-14.683 -11.3495 0)
(37.3875 -6.95224 0)
(28.1724 2.56232 0)
(5.54124 6.83649 0)
(-1.34783 7.36685 0)
(-22.7182 3.22965 0)
(-35.6166 -6.72904 0)
(15.4265 -10.8422 0)
(41.5403 -2.25933 0)
(11.4343 5.96943 0)
(0.938354 7.54578 0)
(-12.6358 6.01247 0)
(-37.1499 -0.989738 0)
(-13.1361 -9.70154 0)
(34.9566 -6.9547 0)
(22.8972 3.33114 0)
(0.0871593 7.58193 0)
(-3.87988 6.7327 0)
(-31.8343 0.806959 0)
(-32.437 -9.60197 0)
(7.08395 20.9225 0)
(-58.53 2.21739 0)
(-23.2017 -16.1555 0)
(10.2572 -9.75387 0)
(-2.92179 -1.78246 0)
(6.41402 -0.629093 0)
(3.86521 2.44408 0)
(0.121392 4.73125 0)
(-4.73704 5.45075 0)
(-7.54445 2.93424 0)
(-18.5739 -6.26491 0)
(-1.31246 -14.3592 0)
(28.7491 -7.32816 0)
(16.217 4.70157 0)
(-2.32298 9.50311 0)
(-3.31355 9.51335 0)
(-14.8135 5.76339 0)
(-23.4151 -5.04067 0)
(4.18257 -13.729 0)
(27.185 -5.23351 0)
(8.65956 7.61633 0)
(1.58659 10.3503 0)
(1.3334 8.01187 0)
(-26.0238 -3.19183 0)
(-13.1584 -16.1682 0)
(27.5877 -10.2022 0)
(18.9349 3.98557 0)
(-0.310752 9.83539 0)
(0.756445 10.307 0)
(-14.5547 4.78869 0)
(-27.7282 -9.71485 0)
(11.7237 -15.7546 0)
(30.222 -2.79062 0)
(2.71662 8.87297 0)
(-0.582453 10.6483 0)
(-8.02632 8.49017 0)
(-27.8529 -1.84391 0)
(-7.86271 -14.433 0)
(28.1221 -9.7251 0)
(14.0874 5.0046 0)
(-0.710576 10.5101 0)
(2.37871 9.71346 0)
(-20.7459 1.69979 0)
(-25.8491 -13.7881 0)
(14.5315 25.5672 0)
(-47.8932 3.95593 0)
(-19.3129 -19.0434 0)
(4.45744 -12.6028 0)
(-6.15236 -2.80742 0)
(1.71763 -0.84248 0)
(0.618596 2.92134 0)
(-1.65647 5.59241 0)
(-3.12246 6.33412 0)
(-3.11387 3.42934 0)
(-12.3998 -7.40152 0)
(-2.87455 -17.2141 0)
(18.9968 -8.58948 0)
(8.07654 6.4779 0)
(-7.05855 11.8163 0)
(-2.06758 11.0492 0)
(-10.9037 6.23671 0)
(-15.8379 -7.00668 0)
(6.04712 -16.7385 0)
(19.7409 -6.03671 0)
(4.12178 8.8152 0)
(2.64738 11.9585 0)
(7.00925 10.0009 0)
(-16.2312 -2.86398 0)
(-11.1595 -19.014 0)
(18.5738 -12.4927 0)
(11.5847 4.95555 0)
(-4.78108 11.8662 0)
(3.19635 12.1252 0)
(-8.34982 5.7791 0)
(-20.4306 -11.7008 0)
(8.14665 -18.9081 0)
(20.4563 -2.95555 0)
(-3.64144 10.8735 0)
(-0.730325 12.7214 0)
(-3.84091 9.96776 0)
(-19.5345 -2.85504 0)
(-3.1222 -17.6955 0)
(21.4938 -11.3292 0)
(7.16135 6.1401 0)
(-2.46889 12.2695 0)
(6.49396 11.6448 0)
(-12.2368 2.43494 0)
(-19.6057 -16.3658 0)
(20.4237 28.553 0)
(-38.1527 6.06524 0)
(-14.9139 -20.0855 0)
(-0.225379 -14.6618 0)
(-9.0443 -4.05475 0)
(-2.85225 -1.1552 0)
(-2.62687 3.0766 0)
(-3.32993 5.87594 0)
(-2.00333 6.51815 0)
(-0.160971 3.393 0)
(-7.42723 -7.92335 0)
(-3.97622 -18.387 0)
(10.3128 -9.10923 0)
(1.8443 7.63451 0)
(-8.42282 13.0406 0)
(1.15917 11.6489 0)
(-6.49781 6.0486 0)
(-9.00068 -8.70243 0)
(6.95287 -18.1314 0)
(12.9372 -6.1631 0)
(-0.458882 9.17706 0)
(1.90955 12.494 0)
(9.52768 10.987 0)
(-8.5414 -2.15054 0)
(-8.59524 -19.8542 0)
(10.9189 -13.704 0)
(5.46385 5.39554 0)
(-7.39085 12.7672 0)
(5.36463 12.8188 0)
(-3.14223 6.25089 0)
(-13.7946 -12.6149 0)
(5.02024 -20.2183 0)
(12.3785 -2.79358 0)
(-7.88663 11.7635 0)
(-0.0665361 13.6368 0)
(0.908284 10.4378 0)
(-12.1606 -3.81698 0)
(0.442803 -19.3104 0)
(15.1845 -11.7192 0)
(1.36218 6.79495 0)
(-4.46437 12.9001 0)
(8.61867 12.3942 0)
(-5.83276 2.92758 0)
(-13.9085 -17.3552 0)
(23.2532 29.8065 0)
(-28.6196 8.30936 0)
(-10.1191 -19.3137 0)
(-3.61227 -15.6055 0)
(-11.2672 -5.27083 0)
(-6.75363 -1.59398 0)
(-5.56959 2.79045 0)
(-4.63855 5.53318 0)
(-1.34625 5.98143 0)
(1.53651 2.89266 0)
(-3.82063 -7.85729 0)
(-4.45104 -17.9276 0)
(3.07581 -8.92664 0)
(-2.83526 7.82444 0)
(-7.46041 12.9509 0)
(3.95219 11.3868 0)
(-1.78159 5.40076 0)
(-3.27609 -9.78277 0)
(6.61052 -17.8728 0)
(7.09603 -5.51261 0)
(-4.68138 8.84613 0)
(0.524224 11.9954 0)
(9.7212 10.8417 0)
(-2.97824 -1.33001 0)
(-5.55757 -18.8928 0)
(4.9438 -13.7008 0)
(0.514812 5.23241 0)
(-7.78278 12.5056 0)
(6.11166 12.4619 0)
(1.25073 6.18731 0)
(-7.90277 -12.4171 0)
(2.48162 -19.7166 0)
(6.08741 -2.41286 0)
(-9.69172 11.5122 0)
(0.648738 13.2792 0)
(5.20143 9.96574 0)
(-6.0447 -4.44598 0)
(2.51217 -19.1937 0)
(9.34766 -10.9324 0)
(-3.35771 6.95495 0)
(-5.36216 12.4801 0)
(8.64817 12.0106 0)
(-1.24986 3.03322 0)
(-8.84027 -16.8555 0)
(23.3735 29.2602 0)
(-17.8028 10.3498 0)
(-5.30966 -16.7889 0)
(-5.31603 -15.1732 0)
(-12.1244 -6.20035 0)
(-9.21293 -2.15106 0)
(-7.51572 2.02708 0)
(-5.21313 4.57237 0)
(-0.947139 4.85363 0)
(2.2916 2.04464 0)
(-1.4259 -7.36251 0)
(-4.30361 -16.0386 0)
(-2.28191 -8.10354 0)
(-6.03237 6.98431 0)
(-5.74152 11.5797 0)
(5.12679 10.3247 0)
(2.51752 4.36729 0)
(0.805931 -9.90943 0)
(5.03869 -16.1143 0)
(2.52874 -4.28938 0)
(-7.22212 8.0138 0)
(-0.552157 10.6166 0)
(8.70686 9.71314 0)
(0.805448 -0.757373 0)
(-2.37905 -16.4665 0)
(0.796059 -12.4605 0)
(-3.17974 4.54096 0)
(-6.76397 11.1975 0)
(5.49563 11.1539 0)
(4.60713 5.60059 0)
(-2.98755 -11.1702 0)
(0.555551 -17.6056 0)
(1.51104 -2.00133 0)
(-9.44279 10.3027 0)
(1.09616 11.7538 0)
(7.82953 8.77323 0)
(-1.4852 -4.58119 0)
(3.12982 -17.4292 0)
(4.21753 -9.21692 0)
(-6.67144 6.62072 0)
(-4.93596 11.1357 0)
(7.47678 10.6678 0)
(1.84674 2.70292 0)
(-4.48532 -15.0648 0)
(20.5327 26.7263 0)
(-5.68793 11.8023 0)
(-0.506449 -12.6488 0)
(-4.75597 -13.2962 0)
(-10.8916 -6.5881 0)
(-9.56849 -2.74742 0)
(-7.84276 0.902619 0)
(-4.86145 3.12105 0)
(-0.608835 3.36804 0)
(2.38552 0.975538 0)
(0.0212088 -6.55027 0)
(-3.7662 -13.1318 0)
(-5.4427 -6.76865 0)
(-7.656 5.35219 0)
(-4.39292 9.27277 0)
(4.81005 8.52831 0)
(5.34458 3.04439 0)
(2.89173 -8.93253 0)
(2.74539 -13.1902 0)
(-0.802097 -2.94604 0)
(-7.58942 6.76729 0)
(-0.799993 8.6412 0)
(7.30773 7.93451 0)
(3.1106 -0.547016 0)
(0.219758 -13.0635 0)
(-1.59319 -10.1673 0)
(-5.4418 3.48071 0)
(-5.32641 9.16242 0)
(4.31317 9.13471 0)
(6.43375 4.5188 0)
(0.486467 -9.07634 0)
(-0.730126 -14.284 0)
(-1.5736 -1.68688 0)
(-8.05841 8.43538 0)
(1.18597 9.45369 0)
(8.34074 7.05674 0)
(1.49915 -4.19482 0)
(2.73404 -14.3182 0)
(0.366853 -6.97245 0)
(-7.97804 5.74072 0)
(-3.79032 9.13065 0)
(6.08998 8.72401 0)
(3.79993 2.00087 0)
(-1.10453 -12.3246 0)
(14.8025 22.362 0)
(4.51242 12.163 0)
(4.04277 -7.48522 0)
(-1.9989 -10.1655 0)
(-7.51647 -6.21875 0)
(-7.77265 -3.1911 0)
(-6.53281 -0.330046 0)
(-3.76744 1.47956 0)
(-0.251735 1.7681 0)
(2.09449 -0.0973712 0)
(0.696436 -5.47683 0)
(-3.12446 -9.79593 0)
(-6.3919 -5.18182 0)
(-7.60263 3.3678 0)
(-3.46504 6.52963 0)
(3.70183 6.15636 0)
(5.94601 1.7173 0)
(3.24857 -7.06071 0)
(0.604364 -9.65702 0)
(-2.95017 -1.83275 0)
(-6.48323 5.18936 0)
(-0.61622 6.3932 0)
(5.69935 5.833 0)
(4.04293 -0.517058 0)
(1.54102 -9.29258 0)
(-2.49689 -7.28098 0)
(-5.9657 2.31734 0)
(-3.93909 6.77034 0)
(3.18183 6.7612 0)
(6.43462 3.14013 0)
(2.2564 -6.55008 0)
(-1.30114 -10.3583 0)
(-3.27226 -1.387 0)
(-6.26533 6.19646 0)
(0.973679 6.87389 0)
(7.17021 5.04083 0)
(3.08275 -3.37695 0)
(1.88394 -10.4467 0)
(-1.88475 -4.6562 0)
(-7.25652 4.41105 0)
(-2.55906 6.81733 0)
(4.82679 6.51986 0)
(4.66953 1.14494 0)
(0.924176 -9.06721 0)
(8.35488 17.0732 0)
(8.95293 11.1291 0)
(6.96215 -2.57719 0)
(1.66637 -6.39116 0)
(-3.01575 -5.03216 0)
(-4.54799 -3.21911 0)
(-4.18754 -1.30056 0)
(-2.3101 0.0138719 0)
(0.132045 0.322344 0)
(1.70776 -0.943594 0)
(0.849808 -4.27389 0)
(-2.41431 -6.63646 0)
(-5.6219 -3.68115 0)
(-6.17115 1.54576 0)
(-2.62486 3.83232 0)
(2.39772 3.68631 0)
(4.68162 0.638923 0)
(2.53743 -4.83673 0)
(-0.742041 -6.1921 0)
(-3.7156 -1.05232 0)
(-4.79728 3.47435 0)
(-0.472486 4.23296 0)
(3.90115 3.73495 0)
(3.70487 -0.480425 0)
(1.55472 -5.7703 0)
(-2.44906 -4.4565 0)
(-4.94073 1.34197 0)
(-2.6681 4.38547 0)
(2.18252 4.40684 0)
(5.0339 1.85382 0)
(2.58147 -4.11753 0)
(-1.20393 -6.5297 0)
(-3.53896 -1.03358 0)
(-4.34984 3.94155 0)
(0.669413 4.42117 0)
(5.14943 3.10275 0)
(3.30864 -2.34566 0)
(0.976448 -6.57721 0)
(-2.6114 -2.66598 0)
(-5.31395 2.98123 0)
(-1.57163 4.54271 0)
(3.54305 4.29025 0)
(4.36673 0.465275 0)
(1.59197 -5.8326 0)
(4.14436 12.0161 0)
(8.15534 9.08394 0)
(7.41621 0.823532 0)
(4.21839 -2.92128 0)
(0.81295 -3.30528 0)
(-1.14628 -2.71073 0)
(-1.58834 -1.75649 0)
(-0.758413 -0.96288 0)
(0.622053 -0.719606 0)
(1.47279 -1.43003 0)
(0.792866 -3.11314 0)
(-1.5991 -4.11625 0)
(-3.93222 -2.51313 0)
(-4.14739 0.204278 0)
(-1.81908 1.63292 0)
(1.2322 1.641 0)
(2.7709 -0.0499657 0)
(1.4573 -2.8565 0)
(-1.17019 -3.39509 0)
(-3.18404 -0.574141 0)
(-3.12436 1.95103 0)
(-0.441389 2.43257 0)
(2.19177 2.00542 0)
(2.51418 -0.365217 0)
(0.92807 -3.012 0)
(-1.88355 -2.25757 0)
(-3.25479 0.680794 0)
(-1.61269 2.43031 0)
(1.29422 2.46063 0)
(3.15276 0.922263 0)
(1.95894 -2.19585 0)
(-0.842483 -3.45161 0)
(-2.72785 -0.662214 0)
(-2.59659 2.0782 0)
(0.389916 2.42366 0)
(3.06549 1.57579 0)
(2.4863 -1.36414 0)
(0.346494 -3.41229 0)
(-2.20819 -1.2258 0)
(-3.22654 1.7659 0)
(-0.87852 2.65203 0)
(2.2473 2.38628 0)
(3.17925 0.0853835 0)
(1.36973 -3.16743 0)
(2.19584 8.07165 0)
(5.24299 6.77239 0)
(5.82147 2.36574 0)
(4.57373 -0.51725 0)
(2.62503 -1.61175 0)
(1.1232 -1.87769 0)
(0.461966 -1.72503 0)
(0.597381 -1.42685 0)
(1.09782 -1.29174 0)
(1.32776 -1.55395 0)
(0.730517 -2.14916 0)
(-0.751931 -2.41938 0)
(-2.13031 -1.71985 0)
(-2.29121 -0.565428 0)
(-1.12778 0.1966 0)
(0.424608 0.30413 0)
(1.21936 -0.380798 0)
(0.539005 -1.47706 0)
(-1.01027 -1.57313 0)
(-2.08166 -0.31019 0)
(-1.81257 0.871451 0)
(-0.409116 1.14861 0)
(0.942947 0.865338 0)
(1.22517 -0.207323 0)
(0.300315 -1.24739 0)
(-1.19678 -0.898295 0)
(-1.78615 0.319628 0)
(-0.88683 1.12117 0)
(0.606416 1.13718 0)
(1.57356 0.382004 0)
(1.05782 -0.948094 0)
(-0.497237 -1.46579 0)
(-1.59029 -0.355653 0)
(-1.33494 0.848873 0)
(0.153515 1.064 0)
(1.46226 0.621919 0)
(1.31036 -0.625091 0)
(0.00629159 -1.35008 0)
(-1.37184 -0.361404 0)
(-1.65142 0.931522 0)
(-0.421976 1.32099 0)
(1.21004 1.08038 0)
(1.79977 -0.0423136 0)
(0.836351 -1.38404 0)
(1.24328 5.48609 0)
(2.78997 4.82745 0)
(3.63476 2.59037 0)
(3.41887 0.689592 0)
(2.60674 -0.433903 0)
(1.81907 -1.09475 0)
(1.34247 -1.4131 0)
(1.20628 -1.4873 0)
(1.22022 -1.43738 0)
(1.10138 -1.41754 0)
(0.644704 -1.46808 0)
(-0.118029 -1.45327 0)
(-0.794488 -1.22898 0)
(-0.95165 -0.869947 0)
(-0.54997 -0.546059 0)
(0.0453405 -0.390914 0)
(0.334931 -0.494831 0)
(0.0164729 -0.719182 0)
(-0.677728 -0.637119 0)
(-1.11849 -0.169427 0)
(-0.944285 0.267798 0)
(-0.326889 0.393188 0)
(0.253593 0.270169 0)
(0.380563 -0.0807103 0)
(-0.0300797 -0.367879 0)
(-0.637455 -0.24494 0)
(-0.845187 0.136268 0)
(-0.45532 0.4049 0)
(0.18611 0.408608 0)
(0.591248 0.133465 0)
(0.389003 -0.295605 0)
(-0.265211 -0.463675 0)
(-0.738348 -0.156887 0)
(-0.612531 0.225542 0)
(-0.0136137 0.323121 0)
(0.49978 0.170088 0)
(0.441601 -0.190885 0)
(-0.126074 -0.324405 0)
(-0.672496 0.0437593 0)
(-0.705589 0.457706 0)
(-0.15658 0.54492 0)
(0.550574 0.382896 0)
(0.791368 -0.0346699 0)
(0.3863 -0.436487 0)
(0.72318 3.85221 0)
(1.5491 3.51985 0)
(2.11177 2.2913 0)
(2.21259 1.10324 0)
(1.95753 0.159711 0)
(1.58537 -0.554868 0)
(1.28868 -1.03303 0)
(1.08782 -1.25562 0)
(0.926905 -1.26701 0)
(0.731336 -1.16908 0)
(0.465186 -1.06046 0)
(0.151079 -0.990089 0)
(-0.1203 -0.952797 0)
(-0.240215 -0.901668 0)
(-0.184428 -0.8003 0)
(-0.0571286 -0.643843 0)
(-0.023347 -0.498252 0)
(-0.16589 -0.390594 0)
(-0.396787 -0.266166 0)
(-0.526218 -0.110951 0)
(-0.4465 0.00389081 0)
(-0.223026 0.045311 0)
(-0.0268516 0.0329029 0)
(0.010654 -0.00893432 0)
(-0.118718 -0.0338872 0)
(-0.292511 -0.00320668 0)
(-0.343226 0.0572767 0)
(-0.209769 0.0979568 0)
(0.00306323 0.0949268 0)
(0.130242 0.0409781 0)
(0.0672816 -0.0389157 0)
(-0.135268 -0.0850032 0)
(-0.287114 -0.0582193 0)
(-0.256383 -0.00456408 0)
(-0.0862248 0.0215722 0)
(0.0550041 0.0192651 0)
(0.0306992 0.00644723 0)
(-0.1292 0.051304 0)
(-0.262265 0.166142 0)
(-0.22925 0.227052 0)
(-0.0251902 0.185359 0)
(0.207379 0.10145 0)
(0.263859 0.00474917 0)
(0.137089 -0.0541162 0)
(0.444006 2.74125 0)
(1.02336 2.63649 0)
(1.40174 1.92065 0)
(1.51428 1.15796 0)
(1.43938 0.423178 0)
(1.23556 -0.205092 0)
(0.989334 -0.667302 0)
(0.767163 -0.924455 0)
(0.573278 -0.987483 0)
(0.404644 -0.927691 0)
(0.263743 -0.839609 0)
(0.148931 -0.793865 0)
(0.0522404 -0.804017 0)
(-0.0231286 -0.81824 0)
(-0.0704662 -0.771832 0)
(-0.101081 -0.638923 0)
(-0.139107 -0.45794 0)
(-0.191587 -0.290526 0)
(-0.236685 -0.175678 0)
(-0.244248 -0.119018 0)
(-0.206076 -0.095419 0)
(-0.144386 -0.0756914 0)
(-0.0944017 -0.038554 0)
(-0.0829493 0.0116748 0)
(-0.104284 0.0494652 0)
(-0.126528 0.0522509 0)
(-0.121289 0.0272373 0)
(-0.0845525 0.00209239 0)
(-0.040663 -0.00352755 0)
(-0.016393 0.0122721 0)
(-0.0275662 0.0236343 0)
(-0.0643829 0.0108993 0)
(-0.0961256 -0.0218909 0)
(-0.0988652 -0.052274 0)
(-0.0788188 -0.0505759 0)
(-0.0636529 -0.0069089 0)
(-0.0697184 0.0632266 0)
(-0.0838309 0.128033 0)
(-0.0777987 0.1526 0)
(-0.0404095 0.123095 0)
(0.0157793 0.0627455 0)
(0.0618433 0.0270756 0)
(0.0599359 0.0359795 0)
(0.0352534 0.0572208 0)
(0.273048 1.93158 0)
(0.698481 1.96183 0)
(1.00651 1.5542 0)
(1.13594 1.06657 0)
(1.12217 0.549953 0)
(1.00743 0.0567161 0)
(0.824761 -0.332952 0)
(0.617025 -0.583585 0)
(0.428775 -0.695728 0)
(0.278677 -0.712029 0)
(0.171317 -0.693275 0)
(0.0956683 -0.686124 0)
(0.0342686 -0.699908 0)
(-0.026251 -0.706013 0)
(-0.087516 -0.665031 0)
(-0.140046 -0.561162 0)
(-0.174877 -0.419077 0)
(-0.186623 -0.285673 0)
(-0.176621 -0.19619 0)
(-0.153312 -0.154472 0)
(-0.127915 -0.136055 0)
(-0.108297 -0.109467 0)
(-0.0955335 -0.0622875 0)
(-0.0856406 -0.0082437 0)
(-0.0736251 0.0289646 0)
(-0.0564773 0.031354 0)
(-0.0396232 0.00815032 0)
(-0.0299084 -0.0158381 0)
(-0.0266208 -0.0168725 0)
(-0.0262612 0.00397852 0)
(-0.0251685 0.0226022 0)
(-0.0229605 0.0188244 0)
(-0.0247732 -0.00880124 0)
(-0.0327525 -0.0358056 0)
(-0.0434955 -0.0359587 0)
(-0.0515288 0.000839844 0)
(-0.0515519 0.0546509 0)
(-0.0376961 0.0964985 0)
(-0.0124097 0.103711 0)
(0.0105356 0.0772267 0)
(0.0213567 0.0420313 0)
(0.0197521 0.03396 0)
(0.00997459 0.0571129 0)
(0.00835517 0.0756143 0)
(0.162669 1.33992 0)
(0.448858 1.42006 0)
(0.689051 1.19981 0)
(0.830965 0.906816 0)
(0.875441 0.5708 0)
(0.835132 0.231763 0)
(0.733578 -0.0681973 0)
(0.595545 -0.289761 0)
(0.449778 -0.429154 0)
(0.319048 -0.503598 0)
(0.212081 -0.54235 0)
(0.125681 -0.568179 0)
(0.0518227 -0.5855 0)
(-0.0160942 -0.584747 0)
(-0.0778486 -0.550401 0)
(-0.126348 -0.479288 0)
(-0.154446 -0.386706 0)
(-0.159943 -0.297699 0)
(-0.148075 -0.230901 0)
(-0.128838 -0.188118 0)
(-0.11115 -0.156701 0)
(-0.0981901 -0.121993 0)
(-0.0872086 -0.0797337 0)
(-0.0734956 -0.0383187 0)
(-0.0550074 -0.0105422 0)
(-0.0351551 -0.00243973 0)
(-0.0201672 -0.00856774 0)
(-0.0123833 -0.0154138 0)
(-0.00992455 -0.0122819 0)
(-0.00931562 -0.000373553 0)
(-0.00664966 0.00978332 0)
(-0.00244626 0.00851425 0)
(-0.00111126 -0.00338239 0)
(-0.00587659 -0.0136916 0)
(-0.015405 -0.00994236 0)
(-0.0229839 0.0110376 0)
(-0.0223235 0.0392336 0)
(-0.0118644 0.061613 0)
(0.00307483 0.0678404 0)
(0.0133635 0.0598409 0)
(0.0142439 0.0500932 0)
(0.0086841 0.0523733 0)
(0.0016195 0.0661573 0)
(0.00257573 0.0694229 0)
(0.0960309 0.916086 0)
(0.277875 0.997675 0)
(0.446194 0.881652 0)
(0.568528 0.71523 0)
(0.638482 0.51249 0)
(0.652791 0.295613 0)
(0.619621 0.0894067 0)
(0.551727 -0.0845525 0)
(0.465615 -0.216493 0)
(0.374988 -0.311169 0)
(0.287025 -0.377171 0)
(0.204908 -0.422562 0)
(0.129098 -0.449615 0)
(0.0599133 -0.455773 0)
(-0.000390575 -0.438126 0)
(-0.0479122 -0.398733 0)
(-0.0796434 -0.346249 0)
(-0.0954754 -0.292154 0)
(-0.098814 -0.244816 0)
(-0.095116 -0.205633 0)
(-0.0888519 -0.170624 0)
(-0.081671 -0.135477 0)
(-0.0727743 -0.100003 0)
(-0.0609677 -0.0683432 0)
(-0.0466149 -0.045348 0)
(-0.0321032 -0.0325261 0)
(-0.0203453 -0.0263541 0)
(-0.0127045 -0.021411 0)
(-0.00847079 -0.0146126 0)
(-0.00573491 -0.00653811 0)
(-0.00286599 -0.000287567 0)
(-8.25736e-05 0.00131771 0)
(0.000520607 -0.00020463 0)
(-0.00203253 -0.000382204 0)
(-0.00642981 0.00481483 0)
(-0.0101358 0.0164383 0)
(-0.0103347 0.0307412 0)
(-0.0062881 0.0429419 0)
(-0.000512746 0.0500359 0)
(0.00329221 0.0528756 0)
(0.00332267 0.0553364 0)
(0.00125795 0.060932 0)
(-0.00155637 0.0684206 0)
(0.00105815 0.0647024 0)
(0.0572649 0.6158 0)
(0.171329 0.681568 0)
(0.281516 0.619936 0)
(0.370577 0.528127 0)
(0.434454 0.41198 0)
(0.467679 0.282046 0)
(0.471304 0.150747 0)
(0.451069 0.0283742 0)
(0.41222 -0.0760779 0)
(0.361339 -0.161198 0)
(0.305192 -0.228215 0)
(0.246641 -0.278291 0)
(0.188246 -0.311741 0)
(0.132512 -0.328186 0)
(0.0820232 -0.327919 0)
(0.0392711 -0.313391 0)
(0.00587399 -0.288967 0)
(-0.0181107 -0.259781 0)
(-0.0339114 -0.229661 0)
(-0.0434804 -0.200023 0)
(-0.0486197 -0.170768 0)
(-0.0502359 -0.141608 0)
(-0.0486403 -0.113513 0)
(-0.0441733 -0.0884681 0)
(-0.0377266 -0.0681829 0)
(-0.0307044 -0.0528573 0)
(-0.0244279 -0.0410867 0)
(-0.0195703 -0.0310513 0)
(-0.016053 -0.0217104 0)
(-0.0133422 -0.0132783 0)
(-0.0111377 -0.00658201 0)
(-0.00968923 -0.00195234 0)
(-0.00933896 0.00152392 0)
(-0.0101364 0.00554046 0)
(-0.0116327 0.011278 0)
(-0.0128802 0.0188782 0)
(-0.0129561 0.0273837 0)
(-0.0116315 0.0354906 0)
(-0.00953469 0.0424802 0)
(-0.00759629 0.0485219 0)
(-0.00625995 0.0542987 0)
(-0.00489957 0.0601082 0)
(-0.00407673 0.0652149 0)
(5.63845e-05 0.0595137 0)
(0.034062 0.404127 0)
(0.105102 0.451703 0)
(0.174497 0.41852 0)
(0.233965 0.368424 0)
(0.281381 0.303807 0)
(0.313231 0.229264 0)
(0.328861 0.150384 0)
(0.329301 0.0726738 0)
(0.317408 -0.000496166 0)
(0.295218 -0.0646488 0)
(0.26515 -0.119151 0)
(0.230443 -0.163083 0)
(0.193234 -0.195847 0)
(0.155543 -0.217184 0)
(0.119329 -0.227481 0)
(0.08625 -0.228022 0)
(0.0574479 -0.22085 0)
(0.0334399 -0.208253 0)
(0.0142414 -0.192071 0)
(-0.000900044 -0.173592 0)
(-0.0124091 -0.153633 0)
(-0.0203665 -0.132945 0)
(-0.025316 -0.112507 0)
(-0.0277305 -0.0933897 0)
(-0.028252 -0.0763748 0)
(-0.0276519 -0.0616551 0)
(-0.0265606 -0.0488731 0)
(-0.0253523 -0.0375305 0)
(-0.0241751 -0.0273481 0)
(-0.0230554 -0.0183633 0)
(-0.0220556 -0.0107015 0)
(-0.0213028 -0.00426139 0)
(-0.0208801 0.0014129 0)
(-0.0207424 0.0069011 0)
(-0.0207037 0.012671 0)
(-0.0204764 0.018826 0)
(-0.0197912 0.0251675 0)
(-0.018534 0.0314293 0)
(-0.0167507 0.0374589 0)
(-0.0145483 0.043204 0)
(-0.0119614 0.0485889 0)
(-0.00872924 0.0533702 0)
(-0.00570379 0.0570508 0)
(-0.000898346 0.0513416 0)
(0.0200374 0.256001 0)
(0.0637732 0.287862 0)
(0.106328 0.269939 0)
(0.144298 0.242858 0)
(0.176557 0.207623 0)
(0.201001 0.166176 0)
(0.217026 0.120885 0)
(0.22458 0.0742826 0)
(0.224244 0.0286942 0)
(0.216874 -0.0143756 0)
(0.203618 -0.0527971 0)
(0.185835 -0.085689 0)
(0.164831 -0.112309 0)
(0.141957 -0.132238 0)
(0.118481 -0.14547 0)
(0.0954982 -0.15243 0)
(0.0738732 -0.153889 0)
(0.0541895 -0.150795 0)
(0.0367726 -0.144088 0)
(0.0217295 -0.134658 0)
(0.00906901 -0.123158 0)
(-0.00122509 -0.110349 0)
(-0.00928752 -0.0969429 0)
(-0.0153736 -0.0835939 0)
(-0.0198376 -0.0708006 0)
(-0.0230454 -0.0588356 0)
(-0.0252658 -0.0477704 0)
(-0.0267157 -0.037584 0)
(-0.0275775 -0.0282574 0)
(-0.0279826 -0.0198389 0)
(-0.0280443 -0.0123283 0)
(-0.0278793 -0.00564734 0)
(-0.027564 0.000386596 0)
(-0.0270999 0.00599079 0)
(-0.0264195 0.0113588 0)
(-0.0254305 0.0165839 0)
(-0.0240536 0.0216711 0)
(-0.0222348 0.0265852 0)
(-0.0199479 0.0312816 0)
(-0.0171815 0.0356901 0)
(-0.0139177 0.0396824 0)
(-0.0100475 0.0430662 0)
(-0.00611744 0.0455643 0)
(-0.00149786 0.0406633 0)
(0.012431 0.1563 0)
(0.0407828 0.17622 0)
(0.0680115 0.166459 0)
(0.0930353 0.151785 0)
(0.115232 0.13265 0)
(0.133296 0.109889 0)
(0.146775 0.0845291 0)
(0.155411 0.0577226 0)
(0.159258 0.0306279 0)
(0.158756 0.00429004 0)
(0.154203 -0.0202304 0)
(0.146001 -0.042182 0)
(0.134976 -0.060955 0)
(0.121886 -0.0761403 0)
(0.107468 -0.0875497 0)
(0.0924143 -0.0952146 0)
(0.0773291 -0.0993557 0)
(0.0627041 -0.100328 0)
(0.0489153 -0.0985611 0)
(0.0362322 -0.0945161 0)
(0.0248291 -0.088658 0)
(0.014793 -0.0814546 0)
(0.0061184 -0.0733595 0)
(-0.00116286 -0.0647901 0)
(-0.00715719 -0.0560889 0)
(-0.0120778 -0.0475055 0)
(-0.016012 -0.0392195 0)
(-0.0190483 -0.031344 0)
(-0.0213642 -0.0239583 0)
(-0.0230544 -0.0171221 0)
(-0.0241501 -0.0108581 0)
(-0.0247854 -0.00515092 0)
(-0.0250455 5.48037e-05 0)
(-0.024928 0.00483864 0)
(-0.0243967 0.00927553 0)
(-0.023443 0.0134209 0)
(-0.0220738 0.0173046 0)
(-0.020284 0.0209314 0)
(-0.01807 0.0242853 0)
(-0.0154372 0.0273251 0)
(-0.0123904 0.0299796 0)
(-0.0088991 0.0321525 0)
(-0.00524853 0.0337101 0)
(-0.00151525 0.029899 0)
(0.00877596 0.093426 0)
(0.0296434 0.105305 0)
(0.0493929 0.0997774 0)
(0.0679555 0.091531 0)
(0.0849202 0.0807915 0)
(0.0993895 0.0679526 0)
(0.111047 0.0535058 0)
(0.119664 0.0380232 0)
(0.125149 0.0221167 0)
(0.127543 0.00639273 0)
(0.127019 -0.00870593 0)
(0.123852 -0.0225625 0)
(0.118392 -0.0347715 0)
(0.111044 -0.0450337 0)
(0.102246 -0.053162 0)
(0.0924341 -0.059086 0)
(0.0820213 -0.0628425 0)
(0.0713785 -0.0645573 0)
(0.0608233 -0.0644229 0)
(0.0506158 -0.062677 0)
(0.0409595 -0.0595848 0)
(0.0320035 -0.0554248 0)
(0.0238459 -0.0504749 0)
(0.0165402 -0.0449971 0)
(0.0100873 -0.0392253 0)
(0.00444921 -0.0333535 0)
(-0.000356196 -0.0275371 0)
(-0.00437475 -0.0218968 0)
(-0.00772369 -0.0165337 0)
(-0.0104208 -0.0114863 0)
(-0.0125368 -0.00680486 0)
(-0.0141515 -0.00250253 0)
(-0.0152293 0.00143237 0)
(-0.015815 0.00502709 0)
(-0.0159828 0.0083094 0)
(-0.0157336 0.0113097 0)
(-0.0150758 0.0140508 0)
(-0.0140245 0.0165435 0)
(-0.0125977 0.0187851 0)
(-0.0108186 0.0207591 0)
(-0.00870992 0.0224346 0)
(-0.00627772 0.0237697 0)
(-0.00366446 0.0247033 0)
(-0.0011567 0.0218127 0)
(0.00686322 0.0527712 0)
(0.0237955 0.0593113 0)
(0.039542 0.0560949 0)
(0.0545938 0.051355 0)
(0.0686443 0.0452059 0)
(0.0809824 0.03784 0)
(0.0913717 0.0295138 0)
(0.0996185 0.0205355 0)
(0.105617 0.0112411 0)
(0.109329 0.00195124 0)
(0.110821 -0.00699764 0)
(0.110247 -0.0153038 0)
(0.107794 -0.0227048 0)
(0.103688 -0.0289973 0)
(0.0981989 -0.0340426 0)
(0.0916155 -0.0377681 0)
(0.0842274 -0.0401645 0)
(0.0763119 -0.0412787 0)
(0.0681224 -0.0412042 0)
(0.0598814 -0.0400709 0)
(0.0517785 -0.0380329 0)
(0.0439716 -0.0352585 0)
(0.0365839 -0.0319211 0)
(0.0297018 -0.0281893 0)
(0.0233806 -0.0242189 0)
(0.0176583 -0.0201471 0)
(0.0125637 -0.0160913 0)
(0.00809098 -0.0121451 0)
(0.00419015 -0.00837355 0)
(0.000859907 -0.00482455 0)
(-0.0019002 -0.00153918 0)
(-0.00411085 0.00146712 0)
(-0.00582726 0.00419372 0)
(-0.00711619 0.00665288 0)
(-0.00798188 0.00886297 0)
(-0.00843685 0.0108444 0)
(-0.00850316 0.012616 0)
(-0.00820559 0.0141916 0)
(-0.00757102 0.0155775 0)
(-0.00663073 0.016772 0)
(-0.00541668 0.0177655 0)
(-0.00395444 0.0185416 0)
(-0.00230935 0.0190747 0)
(-0.00078879 0.016775 0)
(0.00547787 0.0245634 0)
(0.0194748 0.0273955 0)
(0.0321187 0.025591 0)
(0.0443719 0.0229907 0)
(0.0560092 0.0196416 0)
(0.0663832 0.0156334 0)
(0.0753002 0.0111038 0)
(0.0825792 0.00622233 0)
(0.088149 0.00117268 0)
(0.092032 -0.00383324 0)
(0.0942166 -0.00862942 0)
(0.0947195 -0.0130457 0)
(0.093647 -0.0169308 0)
(0.0911508 -0.0201645 0)
(0.0874132 -0.0226628 0)
(0.0826374 -0.0243794 0)
(0.0770378 -0.0253047 0)
(0.0708288 -0.0254624 0)
(0.0642142 -0.0249062 0)
(0.0573816 -0.0237136 0)
(0.0505008 -0.0219808 0)
(0.0437212 -0.0198104 0)
(0.037168 -0.0173116 0)
(0.0309406 -0.0145929 0)
(0.02511 -0.0117554 0)
(0.0197329 -0.00888755 0)
(0.0148755 -0.006066 0)
(0.010586 -0.00335224 0)
(0.0067921 -0.000814538 0)
(0.00345553 0.00152409 0)
(0.000629773 0.00364653 0)
(-0.00169001 0.00556707 0)
(-0.00353991 0.00724449 0)
(-0.0049497 0.00871643 0)
(-0.00593533 0.0099989 0)
(-0.00651866 0.0111102 0)
(-0.00672647 0.0120706 0)
(-0.00658787 0.0128984 0)
(-0.00613445 0.0136069 0)
(-0.00540194 0.0142044 0)
(-0.00442733 0.0146924 0)
(-0.00324305 0.0150666 0)
(-0.00188838 0.0153198 0)
(-0.000664798 0.0134249 0)
(0.00403426 0.0052271 0)
(0.0149368 0.00556764 0)
(0.0241955 0.00466489 0)
(0.0333369 0.00344156 0)
(0.0421381 0.00189897 0)
(0.0499903 7.86795e-05 0)
(0.0567666 -0.00194694 0)
(0.0623674 -0.00409005 0)
(0.0666535 -0.00625804 0)
(0.069492 -0.00833545 0)
(0.0708907 -0.010248 0)
(0.070928 -0.011911 0)
(0.0696867 -0.0132543 0)
(0.0672759 -0.0142231 0)
(0.0638341 -0.0147798 0)
(0.0595199 -0.0149073 0)
(0.0545027 -0.0146088 0)
(0.0489565 -0.0139063 0)
(0.0430597 -0.0128315 0)
(0.0369806 -0.0114409 0)
(0.0308869 -0.00982001 0)
(0.024924 -0.00800121 0)
(0.0191983 -0.00605593 0)
(0.013813 -0.00405361 0)
(0.00883273 -0.00205649 0)
(0.00429539 -0.000119528 0)
(0.000231136 0.00171392 0)
(-0.00336719 0.00340615 0)
(-0.00644185 0.00492462 0)
(-0.00893282 0.00625747 0)
(-0.0108428 0.00740241 0)
(-0.0122706 0.00835944 0)
(-0.0132653 0.00914382 0)
(-0.0137807 0.00977094 0)
(-0.0138544 0.0102619 0)
(-0.0135282 0.0106389 0)
(-0.0128356 0.0109245 0)
(-0.0118097 0.0111409 0)
(-0.010485 0.0113071 0)
(-0.00890025 0.0114368 0)
(-0.00709258 0.0115377 0)
(-0.0050873 0.0116103 0)
(-0.00292626 0.0116569 0)
(-0.000970937 0.0101859 0)
(0.00233963 -0.00647867 0)
(0.00963395 -0.00756564 0)
(0.0149668 -0.00790629 0)
(0.0204115 -0.00823797 0)
(0.025658 -0.00858691 0)
(0.0301268 -0.00893766 0)
(0.0337097 -0.00925987 0)
(0.0363086 -0.00951947 0)
(0.0378396 -0.0096859 0)
(0.0382426 -0.00975329 0)
(0.0375106 -0.00967844 0)
(0.0356879 -0.00944264 0)
(0.0328523 -0.00903554 0)
(0.0291241 -0.00845136 0)
(0.0246547 -0.00768877 0)
(0.019591 -0.00675467 0)
(0.0140739 -0.00566429 0)
(0.00824615 -0.00444053 0)
(0.00227644 -0.00312567 0)
(-0.00369292 -0.0017629 0)
(-0.00945804 -0.000327069 0)
(-0.0148558 0.00108763 0)
(-0.0198552 0.00244491 0)
(-0.0243928 0.00371449 0)
(-0.0283812 0.00486849 0)
(-0.0317505 0.00588168 0)
(-0.0344761 0.00673521 0)
(-0.0365474 0.00741577 0)
(-0.0379505 0.00794421 0)
(-0.038685 0.00831274 0)
(-0.0387743 0.00852831 0)
(-0.0382678 0.00858236 0)
(-0.0372072 0.00854138 0)
(-0.0356135 0.00840265 0)
(-0.0335353 0.00819157 0)
(-0.0310349 0.00793376 0)
(-0.0281658 0.00765184 0)
(-0.0249753 0.0073675 0)
(-0.0215138 0.00709866 0)
(-0.0178288 0.00685998 0)
(-0.0139508 0.00666026 0)
(-0.00988301 0.00650134 0)
(-0.00567333 0.0063894 0)
(-0.00181072 0.00555174 0)
(0.000337498 -0.0113323 0)
(0.00321082 -0.0129172 0)
(0.00376389 -0.0129254 0)
(0.00466882 -0.0126684 0)
(0.00545666 -0.0121968 0)
(0.0055701 -0.0115284 0)
(0.0049233 -0.0106738 0)
(0.00344118 -0.00964865 0)
(0.00109443 -0.00847938 0)
(-0.0021026 -0.00719659 0)
(-0.00611392 -0.00582278 0)
(-0.0108702 -0.00438368 0)
(-0.0162892 -0.00290678 0)
(-0.0222369 -0.00141774 0)
(-0.0285325 5.8463e-05 0)
(-0.0350431 0.00150057 0)
(-0.0416487 0.00288617 0)
(-0.0482057 0.00418972 0)
(-0.0545975 0.00538139 0)
(-0.0606302 0.00646659 0)
(-0.066223 0.00742234 0)
(-0.0713335 0.00819598 0)
(-0.0757892 0.00877478 0)
(-0.0794971 0.00915117 0)
(-0.0823935 0.0093215 0)
(-0.0844284 0.00928829 0)
(-0.0855721 0.0090574 0)
(-0.0858111 0.00864204 0)
(-0.0851471 0.00806502 0)
(-0.0835929 0.00735077 0)
(-0.0811704 0.0065281 0)
(-0.0779389 0.00562801 0)
(-0.0739691 0.00468805 0)
(-0.0692967 0.00373724 0)
(-0.0639994 0.00280528 0)
(-0.0581966 0.00192078 0)
(-0.0519801 0.00110852 0)
(-0.0454297 0.000384916 0)
(-0.0386395 -0.000239706 0)
(-0.0316876 -0.000761522 0)
(-0.0246026 -0.00118165 0)
(-0.0173601 -0.00150736 0)
(-0.00999817 -0.00173619 0)
(-0.00316066 -0.00161436 0)
(-0.00197251 -0.0102235 0)
(-0.00430845 -0.0115788 0)
(-0.00934675 -0.0113994 0)
(-0.0138406 -0.0107148 0)
(-0.0184275 -0.00962904 0)
(-0.023601 -0.00822223 0)
(-0.0293548 -0.0065684 0)
(-0.0356897 -0.00473603 0)
(-0.042575 -0.00278715 0)
(-0.0499021 -0.000774819 0)
(-0.0575265 0.00124829 0)
(-0.0653315 0.00323073 0)
(-0.0732155 0.00512818 0)
(-0.0811234 0.00690324 0)
(-0.0890136 0.00852447 0)
(-0.0967657 0.0099673 0)
(-0.104235 0.0112081 0)
(-0.111297 0.0122227 0)
(-0.117837 0.0130026 0)
(-0.123806 0.0135438 0)
(-0.12916 0.0137669 0)
(-0.133784 0.0137126 0)
(-0.137572 0.0133733 0)
(-0.140443 0.0127476 0)
(-0.142336 0.0118423 0)
(-0.143198 0.010674 0)
(-0.142986 0.00926508 0)
(-0.141667 0.007645 0)
(-0.139224 0.00585071 0)
(-0.135645 0.0039259 0)
(-0.130902 0.00191892 0)
(-0.125039 -0.000125717 0)
(-0.118144 -0.00214797 0)
(-0.110309 -0.00409589 0)
(-0.101622 -0.00591914 0)
(-0.0921633 -0.00757123 0)
(-0.0820666 -0.00901333 0)
(-0.0714914 -0.0102213 0)
(-0.0605742 -0.0111882 0)
(-0.0494456 -0.0119289 0)
(-0.0382282 -0.0124744 0)
(-0.0269258 -0.0128722 0)
(-0.0155582 -0.0131535 0)
(-0.00491703 -0.0117543 0)
(-0.00459371 -0.00380516 0)
(-0.0128964 -0.00435565 0)
(-0.0242738 -0.00406636 0)
(-0.0349393 -0.00307089 0)
(-0.0456288 -0.00158069 0)
(-0.0566676 0.000222087 0)
(-0.0678489 0.00219529 0)
(-0.0789774 0.00423883 0)
(-0.0898757 0.00629086 0)
(-0.10046 0.00831424 0)
(-0.110702 0.0102733 0)
(-0.120518 0.0121277 0)
(-0.129818 0.0138347 0)
(-0.13859 0.0153551 0)
(-0.146852 0.0166607 0)
(-0.154583 0.0177267 0)
(-0.16174 0.018527 0)
(-0.168277 0.0190383 0)
(-0.174154 0.0192361 0)
(-0.179361 0.0190833 0)
(-0.18387 0.0185799 0)
(-0.187612 0.0177235 0)
(-0.190525 0.0165082 0)
(-0.19255 0.0149404 0)
(-0.193629 0.01303 0)
(-0.193706 0.0107994 0)
(-0.19272 0.00827566 0)
(-0.190614 0.00549437 0)
(-0.18733 0.00249769 0)
(-0.182811 -0.000662893 0)
(-0.177044 -0.00392847 0)
(-0.16997 -0.00723689 0)
(-0.16153 -0.0105148 0)
(-0.151759 -0.0136863 0)
(-0.140683 -0.0166688 0)
(-0.128345 -0.0193808 0)
(-0.114852 -0.0217459 0)
(-0.100378 -0.0236969 0)
(-0.0851504 -0.0251939 0)
(-0.0694406 -0.0262438 0)
(-0.0535482 -0.026898 0)
(-0.0376028 -0.0272799 0)
(-0.0217058 -0.0275058 0)
(-0.00685004 -0.0245969 0)
(-0.00752728 0.00735505 0)
(-0.0225468 0.00806891 0)
(-0.0409685 0.00839823 0)
(-0.0583585 0.00943189 0)
(-0.0752328 0.0108565 0)
(-0.0917011 0.0123806 0)
(-0.107366 0.0138826 0)
(-0.121901 0.015311 0)
(-0.135123 0.0166622 0)
(-0.147027 0.0179528 0)
(-0.157706 0.019194 0)
(-0.16726 0.0203719 0)
(-0.175781 0.0214474 0)
(-0.18338 0.022377 0)
(-0.190163 0.0231224 0)
(-0.196215 0.0236477 0)
(-0.201596 0.0239147 0)
(-0.206344 0.023891 0)
(-0.210486 0.0235379 0)
(-0.214051 0.0228247 0)
(-0.217043 0.0217323 0)
(-0.219441 0.0202515 0)
(-0.221222 0.0183696 0)
(-0.22235 0.0160918 0)
(-0.222784 0.0134233 0)
(-0.222473 0.0103836 0)
(-0.221356 0.00699518 0)
(-0.219364 0.00328911 0)
(-0.216416 -0.000696747 0)
(-0.212414 -0.004916 0)
(-0.207267 -0.00931272 0)
(-0.200849 -0.013815 0)
(-0.193007 -0.018356 0)
(-0.183616 -0.0228534 0)
(-0.172544 -0.0272102 0)
(-0.159672 -0.031314 0)
(-0.144937 -0.0350341 0)
(-0.128366 -0.0382295 0)
(-0.110121 -0.0407677 0)
(-0.0905079 -0.0425719 0)
(-0.0700616 -0.0436156 0)
(-0.0491398 -0.04408 0)
(-0.0282864 -0.0441391 0)
(-0.00890464 -0.0395607 0)
(-0.0109008 0.0225526 0)
(-0.0335799 0.0247794 0)
(-0.0597237 0.0249118 0)
(-0.0839295 0.025253 0)
(-0.105979 0.0256993 0)
(-0.125958 0.0259109 0)
(-0.143389 0.0259525 0)
(-0.158215 0.0258954 0)
(-0.170559 0.0258397 0)
(-0.180701 0.0258663 0)
(-0.188975 0.0260104 0)
(-0.195704 0.026251 0)
(-0.201171 0.0265316 0)
(-0.205613 0.0267893 0)
(-0.209227 0.0269611 0)
(-0.212167 0.0269902 0)
(-0.214558 0.0268183 0)
(-0.216494 0.0263997 0)
(-0.218048 0.0256783 0)
(-0.219273 0.0246164 0)
(-0.220206 0.023179 0)
(-0.220867 0.0213514 0)
(-0.221263 0.0191085 0)
(-0.221389 0.0164516 0)
(-0.22123 0.0133758 0)
(-0.220756 0.00989373 0)
(-0.219928 0.00601795 0)
(-0.218687 0.00176827 0)
(-0.216948 -0.00282821 0)
(-0.214608 -0.00774098 0)
(-0.211546 -0.012929 0)
(-0.207587 -0.0183419 0)
(-0.202514 -0.0239296 0)
(-0.196074 -0.0296299 0)
(-0.187963 -0.0353656 0)
(-0.177832 -0.0410271 0)
(-0.165323 -0.0464567 0)
(-0.150105 -0.0514533 0)
(-0.131988 -0.055767 0)
(-0.110923 -0.0591755 0)
(-0.0874702 -0.0613858 0)
(-0.061874 -0.0625432 0)
(-0.0357576 -0.0625085 0)
(-0.0112855 -0.0562086 0)
(-0.0153849 0.0413008 0)
(-0.0471011 0.044695 0)
(-0.0807335 0.0439086 0)
(-0.110337 0.0420815 0)
(-0.134266 0.0402422 0)
(-0.1538 0.0380028 0)
(-0.168791 0.0357576 0)
(-0.179939 0.0336536 0)
(-0.187874 0.0318603 0)
(-0.193268 0.0304671 0)
(-0.196693 0.029483 0)
(-0.198634 0.0288381 0)
(-0.199476 0.0284275 0)
(-0.199513 0.028147 0)
(-0.198967 0.0279007 0)
(-0.198011 0.0276096 0)
(-0.196781 0.027192 0)
(-0.195389 0.0265898 0)
(-0.193922 0.0257264 0)
(-0.192449 0.0245642 0)
(-0.191025 0.023047 0)
(-0.189699 0.0211593 0)
(-0.18851 0.0188643 0)
(-0.187483 0.0161609 0)
(-0.186638 0.0130344 0)
(-0.185983 0.0094905 0)
(-0.185515 0.00553144 0)
(-0.185209 0.00116412 0)
(-0.185017 -0.00359916 0)
(-0.184872 -0.00874834 0)
(-0.18467 -0.0142642 0)
(-0.184253 -0.0201306 0)
(-0.183405 -0.0263304 0)
(-0.181834 -0.0328464 0)
(-0.179147 -0.039654 0)
(-0.174829 -0.0466978 0)
(-0.168248 -0.0538565 0)
(-0.158641 -0.0609444 0)
(-0.145263 -0.0676507 0)
(-0.127174 -0.0736772 0)
(-0.104539 -0.0782921 0)
(-0.0761174 -0.081587 0)
(-0.0453943 -0.0820806 0)
(-0.0147277 -0.0745282 0)
(-0.0222055 0.0637908 0)
(-0.0645306 0.066518 0)
(-0.102644 0.0633169 0)
(-0.13375 0.057134 0)
(-0.153825 0.0516942 0)
(-0.167677 0.0461819 0)
(-0.175678 0.0413286 0)
(-0.179608 0.0371529 0)
(-0.180497 0.033783 0)
(-0.17928 0.0312168 0)
(-0.176603 0.0293855 0)
(-0.172957 0.02814 0)
(-0.168695 0.0273095 0)
(-0.164063 0.0267416 0)
(-0.159235 0.0263069 0)
(-0.154346 0.0259099 0)
(-0.1495 0.0254494 0)
(-0.144795 0.0248619 0)
(-0.140311 0.0240549 0)
(-0.136119 0.0229954 0)
(-0.132288 0.0216102 0)
(-0.128888 0.0198877 0)
(-0.125986 0.0177834 0)
(-0.123639 0.0152964 0)
(-0.12191 0.0124059 0)
(-0.120847 0.00911261 0)
(-0.1205 0.00541179 0)
(-0.120894 0.00129958 0)
(-0.122043 -0.00322543 0)
(-0.123945 -0.00816982 0)
(-0.126561 -0.0135364 0)
(-0.129809 -0.0193372 0)
(-0.13355 -0.0255963 0)
(-0.13756 -0.0323511 0)
(-0.141495 -0.0396509 0)
(-0.144835 -0.0475353 0)
(-0.146872 -0.0559813 0)
(-0.146554 -0.0649269 0)
(-0.142718 -0.074127 0)
(-0.133188 -0.0834508 0)
(-0.1176 -0.0917182 0)
(-0.0906869 -0.0993692 0)
(-0.0588891 -0.101883 0)
(-0.0205481 -0.0951122 0)
(-0.0325444 0.0906279 0)
(-0.0863319 0.0880404 0)
(-0.120932 0.0802558 0)
(-0.147108 0.067485 0)
(-0.156271 0.0577812 0)
(-0.159559 0.0489561 0)
(-0.157212 0.0418912 0)
(-0.152004 0.0361856 0)
(-0.144915 0.0318108 0)
(-0.136843 0.028599 0)
(-0.128252 0.0263746 0)
(-0.119463 0.0249052 0)
(-0.110667 0.0239618 0)
(-0.101984 0.0233563 0)
(-0.0934832 0.0229374 0)
(-0.0852274 0.0226045 0)
(-0.0772698 0.0222471 0)
(-0.0696767 0.0218057 0)
(-0.0625113 0.02118 0)
(-0.0558439 0.0203429 0)
(-0.0497571 0.0192156 0)
(-0.0443367 0.0177924 0)
(-0.0396784 0.0160261 0)
(-0.0358724 0.0139181 0)
(-0.0330224 0.0114462 0)
(-0.0312222 0.0086087 0)
(-0.0305732 0.00539791 0)
(-0.0311611 0.00180336 0)
(-0.0330682 -0.00218429 0)
(-0.0363687 -0.00658182 0)
(-0.0411139 -0.011407 0)
(-0.0473301 -0.0166916 0)
(-0.055006 -0.0224888 0)
(-0.0640661 -0.0288836 0)
(-0.0743412 -0.0359932 0)
(-0.0854866 -0.0439596 0)
(-0.0969872 -0.0528843 0)
(-0.107819 -0.0629084 0)
(-0.116903 -0.0739742 0)
(-0.120918 -0.0864508 0)
(-0.119781 -0.0989149 0)
(-0.101176 -0.113178 0)
(-0.0769296 -0.11995 0)
(-0.0299447 -0.118973 0)
(-0.0459088 0.122044 0)
(-0.109887 0.105835 0)
(-0.127003 0.0913666 0)
(-0.140715 0.0708963 0)
(-0.132828 0.0574489 0)
(-0.122809 0.046238 0)
(-0.109116 0.0379822 0)
(-0.0950395 0.0316551 0)
(-0.0808967 0.0270278 0)
(-0.0672386 0.0237583 0)
(-0.0541222 0.0215838 0)
(-0.0415693 0.0202157 0)
(-0.0295408 0.0193947 0)
(-0.0179937 0.018921 0)
(-0.00688374 0.0186399 0)
(0.00380628 0.0184584 0)
(0.0140747 0.0182688 0)
(0.0238858 0.0180216 0)
(0.0331891 0.0176202 0)
(0.041912 0.0170436 0)
(0.0499581 0.0162165 0)
(0.0572222 0.0151394 0)
(0.0635805 0.0137677 0)
(0.0689101 0.0121056 0)
(0.0730695 0.0101331 0)
(0.0759235 0.0078481 0)
(0.0773236 0.0052435 0)
(0.0771294 0.00230628 0)
(0.0751964 -0.000974787 0)
(0.0713782 -0.0046208 0)
(0.0655347 -0.0086553 0)
(0.0575296 -0.0131176 0)
(0.0472359 -0.0180741 0)
(0.0345522 -0.0236355 0)
(0.0194095 -0.0299604 0)
(0.00185985 -0.0372654 0)
(-0.0179996 -0.0457532 0)
(-0.0394859 -0.0557696 0)
(-0.0622615 -0.0674842 0)
(-0.0823562 -0.0819927 0)
(-0.101845 -0.0979586 0)
(-0.0991872 -0.119921 0)
(-0.0969673 -0.133138 0)
(-0.0422296 -0.146735 0)
(-0.0577212 0.156719 0)
(-0.12733 0.115877 0)
(-0.109074 0.0938166 0)
(-0.104319 0.0667314 0)
(-0.0765997 0.0512432 0)
(-0.0537372 0.0392628 0)
(-0.0303586 0.031079 0)
(-0.00965243 0.0250744 0)
(0.00920294 0.020869 0)
(0.0261927 0.0180059 0)
(0.041768 0.0161881 0)
(0.0562383 0.015115 0)
(0.0698752 0.0145328 0)
(0.0828665 0.0142558 0)
(0.0953498 0.0141438 0)
(0.107402 0.0141209 0)
(0.119059 0.0140918 0)
(0.130303 0.0140202 0)
(0.141088 0.0138211 0)
(0.151332 0.013481 0)
(0.160921 0.012934 0)
(0.169729 0.0121853 0)
(0.177604 0.0111966 0)
(0.184394 0.00997406 0)
(0.189925 0.00850233 0)
(0.19403 0.00677971 0)
(0.196522 0.00480149 0)
(0.197221 0.00255526 0)
(0.195934 3.12616e-05 0)
(0.192459 -0.00279066 0)
(0.186586 -0.00593274 0)
(0.178094 -0.00943167 0)
(0.166741 -0.0133527 0)
(0.152271 -0.0178079 0)
(0.134386 -0.0229639 0)
(0.112826 -0.0290651 0)
(0.0871765 -0.0363601 0)
(0.0576119 -0.0453268 0)
(0.0232243 -0.0563037 0)
(-0.0119798 -0.0710559 0)
(-0.05451 -0.0886321 0)
(-0.0734557 -0.117146 0)
(-0.111128 -0.137795 0)
(-0.052409 -0.177345 0)
(-0.0571876 0.190576 0)
(-0.124603 0.114932 0)
(-0.0548844 0.0864211 0)
(-0.0298194 0.0562265 0)
(0.0157047 0.0410245 0)
(0.0478551 0.0300145 0)
(0.0772037 0.0229788 0)
(0.101121 0.0179997 0)
(0.121696 0.0146462 0)
(0.139449 0.0124427 0)
(0.155295 0.0111127 0)
(0.16982 0.0103879 0)
(0.18347 0.0100511 0)
(0.196527 0.0099501 0)
(0.209179 0.00997117 0)
(0.221535 0.0100596 0)
(0.233643 0.0101387 0)
(0.245494 0.0101855 0)
(0.257032 0.0101304 0)
(0.268162 0.00996815 0)
(0.278752 0.00964524 0)
(0.288653 0.00916922 0)
(0.297692 0.00851048 0)
(0.305693 0.00767545 0)
(0.31246 0.00665383 0)
(0.317802 0.00544455 0)
(0.321512 0.00404558 0)
(0.323383 0.00244689 0)
(0.323195 0.000641354 0)
(0.320715 -0.00138692 0)
(0.315692 -0.00365542 0)
(0.307854 -0.00619278 0)
(0.296891 -0.00905271 0)
(0.282449 -0.0123316 0)
(0.264061 -0.0161752 0)
(0.24122 -0.0208108 0)
(0.21306 -0.0264752 0)
(0.179261 -0.0336702 0)
(0.137557 -0.0427933 0)
(0.0915276 -0.0559464 0)
(0.0287818 -0.0727738 0)
(-0.0127329 -0.104075 0)
(-0.105522 -0.131162 0)
(-0.0493216 -0.206876 0)
(-0.0268805 0.216294 0)
(-0.0827297 0.102006 0)
(0.0447671 0.0704335 0)
(0.0865432 0.0420344 0)
(0.143295 0.0292452 0)
(0.179252 0.0205183 0)
(0.209942 0.0152471 0)
(0.233459 0.011629 0)
(0.252885 0.00927429 0)
(0.269119 0.0077772 0)
(0.283378 0.00691929 0)
(0.296408 0.00649457 0)
(0.30874 0.00634082 0)
(0.32069 0.00634859 0)
(0.332453 0.0064357 0)
(0.344137 0.00656736 0)
(0.355786 0.00668692 0)
(0.367386 0.00678459 0)
(0.37887 0.00680672 0)
(0.390127 0.00675376 0)
(0.401012 0.00658681 0)
(0.411359 0.00631335 0)
(0.420984 0.00591278 0)
(0.429696 0.0053904 0)
(0.437292 0.00474034 0)
(0.443571 0.00396179 0)
(0.448322 0.00305473 0)
(0.451332 0.00201198 0)
(0.452375 0.000829059 0)
(0.451211 -0.000504659 0)
(0.447578 -0.00200134 0)
(0.441194 -0.00368015 0)
(0.431732 -0.00557939 0)
(0.418804 -0.00777044 0)
(0.401867 -0.0103628 0)
(0.380279 -0.0135348 0)
(0.352884 -0.0174742 0)
(0.319031 -0.0226086 0)
(0.275406 -0.0292977 0)
(0.224957 -0.0395161 0)
(0.149837 -0.0534299 0)
(0.090723 -0.0825115 0)
(-0.0617864 -0.112901 0)
(-0.0157421 -0.228178 0)
(0.054961 0.224114 0)
(0.018454 0.0791926 0)
(0.193193 0.0493656 0)
(0.243391 0.0272997 0)
(0.302076 0.0181742 0)
(0.336071 0.0123046 0)
(0.363785 0.00890615 0)
(0.383949 0.00663744 0)
(0.400074 0.00520135 0)
(0.413201 0.00431316 0)
(0.424623 0.00382636 0)
(0.435106 0.00360746 0)
(0.445176 0.00355326 0)
(0.455124 0.0035966 0)
(0.465118 0.00368531 0)
(0.475249 0.00380037 0)
(0.485546 0.00390367 0)
(0.495985 0.00399637 0)
(0.506489 0.0040391 0)
(0.516942 0.00403595 0)
(0.527198 0.00396208 0)
(0.537089 0.00382315 0)
(0.546436 0.00360675 0)
(0.555049 0.00331613 0)
(0.562737 0.00294868 0)
(0.569306 0.00250347 0)
(0.574561 0.00198144 0)
(0.578303 0.00137801 0)
(0.580321 0.00069077 0)
(0.580394 -8.63905e-05 0)
(0.57828 -0.000960952 0)
(0.573721 -0.00194417 0)
(0.566416 -0.00305972 0)
(0.556004 -0.00435281 0)
(0.541956 -0.00589299 0)
(0.523621 -0.00779782 0)
(0.499775 -0.010193 0)
(0.469645 -0.0133758 0)
(0.429482 -0.0176194 0)
(0.381619 -0.0243813 0)
(0.30513 -0.0341322 0)
(0.238505 -0.0565846 0)
(0.0393113 -0.0856595 0)
(0.0689145 -0.231696 0)
(0.209476 0.204349 0)
(0.195047 0.0510516 0)
(0.386817 0.0280046 0)
(0.434925 0.0146736 0)
(0.486125 0.00936725 0)
(0.513591 0.00618328 0)
(0.535238 0.00437799 0)
(0.550288 0.00320733 0)
(0.562005 0.00247838 0)
(0.571325 0.00203492 0)
(0.579384 0.00179595 0)
(0.58683 0.00169283 0)
(0.594102 0.00167281 0)
(0.601431 0.00170302 0)
(0.608947 0.00175553 0)
(0.616713 0.00182206 0)
(0.624747 0.00188146 0)
(0.63302 0.00193672 0)
(0.641461 0.00196618 0)
(0.649966 0.00197331 0)
(0.658408 0.00194521 0)
(0.666642 0.0018848 0)
(0.674516 0.00178634 0)
(0.68187 0.00165078 0)
(0.688544 0.00147767 0)
(0.694377 0.0012658 0)
(0.699207 0.00101621 0)
(0.702872 0.000726333 0)
(0.705202 0.000395045 0)
(0.706015 1.94401e-05 0)
(0.705118 -0.00040446 0)
(0.702302 -0.000882458 0)
(0.697329 -0.00142678 0)
(0.689904 -0.00206087 0)
(0.679593 -0.00282035 0)
(0.665845 -0.00376691 0)
(0.647588 -0.00497029 0)
(0.624126 -0.0065904 0)
(0.591997 -0.00880673 0)
(0.55297 -0.0124124 0)
(0.486848 -0.0179886 0)
(0.42548 -0.0314877 0)
(0.212951 -0.054214 0)
(0.223854 -0.20825 0)
(0.450981 0.159075 0)
(0.454148 0.0250623 0)
(0.61617 0.0116109 0)
(0.652062 0.00596372 0)
(0.68809 0.00364669 0)
(0.706338 0.00238242 0)
(0.720412 0.00165885 0)
(0.729881 0.00120572 0)
(0.737126 0.000923461 0)
(0.742784 0.000751581 0)
(0.747627 0.000655972 0)
(0.752085 0.000611667 0)
(0.756446 0.000599089 0)
(0.760866 0.000606935 0)
(0.765433 0.000623392 0)
(0.770191 0.000646057 0)
(0.77515 0.000666357 0)
(0.780293 0.000685309 0)
(0.785572 0.00069554 0)
(0.790923 0.000698004 0)
(0.796264 0.00068848 0)
(0.801501 0.000667044 0)
(0.806538 0.000632809 0)
(0.811271 0.000584758 0)
(0.815599 0.000523879 0)
(0.819418 0.000448664 0)
(0.822624 0.000360063 0)
(0.825114 0.000256809 0)
(0.826776 0.000138403 0)
(0.827496 3.92386e-06 0)
(0.827147 -0.00014849 0)
(0.825597 -0.000321161 0)
(0.822685 -0.000518955 0)
(0.818221 -0.000751052 0)
(0.811912 -0.00103078 0)
(0.803396 -0.0013815 0)
(0.791934 -0.00183306 0)
(0.777049 -0.00244493 0)
(0.756232 -0.00331375 0)
(0.730673 -0.00471472 0)
(0.68517 -0.00711145 0)
(0.641403 -0.0127919 0)
(0.465765 -0.0261985 0)
(0.461768 -0.160509 0)
(0.781448 0.0411849 0)
(0.789393 0.00451938 0)
(0.865412 0.00177666 0)
(0.880185 0.000920105 0)
(0.894654 0.000541881 0)
(0.901726 0.0003549 0)
(0.907153 0.000244609 0)
(0.910762 0.000177864 0)
(0.913515 0.000135759 0)
(0.915643 0.000109785 0)
(0.917433 9.44851e-05 0)
(0.919037 8.65563e-05 0)
(0.920562 8.32762e-05 0)
(0.922069 8.32486e-05 0)
(0.923596 8.45039e-05 0)
(0.925163 8.68244e-05 0)
(0.926778 8.88514e-05 0)
(0.928436 9.08471e-05 0)
(0.930127 9.17977e-05 0)
(0.931831 9.17137e-05 0)
(0.933524 9.02433e-05 0)
(0.935177 8.70539e-05 0)
(0.93676 8.24064e-05 0)
(0.938242 7.57624e-05 0)
(0.939588 6.75819e-05 0)
(0.940767 5.73762e-05 0)
(0.941744 4.54195e-05 0)
(0.942483 3.14614e-05 0)
(0.942949 1.54017e-05 0)
(0.943101 -2.84108e-06 0)
(0.942896 -2.36311e-05 0)
(0.942286 -4.73107e-05 0)
(0.941212 -7.46277e-05 0)
(0.939602 -0.000106968 0)
(0.937347 -0.000146195 0)
(0.934314 -0.00019561 0)
(0.930223 -0.000260087 0)
(0.924899 -0.000347504 0)
(0.917324 -0.000477058 0)
(0.907988 -0.000679695 0)
(0.890543 -0.0010665 0)
(0.873594 -0.00192156 0)
(0.792983 -0.00467519 0)
(0.785134 -0.0413904 0)
)
;

boundaryField
{
    movingWall
    {
        type            fixedValue;
        value           uniform (1 0 0);
    }
    fixedWalls
    {
        type            noSlip;
    }
    frontAndBack
    {
        type            empty;
    }
    defaultFaces
    {
        type            empty;
    }
}


// ************************************************************************* //
