/*--------------------------------*- C++ -*----------------------------------*\
  =========                 |
  \\      /  F ield         | OpenFOAM: The Open Source CFD Toolbox
   \\    /   O peration     | Website:  https://openfoam.org
    \\  /    A nd           | Version:  7
     \\/     M anipulation  |
\*---------------------------------------------------------------------------*/
FoamFile
{
    version     2.0;
    format      ascii;
    class       volVectorField;
    location    "0.35";
    object      U;
}
// * * * * * * * * * * * * * * * * * * * * * * * * * * * * * * * * * * * * * //

dimensions      [0 1 -1 0 0 0 0];

internalField   nonuniform List<vector> 
1936
(
(-10.5012 3.12602 0)
(-70.1833 195.817 0)
(-20.7951 432.045 0)
(6.49402 424.758 0)
(-6.50384 385.608 0)
(3.43119 396.548 0)
(12.3786 384.257 0)
(20.4712 339.814 0)
(15.8244 292.477 0)
(2.31789 277.446 0)
(-6.91277 288.29 0)
(-20.2193 361.259 0)
(-11.8901 478.034 0)
(32.7322 447.688 0)
(36.6328 291.719 0)
(12.6128 225.919 0)
(0.347872 230.385 0)
(-22.0037 292.98 0)
(-27.9744 445.983 0)
(17.1021 471.567 0)
(30.9852 318.701 0)
(2.63437 230.591 0)
(-9.00823 227.718 0)
(-30.0926 288.003 0)
(-29.1392 457.58 0)
(29.9881 486.907 0)
(42.8807 320.01 0)
(20.9535 230.4 0)
(9.20355 229.664 0)
(-9.51644 264.389 0)
(-26.4671 390.923 0)
(-5.14257 489.962 0)
(35.77 393.171 0)
(24.0487 248.485 0)
(-0.445387 218.068 0)
(-12.271 235.945 0)
(-34.6245 347.903 0)
(-11.5349 491.69 0)
(34.1714 429.957 0)
(24.9023 268.866 0)
(2.649 218.366 0)
(-9.10758 220.121 0)
(-33.2382 299.975 0)
(-29.104 471.684 0)
(-11.7859 7.5812 0)
(-77.0415 0.0883605 0)
(-24.1085 -4.65186 0)
(4.93084 -2.38425 0)
(-8.56881 -0.729986 0)
(2.09218 -1.54023 0)
(11.638 -1.46565 0)
(18.6968 -0.257096 0)
(13.1548 1.51893 0)
(2.40824 2.40904 0)
(-3.68614 1.93405 0)
(-19.6826 -0.569276 0)
(-13.2025 -3.93795 0)
(33.1138 -3.55095 0)
(33.0246 0.562725 0)
(8.20951 3.54146 0)
(3.74823 3.66754 0)
(-20.162 1.28072 0)
(-29.7655 -2.81239 0)
(17.9408 -3.99331 0)
(29.1174 0.0163738 0)
(-0.708746 3.58459 0)
(-4.39951 3.55838 0)
(-25.5591 0.215984 0)
(-30.3637 -4.68842 0)
(30.8382 -5.01573 0)
(39.6822 -0.671202 0)
(14.3717 2.86557 0)
(10.4286 3.64029 0)
(-7.70157 2.49806 0)
(-28.9134 -0.70929 0)
(-6.00553 -4.2478 0)
(35.2064 -2.80533 0)
(19.3019 2.13754 0)
(-0.701921 4.1293 0)
(-6.77251 2.73763 0)
(-33.8293 -1.13441 0)
(-12.3462 -4.65541 0)
(35.3663 -2.94312 0)
(21.4956 1.47747 0)
(-0.450943 3.7694 0)
(-3.57677 3.48423 0)
(-30.2766 0.141712 0)
(-30.8405 -4.40941 0)
(-2.8066 15.8095 0)
(-72.1062 0.839454 0)
(-26.8969 -10.134 0)
(3.4818 -5.04766 0)
(-6.62031 -1.40798 0)
(1.96455 -3.22637 0)
(10.9984 -3.02354 0)
(18.0022 -0.403261 0)
(11.765 3.13701 0)
(0.558584 4.67214 0)
(-5.68503 4.04864 0)
(-21.7011 -0.784091 0)
(-14.1497 -8.50519 0)
(34.1038 -7.46691 0)
(32.9564 1.83903 0)
(5.01309 7.14643 0)
(0.259309 7.24453 0)
(-23.5312 3.05394 0)
(-30.1813 -6.22615 0)
(21.198 -8.74939 0)
(32.1751 0.456897 0)
(3.19366 7.08884 0)
(0.130658 7.04016 0)
(-24.0119 1.36362 0)
(-33.0854 -9.59857 0)
(29.7723 -10.6578 0)
(38.3074 -0.467898 0)
(7.62293 6.08376 0)
(2.56133 6.97574 0)
(-14.0166 5.27165 0)
(-30.7267 -1.70361 0)
(-2.03825 -9.46789 0)
(38.7552 -5.46973 0)
(19.336 4.76182 0)
(0.208526 7.96462 0)
(-6.711 5.8405 0)
(-35.8511 -1.75637 0)
(-13.5645 -10.1864 0)
(36.8983 -6.23172 0)
(24.2572 3.54067 0)
(1.54396 7.34452 0)
(-2.26904 7.06952 0)
(-31.5924 1.11033 0)
(-32.2087 -9.44784 0)
(5.90313 22.2197 0)
(-59.8593 2.46819 0)
(-24.1589 -14.0813 0)
(-2.05988 -7.83462 0)
(-7.83676 -2.4285 0)
(0.00277245 -4.61869 0)
(6.51968 -4.26587 0)
(11.1285 -0.401503 0)
(5.56559 4.54572 0)
(-1.3677 6.46173 0)
(-2.65632 5.6742 0)
(-14.6675 -1.07374 0)
(-11.5468 -12.3666 0)
(26.1183 -10.5949 0)
(21.9142 3.22644 0)
(-1.60874 10.2873 0)
(1.49566 10.0815 0)
(-16.3059 4.22925 0)
(-22.8968 -9.38505 0)
(18.3312 -12.7789 0)
(23.4956 0.693584 0)
(1.6635 9.68652 0)
(6.48289 9.95049 0)
(-11.8472 2.85769 0)
(-26.7291 -13.1897 0)
(22.045 -15.1192 0)
(25.2628 0.193437 0)
(-3.09575 9.14341 0)
(-1.18493 9.57661 0)
(-11.4358 6.98373 0)
(-23.1286 -3.28913 0)
(1.04535 -14.0399 0)
(30.1771 -7.29479 0)
(9.9471 7.03378 0)
(0.403954 10.9874 0)
(9.13265e-05 8.52268 0)
(-25.8048 -2.10271 0)
(-11.0744 -14.8063 0)
(28.4007 -9.12281 0)
(16.3186 5.13305 0)
(-0.39461 10.2716 0)
(3.57632 10.1502 0)
(-20.5957 2.10932 0)
(-25.6365 -13.568 0)
(13.6242 27.1084 0)
(-49.0951 4.71394 0)
(-20.8829 -16.2735 0)
(-6.2549 -10.4198 0)
(-9.09835 -4.0009 0)
(-2.52359 -5.82139 0)
(1.59027 -5.08611 0)
(4.32485 -0.2615 0)
(0.0356084 5.51349 0)
(-2.89686 7.4904 0)
(-0.819929 6.46237 0)
(-9.14684 -1.4826 0)
(-9.1124 -14.896 0)
(18.459 -12.4863 0)
(12.8093 4.43031 0)
(-6.23802 12.3982 0)
(3.36714 11.7499 0)
(-10.658 4.77837 0)
(-16.1581 -11.6588 0)
(15.3862 -15.3872 0)
(16.1163 0.729352 0)
(-0.728806 11.0277 0)
(9.31691 11.7303 0)
(-3.30513 4.24606 0)
(-20.7199 -14.9869 0)
(14.6658 -17.7457 0)
(14.8952 1.01691 0)
(-9.67668 11.3443 0)
(-1.65422 11.1392 0)
(-9.26653 7.64503 0)
(-16.1952 -5.03498 0)
(3.48822 -17.143 0)
(21.8709 -8.10524 0)
(2.45224 8.53631 0)
(0.0609607 12.7475 0)
(4.3271 10.3134 0)
(-17.3691 -2.18379 0)
(-8.54918 -17.7345 0)
(20.5333 -11.129 0)
(10.0493 6.08726 0)
(-3.00863 12.0991 0)
(7.53093 12.1135 0)
(-12.1095 2.92521 0)
(-19.4347 -16.0797 0)
(19.7334 30.3414 0)
(-38.3969 7.41664 0)
(-16.7314 -16.7649 0)
(-8.49564 -12.4742 0)
(-10.2356 -5.85947 0)
(-5.16387 -6.75869 0)
(-3.07033 -5.47488 0)
(-1.67646 -0.0825857 0)
(-4.24482 5.85759 0)
(-3.6114 7.69986 0)
(0.561608 6.41416 0)
(-5.00969 -1.9503 0)
(-6.8397 -16.0353 0)
(11.537 -13.1247 0)
(5.29103 5.26969 0)
(-8.48248 13.3078 0)
(5.43788 12.2778 0)
(-5.82147 4.81638 0)
(-10.1916 -12.9723 0)
(12.2512 -16.4961 0)
(9.63213 0.762867 0)
(-4.1062 11.2924 0)
(9.27516 12.3204 0)
(1.9588 5.24937 0)
(-15.0765 -15.1 0)
(8.35123 -18.5283 0)
(7.02457 1.70056 0)
(-12.174 12.3848 0)
(0.120384 11.7472 0)
(-6.02904 7.49546 0)
(-9.89377 -6.7299 0)
(4.82595 -18.5833 0)
(14.2369 -7.89385 0)
(-3.47114 9.2068 0)
(-0.551963 13.2766 0)
(6.99534 11.0801 0)
(-10.496 -2.03654 0)
(-6.01212 -18.9162 0)
(13.535 -12.156 0)
(4.46573 6.47283 0)
(-5.41765 12.8338 0)
(9.44716 12.8487 0)
(-5.66038 3.47786 0)
(-13.8041 -17.0003 0)
(23.0431 31.6601 0)
(-26.6818 10.2779 0)
(-11.4871 -15.6205 0)
(-8.56932 -13.6442 0)
(-10.6087 -7.59568 0)
(-7.2599 -7.39614 0)
(-6.60143 -5.4932 0)
(-6.02018 -0.021608 0)
(-6.73688 5.48121 0)
(-3.5765 7.07804 0)
(1.53633 5.67652 0)
(-2.08904 -2.41063 0)
(-4.71412 -15.8095 0)
(5.61429 -12.5654 0)
(-0.610972 5.53705 0)
(-8.25713 12.9614 0)
(6.45327 11.7892 0)
(-1.68178 4.41316 0)
(-5.12574 -13.2053 0)
(8.90505 -16.1015 0)
(4.07127 0.90417 0)
(-6.46518 10.7227 0)
(7.41961 11.7632 0)
(4.66835 5.60305 0)
(-9.74301 -13.8138 0)
(3.58222 -17.5972 0)
(1.41104 1.96424 0)
(-11.363 12.1447 0)
(2.07517 11.457 0)
(-1.82274 6.74475 0)
(-4.50983 -7.97313 0)
(4.84135 -18.3099 0)
(7.77057 -6.77996 0)
(-7.38602 9.0588 0)
(-1.06687 12.6503 0)
(8.09792 10.7775 0)
(-5.10991 -1.73308 0)
(-3.45881 -18.4231 0)
(7.62844 -12.0886 0)
(-0.509674 6.33019 0)
(-6.37839 12.5225 0)
(9.07581 12.4285 0)
(-1.01744 3.61424 0)
(-8.82172 -16.4312 0)
(23.2456 30.7694 0)
(-13.3024 12.7829 0)
(-5.34018 -12.9117 0)
(-6.5535 -13.5699 0)
(-9.57506 -8.78359 0)
(-8.14525 -7.68611 0)
(-8.38233 -5.28154 0)
(-8.17707 -0.215806 0)
(-7.35608 4.46933 0)
(-3.02393 5.79489 0)
(2.07353 4.48062 0)
(-0.102748 -2.87726 0)
(-2.80875 -14.352 0)
(0.961056 -10.9792 0)
(-4.74235 5.1371 0)
(-6.64158 11.4874 0)
(6.22969 10.4599 0)
(1.66513 3.61682 0)
(-1.14951 -12.3083 0)
(5.54444 -14.3282 0)
(-0.439422 1.09165 0)
(-6.80787 9.50701 0)
(5.18277 10.2697 0)
(5.73042 5.23647 0)
(-4.83389 -11.5508 0)
(0.495225 -15.2597 0)
(-2.21842 1.76907 0)
(-8.97794 10.7556 0)
(3.18426 10.3274 0)
(2.37536 5.56809 0)
(-0.515723 -8.35352 0)
(3.65346 -16.4895 0)
(2.81456 -5.17708 0)
(-8.88493 8.26753 0)
(-1.24174 11.0615 0)
(8.02572 9.60224 0)
(-1.01884 -1.48648 0)
(-1.04096 -16.4352 0)
(3.03992 -10.8966 0)
(-4.49239 5.73566 0)
(-5.87435 11.2606 0)
(7.45328 11.0444 0)
(2.11616 3.27241 0)
(-4.56207 -14.5844 0)
(19.7524 27.5402 0)
(-0.265687 14.2315 0)
(1.19138 -8.85815 0)
(-2.79917 -12.049 0)
(-6.87931 -9.05294 0)
(-7.41759 -7.53666 0)
(-8.29172 -4.96593 0)
(-8.23337 -0.664514 0)
(-6.55174 3.03384 0)
(-2.21902 4.1446 0)
(2.19955 2.99331 0)
(1.13612 -3.22533 0)
(-1.4523 -11.9655 0)
(-2.19235 -8.69513 0)
(-6.89818 4.15952 0)
(-4.91939 9.18922 0)
(5.23326 8.51411 0)
(3.94898 2.51689 0)
(1.42435 -10.4007 0)
(2.5928 -11.4981 0)
(-3.55977 1.12811 0)
(-5.75699 7.81457 0)
(3.4986 8.20635 0)
(5.80361 4.27957 0)
(-0.899919 -8.78265 0)
(-1.08017 -11.9482 0)
(-4.14345 1.25703 0)
(-6.5278 8.61872 0)
(3.27114 8.49303 0)
(5.18513 4.08772 0)
(1.80027 -7.65263 0)
(1.84363 -13.4886 0)
(-0.684948 -3.59486 0)
(-8.37404 6.96128 0)
(-0.996068 8.87232 0)
(7.19627 7.84256 0)
(1.82472 -1.37054 0)
(0.792886 -13.3233 0)
(-0.0124852 -8.73484 0)
(-6.73662 4.72656 0)
(-4.61595 9.28675 0)
(5.76532 9.04032 0)
(4.03986 2.52583 0)
(-1.25733 -11.8157 0)
(13.466 22.502 0)
(8.53613 14.0058 0)
(6.7377 -4.25331 0)
(1.66246 -9.21718 0)
(-3.02096 -8.19675 0)
(-5.20601 -6.86109 0)
(-6.66362 -4.55347 0)
(-6.77834 -1.23753 0)
(-5.01389 1.48663 0)
(-1.44556 2.39078 0)
(1.95259 1.43844 0)
(1.63445 -3.28634 0)
(-0.931729 -9.08383 0)
(-3.77652 -6.20658 0)
(-7.04635 2.83353 0)
(-3.61685 6.52573 0)
(3.92493 6.17103 0)
(4.73842 1.35586 0)
(2.36798 -7.82033 0)
(0.460512 -8.15998 0)
(-4.79636 0.932879 0)
(-4.32381 5.84085 0)
(2.36118 5.98042 0)
(5.05462 3.0031 0)
(1.30521 -5.96924 0)
(-1.53236 -8.26041 0)
(-4.58583 0.692022 0)
(-4.4936 6.20906 0)
(2.72846 6.20541 0)
(5.79033 2.59378 0)
(2.66374 -6.07267 0)
(0.273346 -9.87351 0)
(-2.8074 -2.31916 0)
(-6.77942 5.26474 0)
(-0.62818 6.50357 0)
(5.82925 5.74274 0)
(3.30227 -1.2397 0)
(1.54998 -9.65202 0)
(-1.64221 -6.08084 0)
(-6.79671 3.48576 0)
(-3.2755 6.93914 0)
(4.38044 6.76199 0)
(4.78929 1.60372 0)
(0.74731 -8.56989 0)
(7.33721 16.8375 0)
(10.8585 12.1473 0)
(9.3668 -0.393384 0)
(5.17736 -5.74774 0)
(0.743024 -6.35169 0)
(-2.27231 -5.63563 0)
(-4.15786 -3.97079 0)
(-4.56781 -1.70965 0)
(-3.29011 0.123859 0)
(-0.785871 0.802619 0)
(1.52117 0.0953869 0)
(1.5033 -3.00685 0)
(-0.891682 -6.24202 0)
(-3.94332 -4.0284 0)
(-5.7151 1.48379 0)
(-2.61133 3.96539 0)
(2.52009 3.78399 0)
(4.01491 0.434149 0)
(2.03772 -5.12301 0)
(-0.784501 -5.00402 0)
(-4.33299 0.642884 0)
(-3.01563 3.85123 0)
(1.42259 3.92081 0)
(3.70145 1.78121 0)
(1.8156 -3.5295 0)
(-1.33152 -4.8908 0)
(-3.81696 0.309384 0)
(-2.78649 3.91693 0)
(2.01094 3.91743 0)
(4.64891 1.37297 0)
(2.47983 -4.13464 0)
(-0.6103 -6.31482 0)
(-3.48287 -1.38574 0)
(-4.838 3.46823 0)
(-0.412321 4.2748 0)
(4.09098 3.63019 0)
(3.3956 -1.00454 0)
(1.36296 -6.05695 0)
(-2.14395 -3.5681 0)
(-5.2539 2.32267 0)
(-2.13447 4.59805 0)
(3.105 4.47669 0)
(4.32635 0.84041 0)
(1.44543 -5.3947 0)
(3.70573 11.6738 0)
(8.64055 9.42763 0)
(8.81579 1.9452 0)
(6.42322 -2.64176 0)
(3.06395 -4.05144 0)
(0.241987 -4.04278 0)
(-1.64036 -3.18594 0)
(-2.29931 -1.91136 0)
(-1.66276 -0.822454 0)
(-0.184054 -0.37671 0)
(1.13806 -0.832824 0)
(1.05855 -2.48096 0)
(-0.845079 -3.8957 0)
(-3.12674 -2.47555 0)
(-3.85974 0.420497 0)
(-1.78399 1.88924 0)
(1.25149 1.8054 0)
(2.4595 -0.114159 0)
(1.13118 -2.87215 0)
(-1.20955 -2.58578 0)
(-3.07497 0.406561 0)
(-1.96087 2.20542 0)
(0.633959 2.25238 0)
(2.1626 0.90455 0)
(1.29845 -1.74322 0)
(-0.948858 -2.38926 0)
(-2.49472 0.121599 0)
(-1.49121 2.0888 0)
(1.28012 2.08262 0)
(2.91688 0.551833 0)
(1.70199 -2.38292 0)
(-0.834146 -3.41514 0)
(-2.91392 -0.748567 0)
(-3.03265 1.92001 0)
(-0.331204 2.42469 0)
(2.36602 1.90805 0)
(2.44132 -0.675349 0)
(0.735871 -3.14201 0)
(-1.87588 -1.67228 0)
(-3.29849 1.40335 0)
(-1.26395 2.67055 0)
(1.89325 2.53651 0)
(3.03249 0.373748 0)
(1.26877 -2.82625 0)
(2.09148 7.78356 0)
(5.241 6.73563 0)
(6.25306 2.7516 0)
(5.36588 -0.477512 0)
(3.44391 -1.98792 0)
(1.51559 -2.47303 0)
(0.105164 -2.32269 0)
(-0.517434 -1.8447 0)
(-0.342774 -1.34733 0)
(0.308945 -1.10926 0)
(0.863622 -1.29228 0)
(0.64152 -1.89913 0)
(-0.596468 -2.2795 0)
(-1.93915 -1.53657 0)
(-2.23426 -0.233508 0)
(-1.16236 0.510213 0)
(0.346669 0.503542 0)
(1.01382 -0.340381 0)
(0.290896 -1.37482 0)
(-1.08072 -1.10238 0)
(-1.87467 0.254702 0)
(-1.21622 1.09855 0)
(0.103039 1.10464 0)
(0.933028 0.406845 0)
(0.578424 -0.671524 0)
(-0.592112 -0.915701 0)
(-1.31636 0.0464931 0)
(-0.70568 0.895869 0)
(0.651545 0.891831 0)
(1.44314 0.135018 0)
(0.832338 -1.12996 0)
(-0.688199 -1.5009 0)
(-1.84893 -0.346701 0)
(-1.68634 0.855467 0)
(-0.294353 1.12556 0)
(1.06619 0.795291 0)
(1.22554 -0.344524 0)
(0.179319 -1.24309 0)
(-1.25444 -0.527849 0)
(-1.75381 0.789292 0)
(-0.675831 1.34736 0)
(0.948522 1.20316 0)
(1.63887 0.165341 0)
(0.770603 -1.14925 0)
(1.23231 5.29551 0)
(2.70067 4.69313 0)
(3.59675 2.59835 0)
(3.4412 0.671794 0)
(2.60112 -0.593024 0)
(1.62667 -1.28514 0)
(0.827973 -1.58041 0)
(0.402491 -1.61678 0)
(0.360681 -1.53272 0)
(0.524488 -1.42483 0)
(0.60888 -1.37982 0)
(0.344629 -1.42373 0)
(-0.309048 -1.36754 0)
(-0.951014 -1.02151 0)
(-1.10736 -0.534756 0)
(-0.694302 -0.218207 0)
(-0.0985182 -0.164391 0)
(0.15651 -0.38357 0)
(-0.172568 -0.595307 0)
(-0.768738 -0.385805 0)
(-1.04398 0.145317 0)
(-0.730268 0.472082 0)
(-0.147455 0.451617 0)
(0.228114 0.171301 0)
(0.11253 -0.169627 0)
(-0.334766 -0.246183 0)
(-0.59028 0.0158101 0)
(-0.322646 0.278946 0)
(0.220478 0.275022 0)
(0.517118 -0.00421552 0)
(0.232531 -0.412539 0)
(-0.458708 -0.501294 0)
(-0.96196 -0.121936 0)
(-0.849135 0.288993 0)
(-0.252113 0.393117 0)
(0.310869 0.246146 0)
(0.375049 -0.104202 0)
(-0.0965827 -0.291117 0)
(-0.675558 0.00415545 0)
(-0.804974 0.437379 0)
(-0.324515 0.590762 0)
(0.374968 0.481498 0)
(0.672988 0.104747 0)
(0.346347 -0.292417 0)
(0.727049 3.72484 0)
(1.49202 3.41609 0)
(2.00512 2.24113 0)
(2.06002 1.08091 0)
(1.76128 0.138697 0)
(1.3135 -0.5627 0)
(0.899552 -1.04424 0)
(0.619334 -1.32304 0)
(0.480475 -1.42651 0)
(0.409414 -1.3896 0)
(0.307194 -1.26307 0)
(0.11314 -1.10907 0)
(-0.160989 -0.944208 0)
(-0.405026 -0.774958 0)
(-0.48592 -0.617325 0)
(-0.382348 -0.498796 0)
(-0.225063 -0.414674 0)
(-0.182068 -0.358128 0)
(-0.31229 -0.276907 0)
(-0.495747 -0.116788 0)
(-0.553638 0.0725866 0)
(-0.41743 0.16951 0)
(-0.1935 0.149743 0)
(-0.0494062 0.0667623 0)
(-0.0682726 -0.00770396 0)
(-0.187757 -0.030725 0)
(-0.249251 -0.00125806 0)
(-0.160379 0.0363848 0)
(0.000360801 0.0348303 0)
(0.0724569 -0.0188221 0)
(-0.0406521 -0.0916321 0)
(-0.275024 -0.0993323 0)
(-0.435872 -0.0239065 0)
(-0.38994 0.0509009 0)
(-0.198053 0.0657029 0)
(-0.0296955 0.041725 0)
(-0.020171 0.0193401 0)
(-0.163594 0.0636121 0)
(-0.311192 0.176285 0)
(-0.310153 0.257902 0)
(-0.130078 0.24056 0)
(0.106525 0.174866 0)
(0.19825 0.0931639 0)
(0.117473 0.0289382 0)
(0.448991 2.65623 0)
(1.0048 2.57473 0)
(1.36378 1.89811 0)
(1.44724 1.1726 0)
(1.34415 0.469481 0)
(1.11432 -0.151789 0)
(0.837436 -0.64882 0)
(0.589183 -0.994579 0)
(0.389443 -1.16886 0)
(0.224776 -1.18174 0)
(0.0788832 -1.07722 0)
(-0.0457662 -0.92126 0)
(-0.147603 -0.775708 0)
(-0.222647 -0.674448 0)
(-0.256663 -0.607923 0)
(-0.252839 -0.544134 0)
(-0.242815 -0.45161 0)
(-0.258572 -0.324303 0)
(-0.298476 -0.184747 0)
(-0.325646 -0.0643264 0)
(-0.30715 0.0102288 0)
(-0.239856 0.0358407 0)
(-0.160562 0.0267102 0)
(-0.11157 0.0147777 0)
(-0.101937 0.0119378 0)
(-0.114117 0.00463092 0)
(-0.118984 -0.0114777 0)
(-0.101562 -0.0262816 0)
(-0.0769979 -0.0230749 0)
(-0.075291 -0.00407521 0)
(-0.109007 0.0132473 0)
(-0.159804 0.0167133 0)
(-0.1918 0.00216761 0)
(-0.181469 -0.0244643 0)
(-0.143935 -0.0369195 0)
(-0.115624 -0.00831438 0)
(-0.115731 0.0587934 0)
(-0.13278 0.139326 0)
(-0.134892 0.184324 0)
(-0.10226 0.167516 0)
(-0.0445404 0.114833 0)
(0.0104617 0.0796857 0)
(0.02562 0.0875716 0)
(0.02508 0.100369 0)
(0.274497 1.87094 0)
(0.69576 1.92162 0)
(1.00607 1.54946 0)
(1.13817 1.09822 0)
(1.1287 0.606396 0)
(1.01539 0.1133 0)
(0.824992 -0.320621 0)
(0.599219 -0.647775 0)
(0.382377 -0.842161 0)
(0.188507 -0.904379 0)
(0.03399 -0.869738 0)
(-0.0727656 -0.781286 0)
(-0.141613 -0.689948 0)
(-0.183618 -0.62068 0)
(-0.209813 -0.567863 0)
(-0.229134 -0.507189 0)
(-0.246651 -0.419055 0)
(-0.260096 -0.305633 0)
(-0.260799 -0.190532 0)
(-0.241812 -0.101866 0)
(-0.206652 -0.0527583 0)
(-0.166013 -0.0343895 0)
(-0.131081 -0.02857 0)
(-0.107949 -0.0181119 0)
(-0.0946253 -0.00640333 0)
(-0.0855451 -0.00489494 0)
(-0.0798556 -0.0161399 0)
(-0.0789591 -0.0255868 0)
(-0.0819947 -0.0174036 0)
(-0.0877692 0.00733978 0)
(-0.092736 0.02911 0)
(-0.0940543 0.029262 0)
(-0.093678 0.00472392 0)
(-0.093956 -0.0241648 0)
(-0.0964658 -0.0313299 0)
(-0.101199 -0.00100358 0)
(-0.10192 0.0565677 0)
(-0.0904278 0.111387 0)
(-0.0652299 0.13399 0)
(-0.0362646 0.116461 0)
(-0.016217 0.0825879 0)
(-0.00803914 0.0691674 0)
(-0.00858067 0.0845147 0)
(0.00281831 0.0953976 0)
(0.159041 1.29497 0)
(0.444949 1.3883 0)
(0.686405 1.19527 0)
(0.837394 0.930396 0)
(0.894706 0.612226 0)
(0.86442 0.269749 0)
(0.767182 -0.0602866 0)
(0.620691 -0.330823 0)
(0.44892 -0.518356 0)
(0.280944 -0.617743 0)
(0.134103 -0.645025 0)
(0.0206671 -0.627248 0)
(-0.0603653 -0.590744 0)
(-0.118704 -0.550429 0)
(-0.160843 -0.506985 0)
(-0.192764 -0.45249 0)
(-0.215429 -0.381341 0)
(-0.225141 -0.298192 0)
(-0.219041 -0.216941 0)
(-0.198361 -0.151745 0)
(-0.169775 -0.10815 0)
(-0.141544 -0.0812983 0)
(-0.118886 -0.0623328 0)
(-0.102055 -0.0454737 0)
(-0.0885783 -0.0314116 0)
(-0.0771748 -0.0235367 0)
(-0.0695017 -0.0214451 0)
(-0.0669683 -0.0181349 0)
(-0.0672668 -0.00791639 0)
(-0.0667782 0.00730485 0)
(-0.0633281 0.0183841 0)
(-0.0577294 0.0165314 0)
(-0.0540635 0.00296795 0)
(-0.0557815 -0.010326 0)
(-0.0621559 -0.00971442 0)
(-0.0684721 0.0105614 0)
(-0.0682436 0.0436869 0)
(-0.0576074 0.0744345 0)
(-0.0390737 0.08937 0)
(-0.020999 0.0857114 0)
(-0.0107695 0.0748875 0)
(-0.00777025 0.0720278 0)
(-0.00815426 0.0810108 0)
(0.000229635 0.0802623 0)
(0.0896614 0.885776 0)
(0.269811 0.973982 0)
(0.433897 0.874681 0)
(0.56004 0.725833 0)
(0.638034 0.534523 0)
(0.660494 0.31715 0)
(0.631384 0.0972563 0)
(0.560132 -0.101672 0)
(0.460999 -0.258113 0)
(0.350375 -0.365097 0)
(0.241365 -0.426811 0)
(0.143432 -0.453804 0)
(0.0608843 -0.457646 0)
(-0.00653724 -0.446047 0)
(-0.06047 -0.421853 0)
(-0.102303 -0.385573 0)
(-0.132019 -0.338072 0)
(-0.148912 -0.28409 0)
(-0.153146 -0.230492 0)
(-0.146759 -0.183359 0)
(-0.133885 -0.145144 0)
(-0.118986 -0.115069 0)
(-0.104986 -0.0906301 0)
(-0.092727 -0.0702782 0)
(-0.081919 -0.053728 0)
(-0.0725038 -0.0410549 0)
(-0.0648647 -0.0310703 0)
(-0.0592731 -0.0214872 0)
(-0.0550066 -0.011035 0)
(-0.0506461 -0.00114417 0)
(-0.0456202 0.00493429 0)
(-0.040872 0.00521417 0)
(-0.0384195 0.00158065 0)
(-0.0391882 -0.000678175 0)
(-0.0422779 0.00365744 0)
(-0.0449829 0.0161346 0)
(-0.0439322 0.033568 0)
(-0.0377855 0.0501849 0)
(-0.0281089 0.0611696 0)
(-0.0185301 0.0655197 0)
(-0.0119475 0.0667279 0)
(-0.00812336 0.0692588 0)
(-0.00647196 0.0740548 0)
(7.07242e-05 0.068285 0)
(0.0515039 0.599517 0)
(0.16354 0.667978 0)
(0.267891 0.614668 0)
(0.356601 0.531782 0)
(0.422736 0.421796 0)
(0.459151 0.292542 0)
(0.46422 0.155798 0)
(0.4422 0.0244985 0)
(0.398334 -0.0896888 0)
(0.33926 -0.18056 0)
(0.273698 -0.246861 0)
(0.207535 -0.290747 0)
(0.144833 -0.315792 0)
(0.0880825 -0.325157 0)
(0.0386589 -0.321104 0)
(-0.00261662 -0.305597 0)
(-0.0351651 -0.281087 0)
(-0.0586558 -0.250907 0)
(-0.073441 -0.218557 0)
(-0.0806008 -0.18692 0)
(-0.0824152 -0.157633 0)
(-0.0808701 -0.131261 0)
(-0.0770931 -0.107846 0)
(-0.0722914 -0.0873611 0)
(-0.0670814 -0.0699154 0)
(-0.0618006 -0.0551345 0)
(-0.05674 -0.0423198 0)
(-0.0520691 -0.0307887 0)
(-0.0476707 -0.0204209 0)
(-0.0433454 -0.011839 0)
(-0.0392793 -0.00583569 0)
(-0.0360197 -0.00240959 0)
(-0.0341461 -0.0002644 0)
(-0.0337998 0.00271743 0)
(-0.0342116 0.00819137 0)
(-0.034139 0.0165487 0)
(-0.032593 0.0266094 0)
(-0.0291267 0.0365677 0)
(-0.024174 0.0449642 0)
(-0.0188326 0.0513857 0)
(-0.0140074 0.0563994 0)
(-0.00961639 0.0607596 0)
(-0.00642933 0.0644537 0)
(-0.000479303 0.0580973 0)
(0.0304123 0.398594 0)
(0.100567 0.447266 0)
(0.165778 0.417477 0)
(0.224039 0.371121 0)
(0.271528 0.309273 0)
(0.304115 0.235484 0)
(0.320118 0.155052 0)
(0.319379 0.074159 0)
(0.304696 -0.00164979 0)
(0.279351 -0.0679706 0)
(0.24607 -0.122566 0)
(0.208334 -0.164791 0)
(0.168973 -0.194937 0)
(0.130191 -0.213784 0)
(0.0936847 -0.222338 0)
(0.0607224 -0.221891 0)
(0.0322567 -0.214098 0)
(0.00877714 -0.20088 0)
(-0.00972403 -0.184139 0)
(-0.023643 -0.165491 0)
(-0.0335788 -0.146244 0)
(-0.0401479 -0.127051 0)
(-0.04398 -0.108651 0)
(-0.0460006 -0.0915397 0)
(-0.0467136 -0.0760159 0)
(-0.0462541 -0.0621022 0)
(-0.0450508 -0.0496368 0)
(-0.0433485 -0.0384477 0)
(-0.0412878 -0.0285939 0)
(-0.0390354 -0.0202137 0)
(-0.0368529 -0.0133939 0)
(-0.0350149 -0.00788485 0)
(-0.0336716 -0.00305625 0)
(-0.0327468 0.00188954 0)
(-0.031929 0.00751959 0)
(-0.0308047 0.0139502 0)
(-0.0290363 0.0208511 0)
(-0.0264674 0.0277421 0)
(-0.0231616 0.034207 0)
(-0.0193396 0.0400135 0)
(-0.0152153 0.0450697 0)
(-0.0107388 0.0492815 0)
(-0.00671943 0.0524019 0)
(-0.00118474 0.0469997 0)
(0.0182966 0.25645 0)
(0.0624003 0.288991 0)
(0.103117 0.272233 0)
(0.140655 0.246488 0)
(0.172959 0.212337 0)
(0.197772 0.171375 0)
(0.214076 0.125862 0)
(0.221456 0.0785047 0)
(0.220611 0.0319627 0)
(0.21251 -0.0113817 0)
(0.198252 -0.0498039 0)
(0.179472 -0.0822319 0)
(0.157689 -0.108107 0)
(0.134294 -0.127271 0)
(0.11052 -0.139899 0)
(0.0874114 -0.146469 0)
(0.0657862 -0.147721 0)
(0.0462023 -0.144572 0)
(0.0290081 -0.137993 0)
(0.0143345 -0.128897 0)
(0.00213173 -0.118093 0)
(-0.00776546 -0.106267 0)
(-0.015565 -0.094032 0)
(-0.0215304 -0.0819373 0)
(-0.0259571 -0.0702476 0)
(-0.0290761 -0.0592416 0)
(-0.0310798 -0.0490245 0)
(-0.0322809 -0.0396429 0)
(-0.0328544 -0.0311413 0)
(-0.0328664 -0.0235699 0)
(-0.0325462 -0.0168989 0)
(-0.0320475 -0.0109874 0)
(-0.031439 -0.0055861 0)
(-0.0307126 -0.000425484 0)
(-0.029767 0.00472188 0)
(-0.0284683 0.00992121 0)
(-0.0267176 0.0151138 0)
(-0.0244587 0.0201795 0)
(-0.0216848 0.0249871 0)
(-0.0184241 0.0294084 0)
(-0.0147174 0.0333057 0)
(-0.0105513 0.036523 0)
(-0.00640511 0.0388503 0)
(-0.00157987 0.034755 0)
(0.0117408 0.15868 0)
(0.0409893 0.179161 0)
(0.0678088 0.169795 0)
(0.0931016 0.155603 0)
(0.115738 0.136918 0)
(0.134403 0.114477 0)
(0.148522 0.0892656 0)
(0.157718 0.0624723 0)
(0.161781 0.0353583 0)
(0.161246 0.0090898 0)
(0.156731 -0.0152881 0)
(0.148598 -0.0369967 0)
(0.137599 -0.0554743 0)
(0.124521 -0.0703826 0)
(0.11011 -0.0815935 0)
(0.0950549 -0.0891734 0)
(0.0799597 -0.0933579 0)
(0.0653192 -0.0945113 0)
(0.0515119 -0.0930761 0)
(0.0387996 -0.0895254 0)
(0.0273353 -0.0843292 0)
(0.0172417 -0.0779357 0)
(0.00853603 -0.0707607 0)
(0.00113547 -0.0631729 0)
(-0.00505462 -0.0554718 0)
(-0.0101424 -0.0478868 0)
(-0.0142232 -0.0405798 0)
(-0.0174112 -0.0336796 0)
(-0.0198587 -0.027222 0)
(-0.0216721 -0.0212654 0)
(-0.0229341 -0.0158106 0)
(-0.0237379 -0.0108215 0)
(-0.0241577 -0.00621363 0)
(-0.0241701 -0.00187713 0)
(-0.0237445 0.00225261 0)
(-0.0229078 0.00621109 0)
(-0.0216325 0.00999889 0)
(-0.0199057 0.0135862 0)
(-0.0177335 0.0169244 0)
(-0.0151331 0.0199479 0)
(-0.0121294 0.0225737 0)
(-0.00874431 0.0247061 0)
(-0.00522442 0.0262226 0)
(-0.0014822 0.0233985 0)
(0.00846539 0.0957398 0)
(0.0301178 0.108061 0)
(0.0498326 0.102712 0)
(0.0687281 0.0947007 0)
(0.0860984 0.0842199 0)
(0.101045 0.0716393 0)
(0.113206 0.0574337 0)
(0.122304 0.042171 0)
(0.128182 0.0264703 0)
(0.130919 0.0109521 0)
(0.130719 -0.00383806 0)
(0.12783 -0.0173845 0)
(0.122619 -0.0293052 0)
(0.115489 -0.0393308 0)
(0.106871 -0.0473035 0)
(0.0972008 -0.0531752 0)
(0.0868885 -0.0569981 0)
(0.0763039 -0.0589082 0)
(0.0657646 -0.0591042 0)
(0.0555318 -0.0578251 0)
(0.0458109 -0.0553303 0)
(0.0367549 -0.0518842 0)
(0.0284632 -0.0477445 0)
(0.0209824 -0.0431489 0)
(0.0143261 -0.0383061 0)
(0.00848906 -0.0333885 0)
(0.00344295 -0.0285323 0)
(-0.000867741 -0.0238391 0)
(-0.00449668 -0.0193831 0)
(-0.00750677 -0.0151963 0)
(-0.00993472 -0.0113075 0)
(-0.0118066 -0.00770267 0)
(-0.0131328 -0.0043636 0)
(-0.0139791 -0.00124993 0)
(-0.0144153 0.00165157 0)
(-0.0144173 0.00436689 0)
(-0.0139843 0.00690342 0)
(-0.0131299 0.00925399 0)
(-0.0118746 0.0113994 0)
(-0.0102467 0.013309 0)
(-0.00827946 0.0149416 0)
(-0.0060176 0.0162485 0)
(-0.00359007 0.0171652 0)
(-0.001087 0.0152789 0)
(0.00668308 0.0546152 0)
(0.0241989 0.0614918 0)
(0.0399665 0.0583902 0)
(0.0552705 0.0538132 0)
(0.0695976 0.0478694 0)
(0.082242 0.0407491 0)
(0.0929537 0.0326997 0)
(0.101542 0.0240154 0)
(0.107865 0.015026 0)
(0.111842 0.00607325 0)
(0.1136 -0.00253414 0)
(0.113321 -0.0105 0)
(0.11114 -0.0175884 0)
(0.107277 -0.0236214 0)
(0.102004 -0.0284833 0)
(0.0956051 -0.0321211 0)
(0.0883671 -0.0345413 0)
(0.0805622 -0.0358019 0)
(0.0724418 -0.0360022 0)
(0.0642299 -0.03527 0)
(0.0561182 -0.0337528 0)
(0.0482625 -0.0316082 0)
(0.0407842 -0.0289942 0)
(0.0337741 -0.0260608 0)
(0.0272978 -0.0229438 0)
(0.0213916 -0.0197592 0)
(0.0160585 -0.0166023 0)
(0.0113036 -0.0135473 0)
(0.00714098 -0.0106417 0)
(0.0035782 -0.00792122 0)
(0.000580882 -0.00540477 0)
(-0.0019115 -0.0030848 0)
(-0.00392693 -0.000956166 0)
(-0.00548426 0.000978357 0)
(-0.00660101 0.0027528 0)
(-0.00728866 0.00438251 0)
(-0.00756398 0.00587724 0)
(-0.00744923 0.00724033 0)
(-0.00697225 0.00846803 0)
(-0.006167 0.00954953 0)
(-0.00507234 0.0104678 0)
(-0.00374546 0.0112006 0)
(-0.00225677 0.0117149 0)
(-0.000711654 0.0103885 0)
(0.00536094 0.0259718 0)
(0.019823 0.0290583 0)
(0.0325263 0.0273476 0)
(0.0450036 0.0248883 0)
(0.0568446 0.0217275 0)
(0.0674153 0.0179554 0)
(0.0765059 0.013712 0)
(0.0840168 0.00917073 0)
(0.0898761 0.00450165 0)
(0.0939705 -0.000129725 0)
(0.0963136 -0.00453697 0)
(0.0969892 -0.00858076 0)
(0.0960849 -0.012128 0)
(0.0937409 -0.0150764 0)
(0.0901363 -0.017361 0)
(0.0854718 -0.0189535 0)
(0.0799583 -0.0198614 0)
(0.0738049 -0.0201166 0)
(0.0672215 -0.0198006 0)
(0.0604052 -0.0189681 0)
(0.0535196 -0.0176985 0)
(0.0467085 -0.0160924 0)
(0.0400945 -0.0142497 0)
(0.0337774 -0.0122632 0)
(0.0278383 -0.0102167 0)
(0.0223596 -0.00818367 0)
(0.0173302 -0.00622037 0)
(0.0127513 -0.0043702 0)
(0.0087156 -0.00266199 0)
(0.00521999 -0.00111159 0)
(0.00221878 0.000278359 0)
(-0.000309841 0.00150544 0)
(-0.00237685 0.00257788 0)
(-0.0039865 0.0035177 0)
(-0.00515444 0.00434295 0)
(-0.00590233 0.00507168 0)
(-0.00625387 0.00571963 0)
(-0.00623571 0.00629795 0)
(-0.00587871 0.00681294 0)
(-0.00521853 0.00726587 0)
(-0.00429421 0.00765444 0)
(-0.00316596 0.00797699 0)
(-0.00189071 0.00821487 0)
(-0.000594103 0.00724965 0)
(0.00393282 0.00635066 0)
(0.0151637 0.00690337 0)
(0.0245006 0.00609393 0)
(0.0338587 0.00501638 0)
(0.0428356 0.00367624 0)
(0.0508592 0.00211395 0)
(0.0578167 0.000399439 0)
(0.0635061 -0.00138046 0)
(0.0677888 -0.00314224 0)
(0.0706775 -0.00481193 0)
(0.0721586 -0.00631882 0)
(0.0722424 -0.00759603 0)
(0.071021 -0.00859061 0)
(0.0686158 -0.00926572 0)
(0.0651652 -0.00959956 0)
(0.0608214 -0.00958812 0)
(0.0557604 -0.00930235 0)
(0.0501334 -0.00873012 0)
(0.0441651 -0.00785329 0)
(0.0380913 -0.00676567 0)
(0.0320116 -0.0055448 0)
(0.0260351 -0.00424587 0)
(0.0202799 -0.00292113 0)
(0.0148228 -0.00162007 0)
(0.00974334 -0.000385299 0)
(0.0050916 0.000746755 0)
(0.000923466 0.00174949 0)
(-0.00271628 0.00260743 0)
(-0.005842 0.00331313 0)
(-0.00844755 0.00386921 0)
(-0.010507 0.00428515 0)
(-0.0120673 0.00457361 0)
(-0.0131521 0.0047553 0)
(-0.0137478 0.004852 0)
(-0.0138958 0.00488714 0)
(-0.0136307 0.00488427 0)
(-0.0129835 0.00486589 0)
(-0.0119871 0.00485032 0)
(-0.0106758 0.00485111 0)
(-0.00908198 0.00487467 0)
(-0.00723101 0.00491974 0)
(-0.00518145 0.00496867 0)
(-0.00301463 0.00501581 0)
(-0.000927448 0.00439894 0)
(0.00225537 -0.00551194 0)
(0.00972836 -0.00640477 0)
(0.0150647 -0.00663971 0)
(0.0205771 -0.00680034 0)
(0.0258336 -0.00690551 0)
(0.030298 -0.00694454 0)
(0.0338667 -0.00690539 0)
(0.0364145 -0.00677831 0)
(0.0378428 -0.00654045 0)
(0.0381275 -0.00617656 0)
(0.0372852 -0.00567604 0)
(0.0353493 -0.00504385 0)
(0.0323954 -0.00428875 0)
(0.0285515 -0.0034254 0)
(0.0239613 -0.00247271 0)
(0.0186986 -0.00145772 0)
(0.012999 -0.000351064 0)
(0.00712955 0.000784565 0)
(0.00117999 0.00192131 0)
(-0.0047387 0.0030093 0)
(-0.0104782 0.00400194 0)
(-0.0159112 0.00487256 0)
(-0.0209466 0.0055995 0)
(-0.0254875 0.00616494 0)
(-0.0294573 0.00655728 0)
(-0.0328075 0.00677166 0)
(-0.0355016 0.00680855 0)
(-0.0375207 0.00667694 0)
(-0.0388713 0.00639182 0)
(-0.0395645 0.00597328 0)
(-0.0396146 0.00544497 0)
(-0.0390575 0.00483096 0)
(-0.0379259 0.00416933 0)
(-0.0362462 0.00348548 0)
(-0.0340766 0.00280794 0)
(-0.031485 0.00216407 0)
(-0.0285254 0.00157776 0)
(-0.0252506 0.00106714 0)
(-0.0217115 0.000647284 0)
(-0.017957 0.000325532 0)
(-0.0140381 0.000100787 0)
(-0.00997448 -4.20589e-05 0)
(-0.00580239 -0.000111932 0)
(-0.00180232 -0.00011473 0)
(0.000205909 -0.0103788 0)
(0.00302923 -0.0117717 0)
(0.00342953 -0.0116605 0)
(0.00421324 -0.0112078 0)
(0.00483017 -0.010461 0)
(0.00476176 -0.00944692 0)
(0.00393817 -0.00819263 0)
(0.00228154 -0.00673382 0)
(-0.000309922 -0.00511422 0)
(-0.00379904 -0.00337657 0)
(-0.00804982 -0.0015636 0)
(-0.0130118 0.00027599 0)
(-0.0186387 0.00209229 0)
(-0.0247865 0.0038418 0)
(-0.0312325 0.00548097 0)
(-0.0377893 0.00697696 0)
(-0.0443964 0.00840092 0)
(-0.0509713 0.00962655 0)
(-0.057357 0.0105815 0)
(-0.0634253 0.011283 0)
(-0.0690319 0.0117348 0)
(-0.0740523 0.011924 0)
(-0.0783885 0.0118438 0)
(-0.0819563 0.0114965 0)
(-0.0846935 0.0108921 0)
(-0.0865568 0.0100481 0)
(-0.0875188 0.00898904 0)
(-0.0875688 0.00774578 0)
(-0.0867134 0.0063544 0)
(-0.0849678 0.00485391 0)
(-0.0823566 0.00328621 0)
(-0.0789415 0.00169503 0)
(-0.0747839 0.00012338 0)
(-0.0699098 -0.00138845 0)
(-0.0644155 -0.00280226 0)
(-0.0584355 -0.00408695 0)
(-0.0520616 -0.00522098 0)
(-0.0454076 -0.00618924 0)
(-0.0385634 -0.00698918 0)
(-0.0315733 -0.00762155 0)
(-0.024476 -0.00808951 0)
(-0.0172776 -0.00839244 0)
(-0.0100264 -0.00854806 0)
(-0.00313476 -0.00754996 0)
(-0.00214303 -0.00909888 0)
(-0.00468936 -0.0102442 0)
(-0.00998909 -0.00994092 0)
(-0.0147264 -0.00905315 0)
(-0.0195772 -0.00768226 0)
(-0.0250099 -0.00591801 0)
(-0.0310116 -0.00384922 0)
(-0.0375877 -0.00156393 0)
(-0.0447364 0.000848684 0)
(-0.0523327 0.00332006 0)
(-0.0601826 0.00577553 0)
(-0.0681805 0.00814388 0)
(-0.0762345 0.0103618 0)
(-0.0842726 0.0123769 0)
(-0.0922489 0.0141481 0)
(-0.0999744 0.0156473 0)
(-0.107336 0.0167965 0)
(-0.114313 0.0176285 0)
(-0.120795 0.0180941 0)
(-0.12668 0.0181835 0)
(-0.131869 0.017899 0)
(-0.13627 0.0172421 0)
(-0.139802 0.016221 0)
(-0.1424 0.0148512 0)
(-0.144007 0.0131572 0)
(-0.144578 0.011171 0)
(-0.144075 0.0089316 0)
(-0.142473 0.00648526 0)
(-0.139759 0.00388371 0)
(-0.135921 0.00118334 0)
(-0.130938 -0.00155667 0)
(-0.124869 -0.00428002 0)
(-0.117816 -0.00691992 0)
(-0.10987 -0.0094152 0)
(-0.101098 -0.0117077 0)
(-0.0915697 -0.0137479 0)
(-0.0814309 -0.0154994 0)
(-0.0708113 -0.0169404 0)
(-0.0598587 -0.0180721 0)
(-0.0487485 -0.0189128 0)
(-0.037604 -0.0194907 0)
(-0.0264512 -0.0198454 0)
(-0.0153306 -0.02002 0)
(-0.00481442 -0.0177407 0)
(-0.00474619 -0.00247014 0)
(-0.0132564 -0.00280332 0)
(-0.0248425 -0.00240074 0)
(-0.0357035 -0.00121206 0)
(-0.0465873 0.000555916 0)
(-0.0578052 0.0027118 0)
(-0.0691463 0.0050952 0)
(-0.0804231 0.00758921 0)
(-0.0914479 0.0101045 0)
(-0.102144 0.0125748 0)
(-0.112487 0.0149435 0)
(-0.122368 0.0171544 0)
(-0.131684 0.019151 0)
(-0.140422 0.0208765 0)
(-0.148603 0.0222908 0)
(-0.156183 0.02336 0)
(-0.163092 0.0240066 0)
(-0.169364 0.0242658 0)
(-0.175007 0.0240988 0)
(-0.179948 0.0234932 0)
(-0.184139 0.0224461 0)
(-0.187535 0.0209606 0)
(-0.190088 0.0190486 0)
(-0.191752 0.0167295 0)
(-0.192481 0.0140326 0)
(-0.192224 0.010994 0)
(-0.190931 0.00765771 0)
(-0.188552 0.00407399 0)
(-0.185038 0.000298885 0)
(-0.180336 -0.00360354 0)
(-0.174438 -0.00756464 0)
(-0.167276 -0.0115124 0)
(-0.158802 -0.0153672 0)
(-0.149061 -0.019046 0)
(-0.138065 -0.022462 0)
(-0.125844 -0.0255315 0)
(-0.112502 -0.028176 0)
(-0.0981968 -0.0303331 0)
(-0.0831561 -0.0319683 0)
(-0.0676736 -0.0330875 0)
(-0.0520612 -0.0337331 0)
(-0.036487 -0.0340128 0)
(-0.0210917 -0.0340546 0)
(-0.00663724 -0.0302879 0)
(-0.00760563 0.00881629 0)
(-0.0226794 0.0097309 0)
(-0.0411135 0.0101502 0)
(-0.0585066 0.0113548 0)
(-0.0753619 0.0130386 0)
(-0.0918013 0.0149009 0)
(-0.107415 0.0168023 0)
(-0.12188 0.0186712 0)
(-0.135004 0.0204763 0)
(-0.146784 0.0221982 0)
(-0.157321 0.0238266 0)
(-0.166697 0.0253302 0)
(-0.174993 0.0266582 0)
(-0.182317 0.0277523 0)
(-0.18878 0.0285621 0)
(-0.194466 0.0290435 0)
(-0.199427 0.029155 0)
(-0.203732 0.0288361 0)
(-0.207445 0.0280971 0)
(-0.210575 0.02691 0)
(-0.213123 0.0252615 0)
(-0.215082 0.0231474 0)
(-0.216442 0.0205763 0)
(-0.21718 0.0175628 0)
(-0.217267 0.014133 0)
(-0.216658 0.010318 0)
(-0.215303 0.00615748 0)
(-0.213141 0.00169561 0)
(-0.210094 -0.0030171 0)
(-0.20607 -0.00792337 0)
(-0.20098 -0.0129586 0)
(-0.194688 -0.0180451 0)
(-0.187037 -0.0231093 0)
(-0.177906 -0.0280639 0)
(-0.167158 -0.0328077 0)
(-0.154667 -0.037227 0)
(-0.140362 -0.0411924 0)
(-0.124257 -0.0445661 0)
(-0.106501 -0.0472192 0)
(-0.087402 -0.0490655 0)
(-0.0675079 -0.0500591 0)
(-0.0472371 -0.0503495 0)
(-0.027201 -0.0501216 0)
(-0.00855694 -0.0447098 0)
(-0.0108845 0.0239989 0)
(-0.0334002 0.0263865 0)
(-0.059312 0.0265789 0)
(-0.0832834 0.0270644 0)
(-0.105056 0.0277485 0)
(-0.124748 0.0282812 0)
(-0.14186 0.0287129 0)
(-0.156352 0.0290863 0)
(-0.168335 0.0294709 0)
(-0.178086 0.0299103 0)
(-0.185937 0.0304177 0)
(-0.192207 0.0309544 0)
(-0.19717 0.0314538 0)
(-0.201069 0.0318424 0)
(-0.204105 0.0320506 0)
(-0.206442 0.032009 0)
(-0.208213 0.0316631 0)
(-0.209532 0.0309518 0)
(-0.210487 0.0298468 0)
(-0.211134 0.0283157 0)
(-0.21152 0.0263378 0)
(-0.211678 0.0238983 0)
(-0.211626 0.020999 0)
(-0.211372 0.0176455 0)
(-0.210911 0.0138564 0)
(-0.210222 0.00965306 0)
(-0.20927 0.00506516 0)
(-0.208005 0.000123726 0)
(-0.206342 -0.00513197 0)
(-0.20418 -0.0106635 0)
(-0.201398 -0.0164235 0)
(-0.19781 -0.0223576 0)
(-0.193192 -0.0284099 0)
(-0.187284 -0.0345132 0)
(-0.17978 -0.0405849 0)
(-0.170326 -0.0465141 0)
(-0.158554 -0.0521513 0)
(-0.144118 -0.0573014 0)
(-0.126801 -0.0617167 0)
(-0.106538 -0.0651546 0)
(-0.0839009 -0.0672862 0)
(-0.0592171 -0.0681968 0)
(-0.0342141 -0.0677523 0)
(-0.0108063 -0.0606311 0)
(-0.0152852 0.0426079 0)
(-0.0466314 0.0461081 0)
(-0.0798163 0.0453499 0)
(-0.108981 0.0436401 0)
(-0.132405 0.0420174 0)
(-0.15143 0.0400832 0)
(-0.165867 0.0382169 0)
(-0.176442 0.03653 0)
(-0.183773 0.0351606 0)
(-0.188524 0.0341576 0)
(-0.191265 0.0335116 0)
(-0.19248 0.0331349 0)
(-0.192555 0.0329176 0)
(-0.191792 0.0327459 0)
(-0.190424 0.0325221 0)
(-0.18864 0.0321511 0)
(-0.186594 0.031562 0)
(-0.184418 0.0306797 0)
(-0.182207 0.0294583 0)
(-0.180032 0.0278506 0)
(-0.177978 0.0258304 0)
(-0.176102 0.0233735 0)
(-0.174453 0.0204759 0)
(-0.173072 0.0171343 0)
(-0.171985 0.0133603 0)
(-0.171208 0.009165 0)
(-0.170741 0.00456753 0)
(-0.17056 -0.000415844 0)
(-0.170619 -0.00576222 0)
(-0.170851 -0.0114552 0)
(-0.171147 -0.0174714 0)
(-0.171337 -0.0237935 0)
(-0.171194 -0.0303986 0)
(-0.170416 -0.0372638 0)
(-0.168603 -0.0443565 0)
(-0.165238 -0.0516195 0)
(-0.159678 -0.058947 0)
(-0.15114 -0.0661654 0)
(-0.138838 -0.0729718 0)
(-0.121801 -0.0790346 0)
(-0.100196 -0.083564 0)
(-0.0728869 -0.08655 0)
(-0.0435 -0.0865008 0)
(-0.0141507 -0.0781177 0)
(-0.0220438 0.0648834 0)
(-0.0638418 0.0676581 0)
(-0.101362 0.0644557 0)
(-0.131896 0.0583642 0)
(-0.151309 0.0531191 0)
(-0.1645 0.0478928 0)
(-0.171775 0.0434021 0)
(-0.174949 0.0396242 0)
(-0.175037 0.0366578 0)
(-0.172965 0.0344557 0)
(-0.16938 0.0329372 0)
(-0.164778 0.0319341 0)
(-0.159518 0.0312769 0)
(-0.153858 0.0308035 0)
(-0.147992 0.0303887 0)
(-0.142072 0.0299158 0)
(-0.136232 0.0293009 0)
(-0.130585 0.0284567 0)
(-0.125222 0.0273312 0)
(-0.120225 0.0258641 0)
(-0.11569 0.0240288 0)
(-0.1117 0.0217947 0)
(-0.108331 0.0191554 0)
(-0.105656 0.0161016 0)
(-0.103741 0.0126402 0)
(-0.102643 0.00877476 0)
(-0.10241 0.00451654 0)
(-0.103064 -0.000130141 0)
(-0.104622 -0.00515891 0)
(-0.107079 -0.0105702 0)
(-0.110385 -0.0163637 0)
(-0.114446 -0.0225554 0)
(-0.119108 -0.0291622 0)
(-0.124135 -0.0362153 0)
(-0.129173 -0.0437525 0)
(-0.133699 -0.0518093 0)
(-0.136993 -0.0603875 0)
(-0.13798 -0.0694446 0)
(-0.135449 -0.0787535 0)
(-0.12718 -0.088138 0)
(-0.112789 -0.096337 0)
(-0.0871345 -0.103638 0)
(-0.0568121 -0.105482 0)
(-0.0199301 -0.0978513 0)
(-0.032338 0.0914755 0)
(-0.0855003 0.0888828 0)
(-0.11944 0.0810748 0)
(-0.144984 0.0683712 0)
(-0.153407 0.0588389 0)
(-0.155954 0.0502752 0)
(-0.152773 0.0435501 0)
(-0.14668 0.0382151 0)
(-0.138636 0.0342163 0)
(-0.129536 0.0313417 0)
(-0.119849 0.0294013 0)
(-0.109906 0.0281484 0)
(-0.099911 0.0273612 0)
(-0.0899975 0.0268401 0)
(-0.0802611 0.0264448 0)
(-0.0707908 0.0260477 0)
(-0.0616728 0.0255641 0)
(-0.0529835 0.0248959 0)
(-0.0448078 0.0239966 0)
(-0.0372364 0.0228009 0)
(-0.0303716 0.0212854 0)
(-0.0243193 0.0194177 0)
(-0.0191808 0.0171919 0)
(-0.0150645 0.014596 0)
(-0.0120741 0.0116354 0)
(-0.0103104 0.00830889 0)
(-0.00987181 0.00462376 0)
(-0.0108379 0.000576693 0)
(-0.0132904 -0.00383526 0)
(-0.0172961 -0.00862403 0)
(-0.0228952 -0.0138061 0)
(-0.0300989 -0.0194182 0)
(-0.0388782 -0.025509 0)
(-0.049145 -0.0321552 0)
(-0.060714 -0.0394597 0)
(-0.073239 -0.0475562 0)
(-0.0861869 -0.0565796 0)
(-0.0985161 -0.0666984 0)
(-0.109094 -0.0778855 0)
(-0.114555 -0.0904566 0)
(-0.114769 -0.102889 0)
(-0.0975521 -0.11679 0)
(-0.074865 -0.122794 0)
(-0.0293567 -0.120925 0)
(-0.0456703 0.122648 0)
(-0.108986 0.106396 0)
(-0.125456 0.0918925 0)
(-0.138543 0.0714669 0)
(-0.129914 0.0581652 0)
(-0.119139 0.0471896 0)
(-0.104562 0.0392399 0)
(-0.0895236 0.0332467 0)
(-0.0743103 0.0289593 0)
(-0.0594815 0.0259939 0)
(-0.0451077 0.0240713 0)
(-0.0312247 0.0228928 0)
(-0.0178135 0.0222109 0)
(-0.00484946 0.021813 0)
(0.007685 0.0215618 0)
(0.0197714 0.0213297 0)
(0.031369 0.0210425 0)
(0.0424349 0.0206078 0)
(0.052888 0.0199805 0)
(0.0626249 0.0191013 0)
(0.0715353 0.0179524 0)
(0.0794884 0.0165033 0)
(0.0863562 0.0147508 0)
(0.0919974 0.012683 0)
(0.0962713 0.0103056 0)
(0.0990387 0.00761565 0)
(0.100154 0.00461902 0)
(0.0994871 0.00130886 0)
(0.096896 -0.00231944 0)
(0.0922473 -0.00628464 0)
(0.0854139 -0.0106098 0)
(0.0762752 -0.0153401 0)
(0.0647241 -0.0205396 0)
(0.0506705 -0.0263096 0)
(0.0340681 -0.0327924 0)
(0.0149739 -0.040192 0)
(-0.00648862 -0.0487492 0)
(-0.0296266 -0.0588441 0)
(-0.0540587 -0.0706875 0)
(-0.0757826 -0.0853217 0)
(-0.0967991 -0.101301 0)
(-0.0956929 -0.122919 0)
(-0.0951065 -0.135324 0)
(-0.041748 -0.148026 0)
(-0.0574662 0.157106 0)
(-0.126444 0.1162 0)
(-0.10763 0.0941004 0)
(-0.102323 0.0670489 0)
(-0.0739345 0.0516754 0)
(-0.0503678 0.0398976 0)
(-0.0261178 0.0319765 0)
(-0.00442546 0.0262591 0)
(0.0155735 0.0223481 0)
(0.0338432 0.0197459 0)
(0.0508124 0.0181445 0)
(0.0667694 0.0172317 0)
(0.0819559 0.0167701 0)
(0.0965406 0.01656 0)
(0.110629 0.0164826 0)
(0.124261 0.0164235 0)
(0.137428 0.0163233 0)
(0.150097 0.0161061 0)
(0.162185 0.0157304 0)
(0.173573 0.0151476 0)
(0.184136 0.014346 0)
(0.193714 0.0132999 0)
(0.202155 0.0120089 0)
(0.209287 0.0104634 0)
(0.214937 0.00866965 0)
(0.218936 0.00662471 0)
(0.221101 0.00433459 0)
(0.221263 0.00179189 0)
(0.219237 -0.00100634 0)
(0.214837 -0.00408005 0)
(0.207871 -0.00745046 0)
(0.19813 -0.0111624 0)
(0.185395 -0.0152787 0)
(0.169419 -0.0199026 0)
(0.149931 -0.0251841 0)
(0.126685 -0.0313516 0)
(0.0993066 -0.0386925 0)
(0.0679691 -0.0477214 0)
(0.0317894 -0.0588242 0)
(-0.0052263 -0.0737179 0)
(-0.0494989 -0.0913468 0)
(-0.0702219 -0.119565 0)
(-0.109627 -0.139426 0)
(-0.0521016 -0.17813 0)
(-0.056939 0.190786 0)
(-0.123825 0.11509 0)
(-0.053701 0.0865262 0)
(-0.0282144 0.0563616 0)
(0.0178293 0.0412465 0)
(0.0505674 0.0303979 0)
(0.0807093 0.0235739 0)
(0.105576 0.0188262 0)
(0.127312 0.0157117 0)
(0.146408 0.0137191 0)
(0.163745 0.0125642 0)
(0.179876 0.0119679 0)
(0.19521 0.0117305 0)
(0.210009 0.0116859 0)
(0.224425 0.0117422 0)
(0.238529 0.0118086 0)
(0.252322 0.0118418 0)
(0.265766 0.0117806 0)
(0.278766 0.011597 0)
(0.291182 0.0112523 0)
(0.30287 0.0107398 0)
(0.313647 0.0100401 0)
(0.323334 0.00915476 0)
(0.331739 0.00807687 0)
(0.338664 0.00681297 0)
(0.343919 0.0053608 0)
(0.347298 0.00372659 0)
(0.348612 0.00190408 0)
(0.347647 -0.000107524 0)
(0.344193 -0.00232508 0)
(0.338017 -0.00476473 0)
(0.328861 -0.00746347 0)
(0.316436 -0.0104733 0)
(0.300391 -0.0138824 0)
(0.280294 -0.0178224 0)
(0.255663 -0.0225031 0)
(0.225687 -0.0281963 0)
(0.190038 -0.0354379 0)
(0.146448 -0.0446713 0)
(0.0984512 -0.0579597 0)
(0.033735 -0.0748569 0)
(-0.00982172 -0.10594 0)
(-0.10447 -0.132331 0)
(-0.0492288 -0.207319 0)
(-0.0266642 0.216372 0)
(-0.082144 0.102065 0)
(0.0455647 0.0704397 0)
(0.0875926 0.0420594 0)
(0.144663 0.0293323 0)
(0.18104 0.0207231 0)
(0.212386 0.0156068 0)
(0.236753 0.0121585 0)
(0.257288 0.00998074 0)
(0.274855 0.00863952 0)
(0.29063 0.00791166 0)
(0.305314 0.00758177 0)
(0.319396 0.00750377 0)
(0.333167 0.00755538 0)
(0.34679 0.00767371 0)
(0.360331 0.00779249 0)
(0.373789 0.00788838 0)
(0.387105 0.00791234 0)
(0.400174 0.00784886 0)
(0.412833 0.00767039 0)
(0.424925 0.00737371 0)
(0.436248 0.00694558 0)
(0.446609 0.00638846 0)
(0.455804 0.00569778 0)
(0.463623 0.00487935 0)
(0.46987 0.00393169 0)
(0.47433 0.00286049 0)
(0.476812 0.00166117 0)
(0.477096 0.000334499 0)
(0.474968 -0.00113166 0)
(0.470188 -0.00274783 0)
(0.462485 -0.00454036 0)
(0.451551 -0.00654642 0)
(0.436996 -0.0088309 0)
(0.418314 -0.0114926 0)
(0.394901 -0.0146944 0)
(0.365674 -0.0186516 0)
(0.329966 -0.0238187 0)
(0.284434 -0.0305923 0)
(0.23194 -0.0409196 0)
(0.154677 -0.0548983 0)
(0.0932978 -0.0838328 0)
(-0.0611758 -0.1137 0)
(-0.0158568 -0.228419 0)
(0.0551208 0.224131 0)
(0.0188005 0.0791874 0)
(0.193562 0.0493375 0)
(0.243838 0.02728 0)
(0.302637 0.0181929 0)
(0.33687 0.0123979 0)
(0.365064 0.00909806 0)
(0.385923 0.00693829 0)
(0.403025 0.00561626 0)
(0.417377 0.00482873 0)
(0.430227 0.00442672 0)
(0.442292 0.00426967 0)
(0.454048 0.00426657 0)
(0.465767 0.00433976 0)
(0.477585 0.00445204 0)
(0.489552 0.00456018 0)
(0.501653 0.00465563 0)
(0.513812 0.00470292 0)
(0.525917 0.00469564 0)
(0.5378 0.00461653 0)
(0.549298 0.00446435 0)
(0.560209 0.00423115 0)
(0.570343 0.00391896 0)
(0.5795 0.0035252 0)
(0.587475 0.003054 0)
(0.594085 0.00250443 0)
(0.599126 0.00188076 0)
(0.602419 0.00117994 0)
(0.603763 0.000403386 0)
(0.60296 -0.000456581 0)
(0.599791 -0.00140585 0)
(0.594007 -0.0024606 0)
(0.585325 -0.00364387 0)
(0.573376 -0.0049963 0)
(0.557669 -0.00658137 0)
(0.537595 -0.00850494 0)
(0.512014 -0.0109116 0)
(0.480137 -0.0141153 0)
(0.438169 -0.0184137 0)
(0.388327 -0.0252463 0)
(0.309696 -0.0350417 0)
(0.240756 -0.0574028 0)
(0.0395965 -0.0861611 0)
(0.0686632 -0.231837 0)
(0.209566 0.204348 0)
(0.195168 0.0510255 0)
(0.386836 0.0279773 0)
(0.4349 0.0146502 0)
(0.486071 0.00936326 0)
(0.513631 0.00621739 0)
(0.535585 0.00446293 0)
(0.551139 0.00334871 0)
(0.563617 0.00267894 0)
(0.573929 0.00228797 0)
(0.583168 0.00209406 0)
(0.591942 0.00202396 0)
(0.600644 0.00203235 0)
(0.609487 0.00207885 0)
(0.618573 0.00214552 0)
(0.627934 0.00220999 0)
(0.637546 0.0022671 0)
(0.647332 0.00229997 0)
(0.657193 0.00230567 0)
(0.666977 0.00227537 0)
(0.676543 0.00220851 0)
(0.685716 0.00210125 0)
(0.694331 0.00195457 0)
(0.702219 0.0017673 0)
(0.709207 0.00154161 0)
(0.715142 0.00127686 0)
(0.719854 0.00097553 0)
(0.723198 0.000635751 0)
(0.725008 0.00025871 0)
(0.725125 -0.000159778 0)
(0.723375 -0.000622469 0)
(0.719557 -0.00113768 0)
(0.713443 -0.00171737 0)
(0.704736 -0.00238219 0)
(0.693028 -0.00316576 0)
(0.677811 -0.00412284 0)
(0.658088 -0.00533366 0)
(0.633151 -0.00696547 0)
(0.59949 -0.00920976 0)
(0.558775 -0.0128493 0)
(0.490808 -0.0184448 0)
(0.427419 -0.0318993 0)
(0.213149 -0.0544769 0)
(0.223607 -0.20834 0)
(0.451011 0.159068 0)
(0.454124 0.0250473 0)
(0.616017 0.0115973 0)
(0.651832 0.00595088 0)
(0.687787 0.00364106 0)
(0.706051 0.0023909 0)
(0.720281 0.00168641 0)
(0.730041 0.00125446 0)
(0.737751 0.000994056 0)
(0.744033 0.000841852 0)
(0.749635 0.000763786 0)
(0.754956 0.000732455 0)
(0.760258 0.000731624 0)
(0.765682 0.000745655 0)
(0.771298 0.000768138 0)
(0.777127 0.000790672 0)
(0.783154 0.0008102 0)
(0.789327 0.000821676 0)
(0.795582 0.000823578 0)
(0.801819 0.000812981 0)
(0.807947 0.000789181 0)
(0.813852 0.000751213 0)
(0.819428 0.000698992 0)
(0.824565 0.000632322 0)
(0.829151 0.000551821 0)
(0.833086 0.00045717 0)
(0.83626 0.000349326 0)
(0.83858 0.000227351 0)
(0.839938 9.18153e-05 0)
(0.840231 -5.90354e-05 0)
(0.839348 -0.000226314 0)
(0.837156 -0.000413171 0)
(0.833509 -0.000624558 0)
(0.828208 -0.000868062 0)
(0.820984 -0.00115736 0)
(0.811496 -0.00151266 0)
(0.799058 -0.00196823 0)
(0.783186 -0.0025853 0)
(0.761339 -0.00346411 0)
(0.734654 -0.00487575 0)
(0.687945 -0.00727556 0)
(0.642863 -0.0129388 0)
(0.466033 -0.0263001 0)
(0.461655 -0.16056 0)
(0.781444 0.0411828 0)
(0.789338 0.00451672 0)
(0.865289 0.00177443 0)
(0.880019 0.000917762 0)
(0.894443 0.000540545 0)
(0.901504 0.000355542 0)
(0.906968 0.00024796 0)
(0.91066 0.000184185 0)
(0.913557 0.000145029 0)
(0.915886 0.000121782 0)
(0.917926 0.000109047 0)
(0.919819 0.000103038 0)
(0.921665 0.000101585 0)
(0.923518 0.000102386 0)
(0.925409 0.000104553 0)
(0.92735 0.000106875 0)
(0.929341 0.000108915 0)
(0.931365 0.000109982 0)
(0.933405 0.00010979 0)
(0.93543 0.000108073 0)
(0.937412 0.000104566 0)
(0.939315 9.92808e-05 0)
(0.941106 9.20669e-05 0)
(0.942748 8.29726e-05 0)
(0.944205 7.20232e-05 0)
(0.945446 5.91708e-05 0)
(0.946433 4.45383e-05 0)
(0.947134 2.79557e-05 0)
(0.947513 9.50596e-06 0)
(0.947535 -1.10803e-05 0)
(0.947159 -3.40041e-05 0)
(0.946339 -5.96942e-05 0)
(0.945021 -8.89766e-05 0)
(0.94313 -0.000122864 0)
(0.940565 -0.000163521 0)
(0.9372 -0.000213674 0)
(0.93277 -0.000278928 0)
(0.927098 -0.00036723 0)
(0.919158 -0.00049808 0)
(0.90943 -0.000701907 0)
(0.891582 -0.00108835 0)
(0.874205 -0.00194069 0)
(0.793177 -0.00468972 0)
(0.785138 -0.0414009 0)
)
;

boundaryField
{
    movingWall
    {
        type            fixedValue;
        value           uniform (1 0 0);
    }
    fixedWalls
    {
        type            noSlip;
    }
    frontAndBack
    {
        type            empty;
    }
    defaultFaces
    {
        type            empty;
    }
}


// ************************************************************************* //
