/*--------------------------------*- C++ -*----------------------------------*\
  =========                 |
  \\      /  F ield         | OpenFOAM: The Open Source CFD Toolbox
   \\    /   O peration     | Website:  https://openfoam.org
    \\  /    A nd           | Version:  7
     \\/     M anipulation  |
\*---------------------------------------------------------------------------*/
FoamFile
{
    version     2.0;
    format      ascii;
    class       volVectorField;
    location    "0.32";
    object      U;
}
// * * * * * * * * * * * * * * * * * * * * * * * * * * * * * * * * * * * * * //

dimensions      [0 1 -1 0 0 0 0];

internalField   nonuniform List<vector> 
1936
(
(-11.846 3.13106 0)
(-70.8671 213.034 0)
(-11.1006 458.974 0)
(14.7087 440.376 0)
(2.80914 386.849 0)
(16.7731 368.236 0)
(17.4294 329.155 0)
(14.8317 292.19 0)
(2.72336 272.327 0)
(-9.6559 276.297 0)
(-18.6879 321.794 0)
(-25.3641 431.514 0)
(2.4992 489.695 0)
(32.5513 382.118 0)
(19.706 253.381 0)
(-0.943401 222.334 0)
(-15.1761 229.241 0)
(-37.3531 320.513 0)
(-25.5673 477.99 0)
(23.2034 459.706 0)
(22.6152 299.381 0)
(-0.406244 226.558 0)
(-12.27 217.833 0)
(-40.3171 288 0)
(-29.3143 462.876 0)
(26.2447 481.436 0)
(28.4274 324.847 0)
(10.8571 236.236 0)
(-0.245093 220.787 0)
(-23.32 253.715 0)
(-37.3092 407.442 0)
(6.54221 502.763 0)
(35.4035 379.687 0)
(16.6103 249.772 0)
(3.27231 224.919 0)
(-14.3132 237.932 0)
(-36.6615 353.737 0)
(-13.6097 491.634 0)
(29.9084 430.131 0)
(23.7911 274.259 0)
(1.86396 223.278 0)
(-9.64 226.341 0)
(-32.5017 303.955 0)
(-28.3277 467.67 0)
(-12.2927 7.6 0)
(-78.0416 -0.884597 0)
(-15.3843 -5.40979 0)
(13.8347 -2.61752 0)
(1.52575 -1.00673 0)
(14.7246 -0.912366 0)
(15.2861 0.152235 0)
(11.8997 1.38632 0)
(2.28445 2.37137 0)
(-6.50591 2.18531 0)
(-17.1406 0.778028 0)
(-26.667 -2.11741 0)
(2.4316 -4.17003 0)
(32.5064 -1.85017 0)
(15.7419 2.21368 0)
(-2.14284 3.97296 0)
(-9.55389 3.19522 0)
(-34.9527 -0.319947 0)
(-26.3362 -4.27539 0)
(25.1369 -3.54377 0)
(21.2176 0.791993 0)
(-4.18674 3.65705 0)
(-8.21821 3.84924 0)
(-35.4931 -0.0534537 0)
(-29.5051 -5.10473 0)
(28.6222 -4.07426 0)
(28.5191 0.132239 0)
(5.50461 2.73384 0)
(0.483244 3.84887 0)
(-18.9587 2.08596 0)
(-37.176 -2.85291 0)
(7.11557 -4.87237 0)
(36.256 -1.57711 0)
(11.6498 2.1445 0)
(1.61534 3.77079 0)
(-9.86183 3.01659 0)
(-35.7748 -0.953162 0)
(-13.986 -4.55772 0)
(31.3939 -3.10436 0)
(20.8908 1.25467 0)
(-1.09814 3.66332 0)
(-4.69493 3.3616 0)
(-29.78 0.105528 0)
(-30.114 -4.364 0)
(-1.90205 15.8306 0)
(-73.82 -0.961491 0)
(-20.2953 -11.7857 0)
(12.0227 -5.62966 0)
(2.6168 -1.93278 0)
(13.7682 -1.87224 0)
(14.7962 0.396466 0)
(10.6145 2.84747 0)
(0.268013 4.63771 0)
(-8.79192 4.42627 0)
(-19.5148 1.91163 0)
(-26.9516 -4.50686 0)
(5.16871 -9.12052 0)
(35.3187 -3.54291 0)
(17.3097 4.88349 0)
(-0.555507 7.67547 0)
(-8.41034 6.60716 0)
(-35.8922 0.00297619 0)
(-27.1205 -9.25029 0)
(27.1678 -7.70493 0)
(24.8525 2.1156 0)
(0.0981372 7.21374 0)
(-3.70845 7.70961 0)
(-33.8186 0.774297 0)
(-34.0226 -10.5278 0)
(26.1175 -9.00537 0)
(30.9275 0.832756 0)
(5.95746 5.79087 0)
(-0.777268 7.49479 0)
(-20.1981 4.66364 0)
(-39.6295 -5.71243 0)
(5.36558 -10.7053 0)
(38.0055 -2.92386 0)
(11.9562 4.88449 0)
(-0.0531819 7.31039 0)
(-11.3851 6.26847 0)
(-37.567 -1.62632 0)
(-14.0436 -9.99501 0)
(33.6122 -6.47457 0)
(22.8119 3.12325 0)
(0.403162 7.17483 0)
(-3.75358 6.79955 0)
(-30.9358 0.961933 0)
(-31.1584 -9.33481 0)
(7.92718 22.1294 0)
(-61.0274 0.221703 0)
(-20.1318 -16.5254 0)
(4.93938 -8.8399 0)
(-1.13448 -3.04006 0)
(7.74254 -2.59548 0)
(8.49743 0.665058 0)
(4.75712 4.17579 0)
(-2.18706 6.506 0)
(-6.61875 6.22413 0)
(-13.5247 2.62724 0)
(-19.8581 -6.85677 0)
(5.41567 -13.3526 0)
(26.7977 -4.78202 0)
(10.2523 7.12663 0)
(-0.608221 10.6773 0)
(-1.3064 9.52886 0)
(-24.6846 0.438641 0)
(-21.0802 -13.3908 0)
(21.6415 -11.3132 0)
(17.3757 2.97835 0)
(-0.883557 9.92366 0)
(3.1986 10.9535 0)
(-19.5888 2.1312 0)
(-28.3661 -14.4934 0)
(18.2152 -13.4006 0)
(22.3585 1.21469 0)
(0.481111 8.51694 0)
(-0.642204 10.5313 0)
(-11.7404 6.78302 0)
(-30.4428 -7.98555 0)
(2.84782 -15.6307 0)
(28.502 -4.0903 0)
(4.59596 7.33902 0)
(-2.10636 10.27 0)
(-5.375 8.84036 0)
(-27.5486 -2.30931 0)
(-10.4557 -14.619 0)
(26.3878 -9.27925 0)
(14.6745 4.6749 0)
(-1.56665 10.0289 0)
(1.76888 9.70676 0)
(-20.1953 1.80763 0)
(-24.7939 -13.399 0)
(15.8575 26.76 0)
(-49.6844 2.29413 0)
(-19.408 -19.3099 0)
(-1.25276 -11.8583 0)
(-5.00684 -4.48252 0)
(1.65058 -3.16267 0)
(2.49413 0.905307 0)
(-0.227168 5.19011 0)
(-3.82157 7.7186 0)
(-4.55217 7.29183 0)
(-8.6067 2.76802 0)
(-13.4124 -8.7967 0)
(5.30668 -16.1986 0)
(18.8593 -5.4641 0)
(4.8093 8.64498 0)
(-1.1388 12.5773 0)
(4.08938 11.4544 0)
(-15.2995 0.877975 0)
(-15.1789 -16.018 0)
(16.5229 -13.7264 0)
(11.704 3.33351 0)
(-2.32718 11.4137 0)
(7.49773 12.9381 0)
(-7.77606 3.53644 0)
(-22.2571 -16.4887 0)
(10.7434 -16.4426 0)
(15.4123 1.28597 0)
(-3.42075 10.4168 0)
(0.17746 12.4784 0)
(-4.68106 8.08933 0)
(-21.8859 -9.3783 0)
(0.518644 -18.8384 0)
(20.2769 -4.9042 0)
(-0.296394 9.06405 0)
(-2.96615 12.1812 0)
(0.125219 10.3277 0)
(-18.6866 -2.853 0)
(-7.10894 -17.6734 0)
(19.6212 -11.0875 0)
(8.44089 5.71836 0)
(-3.72259 11.7836 0)
(5.77836 11.5174 0)
(-11.7221 2.46632 0)
(-18.7484 -15.9032 0)
(21.5486 29.6822 0)
(-38.584 5.05216 0)
(-17.4605 -20.0929 0)
(-5.83853 -14.2929 0)
(-8.63281 -6.09458 0)
(-3.8235 -3.64943 0)
(-2.75771 1.02266 0)
(-4.09055 5.68545 0)
(-4.46998 8.15361 0)
(-2.21693 7.56783 0)
(-4.34822 2.40798 0)
(-7.95585 -10.2077 0)
(4.56676 -17.5133 0)
(11.6524 -5.57924 0)
(0.0467879 9.4 0)
(-1.88047 13.3191 0)
(7.78621 12.255 0)
(-7.63147 1.2763 0)
(-9.78404 -17.0945 0)
(11.8172 -14.8913 0)
(7.11294 3.35807 0)
(-4.36455 11.7856 0)
(9.07775 13.5421 0)
(1.09337 4.69699 0)
(-15.9882 -16.4831 0)
(4.45223 -17.9414 0)
(9.54818 1.02984 0)
(-6.04558 11.2978 0)
(1.20448 13.2511 0)
(1.75455 8.5699 0)
(-14.2318 -9.74724 0)
(-1.35292 -20.2169 0)
(13.176 -5.37487 0)
(-3.74643 9.87398 0)
(-2.84776 12.9405 0)
(5.31286 10.7379 0)
(-11.0704 -3.10493 0)
(-4.33168 -19.0312 0)
(13.3339 -11.849 0)
(3.30258 6.26333 0)
(-5.45863 12.4346 0)
(8.0955 12.1557 0)
(-5.12261 2.89216 0)
(-13.2236 -16.8314 0)
(23.9835 30.7821 0)
(-27.0997 8.13724 0)
(-13.8589 -18.8998 0)
(-8.32413 -15.7188 0)
(-11.2295 -7.59878 0)
(-8.04318 -4.11385 0)
(-6.76416 0.880833 0)
(-6.61267 5.51082 0)
(-4.39521 7.73593 0)
(-0.198918 7.05962 0)
(-0.869453 1.6995 0)
(-3.71199 -10.9086 0)
(3.08923 -17.3025 0)
(5.41158 -5.11367 0)
(-3.91253 9.31543 0)
(-2.14716 12.9039 0)
(9.25999 11.9376 0)
(-1.75866 1.51435 0)
(-5.14253 -16.6578 0)
(7.48242 -14.7791 0)
(3.39175 3.16625 0)
(-5.62805 11.2348 0)
(8.24475 12.8153 0)
(6.65278 5.30324 0)
(-9.98696 -14.7295 0)
(-0.0148159 -17.7693 0)
(4.63793 0.440613 0)
(-7.23023 11.0874 0)
(1.96124 12.7753 0)
(6.87356 8.28976 0)
(-7.78137 -9.01654 0)
(-2.50854 -19.7478 0)
(7.13575 -5.52883 0)
(-5.91644 9.67067 0)
(-2.006 12.4611 0)
(8.77194 10.227 0)
(-4.95689 -2.97265 0)
(-2.20349 -18.6561 0)
(7.60869 -11.5643 0)
(-0.915451 6.25872 0)
(-5.84158 12.045 0)
(8.36508 11.7007 0)
(-0.246374 2.97826 0)
(-8.32224 -16.2533 0)
(23.3496 29.9356 0)
(-14.5909 10.9871 0)
(-8.60477 -15.8806 0)
(-8.36842 -15.712 0)
(-11.9921 -8.66297 0)
(-10.4255 -4.54907 0)
(-9.09429 0.364554 0)
(-7.68103 4.65767 0)
(-3.84295 6.57349 0)
(1.129 5.92067 0)
(1.57063 0.726355 0)
(-0.827161 -10.7524 0)
(1.05347 -15.7294 0)
(0.356179 -4.25796 0)
(-6.57742 8.46784 0)
(-1.87025 11.4348 0)
(8.88035 10.6653 0)
(2.34543 1.48504 0)
(-1.4796 -14.8647 0)
(3.59044 -13.4442 0)
(0.408084 2.72721 0)
(-5.68499 9.99619 0)
(6.25611 11.0668 0)
(9.19305 5.24364 0)
(-4.76163 -11.834 0)
(-2.36315 -16.0138 0)
(0.722059 -0.320057 0)
(-7.32411 9.89365 0)
(2.20297 11.183 0)
(9.39327 7.42751 0)
(-2.83933 -7.43198 0)
(-2.75276 -17.6112 0)
(2.21558 -5.36976 0)
(-6.94672 8.5483 0)
(-1.0774 10.9035 0)
(9.63319 8.99106 0)
(-0.44147 -2.55415 0)
(-0.636668 -16.6698 0)
(2.75856 -10.3427 0)
(-4.04894 5.68636 0)
(-5.07063 10.7352 0)
(7.30041 10.334 0)
(3.09853 2.68874 0)
(-4.16017 -14.3633 0)
(19.7109 27.0378 0)
(-2.16623 12.889 0)
(-2.16841 -11.3547 0)
(-5.8902 -14.0269 0)
(-10.4274 -8.92847 0)
(-10.534 -4.87306 0)
(-9.48114 -0.443287 0)
(-7.35458 3.24929 0)
(-2.96703 4.89599 0)
(1.80728 4.35116 0)
(2.85172 -0.331002 0)
(0.703967 -9.71139 0)
(-0.994164 -13.0955 0)
(-3.21461 -3.32024 0)
(-7.58954 6.96944 0)
(-1.47508 9.23949 0)
(7.45186 8.71499 0)
(4.76682 1.16966 0)
(0.921244 -12.0506 0)
(0.480188 -11.1277 0)
(-1.93885 2.02925 0)
(-5.01906 8.27793 0)
(4.30979 8.72902 0)
(9.21696 4.6231 0)
(-0.926928 -8.5255 0)
(-2.89911 -13.0191 0)
(-2.03164 -0.953881 0)
(-6.67572 7.98136 0)
(1.862 8.87288 0)
(9.16685 6.12499 0)
(0.586368 -5.48604 0)
(-2.17183 -14.2211 0)
(-1.27489 -4.80731 0)
(-6.90928 6.72971 0)
(-0.565499 8.65065 0)
(8.46775 7.24201 0)
(2.58307 -2.0677 0)
(0.412366 -13.4435 0)
(-0.675818 -8.38278 0)
(-5.69786 4.55321 0)
(-3.87887 8.7554 0)
(5.85692 8.38306 0)
(5.05371 2.06809 0)
(-1.0044 -11.5174 0)
(13.724 22.4153 0)
(7.00514 13.2012 0)
(3.94067 -6.12875 0)
(-1.6783 -10.8071 0)
(-6.77832 -8.14411 0)
(-8.42098 -4.88802 0)
(-8.03381 -1.32719 0)
(-5.9576 1.58819 0)
(-1.99046 2.98217 0)
(1.97985 2.60533 0)
(3.09131 -1.17658 0)
(1.10286 -7.95605 0)
(-2.43204 -9.8936 0)
(-5.09932 -2.51512 0)
(-7.08022 4.99277 0)
(-1.2431 6.74034 0)
(5.62256 6.38716 0)
(5.48083 0.705801 0)
(1.91242 -8.7062 0)
(-1.35581 -8.23259 0)
(-3.3919 1.22279 0)
(-4.08683 6.22716 0)
(2.82235 6.29364 0)
(7.58475 3.60856 0)
(1.32541 -5.41262 0)
(-2.33068 -9.38678 0)
(-3.35701 -1.21841 0)
(-5.37027 5.69441 0)
(1.30206 6.34759 0)
(7.35124 4.53355 0)
(2.57716 -3.63203 0)
(-1.24817 -10.2121 0)
(-2.97634 -3.86039 0)
(-5.84331 4.57787 0)
(-0.406505 6.15408 0)
(6.47334 5.20753 0)
(4.07055 -1.58077 0)
(0.853651 -9.61821 0)
(-2.38728 -6.04462 0)
(-5.65025 3.12184 0)
(-2.75898 6.44134 0)
(4.44728 6.16384 0)
(5.51794 1.29612 0)
(0.822217 -8.20636 0)
(7.71814 17.0252 0)
(10.2141 11.8522 0)
(7.54116 -1.53504 0)
(2.60181 -6.80721 0)
(-2.27904 -6.35875 0)
(-4.90409 -4.39303 0)
(-5.37099 -1.97758 0)
(-3.99849 0.0716778 0)
(-1.07978 1.1733 0)
(1.82988 0.985583 0)
(2.70374 -1.64305 0)
(0.921791 -5.86363 0)
(-2.8052 -6.74819 0)
(-5.23716 -1.92958 0)
(-5.55788 2.93056 0)
(-1.07993 4.27828 0)
(3.75513 4.05796 0)
(4.69217 0.315454 0)
(1.84699 -5.45518 0)
(-1.87875 -5.29933 0)
(-3.61279 0.551761 0)
(-2.9891 4.08735 0)
(1.7447 4.1219 0)
(5.27176 2.45899 0)
(2.15396 -2.94972 0)
(-1.37154 -5.83062 0)
(-3.23751 -1.10239 0)
(-3.65231 3.46219 0)
(0.881732 4.03834 0)
(5.11607 2.9274 0)
(3.14877 -2.12663 0)
(-0.424183 -6.35429 0)
(-3.02659 -2.72479 0)
(-4.12749 2.55656 0)
(-0.272942 3.8232 0)
(4.38705 3.20618 0)
(3.98868 -1.10709 0)
(0.86486 -5.94142 0)
(-2.57134 -3.79197 0)
(-4.34709 1.81567 0)
(-1.79885 4.15694 0)
(3.06503 3.96305 0)
(4.64014 0.662855 0)
(1.43115 -5.03719 0)
(3.95988 11.9404 0)
(8.64499 9.47595 0)
(7.98007 1.47108 0)
(5.01309 -3.17097 0)
(1.28483 -4.05778 0)
(-1.35604 -3.38482 0)
(-2.41368 -2.15799 0)
(-1.92506 -0.968618 0)
(-0.212408 -0.207652 0)
(1.63029 -0.25123 0)
(2.16295 -1.73753 0)
(0.71125 -3.89795 0)
(-2.19671 -4.16561 0)
(-4.02309 -1.52656 0)
(-3.71178 1.20571 0)
(-0.864673 2.19092 0)
(2.14191 2.12165 0)
(3.11188 0.0801825 0)
(1.2981 -2.87297 0)
(-1.50349 -2.8781 0)
(-2.75839 0.137431 0)
(-1.86501 2.25205 0)
(0.987833 2.38343 0)
(3.1351 1.469 0)
(1.93598 -1.3116 0)
(-0.550781 -2.98557 0)
(-2.20639 -0.770834 0)
(-2.0093 1.7165 0)
(0.632987 2.2083 0)
(3.12832 1.60109 0)
(2.58563 -1.06285 0)
(0.0854997 -3.319 0)
(-2.08095 -1.66953 0)
(-2.3781 1.06835 0)
(-0.0921622 1.94936 0)
(2.60178 1.60187 0)
(2.83024 -0.68305 0)
(0.642685 -3.07427 0)
(-1.86043 -2.01393 0)
(-2.67059 0.869738 0)
(-1.01311 2.28511 0)
(1.82676 2.16005 0)
(3.0601 0.285342 0)
(1.23636 -2.54656 0)
(2.21736 7.99596 0)
(5.42313 6.92093 0)
(6.11725 2.67826 0)
(4.96003 -0.637603 0)
(2.81575 -1.94175 0)
(0.933791 -2.16943 0)
(-0.107003 -1.90148 0)
(-0.157267 -1.46891 0)
(0.589846 -1.08287 0)
(1.48524 -1.02177 0)
(1.65999 -1.59193 0)
(0.6395 -2.3934 0)
(-1.1777 -2.38104 0)
(-2.33796 -1.2148 0)
(-2.08786 0.0764716 0)
(-0.588047 0.724863 0)
(1.02253 0.798584 0)
(1.64041 -0.0392327 0)
(0.718441 -1.23201 0)
(-0.859518 -1.27345 0)
(-1.57899 -0.0437065 0)
(-0.967572 0.996011 0)
(0.505014 1.18032 0)
(1.60956 0.779572 0)
(1.25015 -0.399113 0)
(-0.0797425 -1.18049 0)
(-1.07238 -0.423898 0)
(-0.859094 0.639362 0)
(0.445508 0.979225 0)
(1.6816 0.721773 0)
(1.5976 -0.42015 0)
(0.267006 -1.40946 0)
(-1.00516 -0.888927 0)
(-1.09705 0.216744 0)
(0.0178404 0.711102 0)
(1.31282 0.585617 0)
(1.51061 -0.36227 0)
(0.347358 -1.28978 0)
(-1.01084 -0.87696 0)
(-1.3337 0.33081 0)
(-0.475201 1.03095 0)
(0.918412 0.971668 0)
(1.58103 0.13303 0)
(0.744942 -0.969331 0)
(1.28465 5.43864 0)
(2.7893 4.8709 0)
(3.67809 2.67174 0)
(3.47896 0.682007 0)
(2.56765 -0.50824 0)
(1.62126 -1.15989 0)
(0.974755 -1.47274 0)
(0.786207 -1.55655 0)
(0.981268 -1.47768 0)
(1.24923 -1.34616 0)
(1.18115 -1.3538 0)
(0.572841 -1.44603 0)
(-0.347719 -1.34757 0)
(-0.97137 -0.952941 0)
(-0.922207 -0.470743 0)
(-0.301364 -0.107126 0)
(0.40871 0.0606716 0)
(0.700998 -0.100805 0)
(0.324044 -0.416929 0)
(-0.368457 -0.43534 0)
(-0.700094 -0.0686267 0)
(-0.421071 0.327367 0)
(0.218557 0.481186 0)
(0.708183 0.383115 0)
(0.629876 0.000978616 0)
(0.0934833 -0.306011 0)
(-0.34329 -0.182558 0)
(-0.255594 0.131706 0)
(0.274618 0.305619 0)
(0.786021 0.256419 0)
(0.789045 -0.10772 0)
(0.24335 -0.468493 0)
(-0.321654 -0.422441 0)
(-0.390306 -0.131221 0)
(0.0313753 0.0748726 0)
(0.528502 0.0898666 0)
(0.600863 -0.160154 0)
(0.115545 -0.414633 0)
(-0.440768 -0.291829 0)
(-0.549424 0.0920369 0)
(-0.193 0.35529 0)
(0.366571 0.354681 0)
(0.621909 0.102121 0)
(0.330176 -0.190462 0)
(0.73894 3.85008 0)
(1.48626 3.55208 0)
(2.02311 2.3374 0)
(2.12207 1.1369 0)
(1.84119 0.188539 0)
(1.42513 -0.538927 0)
(1.09193 -1.07539 0)
(0.908462 -1.38583 0)
(0.853779 -1.45136 0)
(0.822491 -1.31921 0)
(0.687168 -1.1246 0)
(0.398938 -0.965303 0)
(0.0359579 -0.856158 0)
(-0.229967 -0.762605 0)
(-0.267344 -0.636716 0)
(-0.0892061 -0.462412 0)
(0.138487 -0.265656 0)
(0.231341 -0.141063 0)
(0.112888 -0.111716 0)
(-0.111128 -0.0981354 0)
(-0.230405 -0.0328328 0)
(-0.141238 0.0645086 0)
(0.0864871 0.154594 0)
(0.270288 0.187238 0)
(0.273357 0.120829 0)
(0.120874 0.00968974 0)
(-0.0195095 -0.0491449 0)
(-0.0034395 -0.0299196 0)
(0.156568 0.0261632 0)
(0.322195 0.0590425 0)
(0.335191 0.000359842 0)
(0.166901 -0.115714 0)
(-0.0295741 -0.194815 0)
(-0.08562 -0.19869 0)
(0.0152184 -0.146564 0)
(0.149289 -0.0838979 0)
(0.15531 -0.0640056 0)
(-0.000946862 -0.0794393 0)
(-0.170364 -0.0557088 0)
(-0.200814 0.0130695 0)
(-0.0845382 0.0788636 0)
(0.0890385 0.108833 0)
(0.159507 0.104334 0)
(0.104916 0.089046 0)
(0.449258 2.78388 0)
(0.989148 2.6951 0)
(1.33832 1.97863 0)
(1.44101 1.21578 0)
(1.37476 0.470199 0)
(1.17618 -0.195542 0)
(0.931281 -0.737446 0)
(0.720776 -1.09372 0)
(0.556579 -1.21842 0)
(0.423469 -1.13607 0)
(0.30289 -0.946921 0)
(0.189869 -0.770148 0)
(0.0847135 -0.67655 0)
(0.0033546 -0.654594 0)
(-0.0334136 -0.628732 0)
(-0.0175168 -0.533436 0)
(0.0223643 -0.361465 0)
(0.0413967 -0.176572 0)
(0.0234869 -0.0522996 0)
(-0.0108835 -0.0103025 0)
(-0.0278194 -0.0139316 0)
(-0.0030478 -0.006368 0)
(0.059658 0.0388496 0)
(0.12052 0.0971046 0)
(0.141133 0.121773 0)
(0.119544 0.0839126 0)
(0.0875886 0.011775 0)
(0.0814381 -0.0424164 0)
(0.109483 -0.0420249 0)
(0.14515 -0.00512405 0)
(0.15092 0.014725 0)
(0.114137 -0.0220322 0)
(0.0604321 -0.0977092 0)
(0.0234047 -0.159921 0)
(0.0137902 -0.163655 0)
(0.0194412 -0.108309 0)
(0.00949286 -0.037302 0)
(-0.031526 0.00471697 0)
(-0.0690655 0.00549995 0)
(-0.0718091 -0.00233018 0)
(-0.0461479 0.0068821 0)
(-0.0102798 0.0410067 0)
(0.0047804 0.100287 0)
(0.0211183 0.13801 0)
(0.273674 1.99455 0)
(0.703833 2.03651 0)
(1.00583 1.62265 0)
(1.13941 1.12517 0)
(1.14031 0.585991 0)
(1.03682 0.0427636 0)
(0.853416 -0.421777 0)
(0.634166 -0.750888 0)
(0.431035 -0.905804 0)
(0.268521 -0.900723 0)
(0.155454 -0.799231 0)
(0.0875758 -0.686559 0)
(0.0474118 -0.61919 0)
(0.0167301 -0.596231 0)
(-0.0109767 -0.57188 0)
(-0.0312158 -0.497612 0)
(-0.0379524 -0.363931 0)
(-0.0301825 -0.209509 0)
(-0.0112227 -0.0892578 0)
(0.0113476 -0.0323518 0)
(0.0309932 -0.0249692 0)
(0.048949 -0.0225529 0)
(0.0693505 0.00423093 0)
(0.0921076 0.0495625 0)
(0.111839 0.0802514 0)
(0.122301 0.0703461 0)
(0.122116 0.0253607 0)
(0.11643 -0.0191105 0)
(0.111948 -0.0324886 0)
(0.111106 -0.0146674 0)
(0.110143 0.00366332 0)
(0.102752 -0.00887347 0)
(0.085315 -0.054436 0)
(0.0595568 -0.10157 0)
(0.0318708 -0.114041 0)
(0.00947295 -0.0804525 0)
(-0.00595494 -0.0291655 0)
(-0.0171779 0.00553881 0)
(-0.0230407 0.0118826 0)
(-0.0239547 0.00411742 0)
(-0.02454 0.007623 0)
(-0.0231881 0.0368805 0)
(-0.0209201 0.085275 0)
(0.000822308 0.111062 0)
(0.159041 1.40131 0)
(0.467219 1.48902 0)
(0.711464 1.25972 0)
(0.866513 0.950229 0)
(0.925817 0.58619 0)
(0.893715 0.203466 0)
(0.787011 -0.153048 0)
(0.631561 -0.427536 0)
(0.463773 -0.593721 0)
(0.314789 -0.653736 0)
(0.201059 -0.640881 0)
(0.123113 -0.600324 0)
(0.0708018 -0.564876 0)
(0.0306992 -0.539629 0)
(-0.00478247 -0.506153 0)
(-0.0330976 -0.442966 0)
(-0.0474347 -0.346478 0)
(-0.0432827 -0.23686 0)
(-0.0228878 -0.143772 0)
(0.00501765 -0.0854839 0)
(0.0309941 -0.0575703 0)
(0.0512846 -0.0397388 0)
(0.0680739 -0.0152512 0)
(0.0849835 0.0159324 0)
(0.102432 0.0391072 0)
(0.117321 0.0407239 0)
(0.125477 0.0222451 0)
(0.125301 -0.00045346 0)
(0.119877 -0.0111618 0)
(0.114051 -0.00719722 0)
(0.109873 -0.00108713 0)
(0.104717 -0.00771355 0)
(0.0938499 -0.0294358 0)
(0.0752469 -0.0526122 0)
(0.0520975 -0.0596752 0)
(0.030612 -0.0442414 0)
(0.0153607 -0.0171121 0)
(0.00679875 0.00487804 0)
(0.0023374 0.0138663 0)
(-0.00170106 0.0159124 0)
(-0.00762892 0.0235164 0)
(-0.0123375 0.0437565 0)
(-0.0140314 0.0712201 0)
(-0.00121366 0.080802 0)
(0.0900707 0.966767 0)
(0.293006 1.05119 0)
(0.463782 0.924264 0)
(0.59645 0.739815 0)
(0.675653 0.511303 0)
(0.694377 0.261189 0)
(0.658497 0.0176617 0)
(0.579724 -0.1894 0)
(0.477501 -0.33866 0)
(0.373202 -0.42809 0)
(0.279574 -0.468412 0)
(0.2018 -0.478351 0)
(0.138507 -0.473145 0)
(0.0859953 -0.458721 0)
(0.0419786 -0.431033 0)
(0.0076867 -0.384643 0)
(-0.0133756 -0.320473 0)
(-0.019348 -0.248347 0)
(-0.0121308 -0.181861 0)
(0.0030756 -0.130244 0)
(0.0204603 -0.0936824 0)
(0.0366574 -0.0655224 0)
(0.0515259 -0.0393001 0)
(0.066295 -0.0142589 0)
(0.0811063 0.00483826 0)
(0.0941176 0.0133086 0)
(0.102715 0.0114245 0)
(0.105787 0.00511576 0)
(0.104671 0.00111874 0)
(0.101675 0.00153571 0)
(0.0981028 0.002726 0)
(0.0931022 -0.000370888 0)
(0.0846501 -0.0085777 0)
(0.0719024 -0.0170387 0)
(0.0563478 -0.0191233 0)
(0.0410429 -0.0120994 0)
(0.0285903 0.000720271 0)
(0.019761 0.0132206 0)
(0.0133257 0.0219295 0)
(0.00740249 0.028426 0)
(0.00139159 0.0369114 0)
(-0.00291792 0.0495462 0)
(-0.00534337 0.0635815 0)
(-1.11641e-05 0.0642127 0)
(0.0521408 0.653606 0)
(0.182129 0.71912 0)
(0.292654 0.646618 0)
(0.387313 0.53861 0)
(0.455051 0.401813 0)
(0.489175 0.248194 0)
(0.489772 0.0926714 0)
(0.462448 -0.0501297 0)
(0.413248 -0.166635 0)
(0.352208 -0.25241 0)
(0.289916 -0.309482 0)
(0.230573 -0.342843 0)
(0.176122 -0.358136 0)
(0.127459 -0.358689 0)
(0.0852804 -0.345463 0)
(0.0508567 -0.318749 0)
(0.0258571 -0.280835 0)
(0.0110442 -0.236626 0)
(0.00549634 -0.192191 0)
(0.00684774 -0.152092 0)
(0.0123024 -0.117892 0)
(0.0197766 -0.0885877 0)
(0.0283277 -0.062678 0)
(0.037647 -0.0399706 0)
(0.0472225 -0.0217327 0)
(0.0559751 -0.00924006 0)
(0.062658 -0.00224566 0)
(0.0665791 0.0013169 0)
(0.0679323 0.00382099 0)
(0.0674307 0.00637474 0)
(0.0655195 0.0084611 0)
(0.0621084 0.00898564 0)
(0.0568774 0.00794874 0)
(0.0497431 0.00690962 0)
(0.0411471 0.00792689 0)
(0.0321718 0.0121163 0)
(0.0240273 0.0187843 0)
(0.0172285 0.0261672 0)
(0.0116178 0.0330137 0)
(0.00683701 0.0394321 0)
(0.00282737 0.0462819 0)
(0.000154047 0.0538435 0)
(-0.00159153 0.0608855 0)
(0.000317658 0.0569604 0)
(0.0310442 0.429037 0)
(0.11333 0.475223 0)
(0.1828 0.433215 0)
(0.244983 0.370681 0)
(0.293275 0.29114 0)
(0.323817 0.200483 0)
(0.335731 0.105932 0)
(0.330451 0.0149634 0)
(0.311633 -0.0671973 0)
(0.281531 -0.13478 0)
(0.244361 -0.186806 0)
(0.205392 -0.223881 0)
(0.16654 -0.247201 0)
(0.129362 -0.258066 0)
(0.0953139 -0.257602 0)
(0.0657047 -0.247065 0)
(0.0416517 -0.228327 0)
(0.0236039 -0.203965 0)
(0.0113755 -0.176835 0)
(0.00424607 -0.149355 0)
(0.00105975 -0.123042 0)
(0.000763958 -0.0985447 0)
(0.00256859 -0.0761007 0)
(0.00586748 -0.0560332 0)
(0.0100577 -0.0388043 0)
(0.0144527 -0.0247676 0)
(0.018388 -0.0138265 0)
(0.0214006 -0.00538382 0)
(0.0233154 0.00133012 0)
(0.024179 0.00685837 0)
(0.0241058 0.0113857 0)
(0.0231813 0.0149803 0)
(0.0212292 0.0178268 0)
(0.0181523 0.0204531 0)
(0.0145352 0.0234652 0)
(0.0109845 0.0272421 0)
(0.00763487 0.0317474 0)
(0.00457052 0.036644 0)
(0.0019789 0.0415756 0)
(-6.31199e-07 0.0463964 0)
(-0.0012869 0.051098 0)
(-0.00175817 0.0555296 0)
(-0.00173921 0.0591607 0)
(-0.000209819 0.0532037 0)
(0.0185508 0.269331 0)
(0.0695677 0.299711 0)
(0.112268 0.275869 0)
(0.151491 0.240587 0)
(0.183578 0.195693 0)
(0.20633 0.143993 0)
(0.21908 0.0888013 0)
(0.222019 0.0336232 0)
(0.216222 -0.0183695 0)
(0.203569 -0.0650982 0)
(0.184966 -0.104121 0)
(0.161849 -0.134902 0)
(0.136717 -0.157241 0)
(0.111048 -0.171311 0)
(0.0860429 -0.177587 0)
(0.0627829 -0.176825 0)
(0.0421241 -0.17008 0)
(0.0246143 -0.158683 0)
(0.0104662 -0.144008 0)
(-0.000410589 -0.127391 0)
(-0.00832206 -0.109912 0)
(-0.0136462 -0.0923741 0)
(-0.0168411 -0.0753721 0)
(-0.0183253 -0.0593758 0)
(-0.0184707 -0.044759 0)
(-0.0177147 -0.0317659 0)
(-0.0164523 -0.0204655 0)
(-0.0150034 -0.0107569 0)
(-0.0135905 -0.00244282 0)
(-0.0123319 0.00468308 0)
(-0.0112911 0.0107948 0)
(-0.0106372 0.0160463 0)
(-0.0103855 0.0206316 0)
(-0.0103785 0.0247746 0)
(-0.0105632 0.0287429 0)
(-0.0107418 0.0326369 0)
(-0.0106564 0.0364584 0)
(-0.0102752 0.0401772 0)
(-0.00964219 0.0437583 0)
(-0.00866764 0.0471255 0)
(-0.00728366 0.0501853 0)
(-0.00550809 0.0528044 0)
(-0.00346668 0.0547677 0)
(-0.000999432 0.0483443 0)
(0.0115976 0.161163 0)
(0.0444145 0.179771 0)
(0.0716668 0.166548 0)
(0.0972611 0.147063 0)
(0.119157 0.122233 0)
(0.135962 0.0933854 0)
(0.1472 0.062073 0)
(0.152751 0.029956 0)
(0.152905 -0.00135483 0)
(0.14829 -0.0304649 0)
(0.139478 -0.0564299 0)
(0.127164 -0.0781721 0)
(0.112349 -0.0952782 0)
(0.0960053 -0.107563 0)
(0.0790061 -0.115075 0)
(0.0621304 -0.118091 0)
(0.0460373 -0.117076 0)
(0.0312344 -0.112639 0)
(0.0180621 -0.105471 0)
(0.00669929 -0.0962758 0)
(-0.00280772 -0.0857129 0)
(-0.0105089 -0.0743653 0)
(-0.0165287 -0.0627382 0)
(-0.0210392 -0.0512262 0)
(-0.0242405 -0.0401638 0)
(-0.0263532 -0.02979 0)
(-0.0275842 -0.0202514 0)
(-0.0281224 -0.0116125 0)
(-0.0281366 -0.00387408 0)
(-0.0277678 0.00300356 0)
(-0.0272063 0.00908278 0)
(-0.0264872 0.0144435 0)
(-0.0255464 0.0191721 0)
(-0.0244388 0.0233745 0)
(-0.0232153 0.027161 0)
(-0.0218984 0.0306475 0)
(-0.020444 0.0338719 0)
(-0.0186844 0.0368324 0)
(-0.0165178 0.0395135 0)
(-0.0139914 0.041892 0)
(-0.0111489 0.0439219 0)
(-0.008037 0.0455417 0)
(-0.00474566 0.0466781 0)
(-0.00150637 0.0408816 0)
(0.00816663 0.093589 0)
(0.0318378 0.104317 0)
(0.0513949 0.0968022 0)
(0.0701138 0.0857566 0)
(0.0867752 0.0716512 0)
(0.100329 0.0551579 0)
(0.110446 0.0370709 0)
(0.11694 0.0182508 0)
(0.119819 -0.000443305 0)
(0.119324 -0.0182205 0)
(0.115896 -0.0344175 0)
(0.109792 -0.0484715 0)
(0.101342 -0.0599873 0)
(0.0912026 -0.068732 0)
(0.079959 -0.0746285 0)
(0.06813 -0.077741 0)
(0.0561839 -0.0782559 0)
(0.044523 -0.0764557 0)
(0.0334677 -0.0726889 0)
(0.0232532 -0.0673378 0)
(0.0140359 -0.0607909 0)
(0.00590401 -0.0534204 0)
(-0.00111388 -0.0455676 0)
(-0.00703786 -0.0375318 0)
(-0.0119219 -0.0295648 0)
(-0.0158452 -0.0218658 0)
(-0.0189122 -0.0145814 0)
(-0.0212081 -0.00780907 0)
(-0.022816 -0.00160245 0)
(-0.0238573 0.004017 0)
(-0.0244117 0.00905019 0)
(-0.024513 0.0135221 0)
(-0.0242059 0.0174804 0)
(-0.0235258 0.0209732 0)
(-0.0225532 0.0240492 0)
(-0.0213651 0.0267593 0)
(-0.0198833 0.0291711 0)
(-0.0180329 0.0313289 0)
(-0.0158403 0.0332222 0)
(-0.01334 0.0348387 0)
(-0.0105685 0.0361643 0)
(-0.00756645 0.0371757 0)
(-0.00441382 0.0378519 0)
(-0.00143136 0.0330504 0)
(0.00637167 0.0505731 0)
(0.0252797 0.0560858 0)
(0.0407517 0.0516786 0)
(0.0558261 0.0452176 0)
(0.0696748 0.0369555 0)
(0.0813928 0.0272715 0)
(0.0907479 0.0166195 0)
(0.0975802 0.005493 0)
(0.101826 -0.00561125 0)
(0.103527 -0.0162613 0)
(0.102854 -0.0260003 0)
(0.100007 -0.0345267 0)
(0.0952341 -0.0415475 0)
(0.0888884 -0.0468938 0)
(0.0813349 -0.050488 0)
(0.0729314 -0.0523366 0)
(0.0640176 -0.0525228 0)
(0.0549035 -0.0511931 0)
(0.0458584 -0.0485416 0)
(0.0371047 -0.0447927 0)
(0.0288171 -0.0401846 0)
(0.0211267 -0.034956 0)
(0.0141228 -0.0293344 0)
(0.00785544 -0.023527 0)
(0.00234419 -0.0177152 0)
(-0.00241194 -0.0120491 0)
(-0.00643232 -0.00664861 0)
(-0.00974971 -0.00159767 0)
(-0.0124267 0.00306303 0)
(-0.014521 0.00728797 0)
(-0.0160469 0.0110688 0)
(-0.0170103 0.0144139 0)
(-0.0174867 0.0173376 0)
(-0.017562 0.0198816 0)
(-0.0172744 0.0220771 0)
(-0.0166248 0.0239699 0)
(-0.0156046 0.0256064 0)
(-0.0142442 0.0270032 0)
(-0.0125757 0.0281826 0)
(-0.0106308 0.0291571 0)
(-0.00844491 0.0299306 0)
(-0.00604516 0.0304988 0)
(-0.00352131 0.0308607 0)
(-0.00114834 0.0268971 0)
(0.00502881 0.0210078 0)
(0.0206145 0.0228712 0)
(0.03299 0.0203142 0)
(0.0453543 0.0165973 0)
(0.0569935 0.0118541 0)
(0.0670836 0.00631821 0)
(0.0754395 0.00026673 0)
(0.0818759 -0.00601253 0)
(0.0861983 -0.0122316 0)
(0.0884766 -0.018061 0)
(0.0889422 -0.0233165 0)
(0.0876553 -0.0278012 0)
(0.0847273 -0.0313464 0)
(0.080393 -0.0338484 0)
(0.074906 -0.0352581 0)
(0.0685245 -0.0355779 0)
(0.061504 -0.0348579 0)
(0.0540896 -0.0331896 0)
(0.0465069 -0.0306958 0)
(0.0389554 -0.0275213 0)
(0.0316034 -0.0238177 0)
(0.024588 -0.0197427 0)
(0.0180219 -0.0154485 0)
(0.0119825 -0.0110742 0)
(0.00652013 -0.0067441 0)
(0.00167459 -0.00256149 0)
(-0.00254362 0.00139379 0)
(-0.00610733 0.0050583 0)
(-0.00904237 0.00836701 0)
(-0.0114164 0.011321 0)
(-0.0132415 0.0139135 0)
(-0.014546 0.0161535 0)
(-0.0153647 0.0180574 0)
(-0.0157055 0.0196547 0)
(-0.0156394 0.020981 0)
(-0.0151985 0.0220706 0)
(-0.0143587 0.0229548 0)
(-0.0131616 0.0236644 0)
(-0.0116514 0.0242268 0)
(-0.00986702 0.0246637 0)
(-0.00784706 0.0249895 0)
(-0.00560903 0.0252103 0)
(-0.00325747 0.025337 0)
(-0.00104689 0.0220593 0)
(0.00365773 0.000874177 0)
(0.016022 0.000258619 0)
(0.0252294 -0.00117395 0)
(0.0346203 -0.00317462 0)
(0.04344 -0.00566629 0)
(0.0510178 -0.00849739 0)
(0.0572341 -0.0114972 0)
(0.0619648 -0.0145007 0)
(0.0652171 -0.0173507 0)
(0.0669235 -0.0198616 0)
(0.0670149 -0.0219497 0)
(0.0656015 -0.0235087 0)
(0.0628158 -0.0244596 0)
(0.0588281 -0.0247582 0)
(0.0538389 -0.0243918 0)
(0.0480573 -0.0233775 0)
(0.0416952 -0.0217591 0)
(0.0349567 -0.0196031 0)
(0.0280354 -0.0170002 0)
(0.0211344 -0.0140773 0)
(0.0144273 -0.0108997 0)
(0.00803564 -0.00757583 0)
(0.00208931 -0.00421042 0)
(-0.00332784 -0.000899931 0)
(-0.00818002 0.00227733 0)
(-0.012424 0.00525708 0)
(-0.0160278 0.00799177 0)
(-0.0190297 0.0104444 0)
(-0.0214162 0.0125782 0)
(-0.0231453 0.0144027 0)
(-0.0242717 0.0159225 0)
(-0.0248483 0.0171531 0)
(-0.0249127 0.018126 0)
(-0.0244902 0.0188604 0)
(-0.0236135 0.0193839 0)
(-0.0223145 0.0197358 0)
(-0.0206215 0.0199461 0)
(-0.0185732 0.0200484 0)
(-0.0162125 0.0200742 0)
(-0.0135795 0.0200509 0)
(-0.0107098 0.0199994 0)
(-0.00760767 0.019932 0)
(-0.00439519 0.0198633 0)
(-0.00138216 0.0172797 0)
(0.00199949 -0.011317 0)
(0.0103948 -0.0133618 0)
(0.0155575 -0.0141101 0)
(0.0211458 -0.0149958 0)
(0.0263783 -0.0159784 0)
(0.0305973 -0.0169667 0)
(0.0337307 -0.0178632 0)
(0.0356729 -0.0185794 0)
(0.0363554 -0.0190455 0)
(0.0357363 -0.01926 0)
(0.0338127 -0.0191257 0)
(0.0306674 -0.0186218 0)
(0.0264318 -0.0177429 0)
(0.0212678 -0.0164923 0)
(0.0153511 -0.0148889 0)
(0.0088725 -0.0129669 0)
(0.0020437 -0.0107713 0)
(-0.00496778 -0.00836317 0)
(-0.012026 -0.00582424 0)
(-0.0188628 -0.00315972 0)
(-0.0252597 -0.000497998 0)
(-0.031147 0.00209496 0)
(-0.0364664 0.00456048 0)
(-0.0411312 0.0068446 0)
(-0.0450575 0.0089055 0)
(-0.0482178 0.0107115 0)
(-0.0505939 0.0122403 0)
(-0.0521854 0.0134853 0)
(-0.0529967 0.014472 0)
(-0.0530427 0.0151914 0)
(-0.0523661 0.0156657 0)
(-0.0510182 0.0159206 0)
(-0.0490523 0.0159848 0)
(-0.0465236 0.0158887 0)
(-0.043491 0.0156655 0)
(-0.0400142 0.0153471 0)
(-0.0361482 0.0149625 0)
(-0.031942 0.0145415 0)
(-0.0274409 0.0141132 0)
(-0.0226886 0.0137053 0)
(-0.017723 0.0133409 0)
(-0.012534 0.013035 0)
(-0.00723081 0.0128039 0)
(-0.0022555 0.0111075 0)
(4.59989e-05 -0.0164868 0)
(0.00369628 -0.0190362 0)
(0.00398531 -0.0193751 0)
(0.00493679 -0.0195042 0)
(0.00565642 -0.0194276 0)
(0.00550513 -0.0191112 0)
(0.00444304 -0.0185254 0)
(0.00235167 -0.0176576 0)
(-0.000821028 -0.0165129 0)
(-0.00501747 -0.0151097 0)
(-0.0101802 -0.0134647 0)
(-0.0162146 -0.0116108 0)
(-0.0229615 -0.00958432 0)
(-0.0302426 -0.00741867 0)
(-0.0379102 -0.00515078 0)
(-0.0458069 -0.00282235 0)
(-0.053713 -0.000484879 0)
(-0.0614464 0.00181099 0)
(-0.0687906 0.0040457 0)
(-0.0756368 0.0061743 0)
(-0.0819461 0.00810383 0)
(-0.0875382 0.00979805 0)
(-0.0922995 0.0112287 0)
(-0.0961504 0.0123764 0)
(-0.0990243 0.0132264 0)
(-0.100886 0.0137749 0)
(-0.101719 0.0140284 0)
(-0.101519 0.0140035 0)
(-0.100297 0.013728 0)
(-0.0980828 0.0132326 0)
(-0.0949225 0.0125555 0)
(-0.0908768 0.011737 0)
(-0.0860129 0.0108179 0)
(-0.0803995 0.00983954 0)
(-0.0741337 0.00884181 0)
(-0.067342 0.00785748 0)
(-0.06013 0.00691151 0)
(-0.0525754 0.00602503 0)
(-0.0447499 0.00521706 0)
(-0.0367179 0.00450438 0)
(-0.028522 0.00390014 0)
(-0.0201251 0.00341133 0)
(-0.0116093 0.00305207 0)
(-0.00362298 0.00253201 0)
(-0.00219171 -0.0154837 0)
(-0.00397374 -0.0177864 0)
(-0.00932565 -0.0179082 0)
(-0.0138168 -0.017516 0)
(-0.0184616 -0.0166725 0)
(-0.0238801 -0.0154193 0)
(-0.0300607 -0.013807 0)
(-0.0370164 -0.0118966 0)
(-0.044678 -0.00974606 0)
(-0.0529013 -0.00741682 0)
(-0.0615797 -0.00497082 0)
(-0.0706302 -0.00246784 0)
(-0.0798772 4.62698e-05 0)
(-0.089137 0.00251949 0)
(-0.0982966 0.0049075 0)
(-0.107204 0.00716937 0)
(-0.115762 0.00925996 0)
(-0.123824 0.0111407 0)
(-0.131251 0.0127962 0)
(-0.138003 0.0141217 0)
(-0.143976 0.0151334 0)
(-0.149049 0.0158062 0)
(-0.15313 0.0161217 0)
(-0.156143 0.0160727 0)
(-0.158028 0.0156617 0)
(-0.158741 0.014903 0)
(-0.15825 0.0138203 0)
(-0.156532 0.0124482 0)
(-0.153582 0.0108297 0)
(-0.149405 0.00901537 0)
(-0.144024 0.00706003 0)
(-0.13748 0.00502437 0)
(-0.129824 0.00297045 0)
(-0.121096 0.000957555 0)
(-0.1114 -0.000964861 0)
(-0.100918 -0.00274966 0)
(-0.0898082 -0.00435448 0)
(-0.0781998 -0.00575294 0)
(-0.0662451 -0.00693293 0)
(-0.0540906 -0.0078964 0)
(-0.041843 -0.00865941 0)
(-0.0294735 -0.00925244 0)
(-0.0170293 -0.00969259 0)
(-0.00534034 -0.00877423 0)
(-0.00474122 -0.00906939 0)
(-0.0126829 -0.0105402 0)
(-0.024448 -0.0105607 0)
(-0.0351614 -0.00980716 0)
(-0.045901 -0.0084582 0)
(-0.057156 -0.00667835 0)
(-0.0687274 -0.00459476 0)
(-0.0804755 -0.00230784 0)
(-0.0922108 0.000123239 0)
(-0.10373 0.00262904 0)
(-0.11494 0.00514091 0)
(-0.125738 0.00760492 0)
(-0.136101 0.00997572 0)
(-0.146012 0.0122088 0)
(-0.155362 0.0142617 0)
(-0.16409 0.0160919 0)
(-0.172177 0.0176586 0)
(-0.179557 0.0189234 0)
(-0.186182 0.0198265 0)
(-0.192031 0.0203502 0)
(-0.197044 0.0204769 0)
(-0.201154 0.0201865 0)
(-0.204299 0.0194695 0)
(-0.206421 0.0183252 0)
(-0.207469 0.0167639 0)
(-0.207391 0.0148078 0)
(-0.206139 0.0124875 0)
(-0.203664 0.00984501 0)
(-0.199923 0.00693024 0)
(-0.194874 0.00380124 0)
(-0.188474 0.000523842 0)
(-0.180683 -0.00282936 0)
(-0.171492 -0.00618001 0)
(-0.160952 -0.00944802 0)
(-0.149095 -0.0125538 0)
(-0.135919 -0.0154173 0)
(-0.121533 -0.017961 0)
(-0.106151 -0.0201195 0)
(-0.0900265 -0.0218507 0)
(-0.0734418 -0.0231497 0)
(-0.0566845 -0.024056 0)
(-0.0398518 -0.0246742 0)
(-0.0230358 -0.025102 0)
(-0.00725004 -0.0225679 0)
(-0.00765103 0.00206121 0)
(-0.0225583 0.00186569 0)
(-0.0415764 0.00185368 0)
(-0.0592215 0.00268964 0)
(-0.0763485 0.00407909 0)
(-0.0932079 0.00571443 0)
(-0.10932 0.00747047 0)
(-0.124389 0.00928043 0)
(-0.138281 0.0111385 0)
(-0.151012 0.0130279 0)
(-0.162575 0.0149178 0)
(-0.173 0.0167685 0)
(-0.182407 0.018526 0)
(-0.190913 0.0201559 0)
(-0.198565 0.0216116 0)
(-0.205419 0.0228439 0)
(-0.211529 0.0238009 0)
(-0.216917 0.0244347 0)
(-0.221604 0.0246932 0)
(-0.225609 0.0245428 0)
(-0.228924 0.0239612 0)
(-0.231529 0.0229246 0)
(-0.233397 0.0214223 0)
(-0.2345 0.0194532 0)
(-0.234802 0.0170254 0)
(-0.234259 0.0141604 0)
(-0.232819 0.0108851 0)
(-0.23042 0.0072387 0)
(-0.226994 0.00326618 0)
(-0.22246 -0.000980236 0)
(-0.216706 -0.00543316 0)
(-0.209617 -0.0100277 0)
(-0.201086 -0.0146848 0)
(-0.19101 -0.019318 0)
(-0.179259 -0.0238204 0)
(-0.165684 -0.0280806 0)
(-0.150221 -0.0319773 0)
(-0.132925 -0.0353729 0)
(-0.11398 -0.0381357 0)
(-0.0937014 -0.0401836 0)
(-0.0726124 -0.0414926 0)
(-0.0510312 -0.0422307 0)
(-0.0294476 -0.0425493 0)
(-0.0092678 -0.0382969 0)
(-0.0111368 0.0174392 0)
(-0.0340506 0.0187996 0)
(-0.0610169 0.01853 0)
(-0.0857391 0.0186755 0)
(-0.108308 0.0191611 0)
(-0.128962 0.0195909 0)
(-0.147065 0.0200037 0)
(-0.162615 0.0204304 0)
(-0.175735 0.0209535 0)
(-0.186704 0.0216202 0)
(-0.195812 0.0224329 0)
(-0.203345 0.0233492 0)
(-0.209582 0.0242993 0)
(-0.214755 0.0252252 0)
(-0.219034 0.0260564 0)
(-0.22256 0.0267282 0)
(-0.225445 0.0271756 0)
(-0.227774 0.0273318 0)
(-0.229616 0.02714 0)
(-0.231022 0.026548 0)
(-0.232026 0.0255292 0)
(-0.232651 0.0240525 0)
(-0.232908 0.0221007 0)
(-0.232801 0.0196688 0)
(-0.23232 0.0167567 0)
(-0.23145 0.0133805 0)
(-0.230158 0.0095567 0)
(-0.228394 0.00531453 0)
(-0.226094 0.000685889 0)
(-0.223149 -0.00429042 0)
(-0.219439 -0.00956572 0)
(-0.214817 -0.0150929 0)
(-0.209082 -0.020811 0)
(-0.201996 -0.0266562 0)
(-0.193254 -0.0325416 0)
(-0.182496 -0.0383582 0)
(-0.169365 -0.0439549 0)
(-0.15355 -0.0491295 0)
(-0.134883 -0.053635 0)
(-0.113334 -0.0572528 0)
(-0.0894486 -0.0597228 0)
(-0.0634179 -0.0611924 0)
(-0.0367539 -0.0614959 0)
(-0.011603 -0.0555349 0)
(-0.0158067 0.0366976 0)
(-0.048169 0.0393094 0)
(-0.0830102 0.0380379 0)
(-0.113553 0.0359805 0)
(-0.138326 0.0342113 0)
(-0.158892 0.0322311 0)
(-0.174874 0.0303998 0)
(-0.187046 0.0288061 0)
(-0.195981 0.0276055 0)
(-0.202311 0.0268431 0)
(-0.206599 0.0264951 0)
(-0.209325 0.0264827 0)
(-0.210865 0.0266954 0)
(-0.211504 0.0270307 0)
(-0.211454 0.0273826 0)
(-0.210877 0.0276631 0)
(-0.209908 0.0277901 0)
(-0.208652 0.0276807 0)
(-0.207201 0.0272706 0)
(-0.205627 0.0264969 0)
(-0.20399 0.0253227 0)
(-0.20235 0.0237124 0)
(-0.200751 0.0216418 0)
(-0.199235 0.0191036 0)
(-0.197832 0.0160882 0)
(-0.196563 0.0126063 0)
(-0.195437 0.00866244 0)
(-0.194443 0.00427339 0)
(-0.193545 -0.000543984 0)
(-0.192673 -0.00576996 0)
(-0.191736 -0.011383 0)
(-0.190602 -0.0173615 0)
(-0.189061 -0.0236801 0)
(-0.186831 -0.0303248 0)
(-0.183516 -0.0372697 0)
(-0.178592 -0.0444584 0)
(-0.171426 -0.0517684 0)
(-0.161272 -0.059004 0)
(-0.147416 -0.0658559 0)
(-0.128958 -0.072033 0)
(-0.106042 -0.0768829 0)
(-0.0773775 -0.0805294 0)
(-0.0462567 -0.0814589 0)
(-0.0149947 -0.07431 0)
(-0.022843 0.0598632 0)
(-0.0661868 0.0618859 0)
(-0.105898 0.0581186 0)
(-0.138428 0.0516825 0)
(-0.159705 0.0463449 0)
(-0.174981 0.0411071 0)
(-0.18431 0.0366676 0)
(-0.189576 0.0329777 0)
(-0.191704 0.0301635 0)
(-0.191569 0.0281769 0)
(-0.189821 0.0269179 0)
(-0.186973 0.0262363 0)
(-0.183367 0.0259565 0)
(-0.179246 0.0259307 0)
(-0.174779 0.026019 0)
(-0.170097 0.0261124 0)
(-0.165309 0.0261172 0)
(-0.160513 0.0259398 0)
(-0.155799 0.0255119 0)
(-0.15125 0.0247674 0)
(-0.146946 0.0236603 0)
(-0.142973 0.0221556 0)
(-0.139408 0.0202242 0)
(-0.13633 0.0178598 0)
(-0.133813 0.0150454 0)
(-0.131925 0.0117884 0)
(-0.130729 0.00808439 0)
(-0.130266 0.00393887 0)
(-0.130557 -0.000643087 0)
(-0.1316 -0.00566384 0)
(-0.13338 -0.0111177 0)
(-0.135831 -0.0170145 0)
(-0.138819 -0.0233699 0)
(-0.142127 -0.0302306 0)
(-0.145405 -0.0376483 0)
(-0.148121 -0.04566 0)
(-0.149559 -0.0542377 0)
(-0.148685 -0.063297 0)
(-0.144379 -0.0725878 0)
(-0.134526 -0.0819816 0)
(-0.11873 -0.0904355 0)
(-0.0917121 -0.0984689 0)
(-0.0596251 -0.101522 0)
(-0.0207471 -0.0952487 0)
(-0.0333706 0.0874393 0)
(-0.0884217 0.0842117 0)
(-0.124914 0.0758037 0)
(-0.152971 0.0627741 0)
(-0.163663 0.0532054 0)
(-0.168733 0.0446599 0)
(-0.168004 0.0379897 0)
(-0.164388 0.0327212 0)
(-0.15873 0.0288302 0)
(-0.151865 0.0261173 0)
(-0.144268 0.0243759 0)
(-0.136294 0.0233844 0)
(-0.12813 0.0229057 0)
(-0.119892 0.0227563 0)
(-0.111653 0.0227767 0)
(-0.103474 0.0228475 0)
(-0.0954188 0.0228745 0)
(-0.087561 0.0227621 0)
(-0.0799778 0.0224445 0)
(-0.0727601 0.0218561 0)
(-0.0660002 0.0209499 0)
(-0.0598098 0.0196956 0)
(-0.0542963 0.0180614 0)
(-0.0495752 0.0160454 0)
(-0.0457658 0.0136268 0)
(-0.04298 0.0108119 0)
(-0.0413373 0.00759157 0)
(-0.0409361 0.00396336 0)
(-0.0418677 -7.40757e-05 0)
(-0.0442094 -0.00453892 0)
(-0.0480339 -0.00943253 0)
(-0.0533799 -0.0147892 0)
(-0.0602417 -0.0206554 0)
(-0.0685501 -0.027129 0)
(-0.0781263 -0.0343348 0)
(-0.0886125 -0.0424102 0)
(-0.0994794 -0.0514485 0)
(-0.109719 -0.0615548 0)
(-0.118299 -0.0726585 0)
(-0.121979 -0.0851164 0)
(-0.120611 -0.0976988 0)
(-0.101963 -0.112358 0)
(-0.0774943 -0.119759 0)
(-0.0300381 -0.119373 0)
(-0.0468488 0.119595 0)
(-0.112182 0.10281 0)
(-0.131377 0.0877021 0)
(-0.147358 0.0669828 0)
(-0.141272 0.0536892 0)
(-0.133314 0.0427485 0)
(-0.121451 0.0348467 0)
(-0.109138 0.0288915 0)
(-0.0965482 0.0246601 0)
(-0.0841765 0.0217953 0)
(-0.0720981 0.0200061 0)
(-0.0603722 0.0190236 0)
(-0.0489586 0.0185776 0)
(-0.0378127 0.0184709 0)
(-0.0268973 0.0185439 0)
(-0.0161962 0.0186809 0)
(-0.00572695 0.0187974 0)
(0.00446106 0.0188043 0)
(0.0143026 0.0186452 0)
(0.023698 0.0182588 0)
(0.0325398 0.0176029 0)
(0.0406942 0.0166545 0)
(0.0480225 0.0153824 0)
(0.0543768 0.0137897 0)
(0.0595962 0.0118555 0)
(0.0635292 0.00958652 0)
(0.0660069 0.00697279 0)
(0.0668784 0.00400718 0)
(0.0659877 0.000686659 0)
(0.0631841 -0.00301232 0)
(0.0583123 -0.00709496 0)
(0.0512254 -0.0116051 0)
(0.0417934 -0.0166041 0)
(0.0299085 -0.0222178 0)
(0.0155099 -0.0286176 0)
(-0.00133922 -0.0360148 0)
(-0.0205262 -0.0446004 0)
(-0.0413791 -0.0546738 0)
(-0.0635995 -0.0663849 0)
(-0.083306 -0.0807972 0)
(-0.102438 -0.096806 0)
(-0.099692 -0.119152 0)
(-0.0972697 -0.133052 0)
(-0.0421671 -0.147302 0)
(-0.0586765 0.15494 0)
(-0.129608 0.113593 0)
(-0.113541 0.0909257 0)
(-0.111367 0.0636277 0)
(-0.0856677 0.0482932 0)
(-0.0650578 0.0365555 0)
(-0.0436385 0.028669 0)
(-0.0247836 0.0229633 0)
(-0.00753637 0.0190639 0)
(0.00813068 0.0165091 0)
(0.0226449 0.0149832 0)
(0.0362816 0.0142063 0)
(0.0493134 0.0139131 0)
(0.0619286 0.0139177 0)
(0.0742567 0.0140787 0)
(0.0863683 0.0142957 0)
(0.0982807 0.0145005 0)
(0.109958 0.0146173 0)
(0.121339 0.0146017 0)
(0.132311 0.0144022 0)
(0.142749 0.0139833 0)
(0.152497 0.0133303 0)
(0.161386 0.0124151 0)
(0.169242 0.0112448 0)
(0.175869 0.00980127 0)
(0.181084 0.00809128 0)
(0.184682 0.00610702 0)
(0.186472 0.00383952 0)
(0.186248 0.00128691 0)
(0.183804 -0.00157311 0)
(0.178921 -0.00474574 0)
(0.17137 -0.0082725 0)
(0.160911 -0.0122145 0)
(0.147283 -0.0166999 0)
(0.130189 -0.0219116 0)
(0.109373 -0.0280889 0)
(0.0844299 -0.0354669 0)
(0.0555315 -0.0444724 0)
(0.0217526 -0.0554206 0)
(-0.0129828 -0.070029 0)
(-0.0549419 -0.0875824 0)
(-0.0736309 -0.11644 0)
(-0.111065 -0.137766 0)
(-0.0521445 -0.177971 0)
(-0.0580655 0.189354 0)
(-0.126695 0.113303 0)
(-0.0592301 0.0842576 0)
(-0.0369717 0.0539023 0)
(0.00636426 0.0388398 0)
(0.0361603 0.0280275 0)
(0.0634943 0.0212237 0)
(0.0855448 0.0164694 0)
(0.104512 0.0133375 0)
(0.120941 0.0113551 0)
(0.135721 0.0102336 0)
(0.149411 0.00972372 0)
(0.16246 0.0095979 0)
(0.175151 0.00970112 0)
(0.187664 0.0099218 0)
(0.200095 0.0101814 0)
(0.212475 0.0104304 0)
(0.224769 0.0106102 0)
(0.23691 0.0106875 0)
(0.248771 0.0106248 0)
(0.260207 0.0103936 0)
(0.271044 0.00998625 0)
(0.281086 0.00937978 0)
(0.29014 0.00858313 0)
(0.297986 0.00758227 0)
(0.304423 0.00638336 0)
(0.309222 0.00498168 0)
(0.312169 0.00336858 0)
(0.313031 0.00154428 0)
(0.311567 -0.000509488 0)
(0.307526 -0.00279546 0)
(0.30063 -0.00534651 0)
(0.290578 -0.00821339 0)
(0.277012 -0.0115066 0)
(0.259461 -0.0153895 0)
(0.237405 -0.0200847 0)
(0.209975 -0.0258164 0)
(0.176859 -0.0330375 0)
(0.135806 -0.0421239 0)
(0.0903331 -0.0551228 0)
(0.0284185 -0.0718871 0)
(-0.0125704 -0.103466 0)
(-0.105031 -0.131158 0)
(-0.0488351 -0.207459 0)
(-0.0276174 0.2155 0)
(-0.0845388 0.100928 0)
(0.04069 0.0689418 0)
(0.0795568 0.0404291 0)
(0.134036 0.0277504 0)
(0.167637 0.019167 0)
(0.196337 0.0140594 0)
(0.21804 0.0105967 0)
(0.235909 0.00839013 0)
(0.250854 0.00703999 0)
(0.264066 0.00632035 0)
(0.276272 0.00604028 0)
(0.288013 0.00602952 0)
(0.299602 0.00617446 0)
(0.311228 0.00639719 0)
(0.32298 0.00664235 0)
(0.334889 0.00687724 0)
(0.34691 0.00706242 0)
(0.358965 0.00717367 0)
(0.370916 0.00718715 0)
(0.382601 0.00708155 0)
(0.393834 0.00685473 0)
(0.404407 0.00648921 0)
(0.414118 0.00599362 0)
(0.422735 0.00535825 0)
(0.430055 0.00458782 0)
(0.435843 0.00368044 0)
(0.439878 0.0026289 0)
(0.441925 0.00143504 0)
(0.441733 8.55116e-05 0)
(0.439046 -0.00142004 0)
(0.433582 -0.00310432 0)
(0.425025 -0.00500361 0)
(0.412988 -0.00719989 0)
(0.396914 -0.00981788 0)
(0.376134 -0.0130324 0)
(0.349475 -0.0170213 0)
(0.316298 -0.0221727 0)
(0.273342 -0.0288307 0)
(0.223515 -0.0389179 0)
(0.149458 -0.0527602 0)
(0.0911633 -0.0820419 0)
(-0.0608997 -0.112901 0)
(-0.0150632 -0.228634 0)
(0.0543745 0.223649 0)
(0.0169553 0.0785396 0)
(0.189524 0.0484626 0)
(0.236898 0.026324 0)
(0.293382 0.017268 0)
(0.325157 0.0114864 0)
(0.351005 0.0081879 0)
(0.369491 0.00601431 0)
(0.38418 0.00466607 0)
(0.396108 0.00386526 0)
(0.406548 0.00346051 0)
(0.416254 0.00332836 0)
(0.425764 0.00336059 0)
(0.435367 0.00348574 0)
(0.445226 0.00365683 0)
(0.45541 0.00383907 0)
(0.465935 0.00401243 0)
(0.476747 0.00415716 0)
(0.487762 0.00425381 0)
(0.498838 0.00429086 0)
(0.509812 0.00425393 0)
(0.520502 0.00414388 0)
(0.530701 0.00394878 0)
(0.540217 0.00367522 0)
(0.548827 0.00331731 0)
(0.556341 0.00287779 0)
(0.562538 0.00235672 0)
(0.567214 0.0017486 0)
(0.57015 0.00105599 0)
(0.571114 0.00027011 0)
(0.569872 -0.000608373 0)
(0.566168 -0.00159334 0)
(0.559717 -0.00270727 0)
(0.550163 -0.00400166 0)
(0.536956 -0.0055569 0)
(0.519409 -0.00748752 0)
(0.496265 -0.00991382 0)
(0.46677 -0.0131065 0)
(0.427252 -0.0173311 0)
(0.380017 -0.0240057 0)
(0.304698 -0.0337026 0)
(0.239084 -0.0562798 0)
(0.0404209 -0.0856539 0)
(0.0696871 -0.231984 0)
(0.208995 0.204122 0)
(0.193818 0.0507218 0)
(0.383735 0.0275663 0)
(0.429409 0.014197 0)
(0.478727 0.00892116 0)
(0.504304 0.00577882 0)
(0.524363 0.00402165 0)
(0.537991 0.00289821 0)
(0.548492 0.00221118 0)
(0.556796 0.00180998 0)
(0.564019 0.00161067 0)
(0.570804 0.00154986 0)
(0.577599 0.00157257 0)
(0.584632 0.0016422 0)
(0.59203 0.00173585 0)
(0.599837 0.00183476 0)
(0.608058 0.0019292 0)
(0.616642 0.00201028 0)
(0.625507 0.00206669 0)
(0.634531 0.00209438 0)
(0.643571 0.00208471 0)
(0.652472 0.00203964 0)
(0.661057 0.0019521 0)
(0.669165 0.00182593 0)
(0.676609 0.0016583 0)
(0.683232 0.00144987 0)
(0.688852 0.00120174 0)
(0.693301 0.000910049 0)
(0.696402 0.000577052 0)
(0.697965 0.000197765 0)
(0.697804 -0.000227413 0)
(0.695713 -0.000705641 0)
(0.691466 -0.00124894 0)
(0.684777 -0.00188314 0)
(0.675191 -0.00264998 0)
(0.662124 -0.00360865 0)
(0.644473 -0.00482709 0)
(0.621557 -0.0064517 0)
(0.589981 -0.0086597 0)
(0.551483 -0.0122232 0)
(0.486407 -0.0177727 0)
(0.425976 -0.0313343 0)
(0.213939 -0.0542064 0)
(0.224539 -0.208382 0)
(0.450636 0.158993 0)
(0.453323 0.0249469 0)
(0.614162 0.011467 0)
(0.648495 0.00580424 0)
(0.683343 0.00349349 0)
(0.700368 0.00224242 0)
(0.713408 0.00153409 0)
(0.721948 0.00109731 0)
(0.728394 0.00082801 0)
(0.73338 0.00066987 0)
(0.737665 0.000587291 0)
(0.741675 0.000557036 0)
(0.745706 0.000559406 0)
(0.749912 0.000579968 0)
(0.754378 0.000611093 0)
(0.759137 0.000644477 0)
(0.764194 0.000677302 0)
(0.769514 0.000705575 0)
(0.775047 0.000725237 0)
(0.780714 0.000735852 0)
(0.786425 0.000732774 0)
(0.79208 0.000717867 0)
(0.797565 0.000687804 0)
(0.80278 0.00064393 0)
(0.807601 0.000585728 0)
(0.81193 0.000512269 0)
(0.815649 0.000425113 0)
(0.81865 0.000321661 0)
(0.820819 0.000203438 0)
(0.822035 6.82567e-05 0)
(0.822176 -8.41618e-05 0)
(0.821108 -0.000256305 0)
(0.818682 -0.000453707 0)
(0.814708 -0.000685495 0)
(0.808884 -0.000967877 0)
(0.800827 -0.00132242 0)
(0.789778 -0.00177891 0)
(0.775273 -0.0023918 0)
(0.75484 -0.00325749 0)
(0.729613 -0.00464575 0)
(0.684795 -0.0070353 0)
(0.641631 -0.0127381 0)
(0.466317 -0.0261935 0)
(0.462183 -0.160544 0)
(0.781341 0.0411743 0)
(0.789166 0.00450496 0)
(0.864852 0.00176068 0)
(0.879193 0.000901651 0)
(0.893356 0.000523275 0)
(0.900078 0.000337766 0)
(0.905208 0.000229032 0)
(0.908543 0.000164289 0)
(0.911054 0.00012338 0)
(0.912967 9.88666e-05 0)
(0.914568 8.50008e-05 0)
(0.91601 7.86364e-05 0)
(0.917403 7.7243e-05 0)
(0.918811 7.85438e-05 0)
(0.920269 8.17013e-05 0)
(0.921796 8.52316e-05 0)
(0.923398 8.88595e-05 0)
(0.925068 9.21241e-05 0)
(0.926795 9.4214e-05 0)
(0.928557 9.54067e-05 0)
(0.930326 9.47117e-05 0)
(0.932075 9.26295e-05 0)
(0.933767 8.85748e-05 0)
(0.935372 8.26624e-05 0)
(0.936851 7.49997e-05 0)
(0.938173 6.51355e-05 0)
(0.939298 5.35827e-05 0)
(0.940191 3.96991e-05 0)
(0.940813 2.3838e-05 0)
(0.941122 5.64744e-06 0)
(0.941077 -1.50441e-05 0)
(0.940628 -3.84908e-05 0)
(0.939719 -6.57397e-05 0)
(0.938278 -9.79441e-05 0)
(0.936191 -0.000137535 0)
(0.933321 -0.000187373 0)
(0.929379 -0.000252421 0)
(0.924196 -0.000339833 0)
(0.91677 -0.000468781 0)
(0.907553 -0.000670197 0)
(0.890341 -0.00105656 0)
(0.873592 -0.00191457 0)
(0.7931 -0.00467414 0)
(0.785248 -0.0413929 0)
)
;

boundaryField
{
    movingWall
    {
        type            fixedValue;
        value           uniform (1 0 0);
    }
    fixedWalls
    {
        type            noSlip;
    }
    frontAndBack
    {
        type            empty;
    }
    defaultFaces
    {
        type            empty;
    }
}


// ************************************************************************* //
