/*--------------------------------*- C++ -*----------------------------------*\
  =========                 |
  \\      /  F ield         | OpenFOAM: The Open Source CFD Toolbox
   \\    /   O peration     | Website:  https://openfoam.org
    \\  /    A nd           | Version:  7
     \\/     M anipulation  |
\*---------------------------------------------------------------------------*/
FoamFile
{
    version     2.0;
    format      ascii;
    class       volVectorField;
    location    "1.07";
    object      U;
}
// * * * * * * * * * * * * * * * * * * * * * * * * * * * * * * * * * * * * * //

dimensions      [0 1 -1 0 0 0 0];

internalField   nonuniform List<vector> 
1936
(
(-13.3165 3.3498 0)
(-71.3345 190.022 0)
(-29.9585 426.82 0)
(-3.08345 446.688 0)
(-9.8765 420.631 0)
(-2.92025 436.564 0)
(10.2071 431.784 0)
(21.51 381.309 0)
(20.0348 317.616 0)
(6.66627 286.936 0)
(-6.96366 287.442 0)
(-19.3908 331.312 0)
(-25.013 455.702 0)
(14.0923 510.158 0)
(39.3154 380.241 0)
(20.4204 259.878 0)
(4.13448 243.099 0)
(-10.7453 263.765 0)
(-33.7165 384.149 0)
(-11.0419 513.429 0)
(34.9253 428.861 0)
(23.3383 274.393 0)
(0.993722 238.873 0)
(-11.2072 255.347 0)
(-36.5382 376.143 0)
(-7.99009 517.385 0)
(38.2394 433.139 0)
(22.9016 277.35 0)
(4.57609 241.269 0)
(-8.98287 252.291 0)
(-34.9463 364.843 0)
(-12.0417 513.024 0)
(34.9928 447.451 0)
(24.054 287.434 0)
(3.14844 242.386 0)
(-8.7674 248.865 0)
(-33.9746 343.265 0)
(-20.6535 502.317 0)
(31.5732 468.098 0)
(30.2052 300.747 0)
(6.92646 240.261 0)
(-3.85479 241.439 0)
(-29.3698 316.383 0)
(-27.589 481.122 0)
(-15.2291 8.11014 0)
(-78.6089 0.77752 0)
(-33.431 -4.18081 0)
(-5.10096 -2.68616 0)
(-11.6683 -1.07679 0)
(-3.6945 -1.85791 0)
(9.97545 -2.09172 0)
(20.5056 -0.831671 0)
(17.3339 1.19636 0)
(4.7199 2.67328 0)
(-4.21516 2.69182 0)
(-16.4275 0.656607 0)
(-25.6635 -3.1249 0)
(14.5921 -4.43433 0)
(38.8978 -1.20252 0)
(15.2184 2.53643 0)
(3.47646 3.76973 0)
(-6.71962 2.81419 0)
(-34.2078 -0.783919 0)
(-11.7988 -4.49679 0)
(35.2153 -3.11372 0)
(18.5412 1.76863 0)
(-0.182442 4.01594 0)
(-6.12463 2.86446 0)
(-35.9402 -1.32275 0)
(-8.67942 -4.86266 0)
(38.9586 -2.81061 0)
(18.1702 1.72801 0)
(2.43071 3.82242 0)
(-4.18663 3.13155 0)
(-34.0812 -0.836989 0)
(-12.8775 -4.59303 0)
(36.1149 -2.99481 0)
(20.119 1.48298 0)
(0.460309 3.7573 0)
(-3.79695 3.2681 0)
(-32.2588 -0.266281 0)
(-21.7669 -4.47261 0)
(32.7278 -3.87535 0)
(26.3694 0.697477 0)
(2.82028 3.61701 0)
(0.541659 3.60932 0)
(-26.8693 0.523565 0)
(-29.3433 -3.93748 0)
(-5.6758 16.8628 0)
(-72.4892 2.20137 0)
(-34.9454 -9.03905 0)
(-6.62802 -5.66401 0)
(-10.4397 -2.19354 0)
(-3.55609 -3.91605 0)
(9.80569 -4.37457 0)
(20.4806 -1.60448 0)
(17.1826 2.59384 0)
(4.28665 5.24167 0)
(-4.43398 5.31731 0)
(-17.1934 1.8245 0)
(-27.719 -6.36798 0)
(13.7634 -9.65298 0)
(39.8937 -2.06694 0)
(14.4896 5.56707 0)
(0.83522 7.3584 0)
(-9.96887 5.94892 0)
(-36.4513 -1.4317 0)
(-9.9566 -9.97264 0)
(38.334 -6.20687 0)
(18.4888 4.14039 0)
(-0.459996 7.78247 0)
(-6.94949 6.05698 0)
(-38.1698 -2.24375 0)
(-9.67646 -10.6693 0)
(40.5828 -5.68306 0)
(18.4451 4.12164 0)
(0.882514 7.43176 0)
(-5.94114 6.49763 0)
(-36.5888 -1.26294 0)
(-13.9768 -10.1098 0)
(37.9447 -6.23007 0)
(21.5293 3.61873 0)
(0.584737 7.34314 0)
(-4.30211 6.69398 0)
(-34.1835 0.0308693 0)
(-22.3789 -9.73678 0)
(34.7398 -8.13911 0)
(27.4128 2.14723 0)
(1.79014 7.15731 0)
(-1.19515 7.20355 0)
(-29.3908 1.71124 0)
(-30.9306 -8.5589 0)
(3.35591 23.6843 0)
(-60.1333 4.36077 0)
(-30.0175 -12.4122 0)
(-10.0731 -8.56468 0)
(-10.9674 -3.64808 0)
(-3.98625 -5.78062 0)
(6.37318 -6.29517 0)
(13.7003 -2.17165 0)
(10.408 3.80867 0)
(1.19964 7.28465 0)
(-1.7797 7.38654 0)
(-9.37539 2.84967 0)
(-21.2575 -8.95906 0)
(9.66503 -14.0098 0)
(29.4161 -2.70657 0)
(6.31755 8.30242 0)
(-1.11186 10.4349 0)
(-5.3499 8.3939 0)
(-27.3246 -2.33853 0)
(-6.3023 -14.6752 0)
(30.1373 -8.48936 0)
(8.86048 6.26588 0)
(-1.61467 10.7919 0)
(-0.697642 8.7051 0)
(-28.2097 -2.94225 0)
(-8.18498 -15.4916 0)
(31.1426 -8.00847 0)
(9.35009 6.25713 0)
(-1.98538 10.4281 0)
(-0.861171 9.20574 0)
(-26.8963 -1.65391 0)
(-11.4083 -14.7607 0)
(29.51 -8.94463 0)
(12.847 5.43737 0)
(-1.78964 10.3073 0)
(1.05321 9.53915 0)
(-24.091 0.285999 0)
(-17.334 -14.1495 0)
(27.4493 -11.5879 0)
(17.1373 3.54001 0)
(-2.69636 10.149 0)
(2.0232 10.1263 0)
(-19.8478 2.63635 0)
(-24.8433 -12.4713 0)
(11.6459 28.9797 0)
(-49.0415 6.99889 0)
(-24.6456 -14.2228 0)
(-11.9374 -11.121 0)
(-11.3249 -5.61184 0)
(-5.02512 -7.53482 0)
(2.22379 -7.70447 0)
(6.73162 -2.47683 0)
(4.15238 4.69079 0)
(-1.50464 8.52497 0)
(0.00648004 8.54559 0)
(-3.68466 3.43749 0)
(-15.395 -10.5695 0)
(5.7004 -16.8123 0)
(20.1221 -3.04345 0)
(0.0591944 10.2478 0)
(-1.7018 12.5106 0)
(-1.22559 9.81224 0)
(-19.282 -3.23324 0)
(-2.95116 -17.7647 0)
(22.5532 -9.66855 0)
(1.71062 7.73559 0)
(-2.49144 12.548 0)
(3.82173 10.3282 0)
(-19.707 -3.30508 0)
(-6.67848 -18.5142 0)
(22.6404 -9.43784 0)
(2.71307 7.7301 0)
(-3.87131 12.2998 0)
(3.24209 10.7891 0)
(-18.6435 -1.9138 0)
(-8.91678 -17.745 0)
(21.7934 -10.7019 0)
(6.34469 6.64827 0)
(-3.83326 12.1379 0)
(5.29802 11.2739 0)
(-15.7409 0.481185 0)
(-12.5077 -16.9592 0)
(20.6019 -13.6788 0)
(9.21806 4.60508 0)
(-5.9965 12.0254 0)
(5.06708 11.8611 0)
(-12.3379 3.20667 0)
(-19.1212 -14.9694 0)
(18.5528 32.5091 0)
(-37.487 9.95192 0)
(-18.664 -14.5206 0)
(-11.7254 -13.0434 0)
(-11.3181 -7.75097 0)
(-6.45295 -9.00701 0)
(-2.19229 -8.53523 0)
(0.158228 -2.60153 0)
(-1.38091 5.09853 0)
(-3.62004 8.85408 0)
(1.14239 8.75489 0)
(0.179963 3.5647 0)
(-10.3142 -11.1709 0)
(2.34654 -17.976 0)
(12.1538 -3.0912 0)
(-4.66118 11.1661 0)
(-1.24036 13.4323 0)
(3.1924 10.2248 0)
(-12.2278 -3.93931 0)
(-0.326848 -19.1293 0)
(15.7314 -9.74118 0)
(-3.4764 8.4633 0)
(-2.91419 13.0884 0)
(7.13548 10.8771 0)
(-12.6341 -3.30396 0)
(-5.14711 -19.6847 0)
(15.2033 -9.95666 0)
(-2.2813 8.41009 0)
(-4.59308 13.0001 0)
(6.7248 11.2525 0)
(-11.7284 -1.95318 0)
(-6.5822 -18.9984 0)
(14.88 -11.4661 0)
(1.12706 7.19835 0)
(-5.07379 12.8021 0)
(8.28959 11.8365 0)
(-8.92683 0.645 0)
(-8.17508 -18.1094 0)
(14.3393 -14.3941 0)
(3.07171 5.26589 0)
(-7.76099 12.7159 0)
(7.42414 12.4227 0)
(-6.30278 3.49209 0)
(-13.8798 -16.0342 0)
(22.6779 33.8548 0)
(-24.2944 12.9089 0)
(-11.8337 -13.3032 0)
(-9.51901 -14.0168 0)
(-10.4914 -9.58897 0)
(-7.65277 -10.0139 0)
(-5.98369 -8.78489 0)
(-5.15094 -2.62015 0)
(-5.61181 4.8919 0)
(-4.84778 8.2533 0)
(1.52642 8.06614 0)
(2.49567 3.25683 0)
(-6.04254 -10.8625 0)
(-0.123855 -17.539 0)
(5.68291 -2.87967 0)
(-7.48863 10.9547 0)
(-0.393479 13.0559 0)
(6.77151 9.76963 0)
(-6.37515 -4.29064 0)
(1.31435 -18.7485 0)
(9.77219 -8.82322 0)
(-6.72448 8.40479 0)
(-2.69875 12.4809 0)
(8.76996 10.4425 0)
(-6.97753 -2.98077 0)
(-3.56252 -19.0804 0)
(8.90253 -9.60564 0)
(-5.69843 8.25018 0)
(-4.16096 12.5089 0)
(8.57589 10.7464 0)
(-6.19256 -1.75686 0)
(-4.38762 -18.5605 0)
(8.85622 -11.2415 0)
(-2.91435 7.04927 0)
(-5.02264 12.326 0)
(9.21259 11.3344 0)
(-3.63214 0.716443 0)
(-4.47246 -17.6225 0)
(8.75587 -13.7981 0)
(-1.51476 5.40845 0)
(-7.63273 12.2817 0)
(8.00034 11.9435 0)
(-1.62266 3.46834 0)
(-9.1492 -15.6979 0)
(23.1931 32.6324 0)
(-9.73892 15.3042 0)
(-4.37095 -10.5724 0)
(-5.7086 -13.7089 0)
(-8.39032 -10.6625 0)
(-7.83785 -10.3766 0)
(-8.18586 -8.50808 0)
(-8.36461 -2.64007 0)
(-7.94981 4.03555 0)
(-5.0953 6.88684 0)
(1.43051 6.70393 0)
(3.60873 2.51943 0)
(-2.60258 -9.86255 0)
(-1.70174 -15.6973 0)
(0.791314 -2.50939 0)
(-8.41851 9.75991 0)
(0.250347 11.5017 0)
(8.462 8.63198 0)
(-1.90876 -4.21354 0)
(1.92196 -16.7785 0)
(4.71011 -7.2577 0)
(-8.15409 7.67753 0)
(-2.08249 10.9258 0)
(8.69383 9.2576 0)
(-2.6462 -2.50159 0)
(-1.9566 -16.9389 0)
(3.82426 -8.50637 0)
(-7.54428 7.35644 0)
(-3.1957 10.9838 0)
(8.47716 9.5052 0)
(-1.99934 -1.46731 0)
(-2.31798 -16.6103 0)
(3.91059 -10.1147 0)
(-5.63645 6.26846 0)
(-4.13603 10.8604 0)
(8.36197 9.98982 0)
(0.217469 0.598019 0)
(-1.4953 -15.6697 0)
(4.03459 -12.0734 0)
(-4.65901 5.00866 0)
(-6.32477 10.9019 0)
(7.10015 10.6022 0)
(1.82103 3.1067 0)
(-5.01014 -14.0988 0)
(19.439 28.8604 0)
(3.26985 16.4099 0)
(2.95401 -6.60539 0)
(-0.919182 -11.9487 0)
(-5.01553 -10.6233 0)
(-6.59828 -9.96856 0)
(-8.38029 -7.79564 0)
(-9.17456 -2.73157 0)
(-8.24888 2.68492 0)
(-4.54811 5.04209 0)
(1.20545 4.94071 0)
(3.78459 1.43907 0)
(-0.19125 -8.35447 0)
(-2.56887 -12.8181 0)
(-2.5074 -2.09632 0)
(-7.92259 7.8886 0)
(0.340561 9.17318 0)
(8.15319 6.9552 0)
(1.15032 -3.73657 0)
(1.72759 -13.6055 0)
(0.841863 -5.4083 0)
(-7.91782 6.4469 0)
(-1.38853 8.74057 0)
(7.53965 7.58884 0)
(0.532724 -2.03455 0)
(-0.526189 -13.6574 0)
(0.243053 -6.82631 0)
(-7.7723 5.92565 0)
(-2.26335 8.77263 0)
(7.20581 7.76474 0)
(1.05377 -1.25907 0)
(-0.533764 -13.5154 0)
(0.39766 -8.25004 0)
(-6.75991 4.97666 0)
(-3.06381 8.70927 0)
(6.77673 8.09445 0)
(2.77514 0.274997 0)
(0.567812 -12.6311 0)
(0.540085 -9.51929 0)
(-6.32064 4.13177 0)
(-4.76262 8.87726 0)
(5.67544 8.67196 0)
(4.06162 2.41083 0)
(-1.72269 -11.5275 0)
(12.8367 23.3563 0)
(10.8052 15.6625 0)
(8.53074 -2.30105 0)
(3.77693 -8.94363 0)
(-1.08546 -9.34684 0)
(-4.22322 -8.78269 0)
(-6.86091 -6.75431 0)
(-7.98574 -2.82655 0)
(-7.01437 1.1665 0)
(-3.5978 3.0323 0)
(0.911243 3.03575 0)
(3.2255 0.303905 0)
(0.965941 -6.54589 0)
(-2.87176 -9.45244 0)
(-4.29699 -1.68067 0)
(-6.60729 5.66784 0)
(0.0652894 6.55564 0)
(6.46117 4.94292 0)
(2.7479 -2.96122 0)
(1.10728 -9.80947 0)
(-1.57658 -3.58486 0)
(-6.50122 4.86331 0)
(-0.88553 6.36779 0)
(5.86367 5.61743 0)
(2.49869 -1.57727 0)
(0.36784 -9.82327 0)
(-1.71392 -4.86878 0)
(-6.58616 4.23226 0)
(-1.52988 6.34059 0)
(5.56309 5.70868 0)
(2.90472 -1.10559 0)
(0.582395 -9.8421 0)
(-1.50442 -5.99867 0)
(-6.23816 3.43618 0)
(-2.17932 6.29277 0)
(5.07136 5.89773 0)
(3.963 -0.0906128 0)
(1.47767 -9.05288 0)
(-1.36803 -6.60629 0)
(-6.29308 2.97123 0)
(-3.38314 6.55091 0)
(4.3165 6.43608 0)
(4.90715 1.53567 0)
(0.360665 -8.40959 0)
(6.8687 17.4435 0)
(11.8586 13.2731 0)
(10.732 1.06742 0)
(6.85138 -5.41905 0)
(2.22095 -7.07823 0)
(-1.48165 -6.95572 0)
(-4.36601 -5.48035 0)
(-5.66085 -2.81827 0)
(-5.04853 -0.167607 0)
(-2.5746 1.20285 0)
(0.55072 1.27879 0)
(2.26086 -0.604634 0)
(0.99488 -4.71112 0)
(-2.6703 -6.23432 0)
(-4.58118 -1.31203 0)
(-4.94844 3.4518 0)
(-0.253728 4.08741 0)
(4.21584 2.97344 0)
(2.82214 -2.06606 0)
(0.379166 -6.11069 0)
(-2.50931 -2.06403 0)
(-4.58318 3.20489 0)
(-0.581346 4.19706 0)
(3.99989 3.61505 0)
(3.00792 -1.1109 0)
(0.605805 -6.12773 0)
(-2.2438 -3.01146 0)
(-4.64157 2.61123 0)
(-0.962032 4.08515 0)
(3.83789 3.62342 0)
(3.31054 -0.914309 0)
(0.894838 -6.25524 0)
(-2.05224 -3.81541 0)
(-4.64557 2.01191 0)
(-1.48311 4.00626 0)
(3.38763 3.70782 0)
(3.72748 -0.300173 0)
(1.41078 -5.59934 0)
(-1.93646 -3.90868 0)
(-4.9421 1.87028 0)
(-2.20286 4.26889 0)
(3.03455 4.18169 0)
(4.35845 0.786078 0)
(1.2097 -5.31894 0)
(3.54727 12.1771 0)
(9.00134 10.184 0)
(9.65112 2.8788 0)
(7.47342 -2.33951 0)
(3.95267 -4.43816 0)
(0.713165 -4.82758 0)
(-1.81784 -4.09627 0)
(-3.10566 -2.60832 0)
(-2.97112 -1.0713 0)
(-1.54871 -0.170462 0)
(0.315358 -0.0759023 0)
(1.34184 -1.14063 0)
(0.521388 -3.13328 0)
(-2.09915 -3.68577 0)
(-3.67602 -1.03659 0)
(-3.32232 1.6148 0)
(-0.498639 2.09412 0)
(2.12966 1.40829 0)
(1.86963 -1.25691 0)
(-0.128901 -3.17764 0)
(-2.25552 -0.995053 0)
(-2.80702 1.81215 0)
(-0.411921 2.43077 0)
(2.26897 1.96106 0)
(2.3096 -0.673855 0)
(0.445035 -3.19185 0)
(-1.82497 -1.56863 0)
(-2.74694 1.36537 0)
(-0.552003 2.26431 0)
(2.25036 1.89292 0)
(2.52513 -0.670282 0)
(0.70033 -3.37383 0)
(-1.6991 -2.08373 0)
(-2.87209 0.962643 0)
(-0.938766 2.1639 0)
(1.88944 1.92608 0)
(2.53867 -0.311433 0)
(0.897141 -2.87276 0)
(-1.62406 -1.87412 0)
(-3.1345 1.06316 0)
(-1.27414 2.39292 0)
(1.84888 2.29762 0)
(2.97642 0.304418 0)
(1.158 -2.81759 0)
(2.12584 8.22506 0)
(5.44161 7.27491 0)
(6.72621 3.30094 0)
(5.93569 -0.231401 0)
(3.91704 -2.13393 0)
(1.7805 -2.86172 0)
(-0.00428906 -2.79021 0)
(-1.03515 -2.21445 0)
(-1.17863 -1.51196 0)
(-0.563956 -1.02327 0)
(0.30916 -0.915719 0)
(0.738615 -1.31613 0)
(0.153655 -1.99272 0)
(-1.34007 -2.02526 0)
(-2.30006 -0.832272 0)
(-2.00832 0.411921 0)
(-0.600038 0.734736 0)
(0.704519 0.411715 0)
(0.75807 -0.690906 0)
(-0.353652 -1.34807 0)
(-1.49615 -0.386263 0)
(-1.53701 0.866707 0)
(-0.327499 1.1976 0)
(1.00541 0.871034 0)
(1.22174 -0.339606 0)
(0.182717 -1.33285 0)
(-1.09415 -0.653716 0)
(-1.38624 0.587539 0)
(-0.304269 1.02546 0)
(1.07158 0.754853 0)
(1.37425 -0.428592 0)
(0.349465 -1.51318 0)
(-1.04119 -0.959839 0)
(-1.51606 0.343404 0)
(-0.564843 0.934055 0)
(0.814743 0.775678 0)
(1.25756 -0.209321 0)
(0.387813 -1.14859 0)
(-0.993149 -0.647142 0)
(-1.63455 0.561339 0)
(-0.648325 1.12681 0)
(0.938019 1.02697 0)
(1.58216 0.0760129 0)
(0.725307 -1.19516 0)
(1.31082 5.66045 0)
(2.86667 5.09242 0)
(3.88644 2.94321 0)
(3.78392 0.857581 0)
(2.90117 -0.587902 0)
(1.81514 -1.41558 0)
(0.818058 -1.75712 0)
(0.170576 -1.76407 0)
(-0.0337087 -1.60011 0)
(0.119466 -1.41271 0)
(0.371956 -1.27716 0)
(0.410364 -1.26117 0)
(0.0363092 -1.29631 0)
(-0.653172 -1.13701 0)
(-1.1286 -0.675516 0)
(-1.05484 -0.194359 0)
(-0.508858 -0.00707193 0)
(0.0209627 -0.0827213 0)
(0.0856166 -0.370607 0)
(-0.361996 -0.471521 0)
(-0.807137 -0.10019 0)
(-0.758513 0.349758 0)
(-0.256192 0.477742 0)
(0.293278 0.308055 0)
(0.430991 -0.125969 0)
(0.0186164 -0.42366 0)
(-0.509982 -0.199304 0)
(-0.600637 0.194053 0)
(-0.167862 0.33366 0)
(0.38365 0.179703 0)
(0.526173 -0.244674 0)
(0.0897351 -0.565667 0)
(-0.508897 -0.368332 0)
(-0.695575 0.0558011 0)
(-0.325711 0.273933 0)
(0.223106 0.203479 0)
(0.424331 -0.0986777 0)
(0.0885919 -0.306662 0)
(-0.463493 -0.0841813 0)
(-0.693729 0.289061 0)
(-0.274659 0.433766 0)
(0.392465 0.352264 0)
(0.656591 0.0138405 0)
(0.330675 -0.365285 0)
(0.797609 3.99652 0)
(1.62931 3.71079 0)
(2.23728 2.48431 0)
(2.33487 1.23353 0)
(2.00976 0.207848 0)
(1.49711 -0.550092 0)
(0.998657 -1.06144 0)
(0.626622 -1.35237 0)
(0.426141 -1.46111 0)
(0.353598 -1.42884 0)
(0.311738 -1.29457 0)
(0.206559 -1.11624 0)
(0.0132852 -0.934234 0)
(-0.232907 -0.754127 0)
(-0.417087 -0.573548 0)
(-0.433324 -0.417002 0)
(-0.298653 -0.311605 0)
(-0.150887 -0.259657 0)
(-0.129271 -0.226352 0)
(-0.25617 -0.155545 0)
(-0.372233 -0.00132823 0)
(-0.336639 0.11624 0)
(-0.164211 0.139793 0)
(0.0187162 0.0825931 0)
(0.0715027 -0.0165093 0)
(-0.0360769 -0.0771624 0)
(-0.181812 -0.0299292 0)
(-0.208856 0.0358255 0)
(-0.0816707 0.0360658 0)
(0.0802139 -0.0323805 0)
(0.118418 -0.13596 0)
(-0.0175336 -0.189556 0)
(-0.210642 -0.132773 0)
(-0.273329 -0.0473903 0)
(-0.166331 -0.0062088 0)
(-0.009389 -0.016739 0)
(0.0557708 -0.0381052 0)
(-0.0253901 -0.0101839 0)
(-0.163194 0.0906084 0)
(-0.213416 0.156192 0)
(-0.0737091 0.137033 0)
(0.141854 0.0863073 0)
(0.213103 0.0214422 0)
(0.11208 -0.0326163 0)
(0.508052 2.83661 0)
(1.11857 2.77383 0)
(1.57023 2.06986 0)
(1.69076 1.30596 0)
(1.59258 0.562356 0)
(1.34485 -0.0816451 0)
(1.03675 -0.602736 0)
(0.759359 -0.978218 0)
(0.535456 -1.18957 0)
(0.360521 -1.23395 0)
(0.216823 -1.13795 0)
(0.0936689 -0.960749 0)
(0.00219516 -0.77117 0)
(-0.062133 -0.621489 0)
(-0.110711 -0.523143 0)
(-0.133929 -0.453868 0)
(-0.130516 -0.384878 0)
(-0.120218 -0.292166 0)
(-0.120616 -0.189006 0)
(-0.133135 -0.0898828 0)
(-0.138989 -0.0142139 0)
(-0.115761 0.0181038 0)
(-0.0633774 0.0187594 0)
(-0.0144043 0.0105689 0)
(0.00278831 0.00933196 0)
(-0.00925886 0.0150499 0)
(-0.0300959 0.0115134 0)
(-0.0329158 -0.012788 0)
(-0.0135457 -0.0490618 0)
(0.00488607 -0.0774703 0)
(0.00261363 -0.0846772 0)
(-0.0249337 -0.0773568 0)
(-0.0658895 -0.0683845 0)
(-0.0858139 -0.0710323 0)
(-0.070715 -0.0842736 0)
(-0.0442329 -0.0715939 0)
(-0.0329554 -0.0218658 0)
(-0.0333091 0.0472965 0)
(-0.0339366 0.100829 0)
(-0.0271572 0.0919544 0)
(0.00699212 0.0491313 0)
(0.0520776 0.0269892 0)
(0.0605494 0.040908 0)
(0.0303814 0.0609787 0)
(0.32245 1.96698 0)
(0.78284 2.032 0)
(1.17447 1.65371 0)
(1.34849 1.19551 0)
(1.35739 0.69791 0)
(1.25259 0.191511 0)
(1.0646 -0.259345 0)
(0.834455 -0.619163 0)
(0.605432 -0.851284 0)
(0.400395 -0.943045 0)
(0.231439 -0.913084 0)
(0.107861 -0.806962 0)
(0.0363541 -0.679605 0)
(0.00438939 -0.572123 0)
(-0.0132171 -0.495819 0)
(-0.031331 -0.43548 0)
(-0.0498006 -0.367871 0)
(-0.062505 -0.281793 0)
(-0.0636483 -0.186751 0)
(-0.0494176 -0.105471 0)
(-0.0258612 -0.0526448 0)
(-0.00433048 -0.0286387 0)
(0.012047 -0.0193308 0)
(0.024151 -0.0108565 0)
(0.0337889 0.00313492 0)
(0.0424301 0.0117723 0)
(0.0491336 0.0025737 0)
(0.0512386 -0.0237042 0)
(0.0446624 -0.0527812 0)
(0.0321489 -0.0655958 0)
(0.0211098 -0.0610617 0)
(0.0151667 -0.0529372 0)
(0.00891214 -0.0553185 0)
(-0.000365264 -0.0667542 0)
(-0.0101826 -0.0743393 0)
(-0.0198632 -0.0589477 0)
(-0.0231806 -0.0181181 0)
(-0.0128649 0.0330729 0)
(0.00483861 0.0634702 0)
(0.0163189 0.0592988 0)
(0.0204348 0.0396327 0)
(0.019091 0.0368842 0)
(0.0123312 0.0569859 0)
(0.00328307 0.070896 0)
(0.192639 1.3235 0)
(0.49699 1.42561 0)
(0.794623 1.23762 0)
(0.980153 0.979618 0)
(1.06185 0.667678 0)
(1.05284 0.32499 0)
(0.9669 -0.0159674 0)
(0.824228 -0.308191 0)
(0.654284 -0.520372 0)
(0.482286 -0.637394 0)
(0.329854 -0.667926 0)
(0.210305 -0.637568 0)
(0.128201 -0.578454 0)
(0.0778445 -0.514995 0)
(0.0452607 -0.456757 0)
(0.0193445 -0.400204 0)
(-0.00180855 -0.337733 0)
(-0.0138843 -0.267407 0)
(-0.0128486 -0.196111 0)
(0.000549066 -0.133951 0)
(0.0194778 -0.0890625 0)
(0.0363153 -0.0604421 0)
(0.0481709 -0.0408165 0)
(0.0569062 -0.0246204 0)
(0.0665981 -0.0115952 0)
(0.0782203 -0.00570979 0)
(0.0874308 -0.0102154 0)
(0.0892096 -0.0232975 0)
(0.0820641 -0.0373756 0)
(0.0702013 -0.0444796 0)
(0.0599441 -0.044989 0)
(0.0539364 -0.0441435 0)
(0.0488046 -0.0475234 0)
(0.0391299 -0.0520917 0)
(0.0237955 -0.0512684 0)
(0.00779439 -0.0381504 0)
(-0.000946824 -0.0123519 0)
(0.00135963 0.0170825 0)
(0.00915486 0.0378728 0)
(0.0129923 0.0450464 0)
(0.0104724 0.0458372 0)
(0.00422383 0.0519917 0)
(-0.000309935 0.0656822 0)
(-0.00191405 0.0685857 0)
(0.109066 0.872589 0)
(0.289279 0.963667 0)
(0.483327 0.871372 0)
(0.628606 0.731412 0)
(0.723277 0.548226 0)
(0.762547 0.334273 0)
(0.750029 0.109816 0)
(0.691661 -0.0971111 0)
(0.599805 -0.264669 0)
(0.492062 -0.379188 0)
(0.38452 -0.440494 0)
(0.288962 -0.459308 0)
(0.211171 -0.449802 0)
(0.151406 -0.424363 0)
(0.106001 -0.389976 0)
(0.0709651 -0.348695 0)
(0.044984 -0.301142 0)
(0.0290054 -0.249601 0)
(0.0236865 -0.198552 0)
(0.0273828 -0.152739 0)
(0.0361712 -0.114864 0)
(0.0458263 -0.0845418 0)
(0.0537985 -0.0604415 0)
(0.0610284 -0.0414881 0)
(0.0698266 -0.0278405 0)
(0.0793018 -0.0205853 0)
(0.0861585 -0.0194957 0)
(0.0878158 -0.0223868 0)
(0.0840071 -0.0262698 0)
(0.0768808 -0.0287375 0)
(0.0691832 -0.0298221 0)
(0.0620006 -0.0306307 0)
(0.0543597 -0.0317406 0)
(0.0443919 -0.0316171 0)
(0.0318591 -0.0273592 0)
(0.0194399 -0.0170033 0)
(0.0103478 -0.00149223 0)
(0.00604682 0.0156948 0)
(0.00489144 0.0307007 0)
(0.00354633 0.0417888 0)
(0.000819067 0.0504345 0)
(-0.00214127 0.0590886 0)
(-0.00314643 0.0678836 0)
(-0.00149086 0.06447 0)
(0.0614232 0.568283 0)
(0.164788 0.63504 0)
(0.281501 0.586452 0)
(0.377053 0.509472 0)
(0.450789 0.405087 0)
(0.496467 0.279423 0)
(0.512023 0.143263 0)
(0.496795 0.00941917 0)
(0.457144 -0.107569 0)
(0.403039 -0.199643 0)
(0.341712 -0.263356 0)
(0.280115 -0.30084 0)
(0.223354 -0.316966 0)
(0.173703 -0.316791 0)
(0.131683 -0.304315 0)
(0.0972334 -0.282324 0)
(0.0702676 -0.253356 0)
(0.0509958 -0.220237 0)
(0.0392351 -0.186016 0)
(0.0338839 -0.15325 0)
(0.0330665 -0.123465 0)
(0.0348689 -0.0972238 0)
(0.0380151 -0.0747037 0)
(0.0419379 -0.0559906 0)
(0.0460363 -0.0415915 0)
(0.0499566 -0.0317701 0)
(0.0531185 -0.0257645 0)
(0.0542791 -0.0223136 0)
(0.0529095 -0.0201369 0)
(0.0494806 -0.018444 0)
(0.044848 -0.01703 0)
(0.0395434 -0.015792 0)
(0.033473 -0.0142126 0)
(0.0264455 -0.0113402 0)
(0.0185711 -0.00617729 0)
(0.0105501 0.00154405 0)
(0.00376095 0.011297 0)
(-0.000872238 0.0220996 0)
(-0.00360809 0.0327505 0)
(-0.00522419 0.0425304 0)
(-0.00605263 0.0512571 0)
(-0.00575517 0.0588432 0)
(-0.0044768 0.0647834 0)
(-0.00102128 0.0592419 0)
(0.0350603 0.36475 0)
(0.0951539 0.409446 0)
(0.163417 0.381682 0)
(0.22129 0.337871 0)
(0.268979 0.278531 0)
(0.302398 0.206617 0)
(0.320259 0.127088 0)
(0.323029 0.04624 0)
(0.310437 -0.0289251 0)
(0.285243 -0.0934595 0)
(0.253037 -0.144582 0)
(0.217251 -0.181474 0)
(0.180848 -0.204926 0)
(0.146074 -0.216505 0)
(0.114399 -0.217886 0)
(0.0864983 -0.210868 0)
(0.0628892 -0.197344 0)
(0.0440737 -0.179329 0)
(0.0299824 -0.1588 0)
(0.0201433 -0.137412 0)
(0.0137783 -0.116277 0)
(0.0100723 -0.0963448 0)
(0.00835733 -0.0781227 0)
(0.0080624 -0.0621166 0)
(0.00864199 -0.0486937 0)
(0.00958332 -0.037804 0)
(0.0103964 -0.0292561 0)
(0.0106362 -0.0225453 0)
(0.0100695 -0.0171334 0)
(0.00870883 -0.0126295 0)
(0.00668597 -0.00877839 0)
(0.00411366 -0.00530582 0)
(0.00109683 -0.00180679 0)
(-0.0023709 0.002244 0)
(-0.00611176 0.00719009 0)
(-0.00956629 0.0131531 0)
(-0.0122167 0.0199357 0)
(-0.0137697 0.027166 0)
(-0.0141695 0.0344502 0)
(-0.0135247 0.0414435 0)
(-0.0118927 0.047818 0)
(-0.00911547 0.053204 0)
(-0.0059167 0.0571591 0)
(-0.00131985 0.0514149 0)
(0.0202005 0.227823 0)
(0.0560446 0.256178 0)
(0.0960277 0.239915 0)
(0.13058 0.214818 0)
(0.159995 0.181369 0)
(0.182011 0.141066 0)
(0.195847 0.0961975 0)
(0.201374 0.049617 0)
(0.199105 0.00396003 0)
(0.189344 -0.03738 0)
(0.173445 -0.0728389 0)
(0.153649 -0.101308 0)
(0.131685 -0.122381 0)
(0.108992 -0.136204 0)
(0.086755 -0.143283 0)
(0.0658663 -0.144406 0)
(0.0469946 -0.140508 0)
(0.030593 -0.132706 0)
(0.0168989 -0.122127 0)
(0.00600312 -0.109801 0)
(-0.00266716 -0.0965871 0)
(-0.00939184 -0.0831895 0)
(-0.0141219 -0.0701684 0)
(-0.017327 -0.0579814 0)
(-0.0193815 -0.0469544 0)
(-0.0206154 -0.0372391 0)
(-0.0213508 -0.0288171 0)
(-0.0218513 -0.0215572 0)
(-0.0222889 -0.0152763 0)
(-0.0227631 -0.00979681 0)
(-0.0233325 -0.00495113 0)
(-0.0240158 -0.000542219 0)
(-0.0247643 0.00368162 0)
(-0.0254433 0.00788422 0)
(-0.025873 0.0122353 0)
(-0.0258797 0.0168143 0)
(-0.0253073 0.0215714 0)
(-0.0240396 0.0263919 0)
(-0.0220248 0.0311279 0)
(-0.01927 0.0356096 0)
(-0.0157771 0.0396396 0)
(-0.0114733 0.0429948 0)
(-0.00692629 0.0454226 0)
(-0.00183491 0.0404413 0)
(0.0125759 0.137367 0)
(0.0362493 0.154489 0)
(0.0618534 0.145093 0)
(0.0844416 0.130884 0)
(0.10417 0.112236 0)
(0.119714 0.0899339 0)
(0.130617 0.0650423 0)
(0.136665 0.0388603 0)
(0.138206 0.0127434 0)
(0.135363 -0.0121735 0)
(0.128334 -0.0345627 0)
(0.118007 -0.0536552 0)
(0.105341 -0.0689692 0)
(0.09121 -0.080297 0)
(0.0763939 -0.0876731 0)
(0.0615701 -0.0913328 0)
(0.047298 -0.0916698 0)
(0.0340078 -0.0891947 0)
(0.0219953 -0.0844759 0)
(0.0114298 -0.078091 0)
(0.00234017 -0.0706534 0)
(-0.00530819 -0.0624903 0)
(-0.0115879 -0.0540943 0)
(-0.0166369 -0.0458092 0)
(-0.0206058 -0.0378959 0)
(-0.0236498 -0.0305288 0)
(-0.0259597 -0.0237893 0)
(-0.0276914 -0.0177101 0)
(-0.0289302 -0.0122514 0)
(-0.0297862 -0.00735661 0)
(-0.0303469 -0.0029536 0)
(-0.0306537 0.00104293 0)
(-0.030705 0.00472915 0)
(-0.030389 0.00820252 0)
(-0.0296311 0.0115504 0)
(-0.0284309 0.0148067 0)
(-0.0267524 0.0179774 0)
(-0.0245638 0.0210351 0)
(-0.0218556 0.0239285 0)
(-0.0186428 0.0265866 0)
(-0.0149305 0.0289208 0)
(-0.0106921 0.0308295 0)
(-0.00627325 0.0321922 0)
(-0.0018147 0.02847 0)
(0.0089704 0.08006 0)
(0.0271727 0.0899059 0)
(0.0462076 0.0844836 0)
(0.063462 0.0764026 0)
(0.0788933 0.0659041 0)
(0.0916782 0.0534075 0)
(0.101529 0.0394491 0)
(0.108202 0.0246694 0)
(0.111689 0.00974712 0)
(0.112125 -0.00472755 0)
(0.109692 -0.018095 0)
(0.104723 -0.029856 0)
(0.0976935 -0.0396597 0)
(0.0891034 -0.0472962 0)
(0.0794397 -0.0526896 0)
(0.0691612 -0.0558856 0)
(0.0586798 -0.0570336 0)
(0.0483455 -0.056364 0)
(0.0384384 -0.0541618 0)
(0.0291673 -0.0507391 0)
(0.0206719 -0.0464116 0)
(0.0130318 -0.0414716 0)
(0.00627471 -0.0361912 0)
(0.000393604 -0.0308043 0)
(-0.00464187 -0.0254969 0)
(-0.00887601 -0.0204211 0)
(-0.0124215 -0.0156749 0)
(-0.0153476 -0.0113008 0)
(-0.0176798 -0.00731912 0)
(-0.0194959 -0.0037266 0)
(-0.0208457 -0.000501306 0)
(-0.0217317 0.00239701 0)
(-0.0221731 0.00501303 0)
(-0.0221987 0.0074153 0)
(-0.0218042 0.00962654 0)
(-0.020992 0.0116821 0)
(-0.0197627 0.0136009 0)
(-0.0181205 0.0153851 0)
(-0.0160809 0.0170235 0)
(-0.0136743 0.0184931 0)
(-0.0109179 0.019761 0)
(-0.00781426 0.0207866 0)
(-0.00456301 0.0215129 0)
(-0.0013801 0.0189478 0)
(0.00702576 0.0422369 0)
(0.0222507 0.0472196 0)
(0.0376405 0.0441306 0)
(0.0519165 0.0396127 0)
(0.0649348 0.0338073 0)
(0.0761069 0.0269296 0)
(0.0852289 0.0192606 0)
(0.092084 0.0111314 0)
(0.096589 0.00286964 0)
(0.0987747 -0.0051486 0)
(0.0987642 -0.012602 0)
(0.0967546 -0.0192012 0)
(0.0929892 -0.0247307 0)
(0.0877583 -0.0290477 0)
(0.0813752 -0.0320831 0)
(0.0741552 -0.0338386 0)
(0.0663994 -0.0343791 0)
(0.0583823 -0.0338201 0)
(0.0503422 -0.0323145 0)
(0.0424784 -0.0300385 0)
(0.03495 -0.0271784 0)
(0.0278749 -0.0239167 0)
(0.0213357 -0.0204251 0)
(0.0153942 -0.0168567 0)
(0.0100575 -0.0133379 0)
(0.00531453 -0.00997432 0)
(0.00115777 -0.00683538 0)
(-0.0024288 -0.00395489 0)
(-0.00545354 -0.001364 0)
(-0.0079361 0.00092889 0)
(-0.0098937 0.00293976 0)
(-0.0113815 0.00469584 0)
(-0.0124483 0.0062231 0)
(-0.0130952 0.00756013 0)
(-0.013331 0.00874031 0)
(-0.0131731 0.00979349 0)
(-0.0126389 0.010742 0)
(-0.0117481 0.0116001 0)
(-0.0105279 0.0123737 0)
(-0.00901596 0.0130612 0)
(-0.00723879 0.0136549 0)
(-0.00521855 0.0141411 0)
(-0.0030658 0.0144919 0)
(-0.000951771 0.0127201 0)
(0.00566964 0.0155139 0)
(0.0184884 0.0170834 0)
(0.0309524 0.015483 0)
(0.0426247 0.0132288 0)
(0.0534406 0.0103855 0)
(0.0628927 0.00704751 0)
(0.0708518 0.00334631 0)
(0.077067 -0.000551244 0)
(0.0814882 -0.00441737 0)
(0.0841776 -0.0081131 0)
(0.0851216 -0.0114742 0)
(0.0844089 -0.0143527 0)
(0.0821966 -0.0166364 0)
(0.0786799 -0.0182511 0)
(0.074078 -0.0191617 0)
(0.0686211 -0.0193723 0)
(0.0625387 -0.0189242 0)
(0.0560494 -0.0178892 0)
(0.0493542 -0.0163556 0)
(0.0426318 -0.0144269 0)
(0.0360408 -0.0122224 0)
(0.029708 -0.00985142 0)
(0.0237276 -0.00741342 0)
(0.0181914 -0.00500359 0)
(0.0131329 -0.00270578 0)
(0.00855749 -0.000573819 0)
(0.0044749 0.00132948 0)
(0.000899906 0.00299134 0)
(-0.00216508 0.00442223 0)
(-0.00473923 0.00558892 0)
(-0.00682406 0.00652786 0)
(-0.00844365 0.00726035 0)
(-0.00962452 0.00781718 0)
(-0.0103837 0.00823091 0)
(-0.0107402 0.00853563 0)
(-0.0107174 0.00876363 0)
(-0.0103406 0.00894176 0)
(-0.00963744 0.00909137 0)
(-0.00864143 0.00922754 0)
(-0.00739468 0.00935916 0)
(-0.00593046 0.00948966 0)
(-0.00428062 0.00961726 0)
(-0.00252097 0.00972868 0)
(-0.000778091 0.00851126 0)
(0.00420994 -0.00304889 0)
(0.0142199 -0.00376837 0)
(0.0233434 -0.00435354 0)
(0.0320189 -0.00507561 0)
(0.0402776 -0.0059351 0)
(0.0475241 -0.00690728 0)
(0.0535041 -0.00793793 0)
(0.0581761 -0.00895063 0)
(0.0614455 -0.00983586 0)
(0.0632008 -0.0105512 0)
(0.0635309 -0.0110382 0)
(0.0625203 -0.0112459 0)
(0.0602705 -0.011139 0)
(0.0569179 -0.0107023 0)
(0.0526448 -0.0099321 0)
(0.0476495 -0.00884768 0)
(0.0421067 -0.00749121 0)
(0.0362052 -0.00594783 0)
(0.0301426 -0.00425564 0)
(0.0240722 -0.00246251 0)
(0.0181497 -0.000632221 0)
(0.0125146 0.00116016 0)
(0.00723083 0.00284629 0)
(0.00233182 0.00437939 0)
(-0.00210855 0.00571847 0)
(-0.00604854 0.00684025 0)
(-0.00945208 0.00771638 0)
(-0.0122538 0.00835252 0)
(-0.0145276 0.00875521 0)
(-0.0163316 0.00894753 0)
(-0.017621 0.00895 0)
(-0.0184075 0.00879294 0)
(-0.0187324 0.00851082 0)
(-0.0186241 0.00813847 0)
(-0.0181061 0.00771162 0)
(-0.0172019 0.00726692 0)
(-0.0159479 0.00683213 0)
(-0.0143871 0.00643447 0)
(-0.0125593 0.00609363 0)
(-0.0105097 0.00582348 0)
(-0.00827744 0.00563003 0)
(-0.00589281 0.00551892 0)
(-0.00342537 0.00547954 0)
(-0.00103525 0.00477776 0)
(0.00241298 -0.0141686 0)
(0.00896221 -0.0161481 0)
(0.0140562 -0.0160976 0)
(0.0189804 -0.0158237 0)
(0.0236579 -0.0153626 0)
(0.0275356 -0.0147271 0)
(0.0304366 -0.0139098 0)
(0.032259 -0.0129016 0)
(0.0329337 -0.0117461 0)
(0.0324199 -0.0104135 0)
(0.0307473 -0.00891448 0)
(0.0279992 -0.00726982 0)
(0.0242964 -0.00550518 0)
(0.0197462 -0.00365162 0)
(0.0145306 -0.00174992 0)
(0.00884493 0.000164262 0)
(0.00277213 0.00205489 0)
(-0.0034638 0.00388367 0)
(-0.00956939 0.00562911 0)
(-0.0154318 0.00721232 0)
(-0.021008 0.00860415 0)
(-0.0262135 0.00977158 0)
(-0.0309215 0.0106843 0)
(-0.0350412 0.0113286 0)
(-0.0385153 0.0116981 0)
(-0.0413067 0.011796 0)
(-0.0433957 0.011648 0)
(-0.0447745 0.0112631 0)
(-0.0454704 0.010648 0)
(-0.0455166 0.0098764 0)
(-0.0449317 0.00896395 0)
(-0.0437422 0.00795046 0)
(-0.0419954 0.00687843 0)
(-0.0397649 0.00578695 0)
(-0.0371111 0.0047115 0)
(-0.034053 0.00368539 0)
(-0.0306478 0.00274653 0)
(-0.0269734 0.00191725 0)
(-0.0230709 0.00121483 0)
(-0.0189851 0.000652466 0)
(-0.0147652 0.000244867 0)
(-0.010436 -1.53647e-05 0)
(-0.00605239 -0.000140028 0)
(-0.00184878 -0.00014374 0)
(0.00026831 -0.0184272 0)
(0.00243109 -0.0207592 0)
(0.00257631 -0.0203533 0)
(0.00287963 -0.0194475 0)
(0.00304689 -0.0181012 0)
(0.00253684 -0.0163669 0)
(0.0012216 -0.0142946 0)
(-0.000983701 -0.011937 0)
(-0.00413837 -0.00936559 0)
(-0.00819386 -0.00664583 0)
(-0.0130894 -0.00384225 0)
(-0.0187222 -0.00102088 0)
(-0.0248684 0.001749 0)
(-0.0313697 0.00440607 0)
(-0.0381762 0.00688635 0)
(-0.045214 0.00913955 0)
(-0.0522843 0.0111417 0)
(-0.0591521 0.0129226 0)
(-0.0657025 0.0143836 0)
(-0.0718432 0.0154824 0)
(-0.0774176 0.0162018 0)
(-0.0823161 0.016544 0)
(-0.0864419 0.0165193 0)
(-0.0897196 0.0161358 0)
(-0.092099 0.0154123 0)
(-0.0935476 0.0143769 0)
(-0.0940488 0.0130667 0)
(-0.0936041 0.0115229 0)
(-0.0922325 0.00979104 0)
(-0.0899617 0.00792645 0)
(-0.0868278 0.00597929 0)
(-0.0828561 0.00400283 0)
(-0.0780947 0.0020495 0)
(-0.0726856 0.000170436 0)
(-0.0667828 -0.00158888 0)
(-0.0605008 -0.00319343 0)
(-0.0538943 -0.00460888 0)
(-0.0469987 -0.00581791 0)
(-0.0398892 -0.0068127 0)
(-0.032638 -0.00759202 0)
(-0.0252867 -0.00815335 0)
(-0.0178393 -0.0085096 0)
(-0.0103603 -0.00867762 0)
(-0.00321054 -0.00765201 0)
(-0.00214476 -0.0167592 0)
(-0.00512859 -0.0187431 0)
(-0.0106553 -0.0181413 0)
(-0.0157577 -0.0167876 0)
(-0.0209653 -0.0147946 0)
(-0.026775 -0.0122789 0)
(-0.0332013 -0.00935744 0)
(-0.0402368 -0.00614221 0)
(-0.0478696 -0.00274512 0)
(-0.055921 0.000732679 0)
(-0.0641543 0.00418666 0)
(-0.0725575 0.00752464 0)
(-0.0811377 0.0106642 0)
(-0.0897373 0.0135343 0)
(-0.0981971 0.0160781 0)
(-0.10638 0.0182425 0)
(-0.114116 0.0199807 0)
(-0.121377 0.0213172 0)
(-0.128124 0.0221459 0)
(-0.134197 0.0224945 0)
(-0.139475 0.0223614 0)
(-0.143875 0.0217525 0)
(-0.147325 0.0206858 0)
(-0.149763 0.0191873 0)
(-0.15114 0.0172917 0)
(-0.151418 0.0150435 0)
(-0.150567 0.0124941 0)
(-0.148572 0.00970127 0)
(-0.145426 0.00672803 0)
(-0.141121 0.00364099 0)
(-0.135682 0.000507035 0)
(-0.12921 -0.0026023 0)
(-0.121796 -0.00561386 0)
(-0.113445 -0.00845633 0)
(-0.104205 -0.0110649 0)
(-0.0942288 -0.013385 0)
(-0.0836686 -0.0153795 0)
(-0.0726688 -0.017022 0)
(-0.0613815 -0.0183086 0)
(-0.0499562 -0.0192557 0)
(-0.0385143 -0.0198949 0)
(-0.0270846 -0.0202592 0)
(-0.0157125 -0.0203987 0)
(-0.00490477 -0.0180365 0)
(-0.00479834 -0.00982276 0)
(-0.013635 -0.010909 0)
(-0.0254697 -0.0102248 0)
(-0.0366359 -0.00858173 0)
(-0.047826 -0.00619567 0)
(-0.0593752 -0.00327505 0)
(-0.0710939 -3.92313e-06 0)
(-0.0827373 0.00346017 0)
(-0.0941407 0.0069928 0)
(-0.105288 0.0104976 0)
(-0.116089 0.013888 0)
(-0.126413 0.0170767 0)
(-0.136249 0.0199889 0)
(-0.145553 0.0225569 0)
(-0.15427 0.0247235 0)
(-0.162345 0.0264393 0)
(-0.169665 0.0276523 0)
(-0.176294 0.0283105 0)
(-0.182278 0.0284266 0)
(-0.187485 0.0279917 0)
(-0.191854 0.0270053 0)
(-0.195343 0.0254787 0)
(-0.197907 0.0234344 0)
(-0.199503 0.0209052 0)
(-0.200086 0.0179323 0)
(-0.199615 0.0145655 0)
(-0.198045 0.0108616 0)
(-0.195336 0.00688381 0)
(-0.191449 0.00270035 0)
(-0.186352 -0.00161458 0)
(-0.180016 -0.00598424 0)
(-0.17242 -0.0103257 0)
(-0.163555 -0.0145475 0)
(-0.153391 -0.018559 0)
(-0.141919 -0.0222736 0)
(-0.129208 -0.0256053 0)
(-0.115381 -0.0284751 0)
(-0.100612 -0.0308181 0)
(-0.0851323 -0.032596 0)
(-0.0692262 -0.0338112 0)
(-0.0532157 -0.0345019 0)
(-0.0372818 -0.0347666 0)
(-0.0215711 -0.0347382 0)
(-0.0067611 -0.0308264 0)
(-0.00770101 0.00165916 0)
(-0.0231546 0.00187869 0)
(-0.042009 0.00256481 0)
(-0.0598088 0.00422543 0)
(-0.0770098 0.00654596 0)
(-0.0936537 0.00920189 0)
(-0.109552 0.0120206 0)
(-0.124378 0.0148953 0)
(-0.137894 0.017749 0)
(-0.150137 0.0205294 0)
(-0.161176 0.0232041 0)
(-0.171058 0.0257082 0)
(-0.179884 0.0279653 0)
(-0.187754 0.0299008 0)
(-0.194748 0.0314496 0)
(-0.20093 0.0325549 0)
(-0.206323 0.033171 0)
(-0.211011 0.0332056 0)
(-0.21506 0.0326906 0)
(-0.218451 0.0316043 0)
(-0.221178 0.0299414 0)
(-0.223237 0.027711 0)
(-0.224614 0.0249328 0)
(-0.22529 0.0216381 0)
(-0.225239 0.0178655 0)
(-0.224423 0.0136631 0)
(-0.222798 0.00908291 0)
(-0.220313 0.00418396 0)
(-0.216901 -0.000971417 0)
(-0.212482 -0.00631413 0)
(-0.20696 -0.011769 0)
(-0.200215 -0.0172584 0)
(-0.192117 -0.0226956 0)
(-0.182525 -0.0279873 0)
(-0.171296 -0.0330292 0)
(-0.158316 -0.0377061 0)
(-0.143522 -0.0418895 0)
(-0.126933 -0.0454423 0)
(-0.108697 -0.0482327 0)
(-0.0891183 -0.0501698 0)
(-0.0687681 -0.051196 0)
(-0.0480895 -0.0514437 0)
(-0.0277145 -0.0511008 0)
(-0.00869825 -0.0454818 0)
(-0.0110494 0.0170802 0)
(-0.0341475 0.0188264 0)
(-0.0606791 0.0192646 0)
(-0.0851646 0.0201979 0)
(-0.107451 0.0215305 0)
(-0.12747 0.0228788 0)
(-0.144978 0.02424 0)
(-0.159891 0.0256375 0)
(-0.172311 0.027093 0)
(-0.182545 0.0286103 0)
(-0.190906 0.0301756 0)
(-0.197679 0.0317232 0)
(-0.203134 0.0331566 0)
(-0.207501 0.0343769 0)
(-0.210972 0.0352977 0)
(-0.213696 0.0358434 0)
(-0.215791 0.0359498 0)
(-0.217367 0.035548 0)
(-0.218513 0.0346128 0)
(-0.219281 0.0331241 0)
(-0.219713 0.0310701 0)
(-0.219842 0.0284537 0)
(-0.219689 0.025287 0)
(-0.219266 0.0215965 0)
(-0.218573 0.0174123 0)
(-0.217598 0.0127764 0)
(-0.216312 0.00772992 0)
(-0.214674 0.00232071 0)
(-0.212612 -0.00340168 0)
(-0.210033 -0.00938688 0)
(-0.206813 -0.015578 0)
(-0.202776 -0.0219199 0)
(-0.197709 -0.0283491 0)
(-0.191354 -0.0347966 0)
(-0.183404 -0.0411689 0)
(-0.173511 -0.0473545 0)
(-0.16131 -0.0532048 0)
(-0.146451 -0.0585292 0)
(-0.128706 -0.0630795 0)
(-0.108005 -0.0666059 0)
(-0.0849499 -0.0687581 0)
(-0.0598966 -0.0695927 0)
(-0.0346231 -0.0689754 0)
(-0.0109264 -0.0615824 0)
(-0.0155492 0.0361291 0)
(-0.047882 0.0390579 0)
(-0.0820573 0.0385078 0)
(-0.111974 0.0371976 0)
(-0.13623 0.0361821 0)
(-0.155826 0.0350418 0)
(-0.170888 0.0340927 0)
(-0.182021 0.0334247 0)
(-0.189871 0.0331222 0)
(-0.195133 0.0331934 0)
(-0.198358 0.0335926 0)
(-0.200003 0.0342059 0)
(-0.200439 0.0348931 0)
(-0.199962 0.0355187 0)
(-0.198803 0.0359663 0)
(-0.197149 0.0361368 0)
(-0.195148 0.0359484 0)
(-0.192931 0.0353268 0)
(-0.190601 0.0342239 0)
(-0.188246 0.03261 0)
(-0.185943 0.0304658 0)
(-0.183763 0.0277891 0)
(-0.18176 0.0245836 0)
(-0.179983 0.0208711 0)
(-0.178469 0.0166719 0)
(-0.177241 0.0120213 0)
(-0.176311 0.00694787 0)
(-0.175662 0.00148615 0)
(-0.175262 -0.00433174 0)
(-0.175045 -0.0104792 0)
(-0.174905 -0.0169253 0)
(-0.174677 -0.0236497 0)
(-0.174138 -0.0306233 0)
(-0.172987 -0.0378235 0)
(-0.170827 -0.045205 0)
(-0.167143 -0.0527121 0)
(-0.161291 -0.0602405 0)
(-0.15248 -0.0676275 0)
(-0.139906 -0.0745697 0)
(-0.122579 -0.0807242 0)
(-0.100703 -0.085268 0)
(-0.0731607 -0.0881459 0)
(-0.0436681 -0.0878576 0)
(-0.0142128 -0.0791408 0)
(-0.0224474 0.0590412 0)
(-0.0658004 0.0613229 0)
(-0.104835 0.0582801 0)
(-0.136498 0.0525175 0)
(-0.157198 0.0478116 0)
(-0.171299 0.0433257 0)
(-0.179515 0.0397033 0)
(-0.183452 0.0369 0)
(-0.184177 0.0349549 0)
(-0.182647 0.0337817 0)
(-0.179486 0.033257 0)
(-0.175172 0.0331862 0)
(-0.17005 0.0333691 0)
(-0.164384 0.0336289 0)
(-0.158374 0.033822 0)
(-0.152185 0.0338304 0)
(-0.14596 0.0335587 0)
(-0.139826 0.0329244 0)
(-0.133892 0.0318724 0)
(-0.128268 0.0303632 0)
(-0.123059 0.0283728 0)
(-0.118366 0.0258975 0)
(-0.11428 0.0229336 0)
(-0.11089 0.0195015 0)
(-0.108275 0.0156122 0)
(-0.106503 0.0112963 0)
(-0.105633 0.00657181 0)
(-0.105699 0.00146166 0)
(-0.106723 -0.00401847 0)
(-0.108702 -0.009862 0)
(-0.111592 -0.0160614 0)
(-0.115295 -0.0226324 0)
(-0.119659 -0.0295832 0)
(-0.124442 -0.0369477 0)
(-0.12929 -0.0447491 0)
(-0.13368 -0.0530259 0)
(-0.136888 -0.0617828 0)
(-0.137829 -0.0709961 0)
(-0.135267 -0.0804391 0)
(-0.126944 -0.0899208 0)
(-0.112524 -0.0981347 0)
(-0.0868547 -0.105302 0)
(-0.0566613 -0.106841 0)
(-0.0199156 -0.0988223 0)
(-0.0329163 0.0864331 0)
(-0.0882615 0.083434 0)
(-0.124296 0.0757312 0)
(-0.151439 0.0632764 0)
(-0.161681 0.0542064 0)
(-0.165539 0.0463077 0)
(-0.163666 0.0403637 0)
(-0.158582 0.0359146 0)
(-0.151314 0.0328451 0)
(-0.142779 0.030908 0)
(-0.133424 0.0298672 0)
(-0.123571 0.0294495 0)
(-0.113423 0.0294038 0)
(-0.103132 0.0295241 0)
(-0.0928165 0.0296525 0)
(-0.0825885 0.0296636 0)
(-0.072565 0.0294597 0)
(-0.062856 0.0289528 0)
(-0.0535772 0.0280902 0)
(-0.0448573 0.0268302 0)
(-0.0368228 0.0251467 0)
(-0.0296098 0.0230384 0)
(-0.0233425 0.0204964 0)
(-0.0181525 0.0175417 0)
(-0.0141603 0.0141783 0)
(-0.011481 0.010434 0)
(-0.0102256 0.00631958 0)
(-0.0104799 0.00184972 0)
(-0.0123331 -0.00296922 0)
(-0.015849 -0.00814677 0)
(-0.0210718 -0.0136888 0)
(-0.0280034 -0.0196388 0)
(-0.0366124 -0.0260333 0)
(-0.0468006 -0.0329544 0)
(-0.0583763 -0.0404875 0)
(-0.0709868 -0.0487704 0)
(-0.0840936 -0.0579412 0)
(-0.0966407 -0.0681962 0)
(-0.107476 -0.0795106 0)
(-0.113172 -0.0921832 0)
(-0.113654 -0.104637 0)
(-0.0966987 -0.118391 0)
(-0.0744054 -0.124036 0)
(-0.0292739 -0.121741 0)
(-0.0464376 0.118524 0)
(-0.112495 0.101958 0)
(-0.131572 0.0875048 0)
(-0.146737 0.0672473 0)
(-0.140443 0.0543241 0)
(-0.131383 0.0439143 0)
(-0.118473 0.0366314 0)
(-0.104681 0.0313983 0)
(-0.0903741 0.0279082 0)
(-0.0761123 0.0257486 0)
(-0.061949 0.0245937 0)
(-0.0479296 0.0241206 0)
(-0.0340475 0.0240562 0)
(-0.0203107 0.0241883 0)
(-0.00674615 0.0243624 0)
(0.00659517 0.0244594 0)
(0.0196234 0.0243875 0)
(0.03224 0.0240695 0)
(0.0443211 0.0234512 0)
(0.0557151 0.0224985 0)
(0.0662719 0.0211859 0)
(0.0758206 0.0195163 0)
(0.0842024 0.0174781 0)
(0.0912468 0.0150935 0)
(0.0967927 0.0123621 0)
(0.100685 0.00930956 0)
(0.102766 0.00594279 0)
(0.102902 0.00227101 0)
(0.100945 -0.00170179 0)
(0.0967716 -0.00599531 0)
(0.0902516 -0.0106198 0)
(0.0812798 -0.0156327 0)
(0.0697546 -0.0210841 0)
(0.0556019 -0.0270829 0)
(0.0387859 -0.0337519 0)
(0.0193776 -0.0412989 0)
(-0.00248924 -0.0499672 0)
(-0.0261032 -0.0601721 0)
(-0.051078 -0.0721298 0)
(-0.0733302 -0.0868655 0)
(-0.0949227 -0.102875 0)
(-0.0943749 -0.124348 0)
(-0.0944362 -0.136366 0)
(-0.0416309 -0.148629 0)
(-0.0584027 0.153939 0)
(-0.130491 0.11281 0)
(-0.114618 0.0907156 0)
(-0.111786 0.0637559 0)
(-0.0861388 0.0486806 0)
(-0.0646153 0.0373558 0)
(-0.0423071 0.0299692 0)
(-0.0220368 0.0248625 0)
(-0.00302807 0.021591 0)
(0.014707 0.0196368 0)
(0.0316043 0.0186464 0)
(0.0479239 0.0182912 0)
(0.0638796 0.0183108 0)
(0.0795908 0.0185113 0)
(0.0951055 0.0187576 0)
(0.110417 0.0189479 0)
(0.125452 0.0190033 0)
(0.140111 0.0188644 0)
(0.154253 0.0184798 0)
(0.167703 0.0178255 0)
(0.180283 0.0168787 0)
(0.191788 0.0156464 0)
(0.202028 0.0141164 0)
(0.210798 0.0123111 0)
(0.217903 0.010228 0)
(0.223159 0.00788987 0)
(0.226368 0.00530233 0)
(0.227367 0.00247092 0)
(0.225963 -0.000599503 0)
(0.221988 -0.00393144 0)
(0.21525 -0.00753454 0)
(0.20556 -0.0114669 0)
(0.192707 -0.0157783 0)
(0.176462 -0.0205803 0)
(0.15657 -0.0260036 0)
(0.132806 -0.0322792 0)
(0.104813 -0.0396955 0)
(0.0727902 -0.0488057 0)
(0.0358334 -0.0600046 0)
(-0.00196196 -0.0749916 0)
(-0.047081 -0.0926549 0)
(-0.0686423 -0.120748 0)
(-0.108901 -0.140232 0)
(-0.0520005 -0.178516 0)
(-0.0579866 0.188531 0)
(-0.128084 0.11268 0)
(-0.0609909 0.084106 0)
(-0.0382138 0.0539744 0)
(0.00488295 0.0390796 0)
(0.035399 0.0285688 0)
(0.0634692 0.0221416 0)
(0.0868488 0.0178477 0)
(0.107588 0.0152067 0)
(0.12622 0.0136949 0)
(0.143627 0.0129892 0)
(0.160315 0.0128004 0)
(0.17665 0.0129104 0)
(0.192833 0.0131609 0)
(0.20895 0.0134461 0)
(0.225014 0.0136874 0)
(0.240955 0.0138246 0)
(0.256659 0.0138123 0)
(0.271966 0.0136113 0)
(0.286672 0.0132055 0)
(0.300577 0.0125761 0)
(0.313446 0.0117325 0)
(0.325064 0.0106634 0)
(0.335201 0.00938923 0)
(0.343639 0.00790729 0)
(0.350173 0.00623627 0)
(0.354586 0.00438137 0)
(0.356697 0.00234566 0)
(0.356289 0.000135342 0)
(0.353174 -0.00227023 0)
(0.347123 -0.004877 0)
(0.337901 -0.00773483 0)
(0.325229 -0.0108843 0)
(0.308775 -0.0144219 0)
(0.288124 -0.0184617 0)
(0.262822 -0.0232152 0)
(0.232085 -0.0289538 0)
(0.195618 -0.0362495 0)
(0.151104 -0.0455572 0)
(0.102156 -0.0589234 0)
(0.0364015 -0.0758613 0)
(-0.00821662 -0.106833 0)
(-0.103854 -0.132904 0)
(-0.0491928 -0.207527 0)
(-0.0277312 0.214915 0)
(-0.0862338 0.100498 0)
(0.0386178 0.0688588 0)
(0.0779282 0.040486 0)
(0.132098 0.0279075 0)
(0.166274 0.0195259 0)
(0.195605 0.0146776 0)
(0.218554 0.0115347 0)
(0.238174 0.00967417 0)
(0.255386 0.00865585 0)
(0.271354 0.00822686 0)
(0.286723 0.00816753 0)
(0.30193 0.00831751 0)
(0.317201 0.00856257 0)
(0.332627 0.00882855 0)
(0.348217 0.00905764 0)
(0.363892 0.00921855 0)
(0.379522 0.00927039 0)
(0.394929 0.0091888 0)
(0.40989 0.00896481 0)
(0.42419 0.00858405 0)
(0.437574 0.00805593 0)
(0.449817 0.00737124 0)
(0.460679 0.00654656 0)
(0.469929 0.00557941 0)
(0.477363 0.00448363 0)
(0.482754 0.00326393 0)
(0.485925 0.00192154 0)
(0.486654 0.000463123 0)
(0.484755 -0.00112768 0)
(0.479992 -0.00285297 0)
(0.472122 -0.00475 0)
(0.460844 -0.00684698 0)
(0.445787 -0.00921566 0)
(0.426462 -0.0119412 0)
(0.402297 -0.0151875 0)
(0.372244 -0.0191684 0)
(0.335679 -0.0243674 0)
(0.289182 -0.0311923 0)
(0.235671 -0.041577 0)
(0.157288 -0.0555932 0)
(0.094723 -0.0844448 0)
(-0.0607834 -0.114064 0)
(-0.0159147 -0.228509 0)
(0.0541485 0.223292 0)
(0.0152572 0.0783004 0)
(0.187573 0.0484251 0)
(0.235385 0.0263696 0)
(0.291607 0.0173712 0)
(0.323882 0.0117095 0)
(0.350311 0.00856818 0)
(0.369956 0.00658755 0)
(0.386305 0.00545093 0)
(0.400422 0.00485257 0)
(0.413542 0.00462425 0)
(0.426321 0.0046248 0)
(0.439185 0.00475334 0)
(0.452342 0.00493853 0)
(0.465861 0.00513486 0)
(0.479742 0.00530631 0)
(0.493893 0.00543636 0)
(0.508175 0.00549807 0)
(0.52241 0.00547713 0)
(0.536373 0.00536954 0)
(0.54985 0.00516525 0)
(0.562592 0.00487199 0)
(0.574381 0.0044828 0)
(0.584985 0.00400933 0)
(0.594185 0.0034496 0)
(0.601789 0.00281232 0)
(0.607585 0.00210126 0)
(0.611412 0.00131614 0)
(0.613066 0.000462947 0)
(0.61238 -0.000469849 0)
(0.60914 -0.00148179 0)
(0.603124 -0.0025971 0)
(0.594054 -0.00383237 0)
(0.581577 -0.00523328 0)
(0.565219 -0.0068542 0)
(0.544404 -0.00880185 0)
(0.518028 -0.0112193 0)
(0.48535 -0.0144395 0)
(0.442487 -0.0187682 0)
(0.391684 -0.0256354 0)
(0.311984 -0.0354537 0)
(0.241878 -0.0577696 0)
(0.0397463 -0.0863639 0)
(0.0685218 -0.231868 0)
(0.208815 0.203944 0)
(0.192495 0.0506155 0)
(0.382313 0.027545 0)
(0.42845 0.0142196 0)
(0.477638 0.00897542 0)
(0.503697 0.00589191 0)
(0.524311 0.00421385 0)
(0.538963 0.00318476 0)
(0.550901 0.00260297 0)
(0.561081 0.00230204 0)
(0.570585 0.00219022 0)
(0.579969 0.00219536 0)
(0.589585 0.00226616 0)
(0.5996 0.00236622 0)
(0.610059 0.00247249 0)
(0.620954 0.00256786 0)
(0.632198 0.00263975 0)
(0.643667 0.00267929 0)
(0.655207 0.00267758 0)
(0.666621 0.00263354 0)
(0.677729 0.00254094 0)
(0.688319 0.00240487 0)
(0.698204 0.00222074 0)
(0.707193 0.00199516 0)
(0.715101 0.00172684 0)
(0.72177 0.00141985 0)
(0.727023 0.00107681 0)
(0.730732 0.000696411 0)
(0.732729 0.000283042 0)
(0.732883 -0.000170437 0)
(0.731023 -0.000662653 0)
(0.72697 -0.00120675 0)
(0.720501 -0.00181082 0)
(0.711333 -0.00249844 0)
(0.699069 -0.00329851 0)
(0.683229 -0.00426646 0)
(0.66285 -0.00548168 0)
(0.637267 -0.00712066 0)
(0.602888 -0.00937922 0)
(0.561396 -0.0130343 0)
(0.492568 -0.0186388 0)
(0.428222 -0.0320709 0)
(0.213158 -0.0545703 0)
(0.223445 -0.208353 0)
(0.450559 0.158925 0)
(0.452528 0.0249068 0)
(0.613316 0.0114475 0)
(0.647963 0.00580319 0)
(0.682735 0.00350778 0)
(0.700106 0.00227779 0)
(0.713536 0.00159996 0)
(0.722764 0.00119702 0)
(0.730157 0.000966625 0)
(0.736367 0.000845383 0)
(0.742132 0.00079526 0)
(0.747825 0.000790074 0)
(0.753683 0.000810809 0)
(0.759821 0.000843602 0)
(0.766272 0.000879812 0)
(0.773033 0.000913011 0)
(0.78005 0.000937734 0)
(0.787242 0.000951764 0)
(0.794513 0.000951081 0)
(0.801735 0.000936053 0)
(0.808794 0.000903366 0)
(0.815552 0.000855673 0)
(0.821891 0.000790623 0)
(0.827686 0.00071074 0)
(0.832819 0.000615785 0)
(0.837188 0.000506394 0)
(0.840678 0.00038451 0)
(0.843206 0.000248295 0)
(0.844664 0.000100516 0)
(0.844966 -6.25678e-05 0)
(0.844001 -0.000239885 0)
(0.841654 -0.000436707 0)
(0.837779 -0.000656392 0)
(0.832187 -0.000907521 0)
(0.824616 -0.00120235 0)
(0.814742 -0.00156121 0)
(0.801899 -0.00201844 0)
(0.785635 -0.00263783 0)
(0.763353 -0.00352134 0)
(0.736196 -0.00493741 0)
(0.688983 -0.00733836 0)
(0.643334 -0.0129928 0)
(0.466021 -0.0263296 0)
(0.461547 -0.160568 0)
(0.781296 0.0411636 0)
(0.788833 0.00449867 0)
(0.864448 0.00175501 0)
(0.878816 0.000898858 0)
(0.89288 0.000523359 0)
(0.899667 0.00034067 0)
(0.904878 0.000236558 0)
(0.9084 0.000176446 0)
(0.91119 0.000141087 0)
(0.913486 0.000121815 0)
(0.915564 0.00011261 0)
(0.917558 0.000109998 0)
(0.919562 0.000111335 0)
(0.921622 0.000114592 0)
(0.923757 0.000118556 0)
(0.925974 0.00012231 0)
(0.928257 0.000125003 0)
(0.930584 0.000126459 0)
(0.932928 0.000125965 0)
(0.935248 0.000123752 0)
(0.937509 0.000119142 0)
(0.939669 0.000112654 0)
(0.94169 0.000103858 0)
(0.943532 9.30635e-05 0)
(0.945156 8.0358e-05 0)
(0.946531 6.55716e-05 0)
(0.947615 4.92467e-05 0)
(0.948383 3.07894e-05 0)
(0.948796 1.08466e-05 0)
(0.948825 -1.13326e-05 0)
(0.94843 -3.55172e-05 0)
(0.947568 -6.24703e-05 0)
(0.946186 -9.28095e-05 0)
(0.944214 -0.000127613 0)
(0.941552 -0.00016897 0)
(0.938078 -0.000219543 0)
(0.933533 -0.000285075 0)
(0.927751 -0.000373656 0)
(0.91969 -0.000505068 0)
(0.909831 -0.000709303 0)
(0.891853 -0.00109551 0)
(0.874328 -0.00194643 0)
(0.793169 -0.00469292 0)
(0.785106 -0.0414025 0)
)
;

boundaryField
{
    movingWall
    {
        type            fixedValue;
        value           uniform (1 0 0);
    }
    fixedWalls
    {
        type            noSlip;
    }
    frontAndBack
    {
        type            empty;
    }
    defaultFaces
    {
        type            empty;
    }
}


// ************************************************************************* //
