/*--------------------------------*- C++ -*----------------------------------*\
  =========                 |
  \\      /  F ield         | OpenFOAM: The Open Source CFD Toolbox
   \\    /   O peration     | Website:  https://openfoam.org
    \\  /    A nd           | Version:  7
     \\/     M anipulation  |
\*---------------------------------------------------------------------------*/
FoamFile
{
    version     2.0;
    format      ascii;
    class       surfaceScalarField;
    location    "0.8";
    object      phi;
}
// * * * * * * * * * * * * * * * * * * * * * * * * * * * * * * * * * * * * * //

dimensions      [0 3 -1 0 0 0 0];

internalField   nonuniform List<scalar> 
3784
(
-0.00258651
0.00258651
-0.00281028
0.000223773
-0.00171416
-0.00109612
-0.000942475
-0.000771687
-0.000667353
-0.000275124
-0.000133976
-0.000533377
0.000654934
-0.00078891
0.00123936
-0.000584424
0.00126323
-2.38725e-05
0.000647422
0.000615811
-0.000394917
0.00104234
-0.00126208
0.000867164
-0.00115265
-0.000109437
2.80442e-05
-0.00118069
0.00125404
-0.00122599
0.00152157
-0.000267527
0.00059672
0.000924846
-0.000855412
0.00145213
-0.00139433
0.000538913
-0.000295819
-0.00109851
0.00122307
-0.00151889
0.0018524
-0.000629329
0.0011611
0.000691303
-0.000152804
0.0013139
-0.00102436
0.000871558
-0.000843837
-0.000180526
0.000353964
-0.0011978
0.00134881
-0.000994843
0.000709787
0.000639022
-0.000773104
0.00148289
-0.00139622
0.000623115
-0.000600048
-0.000796171
0.000839871
-0.00143992
0.00151862
-0.00067875
0.000636164
0.000882457
-0.000787758
0.00142392
-0.0013105
0.000522736
-0.000450492
-0.000860003
0.000933862
-0.00138435
0.00139574
-0.000461878
0.000342522
0.00105322
-0.0010187
0.00136122
-0.00114849
0.000129788
-0.00114849
-0.00354261
0.00612912
-0.00397388
0.000655046
-0.00205767
-0.00301233
-0.00111308
-0.00171628
-0.000910492
-0.000477711
-0.000239921
-0.00120395
0.000780635
-0.00180947
0.00144196
-0.00124575
0.00132695
9.11365e-05
0.000574048
0.00136872
-0.000354516
0.0019709
-0.00123359
0.00174624
-0.001462
0.000118972
-2.27865e-05
-0.00261991
0.00169188
-0.00294066
0.00162309
-0.000198734
0.000500081
0.00204786
-0.000728842
0.00268106
-0.00161289
0.00142296
-0.000513039
-0.00219836
0.00165398
-0.00368591
0.0019856
-0.000960957
0.00100969
0.00166721
-4.91669e-05
0.00237276
-0.00124161
0.00206401
-0.0012733
-0.000148842
0.000504345
-0.00297544
0.00152935
-0.00201985
0.000626569
0.00154181
-0.00063462
0.00274408
-0.00157961
0.00156811
-0.000915268
-0.00146052
0.00118725
-0.00354244
0.00164455
-0.00113604
0.000544846
0.00198216
-0.000641412
0.00261018
-0.00160394
0.00148526
-0.000703221
-0.00176072
0.0012923
-0.00337987
0.00141399
-0.000583576
0.0003007
0.00216651
-0.000903414
0.00256534
-0.00153949
0.000765863
-0.00268798
-0.00331678
0.0094459
-0.00421913
0.0015574
-0.00257354
-0.00465792
-0.00138099
-0.00290882
-0.00097041
-0.000888295
-0.000231313
-0.00194305
0.000879487
-0.00292026
0.00162829
-0.00199455
0.00152725
0.000192176
0.000702764
0.0021932
-0.000382745
0.00305641
-0.00144826
0.00281175
-0.00173795
0.000408668
-0.000126461
-0.0042314
0.00188824
-0.00495536
0.00196288
-0.000273377
0.000669581
0.00334115
-0.000853899
0.00420453
-0.00193252
0.00250158
-0.000796965
-0.00333391
0.00164636
-0.00612923
0.00208659
-0.00140118
0.000792728
0.00296107
-0.000617079
0.00378257
-0.00174142
0.00318835
-0.00131578
-0.000574484
0.000846247
-0.00513747
0.00187578
-0.00304938
0.000787656
0.00262992
-0.000733276
0.00426501
-0.00184623
0.00268106
-0.0010181
-0.00228864
0.00137153
-0.00593208
0.00192409
-0.0016886
0.000614739
0.0032915
-0.000890224
0.00411514
-0.00190738
0.00250242
-0.000739968
-0.00292814
0.00152951
-0.00564935
0.00166047
-0.000714539
0.000270928
0.00355605
-0.00121586
0.00405212
-0.0018147
0.0013647
-0.00450268
-0.00265763
0.0121035
-0.00386015
0.00275992
-0.00290095
-0.00561713
-0.00177308
-0.0040367
-0.00104131
-0.00162006
-0.000258473
-0.00272589
0.00065909
-0.00383783
0.00121479
-0.00255025
0.00110318
0.000303792
0.00047887
0.00281751
-0.000289606
0.00382489
-0.0010112
0.00353335
-0.00122357
0.000621041
-0.000121771
-0.0053332
0.00134298
-0.00642011
0.00145161
-0.000382001
0.000536909
0.00425585
-0.000485064
0.00522651
-0.00128872
0.00330524
-0.000659861
-0.00396277
0.000998261
-0.00778735
0.00124814
-0.00165106
0.000208417
0.0040008
-0.000797181
0.00478817
-0.0014254
0.00381656
-0.000848093
-0.00115179
0.000736566
-0.00672213
0.00127476
-0.00358758
0.000514794
0.00338989
-0.00040081
0.00518062
-0.00119345
0.0034737
-0.000656416
-0.00282567
0.000947129
-0.00753562
0.00127003
-0.00201151
0.000365457
0.00419608
-0.00061278
0.00509338
-0.00130052
0.00319016
-0.000478063
-0.0037506
0.00103923
-0.00716663
0.00104541
-0.000720721
0.00010419
0.00449727
-0.000819416
0.00497573
-0.00121319
0.00175848
-0.00571587
-0.00194346
0.014047
-0.00334826
0.00416472
-0.00305791
-0.00590748
-0.00209797
-0.00499664
-0.00114469
-0.00257335
-0.000369591
-0.00350098
0.000287688
-0.00449511
0.000629975
-0.00289254
0.000553549
0.00038022
0.000168142
0.00320292
-0.00023293
0.00422596
-0.000573472
0.00387389
-0.000678896
0.000726465
-0.000122347
-0.00588975
0.000734262
-0.00727672
0.000856722
-0.000504463
0.000374632
0.00473794
-0.00012719
0.00572833
-0.000613045
0.00379109
-0.000510618
-0.0040652
0.000279517
-0.00857749
0.000386926
-0.00175847
-0.000202114
0.00458984
-0.000784678
0.00537073
-0.000957514
0.0039894
-0.000311582
-0.00179772
0.000581483
-0.00761519
0.000625579
-0.00363167
0.000245153
0.00377032
-9.89625e-05
0.00552473
-0.00053325
0.00390799
-0.000294131
-0.00306479
0.000497833
-0.00832759
0.000558016
-0.00207169
0.000147538
0.00460656
-0.00032151
0.00556243
-0.000665235
0.00353389
-0.000205559
-0.00421028
0.000524278
-0.00789647
0.000413677
-0.000610119
-3.76817e-06
0.00491472
-0.000384383
0.00535634
-0.000596563
0.00197066
-0.00631243
-0.00105441
0.0151014
-0.00253889
0.00564921
-0.00290929
-0.00553708
-0.0022536
-0.00565233
-0.00126539
-0.00356155
-0.00059089
-0.00417548
-0.000239271
-0.00484672
-0.000105224
-0.00302659
-0.000126625
0.000401622
-0.000199012
0.00327531
-0.000202329
0.00422928
-0.00013334
0.0038049
-0.000145568
0.000738693
-0.000120818
-0.0059145
8.25323e-05
-0.00748008
0.000187127
-0.000609059
0.000181589
0.00474348
0.000207571
0.00570235
7.08213e-05
0.00392784
-0.000334116
-0.00366026
-0.000404767
-0.00850684
-0.000368622
-0.00179461
-0.000425628
0.00464684
-0.000500108
0.00544521
-0.00030312
0.00379241
0.000239372
-0.00234021
0.000362992
-0.00773881
-4.27742e-05
-0.00322591
-3.08224e-05
0.00375837
0.000138192
0.00535571
9.57682e-05
0.00395041
5.63687e-05
-0.00302539
3.7369e-05
-0.00830859
-0.000113645
-0.00192068
-6.65283e-05
0.00455944
-1.478e-05
0.00551068
1.16917e-06
0.00351794
5.83759e-05
-0.00426748
2.74215e-05
-0.00786552
-0.000143957
-0.00043874
-7.11503e-05
0.00484191
4.22187e-05
0.00524297
1.66807e-05
0.0019962
-0.00629575
4.34727e-05
0.0150579
-0.0012733
0.00696598
-0.00230488
-0.00450551
-0.00213028
-0.00582694
-0.00134516
-0.00434668
-0.0008839
-0.00463674
-0.00084771
-0.00488291
-0.000901567
-0.00297273
-0.000841814
0.000341867
-0.000576774
0.00301027
-0.00018413
0.00383664
0.000218559
0.00340221
0.000328061
0.000629191
-0.000101439
-0.005485
-0.000521865
-0.00705965
-0.000467387
-0.000663535
-4.33439e-05
0.00431943
0.000470798
0.00518821
0.000656083
0.00374256
-9.43655e-05
-0.00290981
-0.000915602
-0.0076856
-0.000939122
-0.00177109
-0.000491596
0.00419932
-2.39776e-05
0.00497759
0.000412471
0.00335597
0.000680622
-0.00260836
0.000100707
-0.0071589
-0.000605709
-0.00251949
-0.000292296
0.00344496
0.000302086
0.00476133
0.000613003
0.0036395
0.000353023
-0.00276541
-0.000372389
-0.00758318
-0.00068392
-0.00160915
-0.000247849
0.00412337
0.000281241
0.00498159
0.000588649
0.00321053
0.000275257
-0.00395409
-0.000438242
-0.00715202
-0.000593346
-0.000283635
-0.000116622
0.00436518
0.000410432
0.00471592
0.000563886
0.00184275
-0.00573187
0.00128071
0.0137772
0.000476636
0.00777006
-0.00115676
-0.00287211
-0.00161976
-0.00536394
-0.00126355
-0.00470288
-0.00112999
-0.00477029
-0.00139563
-0.00461727
-0.00159664
-0.00277172
-0.00141485
0.000160076
-0.000862009
0.00245743
-0.000189824
0.00316445
0.000436139
0.00277625
0.00071094
0.000354391
-4.3924e-05
-0.00473014
-0.00101923
-0.00608434
-0.00097191
-0.000710856
-0.000268214
0.00361574
0.000610881
0.00430911
0.00105832
0.00329512
0.000219953
-0.00207144
-0.00115793
-0.00630772
-0.0012749
-0.00165412
-0.000482293
0.00340672
0.000386572
0.00410873
0.0010429
0.00269964
0.000923519
-0.00248898
-0.000224058
-0.00601132
-0.00097238
-0.00177117
-0.000475331
0.00294791
0.000407324
0.00387868
0.00100852
0.0030383
0.000586521
-0.00234341
-0.000705188
-0.00629147
-0.00103562
-0.00127871
-0.000354202
0.00344195
0.000528533
0.00409885
0.00107292
0.00266614
0.000423281
-0.00330445
-0.000815128
-0.00591361
-0.000887855
-0.000210907
-0.000142742
0.00362007
0.000689183
0.00388399
0.000995708
0.00153622
-0.00473616
0.00229523
0.011482
0.00235606
0.00770923
0.000439431
-0.000955482
-0.00067291
-0.0042516
-0.000896675
-0.00447912
-0.00116641
-0.00450056
-0.00169056
-0.00409313
-0.00199957
-0.00246272
-0.00174707
-9.24257e-05
-0.00101879
0.00172916
-0.000181849
0.00232751
0.000604177
0.00199022
0.000958388
1.80611e-07
-3.09319e-06
-0.00376866
-0.00132883
-0.00475861
-0.0013199
-0.00071979
-0.000434393
0.00273023
0.00060745
0.00326727
0.00130113
0.00260144
0.000555708
-0.00132602
-0.00113424
-0.00461778
-0.0013971
-0.00139126
-0.000459561
0.00246918
0.000627529
0.00302164
0.00139237
0.00193479
0.000945214
-0.00204182
-0.000555964
-0.00451014
-0.00116432
-0.00116281
-0.000513918
0.00229751
0.000483277
0.00288148
0.00125292
0.00226866
0.000705561
-0.00179605
-0.00089881
-0.0046871
-0.00120677
-0.000970756
-0.00039474
0.00262992
0.0006513
0.00305281
0.00134623
0.0019712
0.00048366
-0.00244187
-0.00104768
-0.00438227
-0.00102773
-0.000230865
-0.000156992
0.00274934
0.000809157
0.00291785
0.00125651
0.00108886
-0.00347964
0.00268859
0.00879338
0.00366994
0.00672788
0.00205932
0.000655134
0.000551703
-0.00274398
-0.000239952
-0.00368746
-0.000916247
-0.00382426
-0.00163804
-0.00337134
-0.00202082
-0.00207993
-0.00176812
-0.000345133
-0.00101971
0.00098076
-0.000140977
0.00144877
0.000683684
0.00116556
0.00100339
-0.000319527
-1.43208e-05
-0.00275095
-0.0014377
-0.00333522
-0.0014851
-0.000672387
-0.000542525
0.00178765
0.000483482
0.00224126
0.00131041
0.00177451
0.000746595
-0.000762206
-0.00093459
-0.00293659
-0.00130748
-0.00101837
-0.000389124
0.00155083
0.000671864
0.00196065
0.00141469
0.00119197
0.000810204
-0.00143733
-0.000754216
-0.00294571
-0.00120691
-0.000710121
-0.000485577
0.00157618
0.000441586
0.00195432
0.00126769
0.00144255
0.000696302
-0.00122466
-0.000940637
-0.00305016
-0.00122907
-0.000682323
-0.000364516
0.00176536
0.000629388
0.0020589
0.00133876
0.00126183
0.000460354
-0.00156346
-0.00109098
-0.00283093
-0.00107398
-0.000247868
-0.000153267
0.00182863
0.000815163
0.00194942
0.00126185
0.000642171
-0.00221779
0.00246484
0.00632854
0.00393155
0.00526117
0.00308654
0.00150014
0.00165275
-0.0013102
0.000515688
-0.00255039
-0.000447011
-0.00286157
-0.00127545
-0.00254291
-0.00170182
-0.00165356
-0.00153044
-0.000516515
-0.000895835
0.000346155
-0.000107887
0.000660826
0.000625667
0.000432003
0.000829927
-0.000523785
-8.35107e-05
-0.00183751
-0.0013373
-0.00208144
-0.00143785
-0.00057184
-0.000605055
0.000954859
0.000305401
0.0013308
0.00106807
0.00101184
0.000699146
-0.000393279
-0.000667333
-0.00157011
-0.00105199
-0.000633712
-0.000295957
0.000794791
0.000571173
0.00109351
0.00116741
0.000595735
0.000590878
-0.000860802
-0.000744862
-0.00160997
-0.00107014
-0.000384849
-0.000414614
0.000920657
0.000375226
0.00116448
0.00106024
0.000757531
0.000566212
-0.000730632
-0.000812622
-0.00167132
-0.00107726
-0.000417688
-0.000315954
0.00100405
0.000520114
0.00122284
0.0010898
0.000692141
0.000370503
-0.000844163
-0.000924618
-0.00153581
-0.000957098
-0.000215389
-0.000140738
0.00101227
0.000694791
0.00111389
0.00102968
0.000307287
-0.00118811
0.00193576
0.00439277
0.00339088
0.00380605
0.00319014
0.00170088
0.00218908
-0.00030914
0.00106805
-0.00142936
5.44136e-05
-0.00184793
-0.000760186
-0.00172831
-0.00119149
-0.00122225
-0.00113623
-0.000571774
-0.000682696
-0.000107381
-8.42401e-05
6.23696e-05
0.00044983
-0.000102069
0.00051892
-0.000592875
-0.000177075
-0.00114151
-0.00108129
-0.00117723
-0.00120638
-0.000446746
-0.000607802
0.00035628
9.6575e-05
0.000626423
0.000656004
0.000452405
0.000448638
-0.000185914
-0.00042833
-0.000693145
-0.000730486
-0.000331558
-0.000234479
0.000298783
0.000378334
0.000480702
0.000761249
0.000212822
0.00033101
-0.000430562
-0.000574729
-0.000704228
-0.000797293
-0.000162285
-0.000324059
0.000447423
0.000262169
0.000578257
0.00070964
0.000310058
0.000348543
-0.00036954
-0.000582164
-0.000740614
-0.000793087
-0.000206766
-0.000257866
0.000468829
0.000349511
0.000615464
0.000716653
0.000324996
0.000234813
-0.000362324
-0.000630279
-0.000670722
-0.00069963
-0.000146037
-0.000125948
0.000438583
0.000475609
0.000512331
0.000672597
0.000110303
-0.000515509
0.00124085
0.00315192
0.00239002
0.00265689
0.0026331
0.00145781
0.00205993
0.000264034
0.00121593
-0.000585358
0.000373916
-0.00100591
-0.000295204
-0.00105919
-0.000665996
-0.000851459
-0.000679202
-0.000558571
-0.000429505
-0.000357079
-5.49613e-05
-0.000312173
0.000244189
-0.000401221
0.000213572
-0.00056226
-0.00023454
-0.000693393
-0.000780264
-0.0006315
-0.000897647
-0.000329364
-0.000557367
1.5998e-05
-9.67995e-05
0.000165854
0.000240135
0.00011547
0.000147955
-9.37364e-05
-0.000289996
-0.000255196
-0.000462906
-0.00015865
-0.00021053
4.64068e-05
0.000151249
0.000118924
0.00034149
2.25823e-05
8.37238e-05
-0.000172794
-0.000389763
-0.000230738
-0.000516795
-3.52521e-05
-0.000247574
0.000178202
0.000121503
0.000209181
0.000348577
8.29839e-05
0.000128954
-0.00014992
-0.000360792
-0.000250865
-0.000495892
-7.16654e-05
-0.000201422
0.000174356
0.000170114
0.000243927
0.000361338
0.00013377
0.000101644
-0.000102628
-0.000349537
-0.000219541
-0.000418454
-7.71219e-05
-0.0001056
0.00012573
0.000245565
0.000161163
0.000341627
1.42418e-05
-0.000173879
0.000843364
0.00230855
0.00151967
0.00198058
0.00177362
0.00120387
0.0015291
0.000508551
0.00103645
-9.27034e-05
0.00048181
-0.00045127
1.35198e-05
-0.000590895
-0.000256051
-0.000581883
-0.000298107
-0.00051652
-0.000180967
-0.000474226
-1.57393e-05
-0.000477401
7.65334e-05
-0.000493487
3.61304e-06
-0.000489336
-0.000245921
-0.000443857
-0.000521419
-0.000356
-0.000607513
-0.000243269
-0.000460484
-0.000131033
-0.000215976
-7.8655e-05
-4.32595e-05
-5.7247e-05
-6.14712e-05
-7.55267e-05
-0.000219395
-9.72768e-05
-0.000294296
-8.37516e-05
-0.000193688
-5.42002e-05
-3.82639e-05
-3.64982e-05
2.84682e-05
-4.41481e-05
-8.24848e-05
-6.18405e-05
-0.000272256
-4.09651e-05
-0.000314486
6.97845e-06
-0.000180629
4.43436e-05
-4.49783e-06
3.30501e-05
8.37593e-05
-5.26962e-06
-2.08218e-05
-4.53397e-05
-0.000217297
-5.43907e-05
-0.000279534
-9.42767e-06
-0.000147239
4.20594e-05
3.41634e-05
6.25252e-05
0.000118002
4.99318e-05
1.37234e-05
1.65044e-06
-0.000165595
-4.02244e-05
-0.000206008
-3.67145e-05
-7.55052e-05
-4.77526e-06
8.24765e-05
3.18405e-06
0.000125388
-2.86692e-05
-4.84903e-05
0.0006188
0.00168975
0.00104176
0.00155762
0.00119116
0.00105446
0.00111452
0.000585186
0.00081857
0.00020326
0.000484974
-0.00011767
0.000197718
-0.000303643
1.90766e-05
-0.000403245
-4.27601e-05
-0.000454685
-3.02298e-05
-0.000486759
-8.07144e-06
-0.000499558
-2.53696e-05
-0.000476182
-0.000103372
-0.000411328
-0.000221996
-0.000325233
-0.00032895
-0.000249048
-0.000369836
-0.000202382
-0.000323255
-0.000177612
-0.000239782
-0.000162131
-0.000168633
-0.0001284
-0.000152599
-9.15629e-05
-0.000181971
-6.79061e-05
-0.000199101
-6.66227e-05
-0.000177018
-7.62828e-05
-0.000137363
-7.61511e-05
-0.000123631
-5.78798e-05
-0.000158844
-2.66282e-05
-0.000200266
4.56447e-07
-0.000199522
6.2371e-06
-0.000146139
-9.03843e-06
-8.39048e-05
-2.91854e-05
-5.75815e-05
-3.15912e-05
-8.51975e-05
-1.77235e-05
-0.000139183
-4.0797e-07
-0.000151404
2.79337e-06
-0.000105355
-3.98793e-06
-3.92632e-05
-3.56244e-06
4.48489e-07
1.02192e-05
-1.8351e-05
2.04447e-05
-6.48548e-05
6.27703e-06
-7.9125e-05
-2.24457e-05
-4.2895e-05
-4.10079e-05
7.54554e-06
-4.72537e-05
2.24967e-05
-4.36159e-05
-2.59948e-05
0.000488028
0.00120172
0.000845388
0.00120026
0.00098119
0.000918664
0.000948598
0.000617777
0.000811843
0.000340018
0.000593331
0.000100848
0.000394479
-0.000104794
0.000242404
-0.000251177
0.000140998
-0.00035328
6.98713e-05
-0.000415626
6.42813e-06
-0.000436109
-5.90982e-05
-0.000410654
-0.000120262
-0.000350163
-0.000167802
-0.000277691
-0.000196204
-0.000220644
-0.000205859
-0.000192726
-0.000198897
-0.000184575
-0.000186848
-0.000174183
-0.000167328
-0.000147922
-0.000150153
-0.000108739
-0.000139574
-7.8484e-05
-0.000136601
-6.95963e-05
-0.000138514
-7.43711e-05
-0.00014187
-7.27965e-05
-0.000145454
-5.42954e-05
-0.000146397
-2.5685e-05
-0.000139637
-6.30395e-06
-0.000124534
-8.86416e-06
-0.000106684
-2.68857e-05
-9.4936e-05
-4.09352e-05
-9.02736e-05
-3.62557e-05
-9.01371e-05
-1.78595e-05
-8.68929e-05
-3.65074e-06
-7.76922e-05
-6.40556e-06
-6.41655e-05
-1.75144e-05
-4.71634e-05
-2.05625e-05
-2.92824e-05
-7.66056e-06
-1.44734e-05
5.63172e-06
-1.05087e-05
2.30814e-06
-1.32507e-05
-1.97016e-05
-1.19335e-05
-4.23242e-05
-7.42286e-06
-5.17663e-05
-4.83311e-06
-4.62028e-05
-3.08259e-05
0.000376831
0.000824884
0.000702419
0.000874674
0.000880977
0.000740112
0.000926714
0.000572043
0.000876847
0.000389883
0.000767148
0.000210546
0.00062093
4.14238e-05
0.000474087
-0.000104335
0.000337306
-0.000216496
0.000212598
-0.000290914
0.00010164
-0.000325147
1.19279e-05
-0.000320943
-4.88241e-05
-0.000289412
-7.92971e-05
-0.000247213
-8.88545e-05
-0.000211082
-9.16246e-05
-0.000189958
-9.66834e-05
-0.00017952
-0.000103189
-0.000167677
-0.000104997
-0.000146112
-9.66058e-05
-0.00011713
-8.37677e-05
-9.13236e-05
-7.69383e-05
-7.64265e-05
-8.08873e-05
-7.04239e-05
-8.97404e-05
-6.39466e-05
-9.3514e-05
-5.05226e-05
-8.59116e-05
-3.32849e-05
-7.02962e-05
-2.19174e-05
-5.63009e-05
-2.28597e-05
-5.13007e-05
-3.18865e-05
-5.37552e-05
-3.84819e-05
-5.48471e-05
-3.51647e-05
-4.79779e-05
-2.47283e-05
-3.5344e-05
-1.62821e-05
-2.45048e-05
-1.72415e-05
-1.8911e-05
-2.31086e-05
-1.4966e-05
-2.45085e-05
-5.25248e-06
-1.73721e-05
9.07723e-06
-8.6939e-06
2.06171e-05
-9.23395e-06
2.14448e-05
-2.05324e-05
1.35528e-05
-3.44305e-05
3.43357e-06
-4.16479e-05
-1.64529e-06
-4.11245e-05
-3.24688e-05
0.00027302
0.000551865
0.000540774
0.000606921
0.000733128
0.00054776
0.000842006
0.000463167
0.000873849
0.000358039
0.000844269
0.000240125
0.000765165
0.000120529
0.000656733
4.09971e-06
0.000529199
-8.89612e-05
0.000397877
-0.000159592
0.000275369
-0.000202641
0.000175148
-0.000220721
0.000103358
-0.000217618
5.9292e-05
-0.000203144
3.51799e-05
-0.00018697
1.92749e-05
-0.000174056
3.55211e-06
-0.000163798
-1.2012e-05
-0.000152109
-2.22287e-05
-0.000135892
-2.35305e-05
-0.000115831
-1.87025e-05
-9.61549e-05
-1.44581e-05
-8.06723e-05
-1.52218e-05
-6.96621e-05
-1.84893e-05
-6.06809e-05
-1.86601e-05
-5.03513e-05
-1.15223e-05
-4.04214e-05
3.07121e-08
-3.347e-05
8.72489e-06
-3.1555e-05
1.03654e-05
-3.3529e-05
6.94931e-06
-3.50667e-05
4.97931e-06
-3.31932e-05
8.76732e-06
-2.8516e-05
1.68612e-05
-2.43765e-05
2.30944e-05
-2.34739e-05
2.45631e-05
-2.45754e-05
2.42158e-05
-2.41587e-05
2.7484e-05
-2.06409e-05
3.48521e-05
-1.60579e-05
4.08833e-05
-1.5262e-05
3.9426e-05
-1.90805e-05
2.98727e-05
-2.48798e-05
1.73082e-05
-2.90804e-05
6.53703e-06
-3.03501e-05
-2.59303e-05
0.000188227
0.00036364
0.00038769
0.000407458
0.000554721
0.000380728
0.000679185
0.0003387
0.00075552
0.000281705
0.000783032
0.000212615
0.000766732
0.000136828
0.000709868
6.09621e-05
0.000630333
-9.4283e-06
0.000535064
-6.43245e-05
0.000437565
-0.000105142
0.000347775
-0.000130927
0.00027376
-0.0001436
0.000217901
-0.000147285
0.000176613
-0.000145685
0.000144114
-0.000141556
0.00011609
-0.000135769
9.17823e-05
-0.000127799
7.29076e-05
-0.000117021
6.11904e-05
-0.000104118
5.56617e-05
-9.0626e-05
5.32273e-05
-7.82384e-05
5.12317e-05
-6.76702e-05
4.92104e-05
-5.86609e-05
4.94802e-05
-5.0619e-05
5.262e-05
-4.3562e-05
5.73639e-05
-3.82164e-05
6.08126e-05
-3.50037e-05
6.07136e-05
-3.34307e-05
5.78004e-05
-3.21558e-05
5.4854e-05
-3.02474e-05
5.40048e-05
-2.7667e-05
5.48468e-05
-2.52185e-05
5.49589e-05
-2.35868e-05
5.28589e-05
-2.24752e-05
4.96926e-05
-2.09857e-05
4.76481e-05
-1.85963e-05
4.75593e-05
-1.59729e-05
4.67389e-05
-1.44386e-05
4.23049e-05
-1.46446e-05
3.34334e-05
-1.60092e-05
2.18143e-05
-1.74592e-05
9.77656e-06
-1.83078e-05
-1.61526e-05
0.000127841
0.000235799
0.000268969
0.000266327
0.000396896
0.000252799
0.000504892
0.000230702
0.000586875
0.000199722
0.000638524
0.000160965
0.000658498
0.000116851
0.000647597
7.18588e-05
0.000612022
2.61444e-05
0.000561692
-1.39927e-05
0.000501804
-4.5252e-05
0.000440098
-6.92195e-05
0.000382338
-8.58394e-05
0.00033118
-9.61287e-05
0.000287037
-0.000101542
0.000248767
-0.000103282
0.000215096
-0.000102093
0.000185679
-9.83845e-05
0.000161166
-9.25127e-05
0.000142038
-8.49916e-05
0.000128029
-7.66145e-05
0.000117957
-6.81689e-05
0.000110499
-6.0217e-05
0.000104845
-5.30071e-05
0.000100839
-4.66111e-05
9.83738e-05
-4.10992e-05
9.67813e-05
-3.66273e-05
9.4672e-05
-3.28946e-05
9.11955e-05
-2.9955e-05
8.65846e-05
-2.7547e-05
8.15431e-05
-2.52086e-05
7.68299e-05
-2.29575e-05
7.24594e-05
-2.08462e-05
6.78273e-05
-1.89523e-05
6.25364e-05
-1.71881e-05
5.69054e-05
-1.5352e-05
5.16731e-05
-1.33592e-05
4.70579e-05
-1.13614e-05
4.22557e-05
-9.6392e-06
3.62407e-05
-8.62638e-06
2.84576e-05
-8.22242e-06
1.91274e-05
-8.12703e-06
8.98727e-06
-8.1663e-06
-7.16534e-06
8.73653e-05
0.000148431
0.000185619
0.000168071
0.000277958
0.000160457
0.000360532
0.000148124
0.000429334
0.000130917
0.000480935
0.000109362
0.000513199
8.45845e-05
0.000526602
5.8454e-05
0.000520507
3.22392e-05
0.00050036
6.15695e-06
0.000471262
-1.61515e-05
0.000436372
-3.43289e-05
0.0003992
-4.86682e-05
0.000362224
-5.9152e-05
0.000326874
-6.61879e-05
0.000293792
-7.0197e-05
0.000263301
-7.16022e-05
0.000235708
-7.07963e-05
0.000211376
-6.81825e-05
0.000190586
-6.4199e-05
0.000173286
-5.93151e-05
0.000159088
-5.3975e-05
0.000147417
-4.85479e-05
0.000137703
-4.32919e-05
0.00012947
-3.83783e-05
0.000122277
-3.39104e-05
0.00011559
-2.99405e-05
0.000109191
-2.64964e-05
0.000103031
-2.37993e-05
9.60915e-05
-2.0608e-05
8.89815e-05
-1.8098e-05
8.18505e-05
-1.5832e-05
7.47641e-05
-1.3761e-05
6.76841e-05
-1.18661e-05
6.05704e-05
-1.00756e-05
5.35515e-05
-8.33646e-06
4.68284e-05
-6.63261e-06
4.04522e-05
-4.98276e-06
3.43064e-05
-3.49506e-06
2.81089e-05
-2.42964e-06
2.14552e-05
-1.56715e-06
1.42839e-05
-9.53827e-07
6.72256e-06
-6.03665e-07
-4.42196e-07
6.02365e-05
8.81915e-05
0.000128443
9.98618e-05
0.000193506
9.539e-05
0.000253272
8.83538e-05
0.000305441
7.8747e-05
0.000347954
6.6848e-05
0.000379376
5.31628e-05
0.000399399
3.8431e-05
0.000406939
2.47003e-05
0.000404195
8.90214e-06
0.000393512
-5.4668e-06
0.000376614
-1.74299e-05
0.000355549
-2.76025e-05
0.000332054
-3.56567e-05
0.000307481
-4.16128e-05
0.000282863
-4.55782e-05
0.000258972
-4.77127e-05
0.000236397
-4.8223e-05
0.000215583
-4.73671e-05
0.000196803
-4.54181e-05
0.000180141
-4.26565e-05
0.000165513
-3.93499e-05
0.000152698
-3.57316e-05
0.000141406
-3.19981e-05
0.000131321
-2.82968e-05
0.000122142
-2.47357e-05
0.000113593
-2.13883e-05
0.000105401
-1.83035e-05
9.71238e-05
-1.5529e-05
8.99532e-05
-1.34386e-05
8.24632e-05
-1.06037e-05
7.494e-05
-8.31183e-06
6.74829e-05
-6.30872e-06
6.01523e-05
-4.53174e-06
5.29872e-05
-2.90734e-06
4.60538e-05
-1.40558e-06
3.9414e-05
6.52106e-09
3.32174e-05
1.21623e-06
2.74017e-05
2.32215e-06
2.17094e-05
3.26258e-06
1.61104e-05
4.03165e-06
1.05391e-05
4.61799e-06
4.92527e-06
5.01139e-06
4.48439e-06
3.84946e-05
4.96949e-05
8.21567e-05
5.61993e-05
0.000123996
5.35461e-05
0.000162868
4.94794e-05
0.000197578
4.4038e-05
0.000227047
3.73797e-05
0.00025046
2.9751e-05
0.000267399
2.14935e-05
0.000279028
1.30725e-05
0.000283053
4.87744e-06
0.000281287
-3.70132e-06
0.000274995
-1.11366e-05
0.000264983
-1.75886e-05
0.000252292
-2.2964e-05
0.0002377
-2.7021e-05
0.000222043
-2.99222e-05
0.000205991
-3.16605e-05
0.000190096
-3.2327e-05
0.000174778
-3.20467e-05
0.000160326
-3.0967e-05
0.000146915
-2.9249e-05
0.000134611
-2.70465e-05
0.000123404
-2.4521e-05
0.000113206
-2.17989e-05
0.000103899
-1.89935e-05
9.53575e-05
-1.61963e-05
8.74521e-05
-1.34788e-05
8.0044e-05
-1.08936e-05
7.29937e-05
-8.48351e-06
6.58515e-05
-6.29789e-06
5.97821e-05
-4.53016e-06
5.37764e-05
-2.3058e-06
4.79779e-05
-5.14332e-07
4.24722e-05
9.73717e-07
3.71299e-05
2.43734e-06
3.20401e-05
3.68391e-06
2.7255e-05
4.79005e-06
2.27081e-05
5.76298e-06
1.8423e-05
6.60823e-06
1.43618e-05
7.32487e-06
1.0487e-05
7.90733e-06
6.7536e-06
8.35235e-06
3.11184e-06
8.65445e-06
7.59684e-06
2.40917e-05
2.56027e-05
5.14795e-05
2.8812e-05
7.7795e-05
2.7227e-05
0.000102422
2.48516e-05
0.000124736
2.17261e-05
0.000144173
1.79433e-05
0.000160293
1.36316e-05
0.000172835
8.9526e-06
0.000181815
4.09365e-06
0.000186995
-3.03209e-07
0.000188698
-5.40491e-06
0.000187313
-9.75188e-06
0.000183258
-1.35316e-05
0.00017697
-1.66745e-05
0.000169047
-1.90982e-05
0.000159914
-2.07902e-05
0.00015001
-2.17557e-05
0.000139716
-2.20306e-05
0.000129349
-2.16776e-05
0.000119159
-2.07777e-05
0.000109331
-1.94232e-05
0.000100003
-1.77189e-05
9.12349e-05
-1.57497e-05
8.3049e-05
-1.36114e-05
7.54396e-05
-1.13865e-05
6.83863e-05
-9.14435e-06
6.18579e-05
-6.94719e-06
5.5803e-05
-4.83645e-06
5.01615e-05
-2.84451e-06
4.48716e-05
-1.00971e-06
3.98667e-05
4.77002e-07
3.53106e-05
2.25117e-06
3.10966e-05
3.69701e-06
2.70819e-05
4.98615e-06
2.34036e-05
6.11535e-06
1.9983e-05
7.10399e-06
1.68068e-05
7.96482e-06
1.38606e-05
8.70814e-06
1.11291e-05
9.33967e-06
8.59131e-06
9.86348e-06
6.21765e-06
1.02822e-05
3.97346e-06
1.05978e-05
1.82027e-06
1.08087e-05
9.41659e-06
1.65244e-05
9.07937e-06
3.53396e-05
9.99781e-06
5.34596e-05
9.10419e-06
7.04941e-05
7.81719e-06
8.60565e-05
6.16532e-06
9.98026e-05
4.19702e-06
0.000111437
1.99702e-06
0.000120717
-3.25341e-07
0.000127798
-2.98688e-06
0.000132676
-5.18229e-06
0.000135126
-7.85642e-06
0.000135462
-1.00873e-05
0.000133888
-1.19562e-05
0.000130656
-1.34402e-05
0.000126057
-1.44987e-05
0.000120376
-1.51088e-05
0.000113891
-1.52697e-05
0.000106863
-1.49998e-05
9.95215e-05
-1.43339e-05
9.20641e-05
-1.33202e-05
8.46556e-05
-1.20162e-05
7.74195e-05
-1.04827e-05
7.04548e-05
-8.78256e-06
6.38254e-05
-6.98054e-06
5.75717e-05
-5.13428e-06
5.17175e-05
-3.29093e-06
4.62605e-05
-1.4878e-06
4.1237e-05
1.89314e-07
3.65871e-05
1.80432e-06
3.23116e-05
3.26426e-06
2.82256e-05
4.56363e-06
2.46134e-05
5.864e-06
2.13071e-05
7.00174e-06
1.82829e-05
8.00811e-06
1.55338e-05
8.86328e-06
1.30411e-05
9.59612e-06
1.07862e-05
1.0219e-05
8.75154e-06
1.0742e-05
6.91688e-06
1.11739e-05
5.25912e-06
1.15212e-05
3.7524e-06
1.17891e-05
2.36877e-06
1.19816e-05
1.07486e-06
1.21025e-05
1.04908e-05
1.14413e-05
-2.36057e-06
2.44368e-05
-2.9981e-06
3.6982e-05
-3.4437e-06
4.88018e-05
-4.00249e-06
5.96315e-05
-4.66412e-06
6.92493e-05
-5.42192e-06
7.75312e-05
-6.28478e-06
8.44411e-05
-7.23403e-06
8.94246e-05
-7.97017e-06
9.32369e-05
-8.99542e-06
9.53092e-05
-9.92933e-06
9.58907e-05
-1.06679e-05
9.51102e-05
-1.11733e-05
9.31091e-05
-1.14368e-05
9.00543e-05
-1.14429e-05
8.61276e-05
-1.11819e-05
8.15152e-05
-1.06567e-05
7.63983e-05
-9.88102e-06
7.09436e-05
-8.87736e-06
6.5301e-05
-7.67773e-06
5.96062e-05
-6.32277e-06
5.39708e-05
-4.8476e-06
4.84879e-05
-3.29827e-06
4.32264e-05
-1.71813e-06
3.82521e-05
-1.61154e-07
3.36244e-05
1.33584e-06
2.92935e-05
2.84439e-06
2.53059e-05
4.17868e-06
2.17921e-05
5.31777e-06
1.84857e-05
6.56927e-06
1.54544e-05
7.59448e-06
1.27973e-05
8.52133e-06
1.04483e-05
9.34988e-06
8.41744e-06
1.00374e-05
6.66869e-06
1.06108e-05
5.18201e-06
1.10822e-05
3.93691e-06
1.14637e-05
2.91145e-06
1.1767e-05
2.08272e-06
1.2002e-05
1.42648e-06
1.21768e-05
9.17728e-07
1.22972e-05
5.31206e-07
1.23674e-05
2.36981e-07
1.23961e-05
1.07279e-05
7.34373e-06
-9.70388e-06
1.5618e-05
-1.12738e-05
2.35802e-05
-1.14078e-05
3.10506e-05
-1.14721e-05
3.78531e-05
-1.14669e-05
4.37147e-05
-1.12848e-05
4.85843e-05
-1.11536e-05
5.2606e-05
-1.12543e-05
5.58079e-05
-1.11713e-05
5.78577e-05
-1.1045e-05
5.87478e-05
-1.0819e-05
5.85567e-05
-1.04754e-05
5.73896e-05
-1.0004e-05
5.53513e-05
-9.39659e-06
5.25637e-05
-8.6545e-06
4.91581e-05
-7.77651e-06
4.5272e-05
-6.77074e-06
4.10429e-05
-5.6509e-06
3.65997e-05
-4.43295e-06
3.20649e-05
-3.14297e-06
2.75342e-05
-1.79311e-06
2.31222e-05
-4.36023e-07
1.89098e-05
9.15053e-07
1.4942e-05
2.25034e-06
1.13378e-05
3.4421e-06
7.99533e-06
4.67702e-06
5.0666e-06
5.77335e-06
2.45694e-06
6.78921e-06
1.00675e-07
7.67369e-06
-1.81762e-06
8.48614e-06
-3.40429e-06
9.18009e-06
-4.64644e-06
9.763e-06
-5.52509e-06
1.02279e-05
-6.0912e-06
1.06025e-05
-6.36798e-06
1.08868e-05
-6.37875e-06
1.10927e-05
-6.14715e-06
1.12322e-05
-5.69679e-06
1.13169e-05
-5.05218e-06
1.13575e-05
-4.23818e-06
1.13628e-05
-3.27908e-06
1.1338e-05
-2.19857e-06
1.12867e-05
-1.023e-06
1.12205e-05
9.70546e-06
3.64085e-06
-1.33451e-05
7.64553e-06
-1.528e-05
1.14444e-05
-1.5207e-05
1.49071e-05
-1.49334e-05
1.79355e-05
-1.4496e-05
2.05645e-05
-1.39147e-05
2.26594e-05
-1.32471e-05
2.39309e-05
-1.25241e-05
2.44612e-05
-1.17003e-05
2.42195e-05
-1.08021e-05
2.32271e-05
-9.82581e-06
2.15344e-05
-8.78201e-06
1.92116e-05
-7.68021e-06
1.63441e-05
-6.52808e-06
1.30257e-05
-5.33607e-06
9.36419e-06
-4.11588e-06
5.46655e-06
-2.87363e-06
1.44291e-06
-1.62662e-06
-2.59175e-06
-3.97004e-07
-6.55552e-06
8.21474e-07
-1.03268e-05
1.97791e-06
-1.38308e-05
3.06782e-06
-1.69853e-05
4.07022e-06
-1.97668e-05
5.0322e-06
-2.22125e-05
5.88668e-06
-2.41917e-05
6.65453e-06
-2.57294e-05
7.3103e-06
-2.68047e-05
7.86439e-06
-2.74541e-05
8.32244e-06
-2.76532e-05
8.68401e-06
-2.74275e-05
8.95315e-06
-2.68005e-05
9.13542e-06
-2.58119e-05
9.23895e-06
-2.44869e-05
9.27714e-06
-2.28616e-05
9.26127e-06
-2.09699e-05
9.20116e-06
-1.88437e-05
9.10663e-06
-1.65127e-05
8.98658e-06
-1.40031e-05
8.84879e-06
-1.13394e-05
8.69992e-06
-8.54396e-06
8.54324e-06
-5.63747e-06
8.381e-06
-2.64219e-06
8.22603e-06
7.06381e-06
4.17051e-07
-1.37622e-05
7.90431e-07
-1.56543e-05
1.05451e-06
-1.54701e-05
1.10948e-06
-1.49867e-05
8.74849e-07
-1.42624e-05
2.92925e-07
-1.33332e-05
-7.13211e-07
-1.22397e-05
-2.21611e-06
-1.10198e-05
-4.20925e-06
-9.70589e-06
-6.68679e-06
-8.32368e-06
-9.6042e-06
-6.90852e-06
-1.29073e-05
-5.47942e-06
-1.65295e-05
-4.05805e-06
-2.03971e-05
-2.66006e-06
-2.4426e-05
-1.30724e-06
-2.85254e-05
-1.69602e-08
-3.26184e-05
1.21942e-06
-3.66392e-05
2.39527e-06
-4.0434e-05
3.39983e-06
-4.40457e-05
4.43492e-06
-4.7233e-05
5.16586e-06
-5.0044e-05
5.87901e-06
-5.24395e-05
6.46596e-06
-5.43393e-05
6.93207e-06
-5.57253e-05
7.27155e-06
-5.65604e-05
7.48791e-06
-5.68394e-05
7.58805e-06
-5.65532e-05
7.5776e-06
-5.5703e-05
7.4718e-06
-5.43032e-05
7.28331e-06
-5.23777e-05
7.02695e-06
-4.99617e-05
6.7192e-06
-4.70985e-05
6.37587e-06
-4.38358e-05
6.01482e-06
-4.02266e-05
5.65254e-06
-3.63253e-05
5.30049e-06
-3.21841e-05
4.96628e-06
-2.78498e-05
4.65329e-06
-2.33595e-05
4.3595e-06
-1.87416e-05
4.08312e-06
-1.40241e-05
3.8268e-06
-9.21718e-06
3.57519e-06
-4.32805e-06
3.33793e-06
2.73633e-06
-2.30546e-06
-1.14565e-05
-4.9635e-06
-1.29967e-05
-7.6407e-06
-1.27912e-05
-1.04564e-05
-1.21699e-05
-1.34884e-05
-1.12318e-05
-1.67774e-05
-1.00447e-05
-2.03393e-05
-8.67737e-06
-2.41637e-05
-7.19514e-06
-2.82184e-05
-5.65079e-06
-3.2451e-05
-4.09107e-06
-3.68161e-05
-2.54451e-06
-4.12441e-05
-1.05253e-06
-4.56903e-05
3.88055e-07
-5.01212e-05
1.77161e-06
-5.4457e-05
3.02946e-06
-5.86505e-05
4.17718e-06
-6.26471e-05
5.21686e-06
-6.63674e-05
6.11728e-06
-6.98322e-05
6.86699e-06
-7.28712e-05
7.47604e-06
-7.5584e-05
7.8795e-06
-7.78446e-05
8.13955e-06
-7.96188e-05
8.23995e-06
-8.08658e-05
8.17857e-06
-8.1554e-05
7.95869e-06
-8.16582e-05
7.59042e-06
-8.11566e-05
7.08518e-06
-8.00367e-05
6.4569e-06
-7.82902e-05
5.72473e-06
-7.59178e-05
4.91038e-06
-7.29306e-05
4.03912e-06
-6.93465e-05
3.13494e-06
-6.51936e-05
2.22303e-06
-6.05231e-05
1.34479e-06
-5.53879e-05
5.17901e-07
-4.98548e-05
-2.31864e-07
-4.40008e-05
-8.86971e-07
-3.7906e-05
-1.44064e-06
-3.16458e-05
-1.8999e-06
-2.52704e-05
-2.29122e-06
-1.8847e-05
-2.59548e-06
-1.23742e-05
-2.8964e-06
-5.82964e-06
-3.20532e-06
-3.09254e-06
-4.51294e-06
-6.94362e-06
-9.60265e-06
-7.90741e-06
-1.46752e-05
-7.71708e-06
-1.98355e-05
-7.00966e-06
-2.51203e-05
-5.94872e-06
-3.04836e-05
-4.68224e-06
-3.58546e-05
-3.30716e-06
-4.11717e-05
-1.87869e-06
-4.63767e-05
-4.46383e-07
-5.14175e-05
9.49016e-07
-5.62788e-05
2.31561e-06
-6.08996e-05
3.56775e-06
-6.52951e-05
4.78422e-06
-6.94379e-05
5.91596e-06
-7.33409e-05
6.93436e-06
-7.69906e-05
7.82809e-06
-8.03573e-05
8.58461e-06
-8.34237e-05
9.18507e-06
-8.6175e-05
9.62004e-06
-8.85726e-05
9.87526e-06
-9.06271e-05
9.93438e-06
-9.22912e-05
9.80328e-06
-9.35315e-05
9.47961e-06
-9.43189e-05
8.96533e-06
-9.46225e-05
8.26178e-06
-9.44156e-05
7.38238e-06
-9.36694e-05
6.33808e-06
-9.23586e-05
5.14529e-06
-9.04587e-05
3.82415e-06
-8.79486e-05
2.39944e-06
-8.4815e-05
9.04392e-07
-8.10297e-05
-6.51265e-07
-7.65768e-05
-2.23063e-06
-7.14834e-05
-3.74876e-06
-6.57607e-05
-5.20496e-06
-5.94562e-05
-6.53594e-06
-5.26451e-05
-7.69759e-06
-4.54235e-05
-8.66139e-06
-3.7923e-05
-9.39937e-06
-3.02746e-05
-9.93828e-06
-2.25477e-05
-1.03209e-05
-1.47998e-05
-1.06426e-05
-7.02776e-06
-1.09757e-05
-1.01194e-05
-6.33981e-06
-6.04149e-07
-1.34281e-05
-8.19821e-07
-2.04728e-05
-6.71311e-07
-2.74549e-05
-2.86805e-08
-3.43107e-05
9.05577e-07
-4.0882e-05
1.88802e-06
-4.70452e-05
2.85455e-06
-5.27419e-05
3.81703e-06
-5.79489e-05
4.75965e-06
-6.26693e-05
5.66902e-06
-6.69104e-05
6.55612e-06
-7.07542e-05
7.41185e-06
-7.42179e-05
8.24915e-06
-7.73418e-05
9.04147e-06
-8.01661e-05
9.76044e-06
-8.27171e-05
1.03799e-05
-8.50076e-05
1.08755e-05
-8.70471e-05
1.1225e-05
-8.88356e-05
1.14093e-05
-9.03717e-05
1.14124e-05
-9.16553e-05
1.12182e-05
-9.26704e-05
1.08181e-05
-9.3399e-05
1.02079e-05
-9.38206e-05
9.38677e-06
-9.39141e-05
8.35588e-06
-9.36553e-05
7.12337e-06
-9.30151e-05
5.69819e-06
-9.19643e-05
4.09412e-06
-9.0468e-05
2.32777e-06
-8.84878e-05
4.18775e-07
-8.59944e-05
-1.59008e-06
-8.29051e-05
-3.74115e-06
-7.92017e-05
-5.93524e-06
-7.48058e-05
-8.14483e-06
-6.96884e-05
-1.03228e-05
-6.38235e-05
-1.24003e-05
-5.72201e-05
-1.43004e-05
-4.99325e-05
-1.59477e-05
-4.20569e-05
-1.72734e-05
-3.3745e-05
-1.82483e-05
-2.51762e-05
-1.88876e-05
-1.65106e-05
-1.93064e-05
-7.86265e-06
-1.96218e-05
-1.79814e-05
-7.97028e-06
7.36561e-06
-1.6782e-05
7.99079e-06
-2.54152e-05
7.96268e-06
-3.35501e-05
8.10476e-06
-4.10091e-05
8.3637e-06
-4.76395e-05
8.51793e-06
-5.34123e-05
8.62586e-06
-5.8328e-05
8.73211e-06
-6.24571e-05
8.88769e-06
-6.58994e-05
9.11144e-06
-6.87615e-05
9.41817e-06
-7.11556e-05
9.80618e-06
-7.31617e-05
1.02561e-05
-7.48512e-05
1.07315e-05
-7.62805e-05
1.11908e-05
-7.74953e-05
1.15948e-05
-7.85277e-05
1.19075e-05
-7.94004e-05
1.20977e-05
-8.01285e-05
1.21374e-05
-8.07224e-05
1.20072e-05
-8.11894e-05
1.16856e-05
-8.15292e-05
1.11578e-05
-8.17364e-05
1.04156e-05
-8.18051e-05
9.4553e-06
-8.17227e-05
8.2747e-06
-8.14778e-05
6.87824e-06
-8.10491e-05
5.27002e-06
-8.04147e-05
3.45912e-06
-7.95433e-05
1.45604e-06
-7.84068e-05
-7.18066e-07
-7.69244e-05
-3.07352e-06
-7.50731e-05
-5.5925e-06
-7.27596e-05
-8.24963e-06
-6.98877e-05
-1.10163e-05
-6.63579e-05
-1.38528e-05
-6.20596e-05
-1.66975e-05
-5.68945e-05
-1.94646e-05
-5.0784e-05
-2.20564e-05
-4.37027e-05
-2.43529e-05
-3.57024e-05
-2.62465e-05
-2.6977e-05
-2.7611e-05
-1.77572e-05
-2.85247e-05
-8.4774e-06
-2.89e-05
-2.64585e-05
-9.62725e-06
1.69923e-05
-1.98593e-05
1.82217e-05
-2.94622e-05
1.75663e-05
-3.77024e-05
1.63439e-05
-4.45747e-05
1.52359e-05
-5.00584e-05
1.4002e-05
-5.43248e-05
1.28909e-05
-5.75444e-05
1.19515e-05
-5.99131e-05
1.12553e-05
-6.16065e-05
1.08051e-05
-6.27801e-05
1.05916e-05
-6.35602e-05
1.05857e-05
-6.40409e-05
1.0737e-05
-6.42969e-05
1.09869e-05
-6.43822e-05
1.12764e-05
-6.43414e-05
1.15538e-05
-6.42082e-05
1.17738e-05
-6.40072e-05
1.18972e-05
-6.37596e-05
1.189e-05
-6.34805e-05
1.17297e-05
-6.31834e-05
1.13898e-05
-6.28792e-05
1.08542e-05
-6.2573e-05
1.01109e-05
-6.22733e-05
9.15548e-06
-6.19783e-05
7.98166e-06
-6.16926e-05
6.59218e-06
-6.14083e-05
4.98643e-06
-6.1119e-05
3.16908e-06
-6.08079e-05
1.14408e-06
-6.04528e-05
-1.07337e-06
-6.00104e-05
-3.51741e-06
-5.94406e-05
-6.1618e-06
-5.86751e-05
-9.01625e-06
-5.7608e-05
-1.20824e-05
-5.61159e-05
-1.53451e-05
-5.40369e-05
-1.87751e-05
-5.11853e-05
-2.23155e-05
-4.7341e-05
-2.5899e-05
-4.22915e-05
-2.9401e-05
-3.58441e-05
-3.26924e-05
-2.80155e-05
-3.54382e-05
-1.88361e-05
-3.77031e-05
-9.17822e-06
-3.85565e-05
-3.56368e-05
-1.15465e-05
2.85385e-05
-2.25277e-05
2.9202e-05
-3.20133e-05
2.70526e-05
-3.89772e-05
2.33075e-05
-4.39959e-05
2.02552e-05
-4.73419e-05
1.73491e-05
-4.94453e-05
1.49928e-05
-5.06072e-05
1.31134e-05
-5.10896e-05
1.17364e-05
-5.10832e-05
1.07986e-05
-5.07328e-05
1.02407e-05
-5.01426e-05
9.99418e-06
-4.93825e-05
9.97664e-06
-4.85062e-05
1.01095e-05
-4.75496e-05
1.03201e-05
-4.65443e-05
1.05488e-05
-4.55159e-05
1.07453e-05
-4.44844e-05
1.08669e-05
-4.34715e-05
1.08778e-05
-4.24939e-05
1.07541e-05
-4.15692e-05
1.04671e-05
-4.0717e-05
1.00027e-05
-3.99503e-05
9.34637e-06
-3.92901e-05
8.49482e-06
-3.87454e-05
7.43911e-06
-3.83358e-05
6.1818e-06
-3.80678e-05
4.71913e-06
-3.79521e-05
3.05263e-06
-3.79923e-05
1.18309e-06
-3.81754e-05
-8.9034e-07
-3.85061e-05
-3.18881e-06
-3.89512e-05
-5.71597e-06
-3.94764e-05
-8.49284e-06
-4.00049e-05
-1.1553e-05
-4.04364e-05
-1.49144e-05
-4.06161e-05
-1.85944e-05
-4.03403e-05
-2.25913e-05
-3.93173e-05
-2.69212e-05
-3.71922e-05
-3.15254e-05
-3.34829e-05
-3.64009e-05
-2.78751e-05
-4.10452e-05
-1.97587e-05
-4.58193e-05
-1.02893e-05
-4.80247e-05
-4.59264e-05
-1.377e-05
4.23087e-05
-2.41851e-05
3.96163e-05
-3.20017e-05
3.48698e-05
-3.63301e-05
2.7636e-05
-3.86094e-05
2.25348e-05
-3.94027e-05
1.81438e-05
-3.92927e-05
1.48809e-05
-3.85928e-05
1.24138e-05
-3.75332e-05
1.06755e-05
-3.62503e-05
9.51554e-06
-3.48349e-05
8.82495e-06
-3.33374e-05
8.49492e-06
-3.17862e-05
8.4253e-06
-3.0204e-05
8.52638e-06
-2.86037e-05
8.72029e-06
-2.69999e-05
8.94583e-06
-2.54085e-05
9.15415e-06
-2.38434e-05
9.30358e-06
-2.23248e-05
9.35993e-06
-2.08698e-05
9.30085e-06
-1.94995e-05
9.09875e-06
-1.82394e-05
8.74275e-06
-1.71081e-05
8.21742e-06
-1.61367e-05
7.52196e-06
-1.53419e-05
6.64629e-06
-1.47554e-05
5.59369e-06
-1.43953e-05
4.3592e-06
-1.42861e-05
2.94244e-06
-1.44476e-05
1.34275e-06
-1.48889e-05
-4.49042e-07
-1.56361e-05
-2.44433e-06
-1.66854e-05
-4.66604e-06
-1.80387e-05
-7.14209e-06
-1.96645e-05
-9.92663e-06
-2.15156e-05
-1.30651e-05
-2.34928e-05
-1.66169e-05
-2.54474e-05
-2.06374e-05
-2.71204e-05
-2.5248e-05
-2.81451e-05
-3.05007e-05
-2.78725e-05
-3.66736e-05
-2.56853e-05
-4.32319e-05
-2.00412e-05
-5.14639e-05
-1.19139e-05
-5.61509e-05
-5.78408e-05
-1.58961e-05
5.82053e-05
-2.38553e-05
4.75746e-05
-2.83672e-05
3.9382e-05
-2.92385e-05
2.85075e-05
-2.85891e-05
2.18852e-05
-2.70797e-05
1.66357e-05
-2.5232e-05
1.30313e-05
-2.32457e-05
1.0428e-05
-2.1241e-05
8.66985e-06
-1.92601e-05
7.53453e-06
-1.73156e-05
6.88062e-06
-1.54049e-05
6.58279e-06
-1.35141e-05
6.53482e-06
-1.16371e-05
6.64872e-06
-9.76712e-06
6.85081e-06
-7.90533e-06
7.0852e-06
-6.05996e-06
7.30895e-06
-4.24006e-06
7.4853e-06
-2.46524e-06
7.58556e-06
-7.52455e-07
7.58898e-06
8.7472e-07
7.47322e-06
2.38652e-06
7.23009e-06
3.76103e-06
6.84506e-06
4.961e-06
6.31983e-06
5.96416e-06
5.64462e-06
6.73235e-06
4.82349e-06
7.23933e-06
3.85178e-06
7.45253e-06
2.72825e-06
7.34059e-06
1.45228e-06
6.87891e-06
1.27369e-08
6.02825e-06
-1.59692e-06
4.7679e-06
-3.40518e-06
3.06489e-06
-5.44211e-06
9.0778e-07
-7.76931e-06
-1.71406e-06
-1.04454e-05
-4.77626e-06
-1.35549e-05
-8.22476e-06
-1.71901e-05
-1.19151e-05
-2.1558e-05
-1.56029e-05
-2.68132e-05
-1.87024e-05
-3.35747e-05
-2.05114e-05
-4.14224e-05
-1.87528e-05
-5.32232e-05
-1.36468e-05
-6.12559e-05
-7.14882e-05
-1.69302e-05
7.51363e-05
-2.04832e-05
5.11265e-05
-2.05514e-05
3.94497e-05
-1.80242e-05
2.59804e-05
-1.49794e-05
1.88395e-05
-1.19098e-05
1.35675e-05
-9.07703e-06
1.0197e-05
-6.50377e-06
7.85566e-06
-4.17202e-06
6.33767e-06
-2.02987e-06
5.39232e-06
-2.3288e-08
4.87473e-06
1.89486e-06
4.66372e-06
3.76742e-06
4.66302e-06
5.62008e-06
4.79574e-06
7.47049e-06
5.00071e-06
9.32547e-06
5.23125e-06
1.11809e-05
5.45334e-06
1.30297e-05
5.6377e-06
1.48537e-05
5.76159e-06
1.66338e-05
5.80887e-06
1.83464e-05
5.76179e-06
1.99594e-05
5.6155e-06
2.1449e-05
5.35728e-06
2.27757e-05
4.99055e-06
2.39146e-05
4.50688e-06
2.48256e-05
3.91054e-06
2.54786e-05
3.19805e-06
2.58382e-05
2.36788e-06
2.58675e-05
1.42042e-06
2.55352e-05
3.45394e-07
2.47955e-05
-8.60384e-07
2.36143e-05
-2.22343e-06
2.19399e-05
-3.7706e-06
1.97304e-05
-5.5597e-06
1.69314e-05
-7.64852e-06
1.35017e-05
-1.01255e-05
9.40288e-06
-1.30925e-05
4.63862e-06
-1.67942e-05
-7.34896e-07
-2.144e-05
-6.40915e-06
-2.7901e-05
-1.18697e-05
-3.59615e-05
-1.48447e-05
-5.02492e-05
-1.44371e-05
-6.16627e-05
-8.5926e-05
-1.54225e-05
9.05596e-05
-1.33588e-05
4.90616e-05
-8.83451e-06
3.49247e-05
-3.79562e-06
2.09414e-05
6.44023e-07
1.43985e-05
4.35031e-06
9.86248e-06
7.40797e-06
7.13837e-06
9.95778e-06
5.307e-06
1.21319e-05
4.16355e-06
1.40471e-05
3.47715e-06
1.57989e-05
3.12388e-06
1.74586e-05
3.00351e-06
1.90826e-05
3.03997e-06
2.07042e-05
3.1741e-06
2.2345e-05
3.36e-06
2.40141e-05
3.56289e-06
2.57085e-05
3.75843e-06
2.74214e-05
3.92554e-06
2.91355e-05
4.04736e-06
3.08305e-05
4.11322e-06
3.24836e-05
4.10964e-06
3.40625e-05
4.03454e-06
3.55436e-05
3.87774e-06
3.68885e-05
3.64323e-06
3.80718e-05
3.32448e-06
3.90555e-05
2.92526e-06
3.98093e-05
2.44348e-06
4.02993e-05
1.87762e-06
4.04884e-05
1.22903e-06
4.0345e-05
4.89485e-07
3.98236e-05
-3.41769e-07
3.88867e-05
-1.28573e-06
3.74766e-05
-2.36295e-06
3.55372e-05
-3.62005e-06
3.29913e-05
-5.10442e-06
2.97574e-05
-6.89179e-06
2.57348e-05
-9.07084e-06
2.08119e-05
-1.18717e-05
1.48735e-05
-1.55018e-05
7.86838e-06
-2.08965e-05
2.63949e-08
-2.81191e-05
-7.60704e-06
-4.26167e-05
-1.28054e-05
-5.64636e-05
-9.87319e-05
-9.93251e-06
0.000100493
-2.35318e-06
4.14811e-05
5.70385e-06
2.68668e-05
1.18843e-05
1.47607e-05
1.66185e-05
9.66304e-06
2.01528e-05
6.32933e-06
2.28642e-05
4.42637e-06
2.49891e-05
3.18323e-06
2.67214e-05
2.43156e-06
2.82029e-05
1.99557e-06
2.95425e-05
1.78526e-06
3.08157e-05
1.72998e-06
3.2079e-05
1.77759e-06
3.3365e-05
1.88829e-06
3.46931e-05
2.03182e-06
3.60715e-05
2.18512e-06
3.74966e-05
2.33273e-06
3.89612e-05
2.46122e-06
4.04494e-05
2.55905e-06
4.19413e-05
2.62049e-06
4.34158e-05
2.63594e-06
4.48431e-05
2.60525e-06
4.62013e-05
2.52091e-06
4.74559e-05
2.3866e-06
4.85835e-05
2.1977e-06
4.95506e-05
1.95702e-06
5.03299e-05
1.66359e-06
5.08917e-05
1.31597e-06
5.12029e-05
9.16033e-07
5.12356e-05
4.57765e-07
5.09498e-05
-5.81336e-08
5.03113e-05
-6.46239e-07
4.92665e-05
-1.32007e-06
4.77589e-05
-2.11205e-06
4.57084e-05
-3.05518e-06
4.30202e-05
-4.2036e-06
3.95704e-05
-5.62172e-06
3.51848e-05
-7.48639e-06
2.96502e-05
-9.9674e-06
2.26041e-05
-1.3851e-05
1.38323e-05
-1.93469e-05
2.97406e-06
-3.17593e-05
-7.34256e-06
-4.61465e-05
-0.000106075
3.71189e-07
0.000100122
1.18475e-05
3.00038e-05
2.1476e-05
1.72375e-05
2.74152e-05
8.82161e-06
3.15621e-05
5.51509e-06
3.44064e-05
3.48591e-06
3.64674e-05
2.36497e-06
3.79984e-05
1.65313e-06
3.91984e-05
1.23182e-06
4.02003e-05
9.93679e-07
4.11024e-05
8.83844e-07
4.19708e-05
8.61401e-07
4.28528e-05
8.96363e-07
4.37751e-05
9.66291e-07
4.47524e-05
1.05445e-06
4.57904e-05
1.14761e-06
4.6885e-05
1.23754e-06
4.80296e-05
1.31683e-06
4.92098e-05
1.37872e-06
5.04086e-05
1.42088e-06
5.1608e-05
1.43721e-06
5.27832e-05
1.42851e-06
5.39154e-05
1.38985e-06
5.49765e-05
1.32397e-06
5.59469e-05
1.22798e-06
5.67998e-05
1.10347e-06
5.75128e-05
9.50264e-07
5.80621e-05
7.6703e-07
5.84213e-05
5.55532e-07
5.85683e-05
3.11792e-07
5.84717e-05
3.69355e-08
5.81042e-05
-2.7775e-07
5.74225e-05
-6.39742e-07
5.63787e-05
-1.06779e-06
5.49037e-05
-1.58104e-06
5.29113e-05
-2.21111e-06
5.02864e-05
-2.99727e-06
4.68476e-05
-4.04784e-06
4.23629e-05
-5.48268e-06
3.63176e-05
-7.80629e-06
2.82745e-05
-1.13035e-05
1.6391e-05
-1.98765e-05
2.76895e-06
-3.25241e-05
-0.000103306
1.48368e-05
8.52848e-05
2.78539e-05
1.6986e-05
3.67775e-05
8.3135e-06
4.14898e-05
4.10953e-06
4.45515e-05
2.45254e-06
4.65151e-05
1.52296e-06
4.78701e-05
1.00955e-06
4.88292e-05
6.94641e-07
4.95531e-05
5.0828e-07
5.01429e-05
4.03827e-07
5.06725e-05
3.54822e-07
5.119e-05
3.43675e-07
5.17297e-05
3.57223e-07
5.23104e-05
3.85958e-07
5.29418e-05
4.23011e-07
5.36275e-05
4.62322e-07
5.43639e-05
5.00674e-07
5.5146e-05
5.34826e-07
5.59629e-05
5.61763e-07
5.68022e-05
5.8098e-07
5.76507e-05
5.89276e-07
5.84904e-05
5.87649e-07
5.93078e-05
5.73397e-07
6.00826e-05
5.48073e-07
6.08009e-05
5.10282e-07
6.14436e-05
4.6049e-07
6.19946e-05
3.99008e-07
6.24374e-05
3.24652e-07
6.27533e-05
2.38749e-07
6.29271e-05
1.38994e-07
6.29367e-05
2.62334e-08
6.27634e-05
-1.03616e-07
6.23765e-05
-2.53812e-07
6.17415e-05
-4.32336e-07
6.08078e-05
-6.47866e-07
5.95108e-05
-9.14066e-07
5.77638e-05
-1.25056e-06
5.54201e-05
-1.70431e-06
5.22836e-05
-2.3461e-06
4.78681e-05
-3.39123e-06
4.16791e-05
-5.11426e-06
3.11697e-05
-9.36771e-06
1.66701e-05
-1.80242e-05
-8.66365e-05
3.27222e-05
5.25624e-05
4.40287e-05
5.67902e-06
5.01538e-05
2.18816e-06
5.31623e-05
1.10135e-06
5.49912e-05
6.23128e-07
5.61241e-05
3.90378e-07
5.68779e-05
2.55337e-07
5.73963e-05
1.76642e-07
5.77763e-05
1.28568e-07
5.80787e-05
1.01364e-07
5.83468e-05
8.72152e-08
5.86081e-05
8.2152e-08
5.88826e-05
8.30801e-08
5.91811e-05
8.77213e-08
5.95094e-05
9.4755e-08
5.98697e-05
1.02361e-07
6.02601e-05
1.09982e-07
6.0678e-05
1.16904e-07
6.11176e-05
1.22209e-07
6.15719e-05
1.26203e-07
6.2034e-05
1.2762e-07
6.24937e-05
1.27128e-07
6.2944e-05
1.23819e-07
6.33733e-05
1.18085e-07
6.37742e-05
1.09792e-07
6.4136e-05
9.85753e-08
6.44498e-05
8.50553e-08
6.47066e-05
6.83383e-08
6.48955e-05
4.91997e-08
6.50085e-05
2.67256e-08
6.50328e-05
1.18983e-09
6.49582e-05
-2.83635e-08
6.47668e-05
-6.29689e-08
6.44389e-05
-1.0413e-07
6.39451e-05
-1.54369e-07
6.32477e-05
-2.16679e-07
6.22944e-05
-2.9743e-07
6.09964e-05
-4.0638e-07
5.92194e-05
-5.69108e-07
5.66525e-05
-8.24646e-07
5.28533e-05
-1.31489e-06
4.58883e-05
-2.40309e-06
3.37857e-05
-5.92142e-06
-5.2851e-05
5.25623e-05
5.82415e-05
6.04296e-05
6.15311e-05
6.21538e-05
6.25442e-05
6.27996e-05
6.29765e-05
6.31053e-05
6.32065e-05
6.32938e-05
6.33759e-05
6.34592e-05
6.35471e-05
6.36418e-05
6.37442e-05
6.38541e-05
6.39709e-05
6.40933e-05
6.42192e-05
6.43471e-05
6.44738e-05
6.45979e-05
6.47158e-05
6.48257e-05
6.49244e-05
6.50092e-05
6.50779e-05
6.51268e-05
6.51538e-05
6.51547e-05
6.51266e-05
6.50634e-05
6.49594e-05
6.48049e-05
6.45882e-05
6.42908e-05
6.38843e-05
6.33152e-05
6.24904e-05
6.11756e-05
5.87724e-05
5.2851e-05
)
;

boundaryField
{
    movingWall
    {
        type            calculated;
        value           uniform 0;
    }
    fixedWalls
    {
        type            calculated;
        value           uniform 0;
    }
    frontAndBack
    {
        type            empty;
        value           nonuniform 0();
    }
    defaultFaces
    {
        type            empty;
        value           nonuniform 0();
    }
}


// ************************************************************************* //
