/*--------------------------------*- C++ -*----------------------------------*\
  =========                 |
  \\      /  F ield         | OpenFOAM: The Open Source CFD Toolbox
   \\    /   O peration     | Website:  https://openfoam.org
    \\  /    A nd           | Version:  7
     \\/     M anipulation  |
\*---------------------------------------------------------------------------*/
FoamFile
{
    version     2.0;
    format      ascii;
    class       volVectorField;
    location    "0.44";
    object      U;
}
// * * * * * * * * * * * * * * * * * * * * * * * * * * * * * * * * * * * * * //

dimensions      [0 1 -1 0 0 0 0];

internalField   nonuniform List<vector> 
1936
(
(-13.6563 3.52828 0)
(-72.3257 178.467 0)
(-35.7685 426.253 0)
(-6.04324 473.015 0)
(-8.80968 453.911 0)
(1.45565 457.48 0)
(14.4095 433.42 0)
(20.7167 375.819 0)
(16.9368 318.654 0)
(3.09686 292.519 0)
(-10.9937 293.35 0)
(-23.5855 336.815 0)
(-29.3983 467.304 0)
(10.553 536.728 0)
(36.9311 416.867 0)
(20.3665 291.348 0)
(5.95801 266.159 0)
(-10.4803 277.353 0)
(-35.0851 383.499 0)
(-18.8295 527.691 0)
(25.2304 480.37 0)
(17.618 329.449 0)
(-5.73632 279.059 0)
(-17.4189 285.805 0)
(-41.9409 393.283 0)
(-8.44726 536.961 0)
(35.7022 471.296 0)
(21.5578 323.359 0)
(7.26604 280.148 0)
(-6.47088 280.798 0)
(-31.4662 363.995 0)
(-22.9133 515.257 0)
(24.4856 498.394 0)
(25.8543 343.975 0)
(1.21653 278.742 0)
(-9.63268 279.05 0)
(-35.3353 357.469 0)
(-21.5961 510.755 0)
(25.2638 502.456 0)
(24.2061 353.91 0)
(1.12946 285.678 0)
(-8.90594 279.722 0)
(-32.8541 345.685 0)
(-29.6862 505.569 0)
(-14.5179 8.39171 0)
(-78.4395 1.11822 0)
(-39.6888 -4.12171 0)
(-8.07283 -3.17805 0)
(-10.1757 -1.75046 0)
(0.544385 -2.12044 0)
(14.1688 -1.69029 0)
(19.751 -0.203059 0)
(14.2957 1.56401 0)
(1.35354 2.8121 0)
(-8.1567 2.77135 0)
(-20.3694 0.671051 0)
(-29.9798 -3.3005 0)
(10.8859 -4.64123 0)
(37.2513 -1.39572 0)
(15.3075 2.09985 0)
(3.42376 3.712 0)
(-6.52463 3.30735 0)
(-34.3663 -0.248984 0)
(-19.7437 -3.98337 0)
(26.4969 -2.8751 0)
(14.8523 1.51777 0)
(-7.64016 3.91925 0)
(-11.7303 2.79808 0)
(-39.1959 -1.99705 0)
(-8.68219 -5.31969 0)
(37.4214 -2.55643 0)
(18.1389 1.36261 0)
(3.39591 3.33759 0)
(-2.6024 3.42516 0)
(-29.6615 0.248599 0)
(-23.9388 -3.85297 0)
(25.5927 -3.57294 0)
(23.2161 0.750059 0)
(-2.06418 3.66417 0)
(-5.26236 3.41539 0)
(-32.1619 -0.247932 0)
(-22.3198 -4.36517 0)
(26.7115 -3.26993 0)
(22.8866 0.905321 0)
(-2.04413 3.39465 0)
(-4.26414 3.41888 0)
(-29.0201 0.209826 0)
(-31.0834 -4.44973 0)
(-4.90434 17.294 0)
(-72.2822 3.02874 0)
(-41.3252 -8.82581 0)
(-9.76617 -6.74665 0)
(-9.294 -3.596 0)
(0.569007 -4.4545 0)
(13.8863 -3.54637 0)
(19.9194 -0.325746 0)
(14.8616 3.2852 0)
(2.15914 5.48817 0)
(-6.98077 5.4877 0)
(-20.0808 1.92321 0)
(-32.0189 -6.60679 0)
(9.13307 -10.1234 0)
(38.3178 -2.57175 0)
(15.4262 4.82317 0)
(0.548706 7.25133 0)
(-9.17557 6.77353 0)
(-36.5109 -0.195402 0)
(-19.5071 -8.84925 0)
(29.6086 -6.13049 0)
(18.4268 3.47921 0)
(-2.68005 7.54507 0)
(-6.63154 5.9564 0)
(-39.628 -3.23439 0)
(-13.1685 -11.3627 0)
(36.9655 -5.39409 0)
(19.4174 3.44102 0)
(1.07889 6.60172 0)
(-4.82847 6.87228 0)
(-31.9548 0.938028 0)
(-24.5347 -8.41894 0)
(27.7729 -7.64816 0)
(25.3726 2.055 0)
(-0.123886 7.21649 0)
(-3.2819 6.89655 0)
(-32.5725 0.205338 0)
(-25.1909 -9.24017 0)
(26.5584 -7.21239 0)
(26.1658 2.20674 0)
(1.66882 6.68853 0)
(-0.861182 6.88185 0)
(-28.6146 1.2508 0)
(-32.1303 -9.36462 0)
(4.30036 24.2133 0)
(-59.2414 5.63141 0)
(-35.3767 -12.0675 0)
(-12.17 -10.1335 0)
(-10.0431 -5.64314 0)
(-1.38409 -6.54525 0)
(9.06447 -5.15211 0)
(13.2839 -0.434131 0)
(9.27966 4.68965 0)
(0.531692 7.59454 0)
(-3.03736 7.68163 0)
(-11.1087 3.14883 0)
(-24.7049 -9.10338 0)
(5.1083 -14.7302 0)
(28.086 -3.59047 0)
(7.53868 7.35165 0)
(-3.0734 10.3254 0)
(-4.99596 9.46317 0)
(-27.0947 -0.396135 0)
(-14.9681 -13.0799 0)
(23.6906 -8.94953 0)
(11.8087 4.82812 0)
(-1.18352 10.2132 0)
(3.37826 8.8493 0)
(-27.2384 -3.43945 0)
(-13.1278 -16.0824 0)
(27.1912 -8.0022 0)
(11.5431 5.26313 0)
(-3.60485 9.45392 0)
(-1.44794 9.57163 0)
(-22.9005 1.33611 0)
(-18.9985 -12.3428 0)
(22.1625 -11.0453 0)
(16.6449 3.09523 0)
(-2.1725 9.99891 0)
(2.58102 9.80484 0)
(-21.2531 0.965462 0)
(-20.9371 -13.0677 0)
(19.5948 -10.7861 0)
(18.9713 2.90827 0)
(0.0670182 9.23481 0)
(5.15047 9.83591 0)
(-16.9767 2.44093 0)
(-25.5787 -13.1982 0)
(12.7183 29.5522 0)
(-47.507 8.63721 0)
(-29.0805 -13.788 0)
(-13.3405 -13.048 0)
(-10.7482 -7.98024 0)
(-3.82178 -8.43766 0)
(3.69716 -6.41542 0)
(6.60888 -0.525804 0)
(4.15965 5.64796 0)
(-1.09658 8.91546 0)
(-0.29205 9.03035 0)
(-4.415 3.99714 0)
(-17.8693 -10.5259 0)
(1.35426 -17.7343 0)
(18.8926 -4.32672 0)
(1.7809 9.2345 0)
(-4.86316 12.4579 0)
(-0.78496 11.0162 0)
(-18.8469 -0.714526 0)
(-10.6478 -15.9202 0)
(18.2945 -10.8436 0)
(6.91169 5.46046 0)
(-1.43213 11.5332 0)
(9.42975 10.7488 0)
(-16.374 -2.84586 0)
(-12.4206 -18.7164 0)
(18.2819 -9.89359 0)
(5.84266 6.51179 0)
(-6.37865 11.36 0)
(2.19412 11.1019 0)
(-15.1987 1.45776 0)
(-13.7587 -14.9322 0)
(16.8866 -13.1802 0)
(9.79684 3.74738 0)
(-4.17942 11.5541 0)
(6.46065 11.5643 0)
(-11.8861 1.79362 0)
(-16.4646 -15.2449 0)
(13.2245 -13.3132 0)
(12.9897 3.05616 0)
(-2.49148 10.6506 0)
(8.47539 11.647 0)
(-8.14666 3.46051 0)
(-19.43 -15.3459 0)
(19.5276 33.0521 0)
(-35.2979 11.8735 0)
(-22.2593 -13.9862 0)
(-12.7942 -15.1723 0)
(-11.1461 -10.2806 0)
(-6.37948 -9.98027 0)
(-1.67414 -7.29701 0)
(0.281418 -0.690821 0)
(-0.650677 6.06054 0)
(-2.79263 9.35696 0)
(1.31808 9.46651 0)
(0.150318 4.40119 0)
(-11.8837 -10.8634 0)
(-1.59391 -19.0098 0)
(10.8708 -4.77973 0)
(-2.67081 10.2002 0)
(-4.98372 13.4527 0)
(3.81779 11.4904 0)
(-11.6493 -0.970907 0)
(-6.91279 -17.2875 0)
(13.2666 -11.7583 0)
(2.7796 5.55752 0)
(-2.86309 11.6972 0)
(11.729 11.4399 0)
(-7.6086 -1.7572 0)
(-10.7499 -19.2099 0)
(10.6848 -10.9748 0)
(1.41019 7.00747 0)
(-7.15296 12.1621 0)
(5.76119 11.5098 0)
(-8.53834 1.44865 0)
(-9.13507 -16.1019 0)
(11.9541 -14.0179 0)
(4.31395 4.05589 0)
(-5.82787 11.9357 0)
(8.37979 12.0986 0)
(-4.5293 2.5343 0)
(-11.8584 -15.7678 0)
(7.86825 -14.6428 0)
(7.6903 2.84884 0)
(-5.33222 11.0118 0)
(9.26745 12.2094 0)
(-1.77137 4.11413 0)
(-13.8715 -15.8515 0)
(23.0309 34.3038 0)
(-21.5244 14.9909 0)
(-14.5526 -12.6202 0)
(-10.4614 -16.1473 0)
(-10.7026 -12.1018 0)
(-8.36502 -11.0132 0)
(-6.17485 -7.77018 0)
(-5.00097 -0.961157 0)
(-4.72987 5.8289 0)
(-4.15393 8.90172 0)
(1.79021 8.99223 0)
(2.83922 4.3221 0)
(-6.96402 -10.2387 0)
(-3.40229 -18.575 0)
(4.2202 -4.92898 0)
(-5.83634 10.0827 0)
(-3.99263 13.1545 0)
(7.09442 11.0405 0)
(-5.73189 -1.03305 0)
(-3.91853 -17.1389 0)
(8.50464 -11.6593 0)
(-0.757253 5.2304 0)
(-3.86502 10.9383 0)
(11.0241 10.9302 0)
(-1.34964 -0.593157 0)
(-8.14184 -17.8054 0)
(4.72595 -11.0913 0)
(-1.95249 6.64819 0)
(-6.28214 11.7847 0)
(7.63543 10.95 0)
(-3.01161 1.37538 0)
(-5.28979 -15.8086 0)
(7.37754 -13.5956 0)
(0.0933211 3.99885 0)
(-6.18342 11.296 0)
(8.27854 11.4926 0)
(0.716812 2.97474 0)
(-7.30028 -14.8003 0)
(3.73923 -14.6288 0)
(3.12857 2.41325 0)
(-6.75474 10.4579 0)
(8.07639 11.5858 0)
(2.44294 4.23949 0)
(-8.95706 -14.8895 0)
(22.4098 32.9866 0)
(-6.78697 17.3429 0)
(-6.00296 -9.69855 0)
(-6.50184 -15.6223 0)
(-8.91857 -12.9968 0)
(-9.0089 -11.3747 0)
(-8.90349 -7.82035 0)
(-8.44914 -1.34486 0)
(-7.41179 4.92781 0)
(-4.86452 7.68648 0)
(1.49768 7.75433 0)
(4.05305 3.77799 0)
(-3.17399 -8.94738 0)
(-4.04188 -16.6141 0)
(-0.81558 -4.75074 0)
(-7.69778 8.97426 0)
(-2.93851 11.6819 0)
(7.92177 9.82836 0)
(-1.2221 -0.945142 0)
(-1.69317 -15.5515 0)
(4.1455 -10.6193 0)
(-3.50292 4.54612 0)
(-3.93353 9.44889 0)
(8.72242 9.46462 0)
(2.46293 0.275555 0)
(-5.03648 -14.9653 0)
(0.536666 -10.1817 0)
(-4.23296 5.57717 0)
(-4.82889 10.3542 0)
(7.43221 9.61744 0)
(1.22654 1.19738 0)
(-2.30426 -14.1406 0)
(3.33984 -12.0738 0)
(-2.89235 3.56733 0)
(-5.42368 9.82856 0)
(6.87994 9.97173 0)
(3.99037 2.97638 0)
(-3.15419 -12.6678 0)
(0.85241 -13.2787 0)
(-0.558105 1.79787 0)
(-6.48247 9.17259 0)
(6.11534 10.0257 0)
(4.85534 3.83151 0)
(-4.7566 -12.7652 0)
(17.7564 29.1946 0)
(5.85511 18.1658 0)
(2.42286 -5.58088 0)
(-1.41693 -13.4306 0)
(-5.72798 -12.6263 0)
(-7.93656 -10.9371 0)
(-9.41836 -7.45047 0)
(-9.60575 -1.79761 0)
(-8.27666 3.53202 0)
(-4.84137 5.93632 0)
(0.995063 6.01338 0)
(4.19708 2.82521 0)
(-0.562829 -7.29161 0)
(-3.82009 -13.5219 0)
(-4.0064 -4.18546 0)
(-8.23073 7.13444 0)
(-2.40319 9.42155 0)
(6.82008 8.03475 0)
(1.87935 -0.863383 0)
(-0.247931 -12.8129 0)
(0.667385 -8.82898 0)
(-5.08889 3.5008 0)
(-3.5198 7.49867 0)
(6.1334 7.44589 0)
(4.23497 0.655371 0)
(-2.20635 -11.3241 0)
(-1.89604 -8.37233 0)
(-5.35367 4.07064 0)
(-3.59347 8.24583 0)
(6.03094 7.73826 0)
(3.92044 0.861661 0)
(-0.266019 -11.4101 0)
(0.261502 -9.74335 0)
(-4.60473 2.76174 0)
(-4.2963 7.83899 0)
(5.1461 7.89668 0)
(5.46472 2.50405 0)
(-0.0541085 -9.82447 0)
(-0.870441 -10.8413 0)
(-3.11535 1.06939 0)
(-5.32394 7.37302 0)
(4.32984 7.90679 0)
(5.77048 3.01054 0)
(-1.52161 -9.88365 0)
(11.1674 23.7536 0)
(12.4329 16.9999 0)
(8.6133 -1.26621 0)
(3.60579 -9.88047 0)
(-1.7693 -10.8982 0)
(-5.4257 -9.67014 0)
(-7.93399 -6.68489 0)
(-8.66111 -2.18966 0)
(-7.51142 1.95798 0)
(-4.22124 3.94991 0)
(0.542937 4.08344 0)
(3.53857 1.644 0)
(0.784915 -5.51521 0)
(-3.20993 -9.89606 0)
(-5.35165 -3.31158 0)
(-7.53253 4.96359 0)
(-2.17648 6.83831 0)
(4.98766 5.86462 0)
(3.41147 -0.818954 0)
(0.429187 -9.43996 0)
(-1.48855 -6.62178 0)
(-5.31013 2.23354 0)
(-2.99565 5.38144 0)
(3.91373 5.2804 0)
(4.32578 0.611516 0)
(-0.405118 -7.60692 0)
(-2.73604 -6.0417 0)
(-5.22165 2.50584 0)
(-2.64397 5.88648 0)
(4.38323 5.5647 0)
(4.74574 0.445711 0)
(0.755128 -8.15231 0)
(-1.45838 -7.0254 0)
(-4.93088 1.74637 0)
(-3.22939 5.64194 0)
(3.58017 5.6414 0)
(5.33616 1.71588 0)
(1.57192 -6.79946 0)
(-1.52036 -7.80711 0)
(-4.15328 0.403476 0)
(-4.00546 5.27881 0)
(2.94902 5.61707 0)
(5.33459 2.00565 0)
(0.404255 -6.75831 0)
(5.95742 17.9219 0)
(12.4988 14.2514 0)
(11.0001 1.97605 0)
(6.9114 -5.87686 0)
(1.76482 -8.14119 0)
(-2.33023 -7.69473 0)
(-5.24443 -5.56434 0)
(-6.41543 -2.37351 0)
(-5.80198 0.553273 0)
(-3.31965 2.07471 0)
(0.134305 2.24008 0)
(2.4227 0.557878 0)
(1.01557 -3.84444 0)
(-2.55727 -6.41742 0)
(-5.18465 -2.34464 0)
(-5.98327 2.91059 0)
(-1.91013 4.33347 0)
(3.10354 3.64892 0)
(3.28529 -0.758013 0)
(0.487707 -6.10338 0)
(-2.31678 -4.41852 0)
(-4.49806 1.08721 0)
(-2.40151 3.35138 0)
(2.14031 3.27953 0)
(3.26759 0.377761 0)
(0.290624 -4.43553 0)
(-2.49481 -3.75062 0)
(-4.11079 1.25323 0)
(-1.80323 3.63651 0)
(2.85368 3.44706 0)
(3.96884 0.119187 0)
(0.971602 -5.04739 0)
(-1.93083 -4.43482 0)
(-4.10009 0.843416 0)
(-2.23892 3.5187 0)
(2.23596 3.51566 0)
(4.08126 0.93205 0)
(1.85676 -4.11501 0)
(-1.45421 -4.84672 0)
(-3.71984 -0.0302222 0)
(-2.73046 3.23193 0)
(1.81896 3.48348 0)
(3.95194 1.11337 0)
(1.08864 -3.95866 0)
(3.26939 12.7504 0)
(9.10544 10.9388 0)
(9.89703 3.57667 0)
(7.59454 -2.47342 0)
(3.72111 -5.07225 0)
(0.204883 -5.35587 0)
(-2.48735 -4.18709 0)
(-3.89027 -2.23575 0)
(-3.85818 -0.401881 0)
(-2.35463 0.606192 0)
(-0.172156 0.750435 0)
(1.28208 -0.224809 0)
(0.572953 -2.4667 0)
(-1.99503 -3.64903 0)
(-4.11052 -1.50836 0)
(-4.23551 1.31786 0)
(-1.6275 2.24077 0)
(1.41916 1.79809 0)
(2.03849 -0.663384 0)
(0.135722 -3.43017 0)
(-2.21188 -2.60892 0)
(-3.29417 0.289382 0)
(-1.82417 1.69871 0)
(0.810215 1.6913 0)
(1.77299 0.150815 0)
(0.217151 -2.19641 0)
(-1.8274 -1.97981 0)
(-2.69673 0.443906 0)
(-1.12817 1.84186 0)
(1.55601 1.7611 0)
(2.4599 -0.0539781 0)
(0.680434 -2.65389 0)
(-1.60919 -2.41082 0)
(-2.75042 0.230183 0)
(-1.39095 1.80112 0)
(1.15424 1.82411 0)
(2.43988 0.361183 0)
(1.32147 -2.13539 0)
(-1.0758 -2.54396 0)
(-2.5319 -0.217945 0)
(-1.6425 1.60745 0)
(0.926945 1.79959 0)
(2.32359 0.502673 0)
(0.958132 -1.91071 0)
(2.0451 8.87989 0)
(5.35322 7.9144 0)
(6.8305 3.79834 0)
(6.0163 -0.183644 0)
(3.78414 -2.43123 0)
(1.41097 -3.13477 0)
(-0.623785 -2.76086 0)
(-1.8798 -1.81949 0)
(-2.16429 -0.87997 0)
(-1.44868 -0.33802 0)
(-0.28395 -0.231666 0)
(0.438717 -0.635757 0)
(-0.00747743 -1.47766 0)
(-1.52813 -1.83689 0)
(-2.80908 -0.917009 0)
(-2.78205 0.306983 0)
(-1.38608 0.789312 0)
(0.19466 0.552043 0)
(0.652066 -0.565714 0)
(-0.344414 -1.71983 0)
(-1.74441 -1.40164 0)
(-2.22628 -0.151854 0)
(-1.39137 0.581818 0)
(-0.0592063 0.631786 0)
(0.515136 -0.0119245 0)
(-0.145601 -0.931444 0)
(-1.22002 -0.907488 0)
(-1.58162 0.0142085 0)
(-0.725588 0.669799 0)
(0.592765 0.670161 0)
(1.08308 -0.115712 0)
(0.220653 -1.17558 0)
(-1.07164 -1.13204 0)
(-1.5646 -0.0776486 0)
(-0.809066 0.673524 0)
(0.405219 0.714609 0)
(1.0813 0.0474969 0)
(0.605331 -0.944001 0)
(-0.689747 -1.12434 0)
(-1.41373 -0.237644 0)
(-0.889402 0.576043 0)
(0.335245 0.707617 0)
(1.05285 0.163258 0)
(0.547957 -0.722731 0)
(1.24287 6.33531 0)
(2.75568 5.70628 0)
(3.81992 3.35625 0)
(3.72209 1.0081 0)
(2.69196 -0.617154 0)
(1.37766 -1.41779 0)
(0.128029 -1.5471 0)
(-0.723248 -1.31103 0)
(-1.0195 -1.01543 0)
(-0.765542 -0.814242 0)
(-0.299241 -0.72279 0)
(-0.0754102 -0.749292 0)
(-0.38807 -0.871567 0)
(-1.13478 -0.869086 0)
(-1.74104 -0.570654 0)
(-1.72218 -0.201618 0)
(-1.10753 -0.0355049 0)
(-0.426088 -0.12536 0)
(-0.220795 -0.496877 0)
(-0.653974 -0.854828 0)
(-1.28096 -0.759774 0)
(-1.47053 -0.344927 0)
(-1.08065 -0.0354195 0)
(-0.491035 0.0401778 0)
(-0.212769 -0.128365 0)
(-0.429733 -0.390737 0)
(-0.834922 -0.417831 0)
(-0.931685 -0.177798 0)
(-0.544264 0.0523763 0)
(0.00110602 0.0946937 0)
(0.208331 -0.13645 0)
(-0.131493 -0.469833 0)
(-0.665973 -0.498588 0)
(-0.823303 -0.191032 0)
(-0.487505 0.0814894 0)
(-0.00975351 0.122164 0)
(0.265789 -0.0898658 0)
(0.102499 -0.378228 0)
(-0.41859 -0.437872 0)
(-0.705289 -0.198951 0)
(-0.47396 0.0544279 0)
(0.0230308 0.131117 0)
(0.327455 -0.00671279 0)
(0.216376 -0.21335 0)
(0.732478 4.67927 0)
(1.53786 4.34789 0)
(2.0693 2.92914 0)
(2.12289 1.5109 0)
(1.68201 0.406283 0)
(0.988763 -0.311429 0)
(0.303235 -0.689252 0)
(-0.202429 -0.852966 0)
(-0.438102 -0.917842 0)
(-0.427802 -0.922543 0)
(-0.333301 -0.841901 0)
(-0.339863 -0.700082 0)
(-0.524536 -0.564745 0)
(-0.816677 -0.467625 0)
(-1.03163 -0.41731 0)
(-1.01601 -0.39761 0)
(-0.794669 -0.400106 0)
(-0.563728 -0.412079 0)
(-0.515197 -0.461383 0)
(-0.682097 -0.513921 0)
(-0.89845 -0.493609 0)
(-0.952245 -0.406058 0)
(-0.801144 -0.309629 0)
(-0.584137 -0.240108 0)
(-0.47183 -0.221785 0)
(-0.514151 -0.249489 0)
(-0.609999 -0.27398 0)
(-0.604956 -0.257674 0)
(-0.451354 -0.20638 0)
(-0.261012 -0.155101 0)
(-0.194232 -0.160406 0)
(-0.29501 -0.225369 0)
(-0.434725 -0.263181 0)
(-0.445787 -0.228176 0)
(-0.317579 -0.164964 0)
(-0.170392 -0.132354 0)
(-0.0857508 -0.150445 0)
(-0.115472 -0.179975 0)
(-0.25803 -0.190665 0)
(-0.34535 -0.179423 0)
(-0.263318 -0.15208 0)
(-0.0882633 -0.118256 0)
(0.0260215 -0.100704 0)
(0.0495627 -0.0843517 0)
(0.445053 3.5334 0)
(1.05036 3.46623 0)
(1.39129 2.61858 0)
(1.43776 1.74465 0)
(1.25164 0.959181 0)
(0.886634 0.340658 0)
(0.461987 -0.120879 0)
(0.113253 -0.456831 0)
(-0.121239 -0.682879 0)
(-0.247117 -0.781659 0)
(-0.316096 -0.738392 0)
(-0.391132 -0.594805 0)
(-0.482239 -0.442686 0)
(-0.565319 -0.364588 0)
(-0.606528 -0.38482 0)
(-0.582594 -0.451544 0)
(-0.51295 -0.496523 0)
(-0.457133 -0.485524 0)
(-0.463774 -0.446921 0)
(-0.523771 -0.420036 0)
(-0.580926 -0.416909 0)
(-0.58466 -0.419237 0)
(-0.532896 -0.400623 0)
(-0.46825 -0.350641 0)
(-0.433872 -0.292547 0)
(-0.432764 -0.262855 0)
(-0.433153 -0.272235 0)
(-0.405905 -0.293311 0)
(-0.349262 -0.28791 0)
(-0.293623 -0.244713 0)
(-0.275264 -0.197962 0)
(-0.290135 -0.187551 0)
(-0.295827 -0.214924 0)
(-0.261574 -0.24394 0)
(-0.208742 -0.242517 0)
(-0.175661 -0.217469 0)
(-0.155697 -0.182223 0)
(-0.14532 -0.148969 0)
(-0.157832 -0.147204 0)
(-0.166886 -0.180756 0)
(-0.140206 -0.211092 0)
(-0.0865012 -0.203972 0)
(-0.0428254 -0.162261 0)
(-0.00182582 -0.103079 0)
(0.266887 2.68275 0)
(0.74329 2.78507 0)
(1.04479 2.31276 0)
(1.16233 1.77707 0)
(1.11548 1.24477 0)
(0.947709 0.736614 0)
(0.698199 0.289035 0)
(0.425043 -0.0867116 0)
(0.186077 -0.36482 0)
(0.00149363 -0.516616 0)
(-0.131771 -0.539295 0)
(-0.226604 -0.474595 0)
(-0.286801 -0.394293 0)
(-0.315365 -0.363033 0)
(-0.317444 -0.396022 0)
(-0.300979 -0.456424 0)
(-0.28146 -0.492288 0)
(-0.275446 -0.48069 0)
(-0.288664 -0.442223 0)
(-0.309068 -0.41327 0)
(-0.319012 -0.411215 0)
(-0.311142 -0.421209 0)
(-0.292661 -0.415398 0)
(-0.277043 -0.380991 0)
(-0.271319 -0.334236 0)
(-0.269507 -0.302983 0)
(-0.260868 -0.299658 0)
(-0.242335 -0.309475 0)
(-0.220232 -0.303782 0)
(-0.204614 -0.272577 0)
(-0.199659 -0.235924 0)
(-0.195682 -0.221952 0)
(-0.177989 -0.236938 0)
(-0.145769 -0.258197 0)
(-0.11905 -0.260388 0)
(-0.112179 -0.239289 0)
(-0.108192 -0.205613 0)
(-0.0942289 -0.175718 0)
(-0.0786467 -0.170008 0)
(-0.0674832 -0.193641 0)
(-0.058359 -0.221411 0)
(-0.0456875 -0.224512 0)
(-0.0299985 -0.201 0)
(-0.00779417 -0.151785 0)
(0.151018 2.049 0)
(0.492767 2.21828 0)
(0.737976 1.97195 0)
(0.899608 1.65806 0)
(0.958568 1.30783 0)
(0.921605 0.940349 0)
(0.807659 0.570741 0)
(0.643727 0.233252 0)
(0.46595 -0.0399608 0)
(0.303894 -0.22262 0)
(0.171233 -0.311961 0)
(0.071311 -0.335077 0)
(0.00462562 -0.336143 0)
(-0.0342424 -0.352238 0)
(-0.0541562 -0.39141 0)
(-0.0627859 -0.435948 0)
(-0.0686769 -0.460625 0)
(-0.0782348 -0.456119 0)
(-0.0919087 -0.435348 0)
(-0.103916 -0.418951 0)
(-0.108348 -0.415987 0)
(-0.104677 -0.417649 0)
(-0.0986283 -0.408576 0)
(-0.0966236 -0.383275 0)
(-0.0997933 -0.351503 0)
(-0.103922 -0.327927 0)
(-0.103519 -0.318655 0)
(-0.0972607 -0.315313 0)
(-0.0893028 -0.304861 0)
(-0.0845901 -0.283735 0)
(-0.0839031 -0.262583 0)
(-0.0816246 -0.254776 0)
(-0.071938 -0.261385 0)
(-0.0564786 -0.269062 0)
(-0.0440895 -0.264478 0)
(-0.0410216 -0.246484 0)
(-0.0399757 -0.222917 0)
(-0.0322327 -0.20368 0)
(-0.0203085 -0.197675 0)
(-0.0114306 -0.207042 0)
(-0.00915095 -0.22116 0)
(-0.00972723 -0.225757 0)
(-0.00705204 -0.217993 0)
(-0.00371321 -0.180836 0)
(0.0818807 1.58556 0)
(0.315245 1.7599 0)
(0.490784 1.63047 0)
(0.640728 1.44873 0)
(0.739138 1.22613 0)
(0.77927 0.973966 0)
(0.763296 0.705608 0)
(0.701497 0.441589 0)
(0.61142 0.207494 0)
(0.513576 0.0236079 0)
(0.423208 -0.104058 0)
(0.345078 -0.186501 0)
(0.280542 -0.244493 0)
(0.229472 -0.295876 0)
(0.190101 -0.345731 0)
(0.159957 -0.387512 0)
(0.135735 -0.41236 0)
(0.114071 -0.418724 0)
(0.0938086 -0.414264 0)
(0.0765392 -0.40897 0)
(0.0641646 -0.406731 0)
(0.0567541 -0.403372 0)
(0.0511586 -0.392554 0)
(0.0446803 -0.373045 0)
(0.037436 -0.350473 0)
(0.0297276 -0.332085 0)
(0.0232167 -0.320304 0)
(0.0198146 -0.311368 0)
(0.0184346 -0.300019 0)
(0.0166743 -0.285691 0)
(0.0136678 -0.273516 0)
(0.0108146 -0.268585 0)
(0.00999634 -0.269934 0)
(0.0113163 -0.270024 0)
(0.0123408 -0.262363 0)
(0.0110686 -0.247929 0)
(0.00976911 -0.231736 0)
(0.01103 -0.218789 0)
(0.0140844 -0.212472 0)
(0.0159253 -0.213005 0)
(0.0141749 -0.216915 0)
(0.00958589 -0.219093 0)
(0.00599074 -0.217642 0)
(-0.00030865 -0.187004 0)
(0.0462384 1.24091 0)
(0.210521 1.39488 0)
(0.333295 1.32031 0)
(0.453871 1.20986 0)
(0.549606 1.06755 0)
(0.61526 0.899438 0)
(0.647974 0.713737 0)
(0.649493 0.522272 0)
(0.626166 0.339839 0)
(0.587087 0.179327 0)
(0.540913 0.0477265 0)
(0.493859 -0.05639 0)
(0.448171 -0.139888 0)
(0.404423 -0.209677 0)
(0.364099 -0.268471 0)
(0.328116 -0.314704 0)
(0.296403 -0.346179 0)
(0.268005 -0.363711 0)
(0.241965 -0.371629 0)
(0.218188 -0.374863 0)
(0.197328 -0.375572 0)
(0.179899 -0.372552 0)
(0.165323 -0.363818 0)
(0.152239 -0.349651 0)
(0.139577 -0.333253 0)
(0.127065 -0.318389 0)
(0.115415 -0.306564 0)
(0.105602 -0.296558 0)
(0.0976121 -0.286502 0)
(0.09033 -0.276319 0)
(0.0825175 -0.268003 0)
(0.0740156 -0.263273 0)
(0.0658125 -0.261083 0)
(0.0587742 -0.257923 0)
(0.0526329 -0.250927 0)
(0.0465952 -0.240368 0)
(0.0409236 -0.228849 0)
(0.0363229 -0.21901 0)
(0.0325977 -0.212279 0)
(0.0287135 -0.208759 0)
(0.0236859 -0.207438 0)
(0.0173722 -0.20686 0)
(0.0112065 -0.206158 0)
(0.00188466 -0.178152 0)
(0.0302312 0.96805 0)
(0.152557 1.09466 0)
(0.243616 1.04667 0)
(0.338956 0.974652 0)
(0.420212 0.880569 0)
(0.485627 0.767865 0)
(0.532857 0.641206 0)
(0.561016 0.50692 0)
(0.57097 0.3727 0)
(0.566507 0.246153 0)
(0.552029 0.132454 0)
(0.530278 0.033624 0)
(0.503914 -0.0510478 0)
(0.474958 -0.123191 0)
(0.444526 -0.183699 0)
(0.414101 -0.232362 0)
(0.384739 -0.268902 0)
(0.356822 -0.294186 0)
(0.330302 -0.31043 0)
(0.305167 -0.320163 0)
(0.281711 -0.324959 0)
(0.260337 -0.32511 0)
(0.241153 -0.320515 0)
(0.223791 -0.311845 0)
(0.207655 -0.300872 0)
(0.192371 -0.28966 0)
(0.177966 -0.279457 0)
(0.164654 -0.270331 0)
(0.152435 -0.261834 0)
(0.140909 -0.253933 0)
(0.129429 -0.247213 0)
(0.117602 -0.242078 0)
(0.105669 -0.238078 0)
(0.0941635 -0.233795 0)
(0.0833437 -0.227967 0)
(0.0731267 -0.220486 0)
(0.0634706 -0.212322 0)
(0.0544794 -0.204693 0)
(0.0461141 -0.198391 0)
(0.0380537 -0.193647 0)
(0.0299237 -0.190292 0)
(0.0215957 -0.187999 0)
(0.0135038 -0.18651 0)
(0.00304457 -0.160655 0)
(0.0232154 0.736478 0)
(0.115677 0.835288 0)
(0.186923 0.802672 0)
(0.262629 0.753936 0)
(0.328897 0.690464 0)
(0.385769 0.614416 0)
(0.432004 0.528537 0)
(0.466684 0.436228 0)
(0.490233 0.341418 0)
(0.50296 0.248358 0)
(0.505814 0.160263 0)
(0.500942 0.0794621 0)
(0.489959 0.00706751 0)
(0.474306 -0.0565532 0)
(0.455265 -0.111248 0)
(0.433985 -0.156839 0)
(0.411551 -0.193307 0)
(0.388745 -0.221095 0)
(0.366041 -0.241201 0)
(0.343766 -0.254866 0)
(0.322226 -0.263163 0)
(0.301721 -0.266801 0)
(0.282458 -0.266309 0)
(0.264467 -0.262398 0)
(0.247603 -0.256104 0)
(0.231667 -0.2486 0)
(0.216508 -0.240831 0)
(0.202038 -0.23329 0)
(0.18814 -0.22613 0)
(0.174594 -0.219437 0)
(0.161294 -0.213388 0)
(0.147986 -0.208115 0)
(0.134502 -0.203394 0)
(0.121072 -0.19876 0)
(0.107889 -0.193725 0)
(0.0950548 -0.188126 0)
(0.0826187 -0.182204 0)
(0.0706152 -0.176408 0)
(0.0590415 -0.171144 0)
(0.0478182 -0.166646 0)
(0.0368262 -0.16299 0)
(0.0259856 -0.160164 0)
(0.0158038 -0.158201 0)
(0.00372462 -0.135738 0)
(0.0194357 0.542518 0)
(0.089442 0.61578 0)
(0.147273 0.593242 0)
(0.208573 0.559809 0)
(0.262796 0.516575 0)
(0.31093 0.465008 0)
(0.352493 0.406791 0)
(0.386687 0.34388 0)
(0.41324 0.278435 0)
(0.432105 0.212539 0)
(0.443722 0.148444 0)
(0.448865 0.087777 0)
(0.448271 0.0317621 0)
(0.442896 -0.0187889 0)
(0.43363 -0.0633612 0)
(0.421269 -0.101638 0)
(0.406654 -0.133497 0)
(0.390499 -0.159067 0)
(0.373389 -0.178734 0)
(0.355777 -0.19307 0)
(0.338028 -0.202721 0)
(0.320441 -0.208247 0)
(0.303235 -0.210224 0)
(0.286558 -0.209249 0)
(0.270452 -0.205997 0)
(0.254876 -0.201192 0)
(0.239748 -0.195489 0)
(0.224991 -0.189389 0)
(0.210521 -0.18322 0)
(0.196208 -0.177189 0)
(0.181815 -0.171431 0)
(0.167405 -0.166088 0)
(0.153075 -0.161084 0)
(0.138724 -0.156306 0)
(0.124417 -0.151601 0)
(0.110236 -0.146881 0)
(0.0962442 -0.142181 0)
(0.0824881 -0.137635 0)
(0.0689979 -0.133407 0)
(0.0557726 -0.129639 0)
(0.0427701 -0.126423 0)
(0.0298229 -0.123807 0)
(0.0179236 -0.121909 0)
(0.00410187 -0.104391 0)
(0.017775 0.395469 0)
(0.0731819 0.448152 0)
(0.123277 0.431905 0)
(0.175549 0.408135 0)
(0.221828 0.377762 0)
(0.263752 0.341764 0)
(0.301138 0.301189 0)
(0.333256 0.257235 0)
(0.359744 0.211205 0)
(0.38066 0.164431 0)
(0.395991 0.11824 0)
(0.405883 0.0737849 0)
(0.410894 0.0320275 0)
(0.411554 -0.00629427 0)
(0.408432 -0.040653 0)
(0.402141 -0.0707007 0)
(0.393249 -0.0962522 0)
(0.382304 -0.117284 0)
(0.369791 -0.133927 0)
(0.356107 -0.14645 0)
(0.3417 -0.155202 0)
(0.326865 -0.160586 0)
(0.31176 -0.163013 0)
(0.296606 -0.162933 0)
(0.281525 -0.160819 0)
(0.26656 -0.157164 0)
(0.251711 -0.152436 0)
(0.236961 -0.147049 0)
(0.222271 -0.141331 0)
(0.207585 -0.135536 0)
(0.192841 -0.129845 0)
(0.178044 -0.124329 0)
(0.163182 -0.119107 0)
(0.148239 -0.114181 0)
(0.133269 -0.109525 0)
(0.118331 -0.105117 0)
(0.103489 -0.100962 0)
(0.0887916 -0.0970997 0)
(0.0742793 -0.0935931 0)
(0.0599879 -0.0905061 0)
(0.0458985 -0.08789 0)
(0.0316882 -0.0857747 0)
(0.0189236 -0.0842405 0)
(0.0040719 -0.0721253 0)
(0.0174518 0.287554 0)
(0.0633346 0.324854 0)
(0.108823 0.312678 0)
(0.154651 0.295241 0)
(0.195326 0.273294 0)
(0.23265 0.247406 0)
(0.266487 0.218239 0)
(0.296195 0.186591 0)
(0.321426 0.153347 0)
(0.342066 0.119421 0)
(0.358152 0.0856089 0)
(0.369823 0.0528392 0)
(0.377309 0.0218138 0)
(0.380863 -0.00689165 0)
(0.38094 -0.0328343 0)
(0.378042 -0.0557035 0)
(0.372528 -0.0753092 0)
(0.364805 -0.0915765 0)
(0.355281 -0.104539 0)
(0.344328 -0.114325 0)
(0.332276 -0.121123 0)
(0.319424 -0.125228 0)
(0.306007 -0.126919 0)
(0.292207 -0.126518 0)
(0.278177 -0.124374 0)
(0.264013 -0.120841 0)
(0.249769 -0.116273 0)
(0.235473 -0.111001 0)
(0.221127 -0.105314 0)
(0.206726 -0.0994578 0)
(0.192272 -0.0936218 0)
(0.177734 -0.0878969 0)
(0.163073 -0.0824734 0)
(0.1483 -0.0773875 0)
(0.133458 -0.0726719 0)
(0.118599 -0.0683457 0)
(0.103779 -0.0644256 0)
(0.0890505 -0.0609341 0)
(0.0744626 -0.0578982 0)
(0.0600708 -0.0553464 0)
(0.0458739 -0.053303 0)
(0.0314876 -0.0517788 0)
(0.018714 -0.050763 0)
(0.00386617 -0.0435465 0)
(0.0168773 0.205496 0)
(0.0553117 0.231258 0)
(0.0963954 0.222138 0)
(0.136251 0.209341 0)
(0.171968 0.193403 0)
(0.205029 0.174599 0)
(0.235238 0.153357 0)
(0.262027 0.130266 0)
(0.285073 0.105959 0)
(0.304248 0.0809877 0)
(0.319664 0.0562233 0)
(0.331389 0.0321361 0)
(0.339447 0.00925552 0)
(0.344057 -0.0119658 0)
(0.34554 -0.0311767 0)
(0.344213 -0.0481191 0)
(0.340385 -0.0626239 0)
(0.334392 -0.0746059 0)
(0.32657 -0.0840604 0)
(0.317241 -0.0910541 0)
(0.306704 -0.0957142 0)
(0.295224 -0.098215 0)
(0.283036 -0.098774 0)
(0.270336 -0.0976252 0)
(0.257297 -0.0950241 0)
(0.244041 -0.0912393 0)
(0.230648 -0.0865413 0)
(0.217181 -0.081192 0)
(0.203676 -0.0754362 0)
(0.190174 -0.0694935 0)
(0.176738 -0.063456 0)
(0.163197 -0.0576384 0)
(0.149503 -0.0521043 0)
(0.135806 -0.0469289 0)
(0.122105 -0.0421802 0)
(0.10842 -0.0379051 0)
(0.0947964 -0.0341374 0)
(0.0812766 -0.0309011 0)
(0.0679043 -0.0282163 0)
(0.0547312 -0.0261002 0)
(0.0417638 -0.0245695 0)
(0.028684 -0.0236302 0)
(0.0170439 -0.0231707 0)
(0.00351334 -0.0200168 0)
(0.0155302 0.143313 0)
(0.0473907 0.160571 0)
(0.083289 0.153845 0)
(0.11696 0.144539 0)
(0.147553 0.132988 0)
(0.176012 0.119291 0)
(0.202063 0.103693 0)
(0.225202 0.0866692 0)
(0.245157 0.0687643 0)
(0.262116 0.0506002 0)
(0.275898 0.032549 0)
(0.286165 0.0149923 0)
(0.29309 -0.00166643 0)
(0.296985 -0.0170903 0)
(0.298171 -0.0310058 0)
(0.296809 -0.0432061 0)
(0.293161 -0.0535527 0)
(0.287519 -0.0619705 0)
(0.280181 -0.068444 0)
(0.271441 -0.0730119 0)
(0.261574 -0.0757596 0)
(0.250835 -0.0768115 0)
(0.239451 -0.0763224 0)
(0.227627 -0.0744685 0)
(0.215537 -0.0714392 0)
(0.203319 -0.0674413 0)
(0.191077 -0.06268 0)
(0.178896 -0.0573619 0)
(0.166855 -0.0516416 0)
(0.155067 -0.0456959 0)
(0.143251 -0.0398219 0)
(0.131362 -0.0341454 0)
(0.119708 -0.0286986 0)
(0.108234 -0.0236115 0)
(0.0968904 -0.0189709 0)
(0.0856888 -0.014841 0)
(0.0746624 -0.0112681 0)
(0.0638265 -0.0082867 0)
(0.0531854 -0.00592037 0)
(0.0427673 -0.00418708 0)
(0.0325857 -0.00310451 0)
(0.0224769 -0.00268056 0)
(0.0134921 -0.0027324 0)
(0.0027681 -0.0025682 0)
(0.0133549 0.0974829 0)
(0.0391088 0.108645 0)
(0.0690114 0.103717 0)
(0.0964075 0.096931 0)
(0.121554 0.0884304 0)
(0.144843 0.0783462 0)
(0.166047 0.0670377 0)
(0.184942 0.0547777 0)
(0.201356 0.0418833 0)
(0.214848 0.0288516 0)
(0.225151 0.0158089 0)
(0.232434 0.00318722 0)
(0.236858 -0.00873159 0)
(0.238632 -0.0197102 0)
(0.237966 -0.0295463 0)
(0.23506 -0.0380815 0)
(0.23018 -0.045208 0)
(0.223595 -0.0508667 0)
(0.215588 -0.0550426 0)
(0.206439 -0.0577614 0)
(0.196418 -0.0590843 0)
(0.185778 -0.0591031 0)
(0.174751 -0.0579327 0)
(0.163542 -0.0557048 0)
(0.152329 -0.0525627 0)
(0.141259 -0.0486566 0)
(0.130461 -0.0441344 0)
(0.120082 -0.0391353 0)
(0.110124 -0.0338582 0)
(0.100398 -0.0284358 0)
(0.0910144 -0.0230883 0)
(0.0821704 -0.0177855 0)
(0.0737817 -0.0126982 0)
(0.0657516 -0.00794722 0)
(0.0580441 -0.00362075 0)
(0.0506641 0.000207551 0)
(0.0436504 0.003477 0)
(0.0369526 0.00613905 0)
(0.030484 0.008159 0)
(0.0242487 0.00951497 0)
(0.0182727 0.0101865 0)
(0.0125842 0.0101621 0)
(0.0078144 0.00963039 0)
(0.00138914 0.00794308 0)
(0.01057 0.0652978 0)
(0.0304861 0.0722856 0)
(0.0539203 0.0686991 0)
(0.0750217 0.0638248 0)
(0.0945179 0.0577107 0)
(0.112598 0.0504734 0)
(0.128778 0.0424087 0)
(0.142513 0.0337469 0)
(0.153724 0.0246889 0)
(0.162348 0.0153679 0)
(0.168304 0.00615245 0)
(0.171679 -0.00272417 0)
(0.172656 -0.0110693 0)
(0.171332 -0.0187062 0)
(0.167846 -0.0254933 0)
(0.16248 -0.0313157 0)
(0.155505 -0.0360907 0)
(0.147178 -0.0397738 0)
(0.137771 -0.0423536 0)
(0.127557 -0.04385 0)
(0.116803 -0.0443103 0)
(0.105768 -0.0438053 0)
(0.0946915 -0.0424227 0)
(0.0837849 -0.0402619 0)
(0.0732432 -0.0374329 0)
(0.0632479 -0.0340482 0)
(0.0539256 -0.030212 0)
(0.0452969 -0.0260374 0)
(0.0374458 -0.0216736 0)
(0.0304766 -0.0172297 0)
(0.0244018 -0.0126835 0)
(0.0192068 -0.00819161 0)
(0.0148223 -0.00387358 0)
(0.0111677 0.000179494 0)
(0.00817112 0.003884 0)
(0.00577555 0.00716309 0)
(0.00383837 0.00994399 0)
(0.00225996 0.012164 0)
(0.00105039 0.0137714 0)
(0.00018068 0.0147245 0)
(-0.000366189 0.0149838 0)
(-0.000490512 0.0145211 0)
(0.000228111 0.013512 0)
(-0.00065693 0.0110775 0)
(0.0075826 0.044414 0)
(0.0218765 0.0487248 0)
(0.0386874 0.0460818 0)
(0.0535389 0.0426658 0)
(0.0670908 0.0384803 0)
(0.0791994 0.0335345 0)
(0.0894448 0.0278865 0)
(0.0975319 0.0217839 0)
(0.103385 0.015453 0)
(0.107002 0.00903207 0)
(0.108393 0.00269039 0)
(0.107675 -0.00341518 0)
(0.105065 -0.00914364 0)
(0.10056 -0.014369 0)
(0.0942688 -0.0189766 0)
(0.0865059 -0.0228851 0)
(0.0774858 -0.0260362 0)
(0.0674569 -0.0283986 0)
(0.0566694 -0.0299664 0)
(0.0453729 -0.0307604 0)
(0.0338209 -0.0308232 0)
(0.0222635 -0.0302143 0)
(0.0109472 -0.0290056 0)
(7.763e-05 -0.0272769 0)
(-0.010136 -0.0251138 0)
(-0.0194839 -0.0225991 0)
(-0.0278189 -0.0198168 0)
(-0.0350284 -0.0168538 0)
(-0.0409963 -0.0137306 0)
(-0.0456303 -0.0105213 0)
(-0.0488957 -0.00729087 0)
(-0.0507874 -0.00410629 0)
(-0.0513333 -0.00103664 0)
(-0.0506007 0.00185169 0)
(-0.0487063 0.00449796 0)
(-0.0458502 0.00684448 0)
(-0.0422155 0.00883318 0)
(-0.0378932 0.0104025 0)
(-0.0329882 0.0114797 0)
(-0.0276348 0.0119851 0)
(-0.0219157 0.0118289 0)
(-0.0156163 0.0109237 0)
(-0.00847242 0.00941398 0)
(-0.00311453 0.00716528 0)
(0.00445933 0.0325623 0)
(0.0128791 0.0352764 0)
(0.0226587 0.0332585 0)
(0.0309352 0.0308899 0)
(0.0380247 0.0280535 0)
(0.043828 0.0247101 0)
(0.0480169 0.0209005 0)
(0.0505844 0.016761 0)
(0.0514894 0.0124097 0)
(0.0508012 0.00798398 0)
(0.0485317 0.00360478 0)
(0.0447434 -0.000605812 0)
(0.0395504 -0.00454017 0)
(0.0329639 -0.00810906 0)
(0.025038 -0.0112198 0)
(0.0159618 -0.0138163 0)
(0.00590781 -0.0158669 0)
(-0.00493296 -0.017357 0)
(-0.0163475 -0.0182929 0)
(-0.0281183 -0.0187034 0)
(-0.0400156 -0.0186339 0)
(-0.0518059 -0.0181424 0)
(-0.0632539 -0.0172947 0)
(-0.0741411 -0.0161616 0)
(-0.0842442 -0.0148116 0)
(-0.0933475 -0.013302 0)
(-0.101267 -0.0117009 0)
(-0.107832 -0.0100487 0)
(-0.112892 -0.00837536 0)
(-0.116315 -0.00671267 0)
(-0.118 -0.00509125 0)
(-0.117874 -0.00354653 0)
(-0.115894 -0.00211415 0)
(-0.112061 -0.000825753 0)
(-0.106432 0.00029858 0)
(-0.0991397 0.00124891 0)
(-0.0903566 0.00201435 0)
(-0.0802835 0.00256467 0)
(-0.0691884 0.00283713 0)
(-0.0573663 0.00273911 0)
(-0.0450356 0.00212899 0)
(-0.0319488 0.000803427 0)
(-0.0178598 -0.00121303 0)
(-0.00581541 -0.00264993 0)
(0.00108067 0.0281432 0)
(0.00260622 0.0300825 0)
(0.00436196 0.0285408 0)
(0.00523427 0.0268926 0)
(0.00522264 0.0249101 0)
(0.00472142 0.0224754 0)
(0.00340814 0.0196149 0)
(0.0016058 0.016479 0)
(-0.000895803 0.0131576 0)
(-0.00404208 0.009817 0)
(-0.00798485 0.00656064 0)
(-0.0128141 0.00349431 0)
(-0.0185886 0.000701177 0)
(-0.0253749 -0.00175671 0)
(-0.0331774 -0.00383202 0)
(-0.0419285 -0.00550099 0)
(-0.0515327 -0.00675871 0)
(-0.0618544 -0.00761554 0)
(-0.0727277 -0.0080968 0)
(-0.0839674 -0.00824483 0)
(-0.0953672 -0.00811305 0)
(-0.106714 -0.00776464 0)
(-0.117791 -0.00726576 0)
(-0.128378 -0.00668287 0)
(-0.138256 -0.00607401 0)
(-0.147219 -0.00549506 0)
(-0.155069 -0.00499244 0)
(-0.161607 -0.00459549 0)
(-0.166655 -0.00432086 0)
(-0.170039 -0.00418183 0)
(-0.171598 -0.00419001 0)
(-0.171181 -0.00436509 0)
(-0.168647 -0.0047246 0)
(-0.163872 -0.00527698 0)
(-0.156766 -0.00600513 0)
(-0.147289 -0.00686652 0)
(-0.135466 -0.00781631 0)
(-0.121411 -0.00882119 0)
(-0.10537 -0.00987046 0)
(-0.087707 -0.0110017 0)
(-0.0688806 -0.0123334 0)
(-0.0487989 -0.0141997 0)
(-0.0274475 -0.0167027 0)
(-0.00857355 -0.0169472 0)
(-0.0029034 0.0305223 0)
(-0.0104243 0.0322938 0)
(-0.0183516 0.0309787 0)
(-0.0258393 0.0293069 0)
(-0.0329591 0.0272275 0)
(-0.0386385 0.0245993 0)
(-0.0436877 0.0215674 0)
(-0.0475328 0.0184079 0)
(-0.0509686 0.0152088 0)
(-0.0540619 0.0121858 0)
(-0.0572876 0.00941199 0)
(-0.0609309 0.00696603 0)
(-0.0652201 0.00488816 0)
(-0.0703285 0.00319911 0)
(-0.0763241 0.00189181 0)
(-0.0832124 0.00094472 0)
(-0.0909505 0.000330314 0)
(-0.0994488 8.90608e-06 0)
(-0.108572 -6.4397e-05 0)
(-0.118155 5.05948e-05 0)
(-0.128021 0.000290021 0)
(-0.137986 0.000585027 0)
(-0.147856 0.000867441 0)
(-0.157437 0.00107362 0)
(-0.166537 0.001146 0)
(-0.174976 0.00102899 0)
(-0.182573 0.000689214 0)
(-0.189146 0.000101256 0)
(-0.194522 -0.000743736 0)
(-0.198526 -0.00185585 0)
(-0.200972 -0.00324164 0)
(-0.201668 -0.00492378 0)
(-0.200397 -0.00692375 0)
(-0.196928 -0.00925387 0)
(-0.191009 -0.0118899 0)
(-0.18238 -0.0147616 0)
(-0.17079 -0.0177929 0)
(-0.15604 -0.0208901 0)
(-0.138062 -0.0239414 0)
(-0.11693 -0.026877 0)
(-0.0931563 -0.0296356 0)
(-0.0664962 -0.0326315 0)
(-0.0376989 -0.0357508 0)
(-0.0115913 -0.0346346 0)
(-0.00828641 0.039628 0)
(-0.0280475 0.0412725 0)
(-0.046882 0.039486 0)
(-0.0626025 0.0362744 0)
(-0.0750617 0.0326751 0)
(-0.0831204 0.0285398 0)
(-0.0889375 0.0242689 0)
(-0.0918251 0.0202712 0)
(-0.0935792 0.0165771 0)
(-0.0943535 0.0134152 0)
(-0.0949755 0.01078 0)
(-0.0958534 0.00869207 0)
(-0.0973056 0.00712159 0)
(-0.0995563 0.00602511 0)
(-0.102689 0.00534369 0)
(-0.106727 0.0050079 0)
(-0.111642 0.00495753 0)
(-0.117359 0.00512455 0)
(-0.123761 0.0054481 0)
(-0.130708 0.00585293 0)
(-0.138053 0.00626702 0)
(-0.145643 0.00661913 0)
(-0.153327 0.00684033 0)
(-0.160954 0.00687157 0)
(-0.168385 0.00665317 0)
(-0.175488 0.00613777 0)
(-0.182136 0.0052935 0)
(-0.188201 0.00409578 0)
(-0.193562 0.0025398 0)
(-0.198085 0.000610394 0)
(-0.201619 -0.00170486 0)
(-0.203991 -0.00444487 0)
(-0.204984 -0.00765276 0)
(-0.204337 -0.0113713 0)
(-0.20172 -0.0156098 0)
(-0.196716 -0.0203143 0)
(-0.188806 -0.0254311 0)
(-0.177399 -0.0308774 0)
(-0.161904 -0.0364864 0)
(-0.14159 -0.0421388 0)
(-0.11663 -0.0474422 0)
(-0.0852953 -0.0529222 0)
(-0.0498393 -0.0572598 0)
(-0.0155862 -0.0551771 0)
(-0.0162822 0.0558283 0)
(-0.0517297 0.0559096 0)
(-0.0799675 0.0521603 0)
(-0.101283 0.0451269 0)
(-0.114829 0.0385227 0)
(-0.121107 0.0318376 0)
(-0.124289 0.0257303 0)
(-0.123557 0.0205692 0)
(-0.121803 0.0162138 0)
(-0.119035 0.0128253 0)
(-0.116293 0.0102695 0)
(-0.113942 0.00848074 0)
(-0.112259 0.00734717 0)
(-0.111427 0.00675745 0)
(-0.111477 0.00660624 0)
(-0.112402 0.00678673 0)
(-0.114155 0.00721535 0)
(-0.116658 0.0078035 0)
(-0.119806 0.00847987 0)
(-0.123486 0.00916209 0)
(-0.127584 0.00977609 0)
(-0.131996 0.0102529 0)
(-0.136622 0.0105258 0)
(-0.141375 0.0105421 0)
(-0.146185 0.0102472 0)
(-0.150989 0.00959852 0)
(-0.15574 0.00856799 0)
(-0.160388 0.0071302 0)
(-0.164895 0.00528282 0)
(-0.169212 0.00300458 0)
(-0.173267 0.000273415 0)
(-0.176968 -0.00296877 0)
(-0.180177 -0.00679148 0)
(-0.182711 -0.0112791 0)
(-0.184297 -0.0165037 0)
(-0.184522 -0.0224675 0)
(-0.18276 -0.0291976 0)
(-0.178174 -0.0367265 0)
(-0.169781 -0.0449421 0)
(-0.155685 -0.0538931 0)
(-0.13562 -0.0628457 0)
(-0.103897 -0.0728744 0)
(-0.0654467 -0.0798046 0)
(-0.0218357 -0.0787038 0)
(-0.0279722 0.0795465 0)
(-0.0812409 0.0738178 0)
(-0.111891 0.0658895 0)
(-0.133139 0.0526677 0)
(-0.141608 0.0422197 0)
(-0.141872 0.0327208 0)
(-0.139746 0.0249165 0)
(-0.134009 0.018836 0)
(-0.128285 0.0140755 0)
(-0.122104 0.0106524 0)
(-0.116467 0.00829105 0)
(-0.111514 0.00684125 0)
(-0.107358 0.00611622 0)
(-0.104056 0.00595477 0)
(-0.101543 0.0062234 0)
(-0.0997492 0.00679413 0)
(-0.0985981 0.00757434 0)
(-0.0980021 0.00846667 0)
(-0.0978678 0.00939806 0)
(-0.0981159 0.0102879 0)
(-0.0986743 0.0110659 0)
(-0.0994958 0.0116705 0)
(-0.100544 0.0120408 0)
(-0.101805 0.0121324 0)
(-0.103285 0.0118985 0)
(-0.105003 0.0113026 0)
(-0.107 0.0103228 0)
(-0.109317 0.00893324 0)
(-0.112008 0.00713563 0)
(-0.115125 0.00490293 0)
(-0.118704 0.00220772 0)
(-0.122767 -0.00102144 0)
(-0.127307 -0.00487239 0)
(-0.132303 -0.009462 0)
(-0.137664 -0.0149295 0)
(-0.143161 -0.0213479 0)
(-0.148294 -0.0288475 0)
(-0.152286 -0.0376515 0)
(-0.15426 -0.0478139 0)
(-0.15121 -0.0598541 0)
(-0.143232 -0.0728748 0)
(-0.117756 -0.0895145 0)
(-0.0850491 -0.101062 0)
(-0.0314783 -0.105809 0)
(-0.0427164 0.110492 0)
(-0.112747 0.0910329 0)
(-0.131983 0.0767273 0)
(-0.145676 0.0560547 0)
(-0.142913 0.042139 0)
(-0.13446 0.030548 0)
(-0.126015 0.0218548 0)
(-0.115571 0.0154995 0)
(-0.106777 0.0108168 0)
(-0.098432 0.00765787 0)
(-0.0912515 0.0056453 0)
(-0.0850301 0.00456981 0)
(-0.0796483 0.00420252 0)
(-0.0749994 0.00436083 0)
(-0.0709083 0.00490528 0)
(-0.0672417 0.00570573 0)
(-0.0638919 0.00667425 0)
(-0.0607682 0.00771682 0)
(-0.0577943 0.00876673 0)
(-0.0549304 0.00975229 0)
(-0.0521501 0.0106114 0)
(-0.0494679 0.0112932 0)
(-0.0469143 0.0117457 0)
(-0.0445465 0.0119337 0)
(-0.0424505 0.0118201 0)
(-0.040718 0.0113741 0)
(-0.0394778 0.0105812 0)
(-0.0388553 0.009417 0)
(-0.0389938 0.00788821 0)
(-0.0400385 0.00596551 0)
(-0.0421227 0.00362089 0)
(-0.0453963 0.00077984 0)
(-0.049997 -0.00264945 0)
(-0.0560877 -0.0067949 0)
(-0.0638207 -0.0118429 0)
(-0.0732799 -0.0179246 0)
(-0.084297 -0.0252481 0)
(-0.0964347 -0.0342254 0)
(-0.109582 -0.0451147 0)
(-0.120062 -0.0591126 0)
(-0.13016 -0.0754386 0)
(-0.118339 -0.0995639 0)
(-0.105933 -0.117619 0)
(-0.0437598 -0.136756 0)
(-0.055771 0.146563 0)
(-0.137028 0.102694 0)
(-0.12617 0.0809975 0)
(-0.125629 0.0537919 0)
(-0.107888 0.0380239 0)
(-0.0905899 0.0258077 0)
(-0.0767416 0.0173408 0)
(-0.0632981 0.011452 0)
(-0.0532124 0.00732384 0)
(-0.0445009 0.00468011 0)
(-0.0374479 0.00311352 0)
(-0.031485 0.00239409 0)
(-0.0262615 0.00229375 0)
(-0.0215153 0.0026368 0)
(-0.0169818 0.00329672 0)
(-0.0124789 0.00415747 0)
(-0.00787982 0.0051455 0)
(-0.00309994 0.0061796 0)
(0.00191588 0.0072044 0)
(0.0071666 0.00816176 0)
(0.012634 0.00900038 0)
(0.0182463 0.00968183 0)
(0.0239127 0.0101641 0)
(0.029515 0.0104209 0)
(0.0348995 0.0104254 0)
(0.0399126 0.0101519 0)
(0.0443553 0.00959303 0)
(0.0480351 0.00872701 0)
(0.0507402 0.00756431 0)
(0.0522535 0.00607889 0)
(0.0523666 0.00424476 0)
(0.0508265 0.00199422 0)
(0.0473714 -0.000756013 0)
(0.0416783 -0.00412202 0)
(0.0333676 -0.00830447 0)
(0.0220099 -0.0134639 0)
(0.00734713 -0.0198342 0)
(-0.0106553 -0.0279402 0)
(-0.0331433 -0.0381886 0)
(-0.0563491 -0.0523996 0)
(-0.0869308 -0.0701533 0)
(-0.0942694 -0.10042 0)
(-0.120126 -0.125615 0)
(-0.0536499 -0.170215 0)
(-0.0561757 0.182823 0)
(-0.138912 0.104589 0)
(-0.0803061 0.076478 0)
(-0.0624318 0.0463349 0)
(-0.0300528 0.030877 0)
(-0.00631879 0.0196868 0)
(0.0105721 0.0124418 0)
(0.0246331 0.00759292 0)
(0.0340567 0.00432998 0)
(0.0414315 0.00232503 0)
(0.0469142 0.00121156 0)
(0.0513608 0.000779095 0)
(0.055294 0.000832291 0)
(0.0590868 0.00122411 0)
(0.0630544 0.00185379 0)
(0.0674044 0.00262917 0)
(0.072267 0.00349541 0)
(0.0777139 0.00438949 0)
(0.0837787 0.00526944 0)
(0.0904249 0.00609233 0)
(0.0975985 0.00681881 0)
(0.105183 0.0074221 0)
(0.113044 0.00787069 0)
(0.121019 0.00814598 0)
(0.128906 0.00823017 0)
(0.136513 0.00810269 0)
(0.143592 0.00776134 0)
(0.149911 0.00718805 0)
(0.155216 0.0063946 0)
(0.159248 0.00536099 0)
(0.161759 0.0040655 0)
(0.162432 0.00245361 0)
(0.160922 0.000458009 0)
(0.156806 -0.00201067 0)
(0.149547 -0.0051352 0)
(0.138431 -0.00907346 0)
(0.1228 -0.0140372 0)
(0.102197 -0.0205551 0)
(0.0741259 -0.0290772 0)
(0.0419992 -0.0417276 0)
(-0.0065994 -0.0585285 0)
(-0.034223 -0.0912193 0)
(-0.113789 -0.122155 0)
(-0.0500243 -0.202083 0)
(-0.0263511 0.211208 0)
(-0.0987814 0.0949179 0)
(0.0159562 0.0636057 0)
(0.0492129 0.0354099 0)
(0.0917076 0.0223745 0)
(0.117956 0.0134938 0)
(0.135026 0.00805798 0)
(0.147518 0.00452403 0)
(0.154808 0.00222152 0)
(0.159759 0.000847832 0)
(0.162863 0.000123498 0)
(0.165126 -0.000116175 0)
(0.167152 -1.53713e-05 0)
(0.169365 0.000318236 0)
(0.172086 0.000814199 0)
(0.175525 0.00140739 0)
(0.179803 0.00206163 0)
(0.184976 0.00273314 0)
(0.191062 0.0033932 0)
(0.197999 0.00401336 0)
(0.205715 0.00456586 0)
(0.214069 0.00503385 0)
(0.222902 0.00539559 0)
(0.232035 0.00563861 0)
(0.241244 0.00575234 0)
(0.25032 0.0057212 0)
(0.259001 0.00554607 0)
(0.267041 0.00521299 0)
(0.274175 0.00473267 0)
(0.280138 0.00409122 0)
(0.284674 0.0032724 0)
(0.287447 0.00223709 0)
(0.288084 0.000937089 0)
(0.286125 -0.000686554 0)
(0.280977 -0.00277671 0)
(0.271763 -0.00546388 0)
(0.257549 -0.00891012 0)
(0.237622 -0.0135542 0)
(0.20847 -0.0197972 0)
(0.172951 -0.0296194 0)
(0.113267 -0.0434022 0)
(0.0696139 -0.073514 0)
(-0.068766 -0.106716 0)
(-0.015795 -0.225135 0)
(0.0555927 0.221297 0)
(0.00372224 0.0751145 0)
(0.16626 0.0453783 0)
(0.208462 0.0234797 0)
(0.25394 0.01419 0)
(0.278706 0.00820237 0)
(0.293598 0.00468359 0)
(0.303243 0.00244395 0)
(0.307874 0.00101825 0)
(0.310251 0.000179161 0)
(0.311026 -0.000251569 0)
(0.311196 -0.000383631 0)
(0.311351 -0.000306757 0)
(0.311901 -8.88855e-05 0)
(0.313139 0.00022779 0)
(0.315256 0.000603056 0)
(0.318357 0.00101636 0)
(0.322487 0.00144113 0)
(0.327655 0.00185996 0)
(0.333796 0.00225659 0)
(0.340835 0.00261344 0)
(0.348634 0.0029214 0)
(0.357038 0.00316694 0)
(0.365877 0.00334239 0)
(0.374938 0.00344245 0)
(0.384023 0.00345609 0)
(0.392889 0.00338557 0)
(0.401303 0.0032209 0)
(0.409024 0.00297008 0)
(0.415808 0.00262437 0)
(0.421427 0.00217277 0)
(0.425568 0.00159079 0)
(0.427877 0.000848314 0)
(0.427926 -8.7061e-05 0)
(0.425156 -0.00131021 0)
(0.418675 -0.00291169 0)
(0.407455 -0.00499857 0)
(0.390724 -0.00786948 0)
(0.364574 -0.0118288 0)
(0.331295 -0.0183407 0)
(0.270044 -0.0279969 0)
(0.218992 -0.0510619 0)
(0.0337868 -0.0818543 0)
(0.0693911 -0.22988 0)
(0.210863 0.203069 0)
(0.184523 0.0491914 0)
(0.366787 0.0261321 0)
(0.409279 0.0128928 0)
(0.450331 0.00749964 0)
(0.470878 0.00424504 0)
(0.482503 0.00237382 0)
(0.48934 0.00119912 0)
(0.491946 0.000463339 0)
(0.492652 2.69918e-05 0)
(0.492066 -0.000198389 0)
(0.491026 -0.000273217 0)
(0.490024 -0.000241787 0)
(0.489402 -0.000139392 0)
(0.489401 1.3672e-05 0)
(0.490178 0.000196793 0)
(0.491825 0.000400484 0)
(0.49438 0.000611446 0)
(0.497859 0.000820661 0)
(0.502214 0.00102093 0)
(0.507391 0.00120268 0)
(0.513283 0.00136216 0)
(0.51977 0.00149229 0)
(0.52672 0.00158895 0)
(0.533965 0.00165022 0)
(0.54135 0.00166931 0)
(0.54868 0.00164861 0)
(0.555771 0.00158181 0)
(0.562431 0.00147352 0)
(0.56847 0.00131895 0)
(0.573712 0.00111147 0)
(0.577903 0.000838931 0)
(0.580749 0.00048509 0)
(0.581904 3.65624e-05 0)
(0.580928 -0.000557526 0)
(0.577048 -0.00134763 0)
(0.569336 -0.00239444 0)
(0.557129 -0.0038548 0)
(0.536824 -0.00592824 0)
(0.510154 -0.00941993 0)
(0.456947 -0.0149642 0)
(0.408962 -0.0287589 0)
(0.208605 -0.0522883 0)
(0.224462 -0.207263 0)
(0.452612 0.158611 0)
(0.448493 0.0244509 0)
(0.604895 0.0109474 0)
(0.637977 0.00533801 0)
(0.667939 0.00299523 0)
(0.682354 0.00170257 0)
(0.690416 0.000960508 0)
(0.695052 0.000497439 0)
(0.696767 0.00021228 0)
(0.697148 3.80804e-05 0)
(0.696611 -5.41116e-05 0)
(0.695709 -9.04021e-05 0)
(0.694771 -8.62372e-05 0)
(0.694025 -5.57026e-05 0)
(0.693634 -5.51142e-06 0)
(0.693708 5.63531e-05 0)
(0.694312 0.000126509 0)
(0.695483 0.000200216 0)
(0.697237 0.000273379 0)
(0.699553 0.000344407 0)
(0.702407 0.000408958 0)
(0.705737 0.000466257 0)
(0.709477 0.000513565 0)
(0.71355 0.000548849 0)
(0.717854 0.000572889 0)
(0.722298 0.000581251 0)
(0.726763 0.000575891 0)
(0.731134 0.00055397 0)
(0.735295 0.000517052 0)
(0.739123 0.00046341 0)
(0.742512 0.00038933 0)
(0.745293 0.000291411 0)
(0.747268 0.000162116 0)
(0.748213 -1.7594e-06 0)
(0.747855 -0.000220027 0)
(0.745665 -0.000513294 0)
(0.740986 -0.00090925 0)
(0.733373 -0.00146392 0)
(0.720204 -0.00228302 0)
(0.702609 -0.00365366 0)
(0.665309 -0.00605727 0)
(0.630047 -0.0118519 0)
(0.462475 -0.0254967 0)
(0.462022 -0.160063 0)
(0.782004 0.0411119 0)
(0.787341 0.00444372 0)
(0.861512 0.00168339 0)
(0.875374 0.000832612 0)
(0.88774 0.000452922 0)
(0.893575 0.000262024 0)
(0.896986 0.000151179 0)
(0.899032 8.19978e-05 0)
(0.899959 4.02247e-05 0)
(0.900364 1.37648e-05 0)
(0.900396 -4.79235e-07 0)
(0.900258 -6.90928e-06 0)
(0.900068 -7.48843e-06 0)
(0.899911 -4.42332e-06 0)
(0.899844 1.54074e-06 0)
(0.899911 9.21954e-06 0)
(0.900135 1.81096e-05 0)
(0.90053 2.76209e-05 0)
(0.901106 3.6955e-05 0)
(0.901855 4.61673e-05 0)
(0.902772 5.44556e-05 0)
(0.903836 6.18376e-05 0)
(0.905028 6.79279e-05 0)
(0.906323 7.22868e-05 0)
(0.907688 7.55271e-05 0)
(0.909095 7.64202e-05 0)
(0.910504 7.54931e-05 0)
(0.91188 7.23382e-05 0)
(0.913182 6.70757e-05 0)
(0.914367 5.95393e-05 0)
(0.915398 4.8894e-05 0)
(0.916211 3.50116e-05 0)
(0.916734 1.64583e-05 0)
(0.916884 -6.90566e-06 0)
(0.916569 -3.79338e-05 0)
(0.915596 -7.97554e-05 0)
(0.913707 -0.000137214 0)
(0.910737 -0.000217339 0)
(0.905625 -0.000340681 0)
(0.898818 -0.000541311 0)
(0.883879 -0.000932801 0)
(0.869471 -0.00180589 0)
(0.791452 -0.0045816 0)
(0.785022 -0.0413123 0)
)
;

boundaryField
{
    movingWall
    {
        type            fixedValue;
        value           uniform (1 0 0);
    }
    fixedWalls
    {
        type            noSlip;
    }
    frontAndBack
    {
        type            empty;
    }
    defaultFaces
    {
        type            empty;
    }
}


// ************************************************************************* //
