/*--------------------------------*- C++ -*----------------------------------*\
  =========                 |
  \\      /  F ield         | OpenFOAM: The Open Source CFD Toolbox
   \\    /   O peration     | Website:  https://openfoam.org
    \\  /    A nd           | Version:  7
     \\/     M anipulation  |
\*---------------------------------------------------------------------------*/
FoamFile
{
    version     2.0;
    format      ascii;
    class       volVectorField;
    location    "0.12";
    object      U;
}
// * * * * * * * * * * * * * * * * * * * * * * * * * * * * * * * * * * * * * //

dimensions      [0 1 -1 0 0 0 0];

internalField   nonuniform List<vector> 
1936
(
(-4.6494 2.71399 0)
(-58.8187 160.453 0)
(-46.7149 416.58 0)
(2.2637 451.114 0)
(2.62691 368.421 0)
(4.43241 341.152 0)
(7.95276 327.23 0)
(8.06239 307.045 0)
(4.43853 292.095 0)
(-2.0837 292.203 0)
(-7.22423 311.9 0)
(-12.8267 368.513 0)
(-7.6716 446.506 0)
(23.4632 430.737 0)
(37.6719 302.454 0)
(18.9443 216.041 0)
(-0.797217 212.031 0)
(-14.0152 241.824 0)
(-33.6845 363.23 0)
(-11.9075 478.705 0)
(29.5308 389.561 0)
(13.203 245.284 0)
(-8.46084 211.9 0)
(-24.1352 232.487 0)
(-39.405 356.881 0)
(0.682881 476.734 0)
(31.3436 402.732 0)
(19.1001 265.065 0)
(0.353746 217.426 0)
(-11.9977 215.02 0)
(-33.4539 284.71 0)
(-33.9579 448.728 0)
(19.5049 456.156 0)
(29.5862 292.36 0)
(2.22376 216.381 0)
(-7.62637 217.083 0)
(-33.8261 294.499 0)
(-22.4852 447.69 0)
(23.8181 439.404 0)
(22.7864 291.505 0)
(-1.3424 224.627 0)
(-11.4478 219.724 0)
(-34.3649 286.158 0)
(-31.2076 451.519 0)
(-8.76162 6.63236 0)
(-65.7617 2.28157 0)
(-50.1213 -3.54314 0)
(1.86338 -4.6563 0)
(0.455186 -1.59986 0)
(1.96931 -0.418479 0)
(6.61199 -0.219664 0)
(7.0639 0.328101 0)
(3.75691 0.941563 0)
(-1.4822 1.2344 0)
(-5.99652 0.910103 0)
(-13.1228 -0.587725 0)
(-8.58084 -3.06615 0)
(23.6728 -3.40063 0)
(35.558 -0.207318 0)
(14.3046 3.22674 0)
(0.662313 3.82884 0)
(-10.2304 2.37839 0)
(-34.9004 -0.81923 0)
(-12.4613 -4.10725 0)
(30.0095 -2.40971 0)
(9.72027 2.34223 0)
(-8.1692 4.20374 0)
(-17.7269 2.06173 0)
(-37.5933 -2.92964 0)
(0.954775 -5.03028 0)
(33.406 -1.65058 0)
(17.383 1.89209 0)
(-2.35569 3.47736 0)
(-6.67273 3.28017 0)
(-30.6964 0.541984 0)
(-35.4175 -3.71811 0)
(20.5483 -4.56736 0)
(26.6176 0.0178149 0)
(-1.29094 3.64358 0)
(-3.26533 3.47906 0)
(-30.8726 0.0171457 0)
(-23.231 -4.05589 0)
(25.1353 -3.21487 0)
(21.2246 0.990392 0)
(-4.31472 3.48492 0)
(-6.36366 3.34142 0)
(-29.9701 0.0469601 0)
(-32.6523 -4.69276 0)
(-5.9109 14.1951 0)
(-63.1368 4.91401 0)
(-46.1258 -8.15607 0)
(5.35442 -9.6768 0)
(1.82953 -2.84537 0)
(3.08402 -0.845441 0)
(6.24003 -0.474373 0)
(6.0004 0.698608 0)
(2.17505 1.91725 0)
(-3.51599 2.46644 0)
(-8.20874 1.9451 0)
(-14.6798 -1.10102 0)
(-8.12783 -6.61989 0)
(25.4574 -7.1742 0)
(36.2263 0.0870046 0)
(12.8977 6.67229 0)
(-0.531898 7.46749 0)
(-12.7211 5.22549 0)
(-36.5327 -1.57333 0)
(-9.30558 -9.21862 0)
(34.0911 -4.88554 0)
(13.23 5.00072 0)
(-2.13953 8.04222 0)
(-12.0196 4.71317 0)
(-39.4682 -5.19077 0)
(-4.2783 -10.8315 0)
(32.8946 -3.72589 0)
(21.7631 4.19707 0)
(1.13344 6.82953 0)
(-3.73079 6.71617 0)
(-31.3258 1.83577 0)
(-34.0347 -8.04372 0)
(24.7593 -9.69288 0)
(28.2595 0.702877 0)
(-0.49674 7.23215 0)
(-2.43163 6.97168 0)
(-31.8211 0.673824 0)
(-25.2802 -8.675 0)
(26.0711 -7.079 0)
(24.9813 2.35047 0)
(0.853268 6.79916 0)
(-1.48976 6.72517 0)
(-28.7696 1.01457 0)
(-33.7127 -9.80718 0)
(0.651598 20.641 0)
(-53.4414 7.09621 0)
(-34.1648 -12.0498 0)
(3.9774 -13.7254 0)
(-2.97865 -3.89629 0)
(0.195871 -1.2299 0)
(2.93752 -0.587066 0)
(2.53666 1.10381 0)
(-0.568484 2.79041 0)
(-4.2673 3.47318 0)
(-6.13137 2.65981 0)
(-10.1059 -1.8268 0)
(-5.37939 -9.81479 0)
(20.1336 -10.193 0)
(25.927 0.651067 0)
(5.52814 9.64747 0)
(0.104306 10.5036 0)
(-7.24755 7.54728 0)
(-27.422 -2.55976 0)
(-5.02872 -13.6913 0)
(27.2644 -6.91443 0)
(7.72368 6.87408 0)
(1.93652 10.8464 0)
(0.47403 7.4462 0)
(-28.5394 -6.05525 0)
(-6.51013 -15.5128 0)
(23.343 -6.10707 0)
(16.519 5.72206 0)
(0.151874 9.59465 0)
(3.15635 9.76241 0)
(-20.982 3.038 0)
(-24.9816 -11.7493 0)
(21.5024 -13.7276 0)
(18.1057 1.48485 0)
(-3.50081 10.0822 0)
(2.52163 9.8264 0)
(-21.242 1.43225 0)
(-20.4317 -12.4117 0)
(19.9635 -10.5653 0)
(18.175 3.05161 0)
(0.77527 9.27417 0)
(5.6886 9.66587 0)
(-16.235 2.26562 0)
(-26.8896 -13.7153 0)
(9.73209 25.7702 0)
(-44.6348 8.93784 0)
(-22.093 -14.8086 0)
(2.28203 -16.4168 0)
(-6.58686 -4.97355 0)
(-2.54917 -1.77996 0)
(-0.360797 -0.649099 0)
(-0.81682 1.48645 0)
(-3.14853 3.45853 0)
(-5.04026 4.07097 0)
(-4.74485 2.81725 0)
(-6.40246 -2.77645 0)
(-3.08048 -12.1913 0)
(14.5329 -12.0319 0)
(16.5953 1.36595 0)
(-0.549448 11.7202 0)
(0.9865 12.5379 0)
(-3.05699 9.05401 0)
(-19.2499 -3.5209 0)
(-1.0182 -16.7156 0)
(20.9941 -8.20275 0)
(3.61836 7.78457 0)
(3.03099 12.2392 0)
(8.20157 9.53525 0)
(-18.3258 -5.6911 0)
(-7.74178 -18.2635 0)
(14.4756 -8.25187 0)
(11.877 6.39458 0)
(-2.02216 11.3477 0)
(7.86699 11.8107 0)
(-12.8151 3.94454 0)
(-16.5098 -14.1871 0)
(18.0928 -16.0268 0)
(9.91523 2.16834 0)
(-5.77761 11.6674 0)
(5.96529 11.5079 0)
(-12.6439 2.1177 0)
(-15.6547 -14.6447 0)
(14.3104 -13.0148 0)
(12.5887 3.13524 0)
(-0.82064 10.5759 0)
(9.43849 11.5263 0)
(-6.98757 3.41891 0)
(-20.4949 -15.8255 0)
(17.42 29.1218 0)
(-35.6401 10.4669 0)
(-11.4295 -16.1748 0)
(0.34624 -17.5771 0)
(-8.91745 -5.9722 0)
(-5.12373 -2.40512 0)
(-3.36382 -0.685976 0)
(-3.65022 1.77973 0)
(-4.94554 3.83461 0)
(-5.08746 4.19949 0)
(-3.3719 2.40657 0)
(-3.47697 -3.86313 0)
(-1.47561 -13.5822 0)
(8.89107 -12.6189 0)
(8.32768 2.14291 0)
(-5.21052 12.7045 0)
(1.88538 13.4421 0)
(0.826775 9.66865 0)
(-11.9783 -4.37626 0)
(2.09659 -18.1696 0)
(15.2008 -8.63464 0)
(-0.350893 7.95256 0)
(1.83769 12.4477 0)
(11.3379 10.5839 0)
(-9.6406 -4.46968 0)
(-7.50496 -18.9311 0)
(7.02385 -9.90072 0)
(7.05419 6.31253 0)
(-4.31869 12.043 0)
(10.0279 12.676 0)
(-6.32196 4.39703 0)
(-9.29385 -15.28 0)
(14.3619 -16.5636 0)
(3.50762 2.73072 0)
(-7.19441 12.0299 0)
(7.91164 11.9881 0)
(-5.84595 2.65454 0)
(-11.057 -15.3797 0)
(9.33104 -14.3116 0)
(7.55039 2.85707 0)
(-3.60909 10.8405 0)
(10.0726 12.1843 0)
(-0.671139 4.22153 0)
(-14.71 -16.225 0)
(21.7373 30.4393 0)
(-25.956 11.6553 0)
(-3.36921 -15.958 0)
(-1.35186 -17.2004 0)
(-10.073 -6.74474 0)
(-7.22737 -3.01288 0)
(-5.74122 -0.771357 0)
(-5.61056 1.8707 0)
(-5.6783 3.80397 0)
(-4.34394 3.82416 0)
(-1.90778 1.56097 0)
(-1.30554 -4.90709 0)
(-0.697779 -13.8616 0)
(3.52015 -12.0182 0)
(1.44933 2.80741 0)
(-7.71379 12.539 0)
(2.25112 13.1367 0)
(4.09376 9.37379 0)
(-5.80631 -4.99499 0)
(3.86268 -18.0081 0)
(9.96564 -8.10618 0)
(-3.97857 7.57003 0)
(0.165501 11.6884 0)
(11.1415 10.429 0)
(-3.22341 -2.91489 0)
(-5.87948 -17.7146 0)
(1.58363 -10.6777 0)
(2.3507 5.60077 0)
(-5.40751 11.7092 0)
(9.62404 12.3326 0)
(-1.35104 4.25229 0)
(-3.73941 -14.9828 0)
(10.3183 -15.497 0)
(-1.08509 3.06828 0)
(-7.09783 11.3333 0)
(8.05666 11.3797 0)
(-0.818 2.90469 0)
(-6.73989 -14.7139 0)
(5.14628 -14.3358 0)
(3.03527 2.40949 0)
(-5.59642 10.2602 0)
(8.43843 11.6504 0)
(3.18776 4.44479 0)
(-9.56399 -15.1428 0)
(22.4138 29.6332 0)
(-15.1651 12.4677 0)
(1.69622 -14.0795 0)
(-2.23729 -15.4701 0)
(-9.95597 -7.12558 0)
(-8.34733 -3.52256 0)
(-7.10783 -0.975693 0)
(-6.45724 1.64733 0)
(-5.40262 3.30774 0)
(-3.14405 3.01692 0)
(-0.595259 0.478552 0)
(0.0884885 -5.6864 0)
(-0.720919 -13.0222 0)
(-1.05183 -10.4285 0)
(-3.713 3.11334 0)
(-8.07879 11.2975 0)
(2.12508 11.7048 0)
(6.30515 8.29275 0)
(-1.03533 -5.21799 0)
(4.12681 -16.3447 0)
(5.42706 -6.80502 0)
(-6.36269 6.83529 0)
(-0.79448 10.1572 0)
(9.42368 9.26405 0)
(0.85007 -1.51247 0)
(-3.37026 -15.1023 0)
(-1.6378 -10.3208 0)
(-1.65344 4.44868 0)
(-5.26258 10.4729 0)
(7.8126 10.928 0)
(2.17655 3.56433 0)
(-0.00304751 -13.4194 0)
(6.2115 -13.1758 0)
(-3.94104 3.07907 0)
(-5.81465 9.81465 0)
(6.9651 9.90858 0)
(2.58633 2.78041 0)
(-2.92699 -12.8671 0)
(1.86755 -13.0721 0)
(-0.792224 1.84105 0)
(-5.98875 9.04015 0)
(6.08177 10.1257 0)
(5.16333 4.04576 0)
(-5.11448 -12.925 0)
(19.3792 26.7414 0)
(-3.97366 12.7923 0)
(4.84356 -10.6378 0)
(-1.67255 -12.7174 0)
(-8.25253 -6.97514 0)
(-7.99832 -3.84356 0)
(-7.13774 -1.30475 0)
(-6.12695 1.09315 0)
(-4.39364 2.40255 0)
(-1.88423 1.92795 0)
(0.313441 -0.637417 0)
(0.698278 -5.95259 0)
(-1.30587 -11.2322 0)
(-4.20802 -8.22135 0)
(-6.82525 2.85976 0)
(-7.15228 9.2313 0)
(1.72729 9.48376 0)
(7.08029 6.56055 0)
(2.02763 -4.88043 0)
(3.22346 -13.4865 0)
(1.81648 -5.1336 0)
(-6.90803 5.7789 0)
(-0.978841 8.14788 0)
(7.43154 7.51263 0)
(3.09983 -0.597434 0)
(-0.833719 -11.687 0)
(-2.85839 -8.82251 0)
(-4.26555 3.09447 0)
(-4.40406 8.55256 0)
(5.87922 8.81375 0)
(4.28235 2.5219 0)
(1.98881 -10.8726 0)
(2.64078 -10.0997 0)
(-5.17357 2.69091 0)
(-4.2281 7.7973 0)
(5.5001 7.92105 0)
(4.53715 2.2778 0)
(-0.0414347 -10.2044 0)
(-0.328514 -10.7278 0)
(-3.50844 1.17704 0)
(-5.26274 7.33852 0)
(4.14666 7.98936 0)
(5.74176 3.17004 0)
(-1.64938 -9.99463 0)
(13.6316 22.17 0)
(4.97456 12.3199 0)
(7.22394 -6.23221 0)
(0.434202 -9.2873 0)
(-5.06994 -6.18337 0)
(-6.1089 -3.84699 0)
(-5.83571 -1.66214 0)
(-4.83534 0.321361 0)
(-3.02524 1.28313 0)
(-0.821042 0.754915 0)
(0.768106 -1.53733 0)
(0.674128 -5.60529 0)
(-2.02286 -8.85114 0)
(-5.67454 -5.9112 0)
(-7.73528 2.10549 0)
(-5.79099 6.72023 0)
(1.18064 6.89296 0)
(6.36115 4.49152 0)
(3.35877 -4.03035 0)
(1.90646 -9.95299 0)
(-0.700127 -3.47984 0)
(-5.98591 4.4173 0)
(-0.834058 5.98829 0)
(5.50678 5.5704 0)
(4.01602 -0.195371 0)
(0.928352 -8.0901 0)
(-2.73945 -6.53898 0)
(-4.98375 1.85151 0)
(-3.3008 6.23295 0)
(4.27191 6.38968 0)
(4.93526 1.44133 0)
(2.56718 -7.79549 0)
(0.303064 -6.87524 0)
(-4.90395 1.98424 0)
(-2.88126 5.63234 0)
(4.1113 5.752 0)
(5.04742 1.54284 0)
(1.53436 -7.19797 0)
(-1.32351 -7.75316 0)
(-4.54391 0.554355 0)
(-4.09895 5.31314 0)
(2.77637 5.66378 0)
(5.19599 2.08555 0)
(0.430575 -6.85319 0)
(7.72726 16.8124 0)
(8.86805 10.8324 0)
(8.55594 -2.01459 0)
(3.16394 -5.63853 0)
(-1.34538 -4.74638 0)
(-3.2389 -3.4138 0)
(-3.64309 -1.85303 0)
(-3.01285 -0.442519 0)
(-1.60459 0.198333 0)
(-0.00529648 -0.279479 0)
(0.932853 -2.05542 0)
(0.379062 -4.73656 0)
(-2.34252 -6.34698 0)
(-5.54307 -3.94876 0)
(-6.80745 1.14837 0)
(-4.39046 4.1711 0)
(0.572552 4.31454 0)
(4.58225 2.54473 0)
(3.19201 -2.91427 0)
(0.730082 -6.4162 0)
(-2.00059 -2.1039 0)
(-4.4142 2.96894 0)
(-0.678061 3.96381 0)
(3.67038 3.65589 0)
(3.73315 -0.0557576 0)
(1.48505 -4.88399 0)
(-2.07941 -4.10527 0)
(-4.10559 0.945819 0)
(-2.20785 3.93089 0)
(2.86035 4.02085 0)
(4.25134 0.641995 0)
(2.21664 -4.80044 0)
(-0.714453 -4.06085 0)
(-3.67437 1.22968 0)
(-1.7901 3.62141 0)
(2.82957 3.67794 0)
(4.30669 0.866294 0)
(1.90356 -4.38426 0)
(-1.40947 -4.80707 0)
(-3.96476 0.118373 0)
(-2.8341 3.29988 0)
(1.6995 3.50683 0)
(3.85153 1.11594 0)
(1.14518 -4.04719 0)
(3.92406 11.7345 0)
(7.91104 8.66052 0)
(7.91036 0.944704 0)
(4.69857 -2.42405 0)
(1.51632 -2.94772 0)
(-0.43602 -2.58227 0)
(-1.26881 -1.77507 0)
(-1.13231 -0.966189 0)
(-0.303441 -0.625063 0)
(0.626544 -1.01023 0)
(0.980939 -2.15952 0)
(0.170541 -3.60501 0)
(-2.04463 -4.15254 0)
(-4.3205 -2.54629 0)
(-4.96527 0.278941 0)
(-3.11859 2.0189 0)
(0.00634333 2.14761 0)
(2.55114 1.03953 0)
(2.10463 -1.85874 0)
(-0.0303057 -3.52147 0)
(-2.1308 -1.11372 0)
(-2.87023 1.70271 0)
(-0.576362 2.31887 0)
(2.05549 2.03866 0)
(2.60713 -0.0143383 0)
(1.14854 -2.46481 0)
(-1.37074 -2.11497 0)
(-2.63717 0.417861 0)
(-1.30298 2.08045 0)
(1.63645 2.10707 0)
(2.83471 0.192125 0)
(1.48827 -2.45309 0)
(-0.792459 -1.998 0)
(-2.23247 0.672083 0)
(-0.955934 2.02487 0)
(1.71613 2.01252 0)
(2.88971 0.411346 0)
(1.47881 -2.20751 0)
(-1.04877 -2.46951 0)
(-2.62112 -0.066266 0)
(-1.7093 1.69183 0)
(0.851096 1.81245 0)
(2.2986 0.458163 0)
(0.996253 -1.99206 0)
(2.04587 7.84325 0)
(4.92567 6.44285 0)
(5.68609 2.3329 0)
(4.40656 -0.23678 0)
(2.64453 -1.31034 0)
(1.26783 -1.61727 0)
(0.500684 -1.48384 0)
(0.362889 -1.20185 0)
(0.65695 -1.10809 0)
(0.997658 -1.37041 0)
(0.943179 -1.94357 0)
(0.148918 -2.51219 0)
(-1.34667 -2.53365 0)
(-2.73657 -1.64345 0)
(-3.09235 -0.31228 0)
(-2.06038 0.547203 0)
(-0.367942 0.632492 0)
(0.977849 0.0901889 0)
(0.880604 -1.09387 0)
(-0.400534 -1.63331 0)
(-1.61559 -0.518595 0)
(-1.73619 0.802883 0)
(-0.523277 1.14591 0)
(0.86832 0.934003 0)
(1.3288 0.0103901 0)
(0.56432 -0.966811 0)
(-0.793796 -0.840139 0)
(-1.4129 0.173861 0)
(-0.697407 0.881915 0)
(0.746242 0.853814 0)
(1.43999 0.000420787 0)
(0.752083 -0.992782 0)
(-0.523003 -0.751033 0)
(-1.13657 0.357567 0)
(-0.444085 0.969033 0)
(0.882842 0.928901 0)
(1.54211 0.195748 0)
(0.832858 -0.839242 0)
(-0.602776 -0.984818 0)
(-1.38382 -0.0642308 0)
(-0.88716 0.67676 0)
(0.323683 0.720046 0)
(1.07712 0.107003 0)
(0.570221 -0.791396 0)
(1.10246 5.37074 0)
(2.53118 4.67418 0)
(3.31419 2.57165 0)
(3.07262 0.846929 0)
(2.36999 -0.214886 0)
(1.68907 -0.830066 0)
(1.22907 -1.10848 0)
(1.04801 -1.20013 0)
(1.04465 -1.26837 0)
(1.02186 -1.39494 0)
(0.776495 -1.56961 0)
(0.192897 -1.65954 0)
(-0.646588 -1.51173 0)
(-1.38613 -1.10362 0)
(-1.61722 -0.606837 0)
(-1.20768 -0.281736 0)
(-0.468355 -0.230976 0)
(0.11368 -0.381744 0)
(0.0824753 -0.660463 0)
(-0.500008 -0.67962 0)
(-1.02856 -0.217822 0)
(-1.01533 0.287825 0)
(-0.467165 0.431929 0)
(0.173773 0.32239 0)
(0.429266 0.01911 0)
(0.125413 -0.250329 0)
(-0.432063 -0.216143 0)
(-0.677132 0.0673651 0)
(-0.375043 0.256391 0)
(0.209045 0.210846 0)
(0.502654 -0.0537767 0)
(0.226848 -0.285315 0)
(-0.30009 -0.15663 0)
(-0.518764 0.199328 0)
(-0.205308 0.396069 0)
(0.360388 0.366937 0)
(0.652126 0.135022 0)
(0.35067 -0.160599 0)
(-0.271409 -0.235366 0)
(-0.588063 -0.0140004 0)
(-0.387101 0.175577 0)
(0.0800572 0.161808 0)
(0.378707 -0.0414714 0)
(0.231737 -0.255043 0)
(0.618147 3.84892 0)
(1.38628 3.51235 0)
(1.87208 2.32509 0)
(1.94766 1.21413 0)
(1.74112 0.324998 0)
(1.44486 -0.334753 0)
(1.19861 -0.775055 0)
(1.03142 -1.02804 0)
(0.903995 -1.15724 0)
(0.747528 -1.20764 0)
(0.50678 -1.19157 0)
(0.172368 -1.10522 0)
(-0.211148 -0.96142 0)
(-0.539854 -0.808588 0)
(-0.682854 -0.693095 0)
(-0.587553 -0.638423 0)
(-0.364471 -0.596743 0)
(-0.202497 -0.540674 0)
(-0.23534 -0.456717 0)
(-0.430128 -0.308985 0)
(-0.597493 -0.101553 0)
(-0.576155 0.045043 0)
(-0.364254 0.076904 0)
(-0.115048 0.046819 0)
(0.000584891 0.0104229 0)
(-0.0733335 -0.001477 0)
(-0.232313 0.0103516 0)
(-0.306309 0.0240133 0)
(-0.215269 0.00471023 0)
(-0.0398442 -0.0320187 0)
(0.047531 -0.0571692 0)
(-0.0330011 -0.0350527 0)
(-0.184924 0.0405379 0)
(-0.235256 0.118325 0)
(-0.112339 0.145216 0)
(0.0923589 0.137494 0)
(0.20153 0.121788 0)
(0.113721 0.0950235 0)
(-0.0796763 0.0591479 0)
(-0.179332 0.027576 0)
(-0.120919 -0.00791374 0)
(0.00943861 -0.0510783 0)
(0.090156 -0.0914396 0)
(0.0651465 -0.0906147 0)
(0.38147 2.81607 0)
(0.939184 2.7132 0)
(1.28178 1.99783 0)
(1.39454 1.24924 0)
(1.34303 0.549312 0)
(1.18511 -0.0421859 0)
(0.988227 -0.485111 0)
(0.802997 -0.772491 0)
(0.627247 -0.917196 0)
(0.454663 -0.947195 0)
(0.278922 -0.894159 0)
(0.111522 -0.797339 0)
(-0.0336512 -0.706519 0)
(-0.152472 -0.663479 0)
(-0.227508 -0.670873 0)
(-0.247217 -0.688472 0)
(-0.235355 -0.655179 0)
(-0.234578 -0.542222 0)
(-0.264988 -0.376945 0)
(-0.30906 -0.214803 0)
(-0.332597 -0.104783 0)
(-0.309182 -0.062296 0)
(-0.237378 -0.0615458 0)
(-0.155074 -0.0529204 0)
(-0.106101 -0.00852107 0)
(-0.102131 0.0443847 0)
(-0.122547 0.0535798 0)
(-0.135633 0.00755752 0)
(-0.121949 -0.0542945 0)
(-0.0933439 -0.081487 0)
(-0.0803899 -0.0494844 0)
(-0.094177 0.0131279 0)
(-0.114902 0.0598736 0)
(-0.110229 0.0663764 0)
(-0.0667236 0.0527713 0)
(-0.00258892 0.060243 0)
(0.0425344 0.103479 0)
(0.0401927 0.144577 0)
(0.010478 0.123183 0)
(-0.00472937 0.0448047 0)
(0.00420919 -0.0411656 0)
(0.0190617 -0.0946339 0)
(0.0225405 -0.0985931 0)
(0.0134393 -0.0665235 0)
(0.246083 2.04116 0)
(0.675785 2.07079 0)
(0.977985 1.64718 0)
(1.12119 1.15149 0)
(1.12803 0.642679 0)
(1.04143 0.168265 0)
(0.888275 -0.213152 0)
(0.701612 -0.481452 0)
(0.516422 -0.633181 0)
(0.350146 -0.685453 0)
(0.21314 -0.670524 0)
(0.111592 -0.624039 0)
(0.0418459 -0.587008 0)
(-0.0114036 -0.583484 0)
(-0.0610285 -0.607312 0)
(-0.108855 -0.62304 0)
(-0.151992 -0.589026 0)
(-0.186397 -0.491169 0)
(-0.205029 -0.355362 0)
(-0.20353 -0.229256 0)
(-0.187109 -0.150623 0)
(-0.164366 -0.120266 0)
(-0.138693 -0.110296 0)
(-0.112321 -0.0864089 0)
(-0.0874165 -0.0375453 0)
(-0.0673564 0.0111354 0)
(-0.0539764 0.0243338 0)
(-0.0483205 -0.00424945 0)
(-0.0511942 -0.0457825 0)
(-0.0579115 -0.0620682 0)
(-0.0622312 -0.0379482 0)
(-0.0600665 0.00518774 0)
(-0.0517618 0.0326235 0)
(-0.0399363 0.0321002 0)
(-0.0252312 0.0228236 0)
(-0.00482691 0.0357778 0)
(0.0193354 0.0754345 0)
(0.0373415 0.10959 0)
(0.0489155 0.100142 0)
(0.0563869 0.044165 0)
(0.0544035 -0.0239628 0)
(0.0401008 -0.0684164 0)
(0.0219219 -0.077684 0)
(0.00522828 -0.0596876 0)
(0.158319 1.44501 0)
(0.461155 1.52434 0)
(0.711097 1.286 0)
(0.869029 0.979879 0)
(0.928871 0.641904 0)
(0.905131 0.309153 0)
(0.817924 0.0139019 0)
(0.688959 -0.212152 0)
(0.544042 -0.362986 0)
(0.405732 -0.445465 0)
(0.288842 -0.478922 0)
(0.198919 -0.487035 0)
(0.131541 -0.491656 0)
(0.0763788 -0.504518 0)
(0.0229147 -0.521631 0)
(-0.0315358 -0.525269 0)
(-0.0810467 -0.496455 0)
(-0.117171 -0.430316 0)
(-0.133165 -0.341881 0)
(-0.129398 -0.256952 0)
(-0.114072 -0.195578 0)
(-0.0968947 -0.159482 0)
(-0.0822483 -0.134637 0)
(-0.0687279 -0.104841 0)
(-0.0531427 -0.0658407 0)
(-0.034576 -0.0301676 0)
(-0.0169538 -0.0126935 0)
(-0.00650241 -0.0181858 0)
(-0.00595178 -0.033481 0)
(-0.0110791 -0.0396231 0)
(-0.0145773 -0.0280152 0)
(-0.0126695 -0.00708821 0)
(-0.00637543 0.00822901 0)
(0.00087616 0.0123624 0)
(0.00714023 0.0139695 0)
(0.0150009 0.0260036 0)
(0.0278847 0.0493454 0)
(0.0441353 0.0683939 0)
(0.0585872 0.0659337 0)
(0.0660428 0.0375436 0)
(0.0626067 -0.000830804 0)
(0.0471631 -0.0301732 0)
(0.027475 -0.0425132 0)
(0.0066295 -0.038588 0)
(0.101444 0.994582 0)
(0.299012 1.07734 0)
(0.481672 0.948815 0)
(0.617123 0.772728 0)
(0.696923 0.566877 0)
(0.720375 0.352478 0)
(0.695731 0.150676 0)
(0.634159 -0.0204952 0)
(0.550985 -0.151479 0)
(0.461374 -0.244547 0)
(0.3752 -0.306695 0)
(0.298161 -0.348315 0)
(0.230604 -0.378622 0)
(0.169465 -0.402319 0)
(0.111588 -0.418181 0)
(0.0565675 -0.420425 0)
(0.00786522 -0.403092 0)
(-0.0294702 -0.365707 0)
(-0.0521132 -0.315099 0)
(-0.0606909 -0.262318 0)
(-0.0596918 -0.21651 0)
(-0.0544964 -0.180249 0)
(-0.0481891 -0.149848 0)
(-0.0407762 -0.120019 0)
(-0.0310202 -0.0892413 0)
(-0.019072 -0.0613591 0)
(-0.00694434 -0.0423989 0)
(0.0023939 -0.0342965 0)
(0.00685119 -0.0328758 0)
(0.00744283 -0.0310178 0)
(0.00719431 -0.0244145 0)
(0.0084631 -0.0142962 0)
(0.0112682 -0.0048291 0)
(0.014199 0.00182049 0)
(0.0168567 0.00794194 0)
(0.0206163 0.017426 0)
(0.0271905 0.030365 0)
(0.0363283 0.0410084 0)
(0.044963 0.0421622 0)
(0.0491353 0.0318026 0)
(0.046343 0.0151537 0)
(0.036055 -9.50391e-05 0)
(0.0220413 -0.00948039 0)
(0.00610384 -0.0117904 0)
(0.0643663 0.664173 0)
(0.187527 0.732618 0)
(0.310093 0.665332 0)
(0.408486 0.569463 0)
(0.479249 0.452657 0)
(0.518503 0.325213 0)
(0.527946 0.19817 0)
(0.513073 0.0805336 0)
(0.479432 -0.019882 0)
(0.433888 -0.102044 0)
(0.383425 -0.167548 0)
(0.331399 -0.218996 0)
(0.279656 -0.258936 0)
(0.228819 -0.288671 0)
(0.179276 -0.30798 0)
(0.13219 -0.315692 0)
(0.0894675 -0.310874 0)
(0.0534093 -0.294303 0)
(0.0258278 -0.268944 0)
(0.00690089 -0.239089 0)
(-0.00494636 -0.208668 0)
(-0.0119164 -0.179835 0)
(-0.0155323 -0.152787 0)
(-0.0163756 -0.126864 0)
(-0.0145533 -0.102041 0)
(-0.0105168 -0.0795754 0)
(-0.00542252 -0.0612001 0)
(-0.000809652 -0.0478738 0)
(0.00234831 -0.0387413 0)
(0.00406538 -0.0316337 0)
(0.00502472 -0.0246963 0)
(0.00591745 -0.0173664 0)
(0.00685061 -0.0100842 0)
(0.00777129 -0.0032519 0)
(0.00884279 0.00356477 0)
(0.0105549 0.0111121 0)
(0.0134903 0.0192154 0)
(0.0174947 0.0261033 0)
(0.0213922 0.0294237 0)
(0.023556 0.0281882 0)
(0.0226996 0.0236505 0)
(0.0182794 0.0182269 0)
(0.0113338 0.013944 0)
(0.00363549 0.0101094 0)
(0.0396618 0.429245 0)
(0.114046 0.479668 0)
(0.191814 0.445382 0)
(0.257145 0.395193 0)
(0.309541 0.332082 0)
(0.346046 0.260502 0)
(0.366421 0.185493 0)
(0.371733 0.111832 0)
(0.364551 0.0422205 0)
(0.347471 -0.0196512 0)
(0.323352 -0.0736829 0)
(0.294755 -0.119567 0)
(0.263051 -0.157274 0)
(0.229403 -0.186709 0)
(0.194951 -0.207659 0)
(0.160934 -0.219992 0)
(0.128711 -0.223935 0)
(0.0994761 -0.220186 0)
(0.0741413 -0.210105 0)
(0.0531814 -0.195417 0)
(0.0364352 -0.177841 0)
(0.0233841 -0.158807 0)
(0.0135172 -0.139225 0)
(0.00646575 -0.119694 0)
(0.00190705 -0.100751 0)
(-0.00058359 -0.0830465 0)
(-0.00158696 -0.0672566 0)
(-0.00177801 -0.0538298 0)
(-0.00172239 -0.0427211 0)
(-0.00173845 -0.0334956 0)
(-0.00186634 -0.0255152 0)
(-0.00197137 -0.0182702 0)
(-0.00205002 -0.0115081 0)
(-0.0021291 -0.0050412 0)
(-0.00203288 0.0012561 0)
(-0.00152704 0.00749154 0)
(-0.000422721 0.0135434 0)
(0.00121743 0.0189265 0)
(0.00301182 0.022984 0)
(0.00447691 0.0253131 0)
(0.00512117 0.026052 0)
(0.0046926 0.0257537 0)
(0.00298705 0.0251055 0)
(0.00135809 0.0213872 0)
(0.023573 0.266822 0)
(0.0677368 0.300796 0)
(0.115215 0.28363 0)
(0.156594 0.257997 0)
(0.19218 0.224934 0)
(0.220033 0.186225 0)
(0.23974 0.143951 0)
(0.251312 0.100261 0)
(0.255308 0.0570455 0)
(0.252306 0.0155281 0)
(0.243489 -0.0225636 0)
(0.230276 -0.0566178 0)
(0.213507 -0.085998 0)
(0.19407 -0.110198 0)
(0.172907 -0.128884 0)
(0.150939 -0.141938 0)
(0.129057 -0.149499 0)
(0.108052 -0.151969 0)
(0.0885594 -0.149944 0)
(0.0709899 -0.144183 0)
(0.055467 -0.135507 0)
(0.0420766 -0.12472 0)
(0.0308719 -0.112547 0)
(0.021719 -0.0996217 0)
(0.0144349 -0.086497 0)
(0.00879603 -0.0736629 0)
(0.00453362 -0.0615271 0)
(0.00138901 -0.0503947 0)
(-0.000937048 -0.040422 0)
(-0.00273085 -0.0316039 0)
(-0.004162 -0.023803 0)
(-0.00532318 -0.0168201 0)
(-0.00614054 -0.0104805 0)
(-0.00669753 -0.00462631 0)
(-0.00708641 0.000875065 0)
(-0.00715657 0.00607307 0)
(-0.00683357 0.0109402 0)
(-0.00613155 0.0153601 0)
(-0.00513481 0.0191648 0)
(-0.00398077 0.0222079 0)
(-0.00281602 0.0244378 0)
(-0.00165733 0.0259148 0)
(-0.000925956 0.0267719 0)
(2.30951e-05 0.0235488 0)
(0.0145325 0.159725 0)
(0.0425078 0.180828 0)
(0.0726588 0.172079 0)
(0.0997631 0.158883 0)
(0.124134 0.14159 0)
(0.144527 0.120895 0)
(0.160585 0.0976494 0)
(0.172039 0.0728049 0)
(0.17893 0.0473037 0)
(0.181708 0.0219856 0)
(0.180398 -0.00218532 0)
(0.175221 -0.0245884 0)
(0.167036 -0.044642 0)
(0.156426 -0.06187 0)
(0.143953 -0.0759348 0)
(0.130224 -0.0866548 0)
(0.115825 -0.0940096 0)
(0.101293 -0.0981279 0)
(0.0870856 -0.0992608 0)
(0.073566 -0.0977511 0)
(0.0609984 -0.0940168 0)
(0.0495702 -0.0884621 0)
(0.0393891 -0.081542 0)
(0.0304977 -0.0736831 0)
(0.0228612 -0.0652785 0)
(0.0164153 -0.056675 0)
(0.0110859 -0.0481627 0)
(0.00673864 -0.0399846 0)
(0.00321349 -0.0323021 0)
(0.000360466 -0.0252087 0)
(-0.00190644 -0.0187298 0)
(-0.00370256 -0.0128336 0)
(-0.00517023 -0.00743827 0)
(-0.00625507 -0.0025182 0)
(-0.00692429 0.00200346 0)
(-0.00725607 0.00617489 0)
(-0.00725877 0.0100064 0)
(-0.00693711 0.0134782 0)
(-0.00631538 0.0165475 0)
(-0.00543618 0.0191623 0)
(-0.00434537 0.0212783 0)
(-0.00300447 0.0228713 0)
(-0.00171614 0.0239271 0)
(-0.000443147 0.0211871 0)
(0.0100293 0.0935624 0)
(0.0301965 0.10596 0)
(0.0516102 0.101204 0)
(0.0713047 0.0940391 0)
(0.0895079 0.0846038 0)
(0.10535 0.0731928 0)
(0.118574 0.0601835 0)
(0.128926 0.0460313 0)
(0.136292 0.0312363 0)
(0.140704 0.0163037 0)
(0.142258 0.00155416 0)
(0.141099 -0.0123987 0)
(0.137499 -0.0251583 0)
(0.13181 -0.0363943 0)
(0.124404 -0.0458499 0)
(0.115669 -0.0533589 0)
(0.105998 -0.0588488 0)
(0.0957664 -0.0623362 0)
(0.0853154 -0.0639161 0)
(0.0749419 -0.0637466 0)
(0.0648932 -0.0620335 0)
(0.055368 -0.0590131 0)
(0.0465156 -0.0549421 0)
(0.038433 -0.0500823 0)
(0.0311633 -0.0446868 0)
(0.0247296 -0.0389812 0)
(0.0191035 -0.033172 0)
(0.0142418 -0.0274286 0)
(0.0101062 -0.0218875 0)
(0.00662218 -0.0166424 0)
(0.00371604 -0.0117504 0)
(0.00130471 -0.00723727 0)
(-0.000642075 -0.00310039 0)
(-0.00216381 0.000717048 0)
(-0.0032996 0.00419756 0)
(-0.00405961 0.00736595 0)
(-0.00447941 0.010237 0)
(-0.0045816 0.0128121 0)
(-0.00439328 0.0150816 0)
(-0.00394619 0.0170266 0)
(-0.00326721 0.0186247 0)
(-0.00232145 0.0198546 0)
(-0.00128586 0.0206868 0)
(-0.000457052 0.018292 0)
(0.00766231 0.0515964 0)
(0.0237803 0.0582936 0)
(0.0405063 0.0556038 0)
(0.0561446 0.0516078 0)
(0.0708328 0.0463622 0)
(0.0838975 0.0399906 0)
(0.0951613 0.0326682 0)
(0.104428 0.0246233 0)
(0.111547 0.0161219 0)
(0.116465 0.00744202 0)
(0.119242 -0.00118561 0)
(0.119956 -0.00944535 0)
(0.118732 -0.0170811 0)
(0.115766 -0.0238724 0)
(0.111284 -0.0296431 0)
(0.10554 -0.0342684 0)
(0.0988025 -0.0376789 0)
(0.0913422 -0.0398594 0)
(0.0834164 -0.0408444 0)
(0.0752618 -0.040711 0)
(0.067089 -0.0395695 0)
(0.0590805 -0.0375558 0)
(0.0513876 -0.0348227 0)
(0.0441256 -0.0315307 0)
(0.037373 -0.0278389 0)
(0.0311812 -0.0238984 0)
(0.0255828 -0.0198525 0)
(0.0205821 -0.0158116 0)
(0.0161788 -0.0118728 0)
(0.0123472 -0.00811497 0)
(0.00903701 -0.00456662 0)
(0.00622604 -0.00127527 0)
(0.00390017 0.0017505 0)
(0.00197333 0.00449769 0)
(0.00042782 0.00699583 0)
(-0.000728454 0.00924971 0)
(-0.00155691 0.0112696 0)
(-0.00206546 0.0130614 0)
(-0.00227792 0.014625 0)
(-0.00223544 0.0159557 0)
(-0.00196351 0.0170445 0)
(-0.00144352 0.0178816 0)
(-0.000755435 0.0184483 0)
(-0.000370466 0.0162555 0)
(0.00602091 0.0229396 0)
(0.0192279 0.0257389 0)
(0.032509 0.024285 0)
(0.0451002 0.0222154 0)
(0.0570537 0.0195407 0)
(0.067762 0.0162612 0)
(0.0771004 0.0124576 0)
(0.0849955 0.00823098 0)
(0.0913618 0.00374704 0)
(0.0959735 -0.000859268 0)
(0.0988841 -0.00538317 0)
(0.100232 -0.00971198 0)
(0.100004 -0.0137031 0)
(0.0983085 -0.0172223 0)
(0.095298 -0.0201598 0)
(0.0911493 -0.0224355 0)
(0.0860577 -0.0240019 0)
(0.0802261 -0.0248441 0)
(0.0738568 -0.0249772 0)
(0.0671467 -0.0244444 0)
(0.0602783 -0.0233074 0)
(0.0534117 -0.0216437 0)
(0.0466863 -0.0195455 0)
(0.0402202 -0.0171115 0)
(0.0341009 -0.0144428 0)
(0.0283985 -0.0116305 0)
(0.0231814 -0.00876351 0)
(0.0184627 -0.00591841 0)
(0.0142246 -0.00315645 0)
(0.0105428 -0.000530438 0)
(0.00739743 0.00189752 0)
(0.0046526 0.00413527 0)
(0.00232356 0.0061729 0)
(0.000454817 0.00799444 0)
(-0.00099179 0.0096226 0)
(-0.00205682 0.0110659 0)
(-0.00275923 0.0123424 0)
(-0.00312303 0.0134516 0)
(-0.00318649 0.0144009 0)
(-0.00298302 0.0151968 0)
(-0.00254179 0.01584 0)
(-0.00185493 0.0163267 0)
(-0.000959882 0.0166508 0)
(-0.000452261 0.014619 0)
(0.00445344 0.00356091 0)
(0.014558 0.00376658 0)
(0.0242326 0.00306384 0)
(0.0334686 0.00217922 0)
(0.0423034 0.00108317 0)
(0.0502118 -0.000198122 0)
(0.0571479 -0.00165772 0)
(0.0629169 -0.00324583 0)
(0.0674393 -0.00496324 0)
(0.0707679 -0.00672931 0)
(0.0727899 -0.00842403 0)
(0.073376 -0.0100146 0)
(0.0726363 -0.0114237 0)
(0.0706991 -0.0125849 0)
(0.0676906 -0.0134427 0)
(0.0637565 -0.0139559 0)
(0.0590568 -0.014099 0)
(0.0537536 -0.0138635 0)
(0.0480097 -0.013261 0)
(0.0420044 -0.0123445 0)
(0.035912 -0.0111316 0)
(0.0298699 -0.00965204 0)
(0.0239973 -0.00796665 0)
(0.0184182 -0.00613679 0)
(0.0132116 -0.00422017 0)
(0.0084215 -0.00227675 0)
(0.00410569 -0.000355934 0)
(0.000326937 0.00150402 0)
(-0.00293568 0.00326478 0)
(-0.00575155 0.00490098 0)
(-0.00806868 0.00636976 0)
(-0.00983924 0.00768101 0)
(-0.0110919 0.00883145 0)
(-0.0118527 0.00984422 0)
(-0.0121692 0.0107134 0)
(-0.0120666 0.0114547 0)
(-0.0115793 0.0120825 0)
(-0.0107574 0.0126099 0)
(-0.00962447 0.0130491 0)
(-0.00822069 0.0134095 0)
(-0.00658112 0.0136938 0)
(-0.0046888 0.0138985 0)
(-0.00257187 0.0140209 0)
(-0.000943474 0.0122679 0)
(0.00261242 -0.0078825 0)
(0.00890289 -0.00908973 0)
(0.0142358 -0.00927313 0)
(0.019356 -0.00932159 0)
(0.0243804 -0.00930358 0)
(0.0287273 -0.00922664 0)
(0.0323077 -0.00911128 0)
(0.0349188 -0.00895245 0)
(0.0364419 -0.00878919 0)
(0.0369128 -0.00859911 0)
(0.0363204 -0.00841369 0)
(0.0346799 -0.00817564 0)
(0.0320612 -0.00786101 0)
(0.0285511 -0.00745711 0)
(0.0242635 -0.00695355 0)
(0.019353 -0.00634021 0)
(0.013989 -0.00561162 0)
(0.00830621 -0.00476852 0)
(0.00241087 -0.00383962 0)
(-0.00351779 -0.00278648 0)
(-0.00927315 -0.00164461 0)
(-0.0147412 -0.000473462 0)
(-0.0198445 0.000703986 0)
(-0.0245108 0.00186346 0)
(-0.0286419 0.00298149 0)
(-0.0321534 0.0040294 0)
(-0.0350261 0.00498648 0)
(-0.0372432 0.00583804 0)
(-0.0387788 0.00657357 0)
(-0.0396366 0.0071911 0)
(-0.0398321 0.00771433 0)
(-0.0393861 0.00812155 0)
(-0.0383437 0.00842583 0)
(-0.0367567 0.00864522 0)
(-0.0346765 0.00879248 0)
(-0.0321461 0.00888322 0)
(-0.0292119 0.00892555 0)
(-0.0259343 0.00894372 0)
(-0.0223698 0.00894633 0)
(-0.018564 0.00893575 0)
(-0.0145438 0.00891194 0)
(-0.0102798 0.00887119 0)
(-0.00580417 0.00881693 0)
(-0.00194166 0.00768501 0)
(0.000424286 -0.0121478 0)
(0.00209313 -0.0137476 0)
(0.00226096 -0.0135722 0)
(0.00253555 -0.0130074 0)
(0.00278855 -0.0121626 0)
(0.0024292 -0.0111433 0)
(0.00145028 -0.00998147 0)
(-0.000306425 -0.00873163 0)
(-0.00291197 -0.00738744 0)
(-0.00630522 -0.00600421 0)
(-0.0104286 -0.00462573 0)
(-0.0151905 -0.00326835 0)
(-0.0205134 -0.00194595 0)
(-0.0263226 -0.000672866 0)
(-0.0325343 0.000537311 0)
(-0.0389998 0.00167353 0)
(-0.0455563 0.00272484 0)
(-0.0521014 0.0036806 0)
(-0.0584468 0.00456313 0)
(-0.0644466 0.00538263 0)
(-0.0700748 0.00609269 0)
(-0.075201 0.00666451 0)
(-0.079668 0.00709571 0)
(-0.0833971 0.00738361 0)
(-0.08632 0.00752605 0)
(-0.0883747 0.00752773 0)
(-0.0895292 0.00739154 0)
(-0.0897651 0.0071228 0)
(-0.0890709 0.0067329 0)
(-0.0874525 0.00624415 0)
(-0.0849312 0.00568011 0)
(-0.0815426 0.00506283 0)
(-0.0773694 0.00442111 0)
(-0.0725113 0.00378163 0)
(-0.0670481 0.00316678 0)
(-0.0610568 0.00259458 0)
(-0.0546048 0.00207869 0)
(-0.0477838 0.00162994 0)
(-0.0406963 0.0012472 0)
(-0.0334116 0.000921771 0)
(-0.0259645 0.00064321 0)
(-0.0182996 0.000397441 0)
(-0.0104287 0.000188504 0)
(-0.00336163 6.96226e-05 0)
(-0.00200821 -0.0102733 0)
(-0.00559076 -0.01154 0)
(-0.011258 -0.0111998 0)
(-0.016503 -0.0102724 0)
(-0.0217328 -0.00892851 0)
(-0.0274874 -0.00728149 0)
(-0.0336966 -0.00542586 0)
(-0.0403931 -0.00345564 0)
(-0.0475523 -0.00143738 0)
(-0.0550678 0.00056487 0)
(-0.0628119 0.00249893 0)
(-0.0706989 0.0043246 0)
(-0.0786689 0.00601266 0)
(-0.0866268 0.00753954 0)
(-0.0944575 0.00888408 0)
(-0.102106 0.0100283 0)
(-0.109514 0.0109581 0)
(-0.116536 0.0116654 0)
(-0.123059 0.0121716 0)
(-0.129031 0.0124193 0)
(-0.134369 0.0124091 0)
(-0.138965 0.0121679 0)
(-0.142725 0.0116916 0)
(-0.145568 0.0109819 0)
(-0.147427 0.0100478 0)
(-0.148246 0.00890532 0)
(-0.147974 0.0075735 0)
(-0.146578 0.00607629 0)
(-0.144031 0.00444387 0)
(-0.140323 0.00271393 0)
(-0.135461 0.000930014 0)
(-0.129452 -0.000863851 0)
(-0.122365 -0.00262408 0)
(-0.114283 -0.00429752 0)
(-0.105271 -0.00583939 0)
(-0.0954581 -0.00721222 0)
(-0.0850141 -0.00838693 0)
(-0.074085 -0.00934892 0)
(-0.0627979 -0.0101028 0)
(-0.0512976 -0.0106748 0)
(-0.039693 -0.0111064 0)
(-0.0279406 -0.0114539 0)
(-0.0160332 -0.0117517 0)
(-0.00511 -0.0105581 0)
(-0.00461175 -0.00318735 0)
(-0.0138901 -0.00357134 0)
(-0.02579 -0.00315903 0)
(-0.0369921 -0.00199146 0)
(-0.0481316 -0.000340948 0)
(-0.0595597 0.00160017 0)
(-0.0709995 0.00367794 0)
(-0.0823451 0.00577344 0)
(-0.0934267 0.00781243 0)
(-0.104109 0.00974597 0)
(-0.114373 0.0115456 0)
(-0.124191 0.0131894 0)
(-0.133503 0.0146537 0)
(-0.142265 0.0159135 0)
(-0.150461 0.0169408 0)
(-0.158104 0.0177137 0)
(-0.165195 0.018217 0)
(-0.17169 0.0184409 0)
(-0.177554 0.0183499 0)
(-0.18276 0.0179397 0)
(-0.187269 0.0172168 0)
(-0.191027 0.0161822 0)
(-0.193964 0.0148366 0)
(-0.196017 0.013187 0)
(-0.197123 0.0112446 0)
(-0.197219 0.00903114 0)
(-0.196244 0.00657073 0)
(-0.194139 0.00389537 0)
(-0.190842 0.00104183 0)
(-0.186294 -0.0019434 0)
(-0.180449 -0.00500647 0)
(-0.173299 -0.00808998 0)
(-0.164777 -0.0111315 0)
(-0.154838 -0.0140594 0)
(-0.143531 -0.0167975 0)
(-0.130931 -0.0192699 0)
(-0.11717 -0.0214027 0)
(-0.102421 -0.02314 0)
(-0.0869072 -0.0244543 0)
(-0.0709071 -0.0253642 0)
(-0.054712 -0.0259318 0)
(-0.0384067 -0.02629 0)
(-0.0220518 -0.0265646 0)
(-0.00697633 -0.0238349 0)
(-0.00741598 0.00831721 0)
(-0.0228864 0.00924929 0)
(-0.0414578 0.00966349 0)
(-0.0589459 0.0108087 0)
(-0.0758764 0.0123244 0)
(-0.0924159 0.0139115 0)
(-0.108048 0.0154527 0)
(-0.122516 0.0168787 0)
(-0.13564 0.0181784 0)
(-0.147406 0.0193473 0)
(-0.157925 0.0203991 0)
(-0.167323 0.0213453 0)
(-0.175703 0.0221699 0)
(-0.183172 0.0228408 0)
(-0.189839 0.023318 0)
(-0.195799 0.0235688 0)
(-0.201125 0.0235619 0)
(-0.20586 0.0232711 0)
(-0.210033 0.0226621 0)
(-0.213662 0.0217163 0)
(-0.21675 0.0204268 0)
(-0.219279 0.0187853 0)
(-0.221214 0.0167864 0)
(-0.222514 0.0144344 0)
(-0.223129 0.0117358 0)
(-0.223001 0.00871012 0)
(-0.222064 0.00537631 0)
(-0.220246 0.00176407 0)
(-0.21746 -0.00209458 0)
(-0.213596 -0.00615555 0)
(-0.20855 -0.0103709 0)
(-0.202214 -0.0146829 0)
(-0.19443 -0.0190182 0)
(-0.185039 -0.0233067 0)
(-0.17392 -0.0274519 0)
(-0.160971 -0.0313435 0)
(-0.14614 -0.0348531 0)
(-0.129456 -0.0378542 0)
(-0.111082 -0.0402288 0)
(-0.091327 -0.0419116 0)
(-0.0707197 -0.0428866 0)
(-0.0495863 -0.0433434 0)
(-0.0284142 -0.0434747 0)
(-0.00893157 -0.039071 0)
(-0.0106662 0.0234926 0)
(-0.0332355 0.0259811 0)
(-0.0591537 0.0261673 0)
(-0.0830568 0.0265768 0)
(-0.104739 0.0270801 0)
(-0.124426 0.0273126 0)
(-0.141473 0.0273679 0)
(-0.155928 0.0272907 0)
(-0.167888 0.0271762 0)
(-0.177648 0.0270768 0)
(-0.185571 0.0270332 0)
(-0.191992 0.027055 0)
(-0.197194 0.0271052 0)
(-0.201421 0.02713 0)
(-0.204878 0.0270643 0)
(-0.207727 0.0268566 0)
(-0.210095 0.0264521 0)
(-0.212073 0.0258046 0)
(-0.213734 0.0248699 0)
(-0.215126 0.0236114 0)
(-0.21628 0.0220108 0)
(-0.217211 0.0200492 0)
(-0.217915 0.0177104 0)
(-0.218378 0.0149933 0)
(-0.218574 0.0118941 0)
(-0.218464 0.00842709 0)
(-0.218 0.00459989 0)
(-0.217111 0.000433779 0)
(-0.215707 -0.00405114 0)
(-0.213681 -0.00882623 0)
(-0.2109 -0.0138575 0)
(-0.207188 -0.0191078 0)
(-0.202325 -0.0245237 0)
(-0.196046 -0.0300521 0)
(-0.188053 -0.0356059 0)
(-0.178007 -0.041076 0)
(-0.165556 -0.0463081 0)
(-0.150375 -0.0511229 0)
(-0.132269 -0.0552882 0)
(-0.11119 -0.0585902 0)
(-0.0876928 -0.0607463 0)
(-0.0620098 -0.0619039 0)
(-0.0356855 -0.0619518 0)
(-0.0112148 -0.0558365 0)
(-0.0151282 0.0419692 0)
(-0.0462797 0.0456777 0)
(-0.079426 0.0449202 0)
(-0.108507 0.043128 0)
(-0.131755 0.0413326 0)
(-0.150761 0.0390944 0)
(-0.165114 0.0368623 0)
(-0.17569 0.0347434 0)
(-0.183059 0.0329043 0)
(-0.187919 0.0314017 0)
(-0.190877 0.0302531 0)
(-0.192428 0.0294229 0)
(-0.19295 0.028822 0)
(-0.192743 0.0283564 0)
(-0.192039 0.0279237 0)
(-0.191012 0.027446 0)
(-0.189803 0.0268472 0)
(-0.188514 0.0260627 0)
(-0.187231 0.0250353 0)
(-0.186015 0.023718 0)
(-0.184914 0.022077 0)
(-0.18397 0.020086 0)
(-0.183205 0.0177195 0)
(-0.182639 0.0149729 0)
(-0.182276 0.0118314 0)
(-0.182112 0.00830468 0)
(-0.182134 0.00438829 0)
(-0.182299 9.37859e-05 0)
(-0.182558 -0.0045738 0)
(-0.18284 -0.00960675 0)
(-0.18303 -0.0149898 0)
(-0.182964 -0.0207186 0)
(-0.182423 -0.0267775 0)
(-0.181108 -0.0331555 0)
(-0.178629 -0.0398105 0)
(-0.17448 -0.0466859 0)
(-0.168039 -0.0536615 0)
(-0.158545 -0.060582 0)
(-0.145245 -0.0671615 0)
(-0.127199 -0.0731013 0)
(-0.104558 -0.077679 0)
(-0.0761077 -0.0809793 0)
(-0.0452116 -0.0815512 0)
(-0.0145821 -0.0741899 0)
(-0.0220579 0.0640994 0)
(-0.0635316 0.0672008 0)
(-0.10105 0.0640082 0)
(-0.131642 0.0578308 0)
(-0.150886 0.0524287 0)
(-0.164159 0.0469049 0)
(-0.171429 0.0420745 0)
(-0.174734 0.0378994 0)
(-0.17501 0.0345084 0)
(-0.173225 0.0318629 0)
(-0.170066 0.0299017 0)
(-0.166032 0.0285133 0)
(-0.161465 0.0275396 0)
(-0.156613 0.0268393 0)
(-0.15166 0.0262738 0)
(-0.146736 0.0257422 0)
(-0.141956 0.0251535 0)
(-0.137401 0.0244302 0)
(-0.133152 0.0235073 0)
(-0.12927 0.0223327 0)
(-0.125815 0.020861 0)
(-0.122851 0.0190645 0)
(-0.120425 0.016911 0)
(-0.118592 0.0143965 0)
(-0.117392 0.0114978 0)
(-0.116867 0.00822268 0)
(-0.117052 0.00455742 0)
(-0.117955 0.00050595 0)
(-0.11959 -0.00393962 0)
(-0.121948 -0.00878814 0)
(-0.124983 -0.0140433 0)
(-0.128604 -0.0197338 0)
(-0.132668 -0.0258801 0)
(-0.136947 -0.032529 0)
(-0.141098 -0.039705 0)
(-0.144613 -0.0474438 0)
(-0.146788 -0.0557217 0)
(-0.146576 -0.0645157 0)
(-0.142802 -0.073616 0)
(-0.133297 -0.0828766 0)
(-0.117659 -0.0911249 0)
(-0.0907084 -0.0987854 0)
(-0.0586994 -0.101361 0)
(-0.0203562 -0.0947744 0)
(-0.0326108 0.0906146 0)
(-0.0854235 0.0884497 0)
(-0.119438 0.0806587 0)
(-0.145287 0.0678687 0)
(-0.153613 0.0581962 0)
(-0.156426 0.0493484 0)
(-0.153396 0.0423179 0)
(-0.147636 0.0366314 0)
(-0.139995 0.0322603 0)
(-0.131417 0.0290012 0)
(-0.122409 0.0266819 0)
(-0.113297 0.0251104 0)
(-0.104261 0.0240679 0)
(-0.0954132 0.0233768 0)
(-0.0868385 0.0228762 0)
(-0.0785895 0.0224537 0)
(-0.0707308 0.0220145 0)
(-0.0633137 0.0214768 0)
(-0.0564014 0.0207757 0)
(-0.0500572 0.0198571 0)
(-0.044349 0.0186739 0)
(-0.0393619 0.0172006 0)
(-0.0351694 0.0154026 0)
(-0.0318621 0.0132793 0)
(-0.0295213 0.0108031 0)
(-0.0282346 0.00798265 0)
(-0.02809 0.00479938 0)
(-0.0291562 0.00125255 0)
(-0.0315154 -0.00267127 0)
(-0.0352328 -0.00699227 0)
(-0.0403549 -0.0117259 0)
(-0.0468998 -0.0169253 0)
(-0.0548525 -0.0226358 0)
(-0.0641342 -0.0289543 0)
(-0.0745749 -0.0359678 0)
(-0.0858425 -0.0438112 0)
(-0.0974221 -0.0525829 0)
(-0.108293 -0.062471 0)
(-0.117359 -0.0734662 0)
(-0.121334 -0.085905 0)
(-0.120044 -0.098366 0)
(-0.101352 -0.112643 0)
(-0.0768167 -0.119452 0)
(-0.0297331 -0.118637 0)
(-0.0462359 0.121813 0)
(-0.109244 0.106044 0)
(-0.125848 0.0915622 0)
(-0.139502 0.0710556 0)
(-0.130864 0.0576304 0)
(-0.12056 0.0463885 0)
(-0.106323 0.0381744 0)
(-0.0918383 0.0318808 0)
(-0.0772677 0.0272757 0)
(-0.0632166 0.0239849 0)
(-0.0497867 0.021745 0)
(-0.0370067 0.0203081 0)
(-0.0248228 0.0194232 0)
(-0.0131787 0.0188991 0)
(-0.00204692 0.0185739 0)
(0.00860245 0.0183367 0)
(0.0187531 0.0181006 0)
(0.0283839 0.0177873 0)
(0.0374434 0.0173406 0)
(0.0458634 0.0167081 0)
(0.0535646 0.0158471 0)
(0.0604372 0.0147378 0)
(0.0663818 0.0133463 0)
(0.0712707 0.0116769 0)
(0.0749852 0.0097019 0)
(0.077394 0.0074311 0)
(0.0783604 0.00484614 0)
(0.0777591 0.0019439 0)
(0.0754461 -0.00128769 0)
(0.0712874 -0.00487514 0)
(0.0651448 -0.00883623 0)
(0.0568902 -0.0132355 0)
(0.0463993 -0.0181283 0)
(0.0335706 -0.0236391 0)
(0.0183374 -0.0298932 0)
(0.000740307 -0.0370973 0)
(-0.0191137 -0.0454491 0)
(-0.0405398 -0.055345 0)
(-0.0631868 -0.0670161 0)
(-0.0831619 -0.0815107 0)
(-0.102376 -0.097485 0)
(-0.0995685 -0.119464 0)
(-0.0969813 -0.132694 0)
(-0.0420215 -0.14642 0)
(-0.0582933 0.156389 0)
(-0.127024 0.115962 0)
(-0.108348 0.09389 0)
(-0.103794 0.0667609 0)
(-0.0754553 0.0512842 0)
(-0.0525184 0.0392689 0)
(-0.028771 0.0311278 0)
(-0.00782189 0.0251639 0)
(0.0113215 0.0209899 0)
(0.028582 0.0181223 0)
(0.0443626 0.0162613 0)
(0.0589649 0.0151437 0)
(0.0726752 0.0145228 0)
(0.0857015 0.0142187 0)
(0.0981643 0.0140875 0)
(0.110155 0.0140316 0)
(0.121692 0.0139797 0)
(0.132769 0.0138636 0)
(0.143339 0.0136394 0)
(0.15332 0.0132618 0)
(0.162619 0.0126952 0)
(0.171097 0.0119266 0)
(0.178631 0.0109256 0)
(0.185058 0.00970047 0)
(0.190228 0.00822652 0)
(0.193972 0.00651446 0)
(0.196117 0.00454913 0)
(0.196493 0.00232667 0)
(0.194909 -0.000160644 0)
(0.191179 -0.00294002 0)
(0.185093 -0.00602543 0)
(0.176437 -0.00947969 0)
(0.164971 -0.0133563 0)
(0.150433 -0.0177812 0)
(0.132529 -0.0228881 0)
(0.11099 -0.0289098 0)
(0.0854272 -0.0360889 0)
(0.0560246 -0.044952 0)
(0.0218841 -0.0559073 0)
(-0.013132 -0.0706647 0)
(-0.0552848 -0.0882554 0)
(-0.0740287 -0.116787 0)
(-0.111283 -0.13743 0)
(-0.0522236 -0.177071 0)
(-0.0579421 0.190245 0)
(-0.124623 0.114956 0)
(-0.0545703 0.086438 0)
(-0.0298904 0.0562004 0)
(0.0161107 0.0410007 0)
(0.0481528 0.0299571 0)
(0.077696 0.0229595 0)
(0.101708 0.0180202 0)
(0.122447 0.0146983 0)
(0.140367 0.0124986 0)
(0.15633 0.011141 0)
(0.17091 0.0103882 0)
(0.184568 0.0100291 0)
(0.197614 0.00991458 0)
(0.21022 0.00993065 0)
(0.222508 0.00999997 0)
(0.234508 0.0100701 0)
(0.246217 0.0100873 0)
(0.25758 0.0100195 0)
(0.268497 0.00983252 0)
(0.278858 0.0094985 0)
(0.288498 0.00901066 0)
(0.297272 0.00834408 0)
(0.304991 0.00750863 0)
(0.311479 0.00648475 0)
(0.316545 0.0052825 0)
(0.31999 0.00389133 0)
(0.321617 0.00230745 0)
(0.32121 0.000527673 0)
(0.318549 -0.00147157 0)
(0.313388 -0.00369857 0)
(0.305461 -0.00620602 0)
(0.294455 -0.00903694 0)
(0.280005 -0.0122996 0)
(0.261648 -0.0161116 0)
(0.238875 -0.0206881 0)
(0.210861 -0.02626 0)
(0.177307 -0.033371 0)
(0.135953 -0.0424871 0)
(0.0901566 -0.0556571 0)
(0.0278455 -0.0725001 0)
(-0.0134393 -0.103817 0)
(-0.105801 -0.130889 0)
(-0.0491719 -0.206661 0)
(-0.0277295 0.216025 0)
(-0.0830043 0.102007 0)
(0.0447626 0.0704341 0)
(0.0860676 0.0419983 0)
(0.143172 0.0292062 0)
(0.178895 0.0204523 0)
(0.209639 0.0152105 0)
(0.233143 0.0116248 0)
(0.252643 0.0092953 0)
(0.268971 0.00780428 0)
(0.283285 0.00692937 0)
(0.296319 0.00648768 0)
(0.308619 0.00632174 0)
(0.32053 0.00632274 0)
(0.332236 0.00641102 0)
(0.343857 0.00653137 0)
(0.355418 0.00664862 0)
(0.366907 0.0067273 0)
(0.378257 0.0067433 0)
(0.38935 0.00667469 0)
(0.400062 0.0065014 0)
(0.410212 0.00622121 0)
(0.41964 0.00581542 0)
(0.428142 0.00529345 0)
(0.435532 0.00464121 0)
(0.441607 0.00386682 0)
(0.446162 0.0029641 0)
(0.448993 0.00192965 0)
(0.449877 0.000763582 0)
(0.448588 -0.000551936 0)
(0.444874 -0.0020205 0)
(0.438455 -0.00368079 0)
(0.428999 -0.00556238 0)
(0.416099 -0.00774601 0)
(0.399216 -0.0103194 0)
(0.377716 -0.0134511 0)
(0.350497 -0.0173237 0)
(0.31694 -0.022396 0)
(0.273733 -0.029086 0)
(0.223532 -0.0393244 0)
(0.148852 -0.0532509 0)
(0.0899666 -0.0823448 0)
(-0.0621451 -0.112717 0)
(-0.0156319 -0.228026 0)
(0.054114 0.223938 0)
(0.0180485 0.0791881 0)
(0.193025 0.049366 0)
(0.242762 0.0272736 0)
(0.301714 0.0181443 0)
(0.335427 0.0122575 0)
(0.363112 0.00887808 0)
(0.383211 0.00663128 0)
(0.399363 0.00521098 0)
(0.412543 0.00432783 0)
(0.423989 0.00383156 0)
(0.434451 0.00360336 0)
(0.44447 0.00354311 0)
(0.454367 0.00358268 0)
(0.464304 0.003674 0)
(0.47438 0.0037821 0)
(0.484606 0.00388563 0)
(0.494958 0.00396673 0)
(0.505359 0.00400664 0)
(0.515687 0.00399427 0)
(0.525813 0.00391659 0)
(0.535555 0.00377408 0)
(0.544754 0.00355405 0)
(0.553211 0.0032639 0)
(0.560746 0.00289457 0)
(0.567164 0.0024514 0)
(0.572274 0.00193155 0)
(0.575882 0.00133201 0)
(0.577784 0.00065467 0)
(0.57777 -0.000112675 0)
(0.575609 -0.000970347 0)
(0.571045 -0.00194349 0)
(0.56377 -0.00304931 0)
(0.5534 -0.00433942 0)
(0.539409 -0.00586944 0)
(0.521158 -0.00775017 0)
(0.497486 -0.010104 0)
(0.46766 -0.0132472 0)
(0.427932 -0.0174942 0)
(0.380302 -0.0242723 0)
(0.304211 -0.0340304 0)
(0.23779 -0.0564913 0)
(0.0389342 -0.085554 0)
(0.0689931 -0.231604 0)
(0.208728 0.204259 0)
(0.194681 0.0510414 0)
(0.386702 0.0280038 0)
(0.434435 0.0146582 0)
(0.485871 0.00934926 0)
(0.5131 0.00615853 0)
(0.53472 0.00436292 0)
(0.549718 0.00320433 0)
(0.561459 0.00248302 0)
(0.570824 0.00204326 0)
(0.578899 0.00180083 0)
(0.586322 0.00169424 0)
(0.593542 0.00167233 0)
(0.60082 0.00170048 0)
(0.608278 0.00175531 0)
(0.615991 0.00181786 0)
(0.623958 0.00187828 0)
(0.632151 0.0019274 0)
(0.6405 0.00195557 0)
(0.648894 0.0019581 0)
(0.657224 0.00192751 0)
(0.665331 0.00186539 0)
(0.673081 0.00176426 0)
(0.680305 0.00162874 0)
(0.686853 0.001454 0)
(0.692563 0.00124247 0)
(0.697276 0.000993558 0)
(0.700834 0.000704589 0)
(0.70307 0.000377909 0)
(0.703815 6.02753e-06 0)
(0.702883 -0.000409895 0)
(0.70007 -0.000883809 0)
(0.695126 -0.00142388 0)
(0.68774 -0.00205696 0)
(0.677474 -0.00281197 0)
(0.663793 -0.00374701 0)
(0.64568 -0.00493057 0)
(0.622479 -0.00653114 0)
(0.590734 -0.00875027 0)
(0.55189 -0.0123654 0)
(0.486095 -0.0179441 0)
(0.424896 -0.0314478 0)
(0.212631 -0.0541683 0)
(0.223922 -0.208206 0)
(0.450453 0.159041 0)
(0.453892 0.0250471 0)
(0.616092 0.011606 0)
(0.651715 0.00595385 0)
(0.687909 0.0036354 0)
(0.705996 0.00237118 0)
(0.720059 0.00165103 0)
(0.729503 0.00120358 0)
(0.73677 0.000924249 0)
(0.742465 0.000755293 0)
(0.74733 0.000660148 0)
(0.751786 0.000615938 0)
(0.756131 0.000604025 0)
(0.760538 0.000611102 0)
(0.765087 0.000629433 0)
(0.769829 0.00065049 0)
(0.774765 0.000671771 0)
(0.779874 0.000688591 0)
(0.785113 0.000698115 0)
(0.79041 0.000699138 0)
(0.795694 0.000687845 0)
(0.800864 0.000665866 0)
(0.805834 0.000629678 0)
(0.810495 0.000581258 0)
(0.814751 0.000519067 0)
(0.818497 0.000443105 0)
(0.821632 0.000354311 0)
(0.824054 0.000250271 0)
(0.825656 0.000133115 0)
(0.826329 -1.10804e-06 0)
(0.825953 -0.000151307 0)
(0.824395 -0.000323295 0)
(0.821493 -0.000520244 0)
(0.817041 -0.000752164 0)
(0.810749 -0.00103076 0)
(0.802259 -0.00137761 0)
(0.79087 -0.00182314 0)
(0.776133 -0.00242891 0)
(0.755552 -0.00329894 0)
(0.730071 -0.00470392 0)
(0.684758 -0.00710142 0)
(0.641079 -0.0127836 0)
(0.465583 -0.0261883 0)
(0.46183 -0.160495 0)
(0.781246 0.0411799 0)
(0.789247 0.0045144 0)
(0.865266 0.00177466 0)
(0.8799 0.000917601 0)
(0.894395 0.000539059 0)
(0.901375 0.000352665 0)
(0.906777 0.000242803 0)
(0.910359 0.000177163 0)
(0.913109 0.000135538 0)
(0.915246 0.000110363 0)
(0.917052 9.55497e-05 0)
(0.918675 8.79467e-05 0)
(0.920224 8.5096e-05 0)
(0.921764 8.49742e-05 0)
(0.923326 8.6743e-05 0)
(0.924932 8.88439e-05 0)
(0.926586 9.11324e-05 0)
(0.928284 9.29173e-05 0)
(0.930012 9.36858e-05 0)
(0.931747 9.35012e-05 0)
(0.93347 9.15665e-05 0)
(0.935146 8.83439e-05 0)
(0.936749 8.31966e-05 0)
(0.938243 7.64102e-05 0)
(0.939599 6.78904e-05 0)
(0.940781 5.7364e-05 0)
(0.941755 4.5285e-05 0)
(0.942489 3.09503e-05 0)
(0.942944 1.49591e-05 0)
(0.943086 -3.4945e-06 0)
(0.94287 -2.41562e-05 0)
(0.94225 -4.79118e-05 0)
(0.941167 -7.52978e-05 0)
(0.939545 -0.000107646 0)
(0.937277 -0.000146845 0)
(0.934232 -0.000195781 0)
(0.930138 -0.000259705 0)
(0.92483 -0.00034655 0)
(0.9173 -0.000476264 0)
(0.907946 -0.000679559 0)
(0.890524 -0.00106653 0)
(0.873558 -0.00192183 0)
(0.792949 -0.00467517 0)
(0.785163 -0.0413887 0)
)
;

boundaryField
{
    movingWall
    {
        type            fixedValue;
        value           uniform (1 0 0);
    }
    fixedWalls
    {
        type            noSlip;
    }
    frontAndBack
    {
        type            empty;
    }
    defaultFaces
    {
        type            empty;
    }
}


// ************************************************************************* //
