/*--------------------------------*- C++ -*----------------------------------*\
  =========                 |
  \\      /  F ield         | OpenFOAM: The Open Source CFD Toolbox
   \\    /   O peration     | Website:  https://openfoam.org
    \\  /    A nd           | Version:  7
     \\/     M anipulation  |
\*---------------------------------------------------------------------------*/
FoamFile
{
    version     2.0;
    format      ascii;
    class       volVectorField;
    location    "0.61";
    object      U;
}
// * * * * * * * * * * * * * * * * * * * * * * * * * * * * * * * * * * * * * //

dimensions      [0 1 -1 0 0 0 0];

internalField   nonuniform List<vector> 
1936
(
(-15.0403 3.37796 0)
(-68.9681 174.165 0)
(-34.2348 395.829 0)
(-10.916 431.481 0)
(-14.9128 416.101 0)
(-12.2177 440.949 0)
(3.07542 454.425 0)
(17.5512 411.87 0)
(21.4143 338.314 0)
(11.7064 286.136 0)
(-4.92598 276.337 0)
(-16.2039 297.219 0)
(-30.5377 400.679 0)
(-1.84325 512.918 0)
(38.5058 442.914 0)
(29.2574 302.007 0)
(15.6154 257.636 0)
(1.12704 260.359 0)
(-19.1878 320.914 0)
(-25.7547 454.208 0)
(9.35257 486.694 0)
(30.7088 354.003 0)
(5.74583 258.449 0)
(-8.84389 251.317 0)
(-28.6141 303.587 0)
(-31.3156 461.053 0)
(22.8877 502.257 0)
(36.3938 349.396 0)
(12.9265 257.219 0)
(2.597 250.942 0)
(-18.998 293.594 0)
(-31.1626 441.237 0)
(11.444 497.551 0)
(32.4358 358.396 0)
(5.37423 258.845 0)
(-6.52014 250.639 0)
(-28.1659 302.429 0)
(-30.8266 457.285 0)
(19.5648 493.711 0)
(32.432 344.447 0)
(5.97908 257.489 0)
(-3.00742 251.556 0)
(-28.3063 314.854 0)
(-28.3417 471.63 0)
(-17.029 8.15993 0)
(-76.3335 1.16682 0)
(-38.4047 -3.56701 0)
(-13.0718 -2.41142 0)
(-15.8205 -0.885294 0)
(-12.9831 -1.83614 0)
(3.03778 -2.59821 0)
(17.6735 -1.63722 0)
(20.1193 0.460757 0)
(8.87416 2.40664 0)
(-4.73839 3.0784 0)
(-12.4424 1.75017 0)
(-29.6669 -2.18454 0)
(-2.25874 -4.96189 0)
(39.3795 -2.68827 0)
(25.2018 1.02537 0)
(11.2544 3.10194 0)
(3.5741 3.43081 0)
(-18.3953 1.51539 0)
(-27.3737 -2.14668 0)
(9.79388 -3.93189 0)
(29.1319 -0.593471 0)
(2.01306 3.33117 0)
(-5.60668 3.74207 0)
(-23.911 0.601739 0)
(-31.9623 -4.17788 0)
(24.0121 -4.57618 0)
(34.601 -0.406937 0)
(7.60717 2.95462 0)
(4.33505 3.64594 0)
(-16.1204 1.77564 0)
(-32.5042 -2.41591 0)
(11.9191 -4.14338 0)
(30.9967 -0.564546 0)
(1.4344 3.26171 0)
(-3.13311 3.67377 0)
(-23.9166 0.80292 0)
(-31.7656 -3.71204 0)
(20.3103 -4.24591 0)
(30.548 -0.0970226 0)
(1.91145 3.2581 0)
(0.600307 3.58446 0)
(-24.8989 0.65327 0)
(-29.8524 -3.90254 0)
(-7.11985 16.9058 0)
(-69.548 2.98943 0)
(-38.7729 -7.67285 0)
(-14.7834 -5.14299 0)
(-15.1243 -1.84123 0)
(-12.3049 -3.83915 0)
(3.27069 -5.47827 0)
(17.7597 -3.36227 0)
(20.5658 1.11055 0)
(9.7678 4.87535 0)
(-2.96577 5.94933 0)
(-10.8588 3.87043 0)
(-30.9834 -3.94713 0)
(-5.7879 -10.6099 0)
(38.2878 -5.477 0)
(23.6077 2.83322 0)
(5.03443 6.23846 0)
(-2.39501 6.74437 0)
(-22.4856 3.2718 0)
(-26.9058 -4.89351 0)
(13.9244 -8.54946 0)
(31.9255 -0.776994 0)
(4.36098 6.71125 0)
(-1.94706 7.31069 0)
(-22.0448 1.98545 0)
(-34.6602 -8.48179 0)
(22.8287 -9.88475 0)
(35.1529 -0.203932 0)
(5.46798 6.17806 0)
(0.828538 7.10952 0)
(-19.3877 4.0162 0)
(-34.1444 -5.18529 0)
(13.6849 -9.13122 0)
(33.5507 -0.762014 0)
(3.58748 6.59849 0)
(-0.422407 7.21756 0)
(-23.1775 2.34426 0)
(-33.5427 -7.65113 0)
(20.8481 -9.22598 0)
(32.3515 0.287154 0)
(2.75229 6.57316 0)
(0.716998 7.12657 0)
(-26.2101 1.99008 0)
(-31.2041 -8.35479 0)
(2.13864 23.673 0)
(-57.4254 5.50479 0)
(-33.4999 -10.382 0)
(-16.8683 -7.73772 0)
(-14.2349 -3.21896 0)
(-10.6455 -5.73745 0)
(1.9496 -7.94146 0)
(12.2535 -4.79197 0)
(13.8556 1.64584 0)
(5.72173 6.79622 0)
(-1.22378 8.16732 0)
(-3.30156 5.75971 0)
(-21.8519 -4.97483 0)
(-7.13884 -15.1211 0)
(27.7622 -7.77735 0)
(13.4646 4.73059 0)
(-2.62577 9.11527 0)
(-3.11359 9.20447 0)
(-16.8936 4.12796 0)
(-19.4413 -7.71172 0)
(13.0703 -12.3815 0)
(23.2656 -0.800069 0)
(1.19334 9.27646 0)
(3.48549 10.1322 0)
(-10.1112 3.57448 0)
(-27.6897 -11.5812 0)
(16.5909 -14.2301 0)
(24.4069 0.0755159 0)
(-1.87343 9.03186 0)
(0.407978 9.91526 0)
(-12.9354 5.63141 0)
(-26.6188 -7.72572 0)
(11.4877 -13.3572 0)
(24.4862 -0.976528 0)
(-0.213435 9.16661 0)
(4.12043 10.0865 0)
(-12.4293 3.92773 0)
(-26.4093 -10.6594 0)
(15.9782 -13.3654 0)
(22.8727 0.558341 0)
(-1.6496 9.27083 0)
(3.9013 10.0311 0)
(-16.2473 3.16221 0)
(-25.0977 -11.9796 0)
(10.2895 28.9243 0)
(-46.0986 8.50904 0)
(-27.5685 -11.6723 0)
(-17.1117 -10.0482 0)
(-13.1173 -5.17711 0)
(-9.37394 -7.62515 0)
(0.0249537 -9.84977 0)
(6.43192 -5.7943 0)
(7.47253 2.00208 0)
(2.08805 8.00049 0)
(-0.237073 9.44851 0)
(1.84927 6.97137 0)
(-13.7665 -5.30512 0)
(-8.05332 -17.8114 0)
(18.0125 -9.2984 0)
(5.98348 6.24448 0)
(-6.64948 11.2037 0)
(-1.71388 10.5757 0)
(-11.9999 4.17774 0)
(-12.644 -9.99342 0)
(11.7811 -14.7717 0)
(15.6788 -0.714751 0)
(-1.31829 10.6412 0)
(6.53739 11.731 0)
(-1.53815 4.94955 0)
(-21.0612 -13.0663 0)
(10.7031 -16.8908 0)
(15.6218 0.371636 0)
(-6.95305 10.9205 0)
(1.34975 11.6124 0)
(-7.87294 6.4933 0)
(-19.6613 -9.54225 0)
(9.40024 -16.0681 0)
(16.7177 -1.13728 0)
(-3.55102 10.5422 0)
(6.58669 11.7529 0)
(-4.61598 5.19327 0)
(-19.7186 -12.2796 0)
(11.4208 -15.9544 0)
(14.995 0.713685 0)
(-5.31167 10.8446 0)
(6.09417 11.718 0)
(-8.61279 3.97209 0)
(-19.3922 -14.1328 0)
(16.7361 32.387 0)
(-33.8338 11.756 0)
(-20.7346 -11.5785 0)
(-15.0548 -11.8116 0)
(-11.6326 -7.38237 0)
(-8.50934 -9.33434 0)
(-2.40548 -11.0712 0)
(0.739727 -6.36693 0)
(1.54159 2.1074 0)
(-1.42555 8.39043 0)
(-0.0755835 9.7538 0)
(4.78404 7.40237 0)
(-7.18885 -5.00881 0)
(-8.03725 -18.5647 0)
(9.63068 -10.0551 0)
(0.475383 7.03255 0)
(-7.55185 12.2268 0)
(1.59739 10.9719 0)
(-7.17782 3.71935 0)
(-6.9621 -11.5456 0)
(9.80464 -15.6513 0)
(9.08826 -0.486879 0)
(-3.9448 10.895 0)
(7.3281 12.1429 0)
(3.84574 5.88997 0)
(-14.8944 -13.018 0)
(5.79972 -17.8191 0)
(8.63737 0.588484 0)
(-9.57736 11.6503 0)
(2.95509 12.2171 0)
(-3.11653 6.69549 0)
(-13.2888 -10.5388 0)
(7.43755 -17.1979 0)
(10.1055 -1.12768 0)
(-6.57018 10.819 0)
(7.12768 12.2061 0)
(0.68666 5.94795 0)
(-13.6 -12.5769 0)
(7.48616 -16.938 0)
(8.48814 0.805173 0)
(-7.86184 11.2835 0)
(7.09037 12.1807 0)
(-2.79101 4.37355 0)
(-14.197 -14.8292 0)
(20.2891 33.588 0)
(-19.7245 14.8284 0)
(-12.6684 -10.0936 0)
(-10.9292 -12.6874 0)
(-9.49626 -9.33991 0)
(-7.74798 -10.6222 0)
(-4.77512 -11.5437 0)
(-4.09181 -6.52848 0)
(-3.45511 1.91837 0)
(-4.35271 7.91616 0)
(-0.471258 9.11988 0)
(5.78997 7.03641 0)
(-2.46546 -4.26433 0)
(-6.93643 -17.5479 0)
(3.07831 -10.0091 0)
(-3.40705 6.88798 0)
(-6.52864 11.9965 0)
(4.39278 10.5193 0)
(-2.65495 3.03865 0)
(-2.64145 -12.1118 0)
(7.13622 -15.0999 0)
(3.73483 -0.117647 0)
(-5.81532 10.2232 0)
(6.301 11.4833 0)
(6.56341 6.19841 0)
(-9.26735 -11.734 0)
(2.27768 -17.0795 0)
(3.36943 0.60074 0)
(-9.67529 11.2098 0)
(4.01086 11.7635 0)
(1.34109 6.33636 0)
(-7.62869 -10.6119 0)
(5.5055 -16.7522 0)
(4.7689 -0.911704 0)
(-8.07682 10.1922 0)
(6.16322 11.5357 0)
(3.91947 6.03881 0)
(-8.12369 -11.7436 0)
(4.30207 -16.3414 0)
(3.36211 0.808858 0)
(-8.4532 10.7131 0)
(6.62024 11.5228 0)
(1.40805 4.31847 0)
(-9.51673 -14.1694 0)
(20.2974 32.1308 0)
(-4.93723 17.0419 0)
(-3.6885 -7.25742 0)
(-5.32767 -12.3045 0)
(-6.40198 -10.5207 0)
(-6.52098 -11.2243 0)
(-6.20901 -11.2622 0)
(-7.22381 -6.33665 0)
(-6.83917 1.37464 0)
(-6.09269 6.69395 0)
(-1.04614 7.73241 0)
(5.47538 6.02462 0)
(0.501413 -3.41078 0)
(-4.98463 -15.1407 0)
(-1.34324 -9.14577 0)
(-5.7982 5.8815 0)
(-5.03678 10.5881 0)
(5.35306 9.36277 0)
(1.15946 2.24607 0)
(0.240966 -11.5303 0)
(4.10322 -13.336 0)
(-0.25408 0.236697 0)
(-6.26439 8.88214 0)
(4.51767 9.97851 0)
(7.43459 5.82701 0)
(-4.32674 -9.66252 0)
(0.165086 -14.9211 0)
(-0.274435 0.394812 0)
(-8.19389 9.79911 0)
(4.07119 10.3608 0)
(4.84175 5.52451 0)
(-3.00484 -9.73058 0)
(3.53222 -14.8689 0)
(0.740941 -0.613507 0)
(-7.73528 8.87287 0)
(4.63625 9.98528 0)
(5.57169 5.47075 0)
(-3.47635 -10.0673 0)
(1.84198 -14.3449 0)
(-0.416962 0.688227 0)
(-7.42367 9.3395 0)
(5.31362 9.97493 0)
(4.11209 3.83612 0)
(-5.40134 -12.3692 0)
(16.5377 28.158 0)
(6.79218 17.6687 0)
(4.70181 -3.49832 0)
(0.79561 -10.4943 0)
(-2.43519 -10.5192 0)
(-4.45017 -10.935 0)
(-6.13037 -10.2847 0)
(-8.19074 -5.86418 0)
(-8.12659 0.567405 0)
(-6.43262 4.95877 0)
(-1.42903 5.8644 0)
(4.47978 4.58542 0)
(2.05349 -2.71285 0)
(-2.82154 -11.8825 0)
(-3.63177 -7.57554 0)
(-6.74114 4.32778 0)
(-3.84431 8.40328 0)
(4.86445 7.6218 0)
(3.73995 1.3761 0)
(1.76204 -9.85923 0)
(1.38851 -10.7147 0)
(-2.84756 0.366247 0)
(-5.61967 7.14825 0)
(2.93219 7.92693 0)
(7.05687 4.85946 0)
(-0.537215 -7.22051 0)
(-0.805855 -11.7737 0)
(-2.4817 0.0717139 0)
(-6.29918 7.80355 0)
(3.38306 8.28194 0)
(6.57162 4.3182 0)
(0.202455 -7.99461 0)
(1.66474 -11.9209 0)
(-2.01355 -0.421059 0)
(-6.3283 7.12077 0)
(3.29688 7.90832 0)
(5.98691 4.37329 0)
(-0.0848959 -7.84024 0)
(0.112646 -11.3423 0)
(-2.85463 0.429165 0)
(-5.77806 7.45198 0)
(3.92712 7.88817 0)
(5.38709 3.00557 0)
(-2.09332 -9.75861 0)
(10.7639 22.6441 0)
(12.1792 16.3483 0)
(10.2303 0.167275 0)
(5.92515 -7.57558 0)
(1.57286 -9.23426 0)
(-1.80701 -9.70347 0)
(-4.68942 -8.7617 0)
(-7.19537 -5.16432 0)
(-7.46439 -0.28927 0)
(-5.65672 3.05251 0)
(-1.49939 3.84584 0)
(3.21741 2.93223 0)
(2.48605 -2.19464 0)
(-1.22636 -8.43339 0)
(-4.12275 -5.60209 0)
(-6.28631 2.65966 0)
(-2.91393 5.92547 0)
(3.75775 5.46329 0)
(4.60346 0.58266 0)
(2.16102 -7.45289 0)
(-0.454388 -7.72809 0)
(-4.03862 0.272798 0)
(-4.52001 5.23843 0)
(1.80736 5.71301 0)
(5.73667 3.51794 0)
(1.54655 -4.82038 0)
(-1.01942 -8.21409 0)
(-3.40181 -0.184933 0)
(-4.49186 5.60129 0)
(2.51539 5.91741 0)
(6.27908 2.92364 0)
(1.85978 -5.77934 0)
(0.310856 -8.48393 0)
(-3.36009 -0.352237 0)
(-4.70531 5.17201 0)
(2.28421 5.68116 0)
(5.30427 3.02109 0)
(1.6368 -5.4233 0)
(-0.795978 -7.91838 0)
(-3.81917 0.120743 0)
(-4.16799 5.34231 0)
(2.77648 5.63139 0)
(5.22549 2.00609 0)
(0.039565 -6.80441 0)
(5.89067 16.9136 0)
(11.6974 13.5484 0)
(11.6976 2.65443 0)
(8.54579 -4.38124 0)
(4.37681 -6.98986 0)
(0.604075 -7.71722 0)
(-2.60948 -6.90193 0)
(-5.07264 -4.30278 0)
(-5.65043 -0.970899 0)
(-4.33152 1.34193 0)
(-1.3675 1.98887 0)
(1.92979 1.35929 0)
(2.07145 -1.80398 0)
(-0.511836 -5.392 0)
(-3.55094 -3.67523 0)
(-4.89357 1.27142 0)
(-2.11216 3.55469 0)
(2.47042 3.28521 0)
(3.87622 0.00319625 0)
(1.79169 -4.90472 0)
(-1.29272 -4.8966 0)
(-3.92576 0.111563 0)
(-3.32996 3.37432 0)
(0.960885 3.67607 0)
(3.92371 2.14966 0)
(2.01235 -2.80864 0)
(-0.836181 -4.91438 0)
(-3.14749 -0.257013 0)
(-2.90126 3.50069 0)
(1.70977 3.6933 0)
(4.67716 1.6748 0)
(2.19664 -3.60082 0)
(-0.365652 -5.20881 0)
(-3.30902 -0.291705 0)
(-3.17256 3.28216 0)
(1.44434 3.61651 0)
(3.90151 1.77694 0)
(1.91485 -3.23096 0)
(-1.01018 -4.74433 0)
(-3.42052 -0.0788598 0)
(-2.72751 3.31395 0)
(1.7893 3.52256 0)
(3.98471 1.11676 0)
(0.942906 -4.0673 0)
(3.21461 11.9659 0)
(8.41123 10.2658 0)
(9.85716 3.64024 0)
(8.27152 -1.74088 0)
(5.20156 -4.45395 0)
(2.02964 -5.40552 0)
(-0.757367 -4.96871 0)
(-2.8401 -3.35517 0)
(-3.60222 -1.3295 0)
(-2.92923 0.0975569 0)
(-1.11546 0.526792 0)
(0.885419 0.138549 0)
(1.22783 -1.48687 0)
(-0.403796 -3.1378 0)
(-2.59115 -2.18562 0)
(-3.29563 0.320072 0)
(-1.49912 1.65317 0)
(1.23431 1.51222 0)
(2.35569 -0.317945 0)
(1.00631 -2.78657 0)
(-1.41071 -2.66423 0)
(-3.03123 -0.0116158 0)
(-2.29101 1.83747 0)
(0.280837 2.02518 0)
(2.15239 1.08951 0)
(1.44683 -1.38089 0)
(-0.622075 -2.42644 0)
(-2.23811 -0.195062 0)
(-1.67495 1.82208 0)
(0.985653 1.96012 0)
(2.79393 0.783406 0)
(1.65501 -1.88354 0)
(-0.514701 -2.65626 0)
(-2.39337 -0.18904 0)
(-1.90251 1.76502 0)
(0.756169 1.9721 0)
(2.34075 0.892639 0)
(1.37392 -1.58395 0)
(-0.816704 -2.35397 0)
(-2.30146 -0.137037 0)
(-1.56566 1.7127 0)
(0.96683 1.85723 0)
(2.40541 0.505983 0)
(0.945874 -2.00516 0)
(1.95262 8.30775 0)
(4.99556 7.33239 0)
(6.56774 3.55219 0)
(6.08945 -0.0159028 0)
(4.34115 -2.27007 0)
(2.25969 -3.27564 0)
(0.292085 -3.23605 0)
(-1.21753 -2.43465 0)
(-1.91651 -1.3971 0)
(-1.69969 -0.658701 0)
(-0.777682 -0.433991 0)
(0.251833 -0.615904 0)
(0.463502 -1.22675 0)
(-0.438917 -1.74464 0)
(-1.65753 -1.26436 0)
(-2.00179 -0.215014 0)
(-1.08598 0.416989 0)
(0.297185 0.365077 0)
(0.928346 -0.431569 0)
(0.21075 -1.37915 0)
(-1.20586 -1.22898 0)
(-2.0324 -0.0674954 0)
(-1.53342 0.792388 0)
(-0.189228 0.889116 0)
(0.826536 0.431697 0)
(0.618414 -0.546083 0)
(-0.491742 -0.941519 0)
(-1.32763 -0.102879 0)
(-0.924676 0.745996 0)
(0.391116 0.825887 0)
(1.29659 0.276194 0)
(0.833356 -0.790878 0)
(-0.442355 -1.0617 0)
(-1.39941 -0.0725504 0)
(-1.03811 0.782808 0)
(0.276592 0.888952 0)
(1.10647 0.393428 0)
(0.672864 -0.581032 0)
(-0.524892 -0.912851 0)
(-1.23535 -0.10511 0)
(-0.789334 0.698086 0)
(0.402622 0.779844 0)
(1.13813 0.175394 0)
(0.577864 -0.769969 0)
(1.21113 5.8691 0)
(2.70292 5.2324 0)
(3.71106 3.04162 0)
(3.69019 0.856519 0)
(2.87778 -0.760926 0)
(1.7386 -1.6661 0)
(0.571793 -1.89762 0)
(-0.355884 -1.66628 0)
(-0.842953 -1.2893 0)
(-0.829224 -1.03318 0)
(-0.4614 -0.945463 0)
(-0.058196 -0.964052 0)
(-0.000484852 -1.03744 0)
(-0.412669 -1.04297 0)
(-0.952627 -0.806058 0)
(-1.11684 -0.460006 0)
(-0.765197 -0.2375 0)
(-0.21021 -0.227998 0)
(0.0479248 -0.431533 0)
(-0.276944 -0.630335 0)
(-0.918051 -0.492932 0)
(-1.26829 -0.0823421 0)
(-1.02326 0.21267 0)
(-0.411024 0.245031 0)
(0.0647528 0.0930417 0)
(0.0270902 -0.168764 0)
(-0.417323 -0.265451 0)
(-0.742377 -0.0484167 0)
(-0.551642 0.194905 0)
(-0.00368714 0.221615 0)
(0.377678 0.0493483 0)
(0.205883 -0.24154 0)
(-0.349651 -0.287032 0)
(-0.733999 0.0127704 0)
(-0.55175 0.275432 0)
(0.00496769 0.311388 0)
(0.365199 0.161069 0)
(0.193048 -0.112444 0)
(-0.301526 -0.236531 0)
(-0.562396 -0.0479864 0)
(-0.362699 0.18803 0)
(0.100801 0.220358 0)
(0.401334 0.0322014 0)
(0.246785 -0.210986 0)
(0.749494 4.23408 0)
(1.61413 3.90402 0)
(2.15887 2.57812 0)
(2.19735 1.22526 0)
(1.81636 0.115636 0)
(1.20937 -0.62453 0)
(0.569082 -0.991631 0)
(0.0425618 -1.10023 0)
(-0.271161 -1.10388 0)
(-0.353231 -1.109 0)
(-0.280914 -1.10996 0)
(-0.188644 -1.04663 0)
(-0.199337 -0.920629 0)
(-0.345909 -0.769454 0)
(-0.530465 -0.633425 0)
(-0.601857 -0.542737 0)
(-0.513145 -0.499161 0)
(-0.35615 -0.449952 0)
(-0.290997 -0.393444 0)
(-0.414396 -0.319266 0)
(-0.634021 -0.207903 0)
(-0.749053 -0.0983717 0)
(-0.65442 -0.0525744 0)
(-0.425461 -0.0551329 0)
(-0.236911 -0.0622093 0)
(-0.219707 -0.0626402 0)
(-0.343468 -0.0558434 0)
(-0.435018 -0.0372168 0)
(-0.364466 -0.0250392 0)
(-0.178421 -0.0254485 0)
(-0.0459069 -0.0291789 0)
(-0.0932016 -0.0343856 0)
(-0.264329 -0.00761673 0)
(-0.37603 0.0445762 0)
(-0.29934 0.0674953 0)
(-0.0974169 0.0670451 0)
(0.0332444 0.0648987 0)
(-0.0141625 0.0425888 0)
(-0.155464 0.00189684 0)
(-0.222694 -0.0132588 0)
(-0.154979 -0.00696987 0)
(-0.0119718 -0.00557376 0)
(0.0825289 -0.022679 0)
(0.0688494 -0.0338305 0)
(0.479829 3.06913 0)
(1.11893 2.99112 0)
(1.51575 2.21226 0)
(1.57078 1.37435 0)
(1.3907 0.607608 0)
(1.06312 0.00628865 0)
(0.680955 -0.407898 0)
(0.341423 -0.680629 0)
(0.0898844 -0.867512 0)
(-0.0639078 -0.99404 0)
(-0.141919 -1.04095 0)
(-0.183755 -0.983208 0)
(-0.221222 -0.844224 0)
(-0.267645 -0.692825 0)
(-0.315517 -0.592709 0)
(-0.343199 -0.552779 0)
(-0.339277 -0.532766 0)
(-0.320968 -0.469525 0)
(-0.318688 -0.357577 0)
(-0.350063 -0.23404 0)
(-0.397289 -0.149868 0)
(-0.418343 -0.128373 0)
(-0.386871 -0.151547 0)
(-0.316515 -0.163324 0)
(-0.252267 -0.127907 0)
(-0.229745 -0.0702037 0)
(-0.242943 -0.0380352 0)
(-0.255806 -0.0503348 0)
(-0.236476 -0.0847956 0)
(-0.188536 -0.0911302 0)
(-0.149459 -0.0510659 0)
(-0.149444 0.00797302 0)
(-0.177142 0.0439731 0)
(-0.190559 0.0331498 0)
(-0.156438 0.000109074 0)
(-0.090033 -0.00959044 0)
(-0.0439375 0.0235257 0)
(-0.0448338 0.0606333 0)
(-0.0667422 0.0486039 0)
(-0.0720309 -0.00596268 0)
(-0.0530837 -0.0524944 0)
(-0.0229646 -0.0652902 0)
(-0.00123294 -0.0448287 0)
(0.00983033 -0.00922395 0)
(0.302407 2.19532 0)
(0.778036 2.26616 0)
(1.12869 1.8476 0)
(1.26324 1.35309 0)
(1.22737 0.849752 0)
(1.08442 0.381239 0)
(0.873503 -0.0141038 0)
(0.635974 -0.334118 0)
(0.41468 -0.585424 0)
(0.22439 -0.762056 0)
(0.0740934 -0.848301 0)
(-0.0317986 -0.838616 0)
(-0.101405 -0.75763 0)
(-0.145321 -0.655819 0)
(-0.174295 -0.578753 0)
(-0.197527 -0.535026 0)
(-0.216552 -0.498932 0)
(-0.228269 -0.436008 0)
(-0.231394 -0.338794 0)
(-0.229172 -0.239045 0)
(-0.223366 -0.175705 0)
(-0.214385 -0.163037 0)
(-0.201173 -0.178808 0)
(-0.181905 -0.18208 0)
(-0.16142 -0.15081 0)
(-0.14594 -0.101395 0)
(-0.136908 -0.0689628 0)
(-0.13253 -0.0718928 0)
(-0.128116 -0.0911916 0)
(-0.119264 -0.0920675 0)
(-0.107639 -0.0590011 0)
(-0.0976748 -0.0119957 0)
(-0.0898087 0.0147584 0)
(-0.0799153 0.00604999 0)
(-0.0628346 -0.0183004 0)
(-0.0406722 -0.0244045 0)
(-0.0229167 0.000228738 0)
(-0.0136447 0.0294826 0)
(-0.00742717 0.0271323 0)
(-0.00121742 -0.00888373 0)
(0.000954097 -0.0474252 0)
(-0.00191295 -0.0619383 0)
(-0.00303788 -0.0502225 0)
(-0.000679485 -0.0266169 0)
(0.181596 1.54563 0)
(0.504328 1.66727 0)
(0.783155 1.46174 0)
(0.956163 1.18954 0)
(1.026 0.877577 0)
(1.01061 0.55141 0)
(0.932222 0.231714 0)
(0.805798 -0.0572308 0)
(0.649696 -0.301649 0)
(0.486021 -0.486963 0)
(0.332783 -0.600762 0)
(0.20487 -0.641829 0)
(0.10746 -0.625691 0)
(0.0371169 -0.58041 0)
(-0.0137483 -0.532202 0)
(-0.0540328 -0.491421 0)
(-0.0862191 -0.450334 0)
(-0.106647 -0.396243 0)
(-0.113302 -0.327963 0)
(-0.108271 -0.260505 0)
(-0.0973328 -0.212406 0)
(-0.0866718 -0.192286 0)
(-0.0789689 -0.188538 0)
(-0.0726392 -0.180972 0)
(-0.0654834 -0.157723 0)
(-0.0570806 -0.124832 0)
(-0.049124 -0.0987268 0)
(-0.0440968 -0.0895748 0)
(-0.0421118 -0.0902143 0)
(-0.0402606 -0.0846784 0)
(-0.0357017 -0.0644384 0)
(-0.0280091 -0.0374004 0)
(-0.0189236 -0.019498 0)
(-0.0102701 -0.0186065 0)
(-0.0023272 -0.0262625 0)
(0.00547801 -0.026525 0)
(0.0129066 -0.0130683 0)
(0.0194397 0.0028353 0)
(0.0252024 0.00419501 0)
(0.0281829 -0.0121661 0)
(0.0250155 -0.0330785 0)
(0.0159786 -0.0442599 0)
(0.00820585 -0.0428827 0)
(0.00115346 -0.0323549 0)
(0.106685 1.07515 0)
(0.313752 1.1918 0)
(0.510901 1.09356 0)
(0.665296 0.949432 0)
(0.769977 0.766361 0)
(0.822372 0.55604 0)
(0.825316 0.333705 0)
(0.783509 0.115204 0)
(0.705634 -0.0819436 0)
(0.606331 -0.243898 0)
(0.498541 -0.360885 0)
(0.393111 -0.430394 0)
(0.299413 -0.458467 0)
(0.22087 -0.457573 0)
(0.15655 -0.440934 0)
(0.103985 -0.417343 0)
(0.0624548 -0.38763 0)
(0.0328204 -0.350738 0)
(0.0153263 -0.307956 0)
(0.00821772 -0.265382 0)
(0.00729385 -0.230555 0)
(0.00815916 -0.207131 0)
(0.00850756 -0.191757 0)
(0.00849532 -0.176997 0)
(0.00921279 -0.157639 0)
(0.0111068 -0.134789 0)
(0.0133749 -0.114069 0)
(0.0148232 -0.0997929 0)
(0.0152934 -0.0905947 0)
(0.0157231 -0.0810979 0)
(0.0172209 -0.0676365 0)
(0.0201056 -0.0520164 0)
(0.0236606 -0.0395277 0)
(0.0269341 -0.0332716 0)
(0.0294167 -0.0308667 0)
(0.0313522 -0.0267984 0)
(0.0331369 -0.0185823 0)
(0.034768 -0.00980443 0)
(0.0357769 -0.00669368 0)
(0.0346815 -0.011231 0)
(0.0299477 -0.0193361 0)
(0.0214508 -0.0254278 0)
(0.0125529 -0.0273757 0)
(0.00285752 -0.0236687 0)
(0.0642171 0.735764 0)
(0.197369 0.827305 0)
(0.329715 0.777809 0)
(0.445531 0.700443 0)
(0.538942 0.595945 0)
(0.604487 0.468925 0)
(0.639838 0.327461 0)
(0.644913 0.181901 0)
(0.621993 0.0432147 0)
(0.576227 -0.0790818 0)
(0.517201 -0.177773 0)
(0.452854 -0.249559 0)
(0.38757 -0.295282 0)
(0.325923 -0.319069 0)
(0.270294 -0.326508 0)
(0.22165 -0.322561 0)
(0.18074 -0.310353 0)
(0.148062 -0.29181 0)
(0.123383 -0.268865 0)
(0.105631 -0.244264 0)
(0.0928926 -0.220959 0)
(0.0831544 -0.200738 0)
(0.0751251 -0.183303 0)
(0.0682794 -0.166844 0)
(0.0623687 -0.149749 0)
(0.058008 -0.132021 0)
(0.0550612 -0.115128 0)
(0.0523469 -0.100559 0)
(0.0496405 -0.0883994 0)
(0.0471768 -0.0773901 0)
(0.0452383 -0.0662926 0)
(0.0438553 -0.0551551 0)
(0.042706 -0.0451207 0)
(0.0414978 -0.0370725 0)
(0.0400206 -0.0305971 0)
(0.0383424 -0.0243252 0)
(0.0367003 -0.0175272 0)
(0.0350067 -0.0111101 0)
(0.0328937 -0.00689508 0)
(0.0297373 -0.00578939 0)
(0.0249792 -0.00692542 0)
(0.0184034 -0.00864922 0)
(0.0111151 -0.00982579 0)
(0.00307228 -0.00892278 0)
(0.0399177 0.487636 0)
(0.126591 0.552027 0)
(0.213905 0.5251 0)
(0.294131 0.48222 0)
(0.363589 0.423122 0)
(0.418593 0.349691 0)
(0.457128 0.265707 0)
(0.477825 0.176432 0)
(0.480558 0.087736 0)
(0.467629 0.00532756 0)
(0.442603 -0.0665816 0)
(0.410124 -0.125154 0)
(0.373941 -0.169425 0)
(0.335889 -0.200047 0)
(0.298382 -0.21875 0)
(0.263097 -0.227681 0)
(0.231131 -0.228864 0)
(0.20307 -0.224039 0)
(0.17901 -0.214761 0)
(0.158767 -0.202545 0)
(0.141751 -0.188799 0)
(0.127179 -0.174577 0)
(0.114557 -0.160381 0)
(0.103594 -0.146226 0)
(0.0940807 -0.131986 0)
(0.0858711 -0.117754 0)
(0.0787416 -0.103953 0)
(0.0723868 -0.0910611 0)
(0.066631 -0.0792902 0)
(0.0614315 -0.0684994 0)
(0.056703 -0.0583797 0)
(0.0523131 -0.0488057 0)
(0.0481331 -0.0398806 0)
(0.044084 -0.0317466 0)
(0.0401909 -0.0243602 0)
(0.0364903 -0.0175007 0)
(0.0329797 -0.0110519 0)
(0.0295697 -0.00523888 0)
(0.0260894 -0.000527412 0)
(0.0223182 0.0027504 0)
(0.0180646 0.00466738 0)
(0.0132143 0.00558965 0)
(0.00802429 0.0059549 0)
(0.00233538 0.00532544 0)
(0.0249315 0.30502 0)
(0.0806422 0.346308 0)
(0.137021 0.331131 0)
(0.19007 0.307181 0)
(0.237602 0.274314 0)
(0.277573 0.233398 0)
(0.308867 0.186099 0)
(0.330505 0.134805 0)
(0.342682 0.082282 0)
(0.345445 0.0314984 0)
(0.339541 -0.0153047 0)
(0.326898 -0.0562871 0)
(0.309789 -0.0902928 0)
(0.290058 -0.116932 0)
(0.268637 -0.136394 0)
(0.246713 -0.149287 0)
(0.225241 -0.156432 0)
(0.20487 -0.158724 0)
(0.185969 -0.157055 0)
(0.168687 -0.152284 0)
(0.152992 -0.145206 0)
(0.138757 -0.136505 0)
(0.125901 -0.126716 0)
(0.114342 -0.116228 0)
(0.103947 -0.105326 0)
(0.0945657 -0.0942591 0)
(0.0860492 -0.0832792 0)
(0.0782708 -0.0726214 0)
(0.0711261 -0.0624542 0)
(0.0645359 -0.0528479 0)
(0.0584273 -0.043807 0)
(0.0526946 -0.0352942 0)
(0.0472484 -0.0272905 0)
(0.0420862 -0.0198054 0)
(0.0372411 -0.0128391 0)
(0.0327207 -0.00638426 0)
(0.0284978 -0.000459689 0)
(0.0245139 0.0048532 0)
(0.0206916 0.00942293 0)
(0.0169476 0.0131304 0)
(0.0132046 0.0159342 0)
(0.00941504 0.0178798 0)
(0.00573326 0.019076 0)
(0.00145082 0.0170649 0)
(0.0161713 0.176366 0)
(0.0528414 0.200191 0)
(0.0901357 0.191599 0)
(0.125736 0.178296 0)
(0.158288 0.160283 0)
(0.186728 0.137998 0)
(0.210566 0.11219 0)
(0.229164 0.0839309 0)
(0.242264 0.054493 0)
(0.249864 0.0250419 0)
(0.252261 -0.00300028 0)
(0.250034 -0.0286347 0)
(0.243893 -0.0510888 0)
(0.234838 -0.0698467 0)
(0.223715 -0.0846903 0)
(0.211137 -0.0956398 0)
(0.197737 -0.102901 0)
(0.18405 -0.106805 0)
(0.170474 -0.107754 0)
(0.157283 -0.106186 0)
(0.144651 -0.102543 0)
(0.132684 -0.0972515 0)
(0.121443 -0.0906994 0)
(0.11095 -0.0832311 0)
(0.101198 -0.0751448 0)
(0.0921541 -0.066697 0)
(0.0837541 -0.0581049 0)
(0.0759371 -0.049553 0)
(0.0686478 -0.0411878 0)
(0.0618398 -0.0331137 0)
(0.0554637 -0.0253978 0)
(0.0494887 -0.0180823 0)
(0.0438785 -0.0111682 0)
(0.0386112 -0.00468552 0)
(0.0336992 0.00135265 0)
(0.0291356 0.00692864 0)
(0.0249016 0.0120147 0)
(0.0209671 0.0165691 0)
(0.0172922 0.0205391 0)
(0.013833 0.0238724 0)
(0.0105312 0.0265317 0)
(0.0073335 0.0285022 0)
(0.0045121 0.0297921 0)
(0.000857578 0.026365 0)
(0.0116586 0.0933814 0)
(0.0380505 0.105603 0)
(0.0651061 0.10063 0)
(0.0910201 0.0930891 0)
(0.115017 0.0830221 0)
(0.136473 0.0706687 0)
(0.155155 0.0563931 0)
(0.170612 0.040706 0)
(0.182593 0.0242163 0)
(0.191159 0.00756356 0)
(0.196259 -0.00858239 0)
(0.197979 -0.0236593 0)
(0.19676 -0.0371724 0)
(0.193091 -0.0487537 0)
(0.187408 -0.0581658 0)
(0.180085 -0.0652987 0)
(0.171567 -0.0701571 0)
(0.16224 -0.0728396 0)
(0.152429 -0.0735138 0)
(0.142398 -0.0723952 0)
(0.13236 -0.0697272 0)
(0.122478 -0.065765 0)
(0.112879 -0.060763 0)
(0.10365 -0.054964 0)
(0.0948354 -0.0485922 0)
(0.0864615 -0.0418494 0)
(0.0785469 -0.0349128 0)
(0.0710914 -0.0279334 0)
(0.0640797 -0.0210358 0)
(0.0574878 -0.0143186 0)
(0.051302 -0.00785605 0)
(0.0455472 -0.00169736 0)
(0.0401769 0.00410873 0)
(0.0351354 0.00953972 0)
(0.0304441 0.0145738 0)
(0.0261005 0.0191918 0)
(0.0220905 0.023373 0)
(0.018393 0.0270933 0)
(0.014983 0.0303256 0)
(0.0118331 0.0330424 0)
(0.00889029 0.0352198 0)
(0.00610079 0.0368416 0)
(0.00378855 0.0379039 0)
(0.00053622 0.0332919 0)
(0.00913106 0.0401761 0)
(0.0296288 0.0449726 0)
(0.0507006 0.0420809 0)
(0.0708076 0.0378067 0)
(0.0896222 0.0321889 0)
(0.106679 0.0253583 0)
(0.121837 0.0175053 0)
(0.134768 0.00889734 0)
(0.145259 -0.000139527 0)
(0.153209 -0.00925195 0)
(0.158653 -0.0181939 0)
(0.161708 -0.0265226 0)
(0.162507 -0.0339568 0)
(0.161197 -0.0402648 0)
(0.158098 -0.0452765 0)
(0.153549 -0.0488906 0)
(0.147778 -0.0510737 0)
(0.141046 -0.0518524 0)
(0.133609 -0.0513029 0)
(0.125693 -0.0495404 0)
(0.117497 -0.0467078 0)
(0.109188 -0.042965 0)
(0.100912 -0.0384792 0)
(0.0927873 -0.0334174 0)
(0.0848751 -0.0279392 0)
(0.0772372 -0.0221932 0)
(0.0699501 -0.0163142 0)
(0.0630403 -0.0104192 0)
(0.0565116 -0.00460727 0)
(0.0503702 0.00104036 0)
(0.044642 0.0064644 0)
(0.0393261 0.0116384 0)
(0.0343851 0.0164648 0)
(0.029801 0.0209527 0)
(0.0255745 0.0250799 0)
(0.0217003 0.0288295 0)
(0.0181642 0.0321884 0)
(0.0149473 0.0351432 0)
(0.0120279 0.0376805 0)
(0.00938335 0.0397867 0)
(0.00696836 0.041449 0)
(0.00475271 0.0426607 0)
(0.00300146 0.0434305 0)
(0.000310684 0.037994 0)
(0.0071609 0.00432729 0)
(0.0233239 0.00420446 0)
(0.039709 0.00261436 0)
(0.0553422 0.000394715 0)
(0.0701251 -0.00244013 0)
(0.0836162 -0.00584338 0)
(0.0957021 -0.00972537 0)
(0.106132 -0.0139455 0)
(0.114718 -0.0183269 0)
(0.12132 -0.0227882 0)
(0.126066 -0.0269434 0)
(0.129054 -0.0306975 0)
(0.130229 -0.0338878 0)
(0.129677 -0.0363733 0)
(0.127603 -0.0380469 0)
(0.124233 -0.0388446 0)
(0.119747 -0.0387385 0)
(0.114343 -0.0377391 0)
(0.108226 -0.0358902 0)
(0.101585 -0.0332634 0)
(0.0945948 -0.0299512 0)
(0.0874136 -0.0260598 0)
(0.0801803 -0.0217024 0)
(0.0730133 -0.0169944 0)
(0.0660107 -0.0120492 0)
(0.0592329 -0.00697346 0)
(0.0527564 -0.00186492 0)
(0.0466551 0.00319022 0)
(0.0409335 0.00811707 0)
(0.0356145 0.012852 0)
(0.030757 0.0174064 0)
(0.026275 0.0216871 0)
(0.0221566 0.0256294 0)
(0.0184775 0.0292494 0)
(0.0152054 0.0325373 0)
(0.0123268 0.0354844 0)
(0.0098247 0.0380853 0)
(0.00767436 0.0403359 0)
(0.00584816 0.0422315 0)
(0.00431854 0.0437674 0)
(0.00304605 0.0449382 0)
(0.00204127 0.0457443 0)
(0.00144886 0.0462137 0)
(-8.18981e-05 0.0403549 0)
(0.00526573 -0.0193657 0)
(0.0172963 -0.022614 0)
(0.0290452 -0.0233681 0)
(0.0402351 -0.0242413 0)
(0.0509544 -0.02525 0)
(0.0606749 -0.0263979 0)
(0.0693194 -0.0276949 0)
(0.0767016 -0.0291389 0)
(0.0825708 -0.0305703 0)
(0.0870959 -0.0317414 0)
(0.0902516 -0.0326288 0)
(0.0917745 -0.0332287 0)
(0.0918254 -0.0334487 0)
(0.090497 -0.0332157 0)
(0.0879368 -0.0324765 0)
(0.0843381 -0.0312009 0)
(0.0798487 -0.0293799 0)
(0.0746291 -0.0270252 0)
(0.0688569 -0.0241709 0)
(0.0627121 -0.0208688 0)
(0.0563526 -0.017184 0)
(0.0499162 -0.0131899 0)
(0.0435338 -0.00896433 0)
(0.0373159 -0.00458611 0)
(0.0313502 -0.000132696 0)
(0.0257054 0.00432235 0)
(0.0204329 0.00871211 0)
(0.0155761 0.0129761 0)
(0.0112077 0.0170903 0)
(0.00745933 0.0210607 0)
(0.00423469 0.0247065 0)
(0.00133912 0.0280237 0)
(-0.00109464 0.0310836 0)
(-0.00296614 0.0338519 0)
(-0.00435159 0.0363235 0)
(-0.00528701 0.0384983 0)
(-0.0057981 0.0403775 0)
(-0.00591503 0.0419629 0)
(-0.00567144 0.0432559 0)
(-0.00510217 0.0442562 0)
(-0.00424395 0.0449624 0)
(-0.00303672 0.0453762 0)
(-0.00145817 0.0455426 0)
(-0.00087337 0.039746 0)
(0.00319399 -0.0334106 0)
(0.0107524 -0.0383437 0)
(0.0173984 -0.0385756 0)
(0.0237081 -0.0385858 0)
(0.029833 -0.0384483 0)
(0.0350617 -0.0382125 0)
(0.0392532 -0.0378013 0)
(0.0424674 -0.0371181 0)
(0.044901 -0.0362703 0)
(0.0462325 -0.0351335 0)
(0.0461566 -0.0338715 0)
(0.0448357 -0.0323715 0)
(0.0424283 -0.030609 0)
(0.0390526 -0.0285689 0)
(0.0347776 -0.0262423 0)
(0.0297395 -0.0236254 0)
(0.0241426 -0.020729 0)
(0.0181282 -0.017574 0)
(0.0118648 -0.0141904 0)
(0.00554322 -0.0106187 0)
(-0.00069574 -0.00690472 0)
(-0.00674066 -0.00309955 0)
(-0.0124785 0.000744316 0)
(-0.0178002 0.00457555 0)
(-0.02261 0.00834639 0)
(-0.0268375 0.012013 0)
(-0.0304283 0.0155426 0)
(-0.0333006 0.0189229 0)
(-0.0353863 0.0220958 0)
(-0.0368992 0.0249898 0)
(-0.037861 0.027593 0)
(-0.0380547 0.0299466 0)
(-0.0375303 0.032094 0)
(-0.03639 0.033997 0)
(-0.0346982 0.0356567 0)
(-0.0325028 0.0370787 0)
(-0.0298456 0.0382674 0)
(-0.0267666 0.0392267 0)
(-0.0233057 0.0399586 0)
(-0.0195031 0.0404624 0)
(-0.0153929 0.040734 0)
(-0.0108635 0.0407717 0)
(-0.00596272 0.0406264 0)
(-0.00217175 0.0354407 0)
(0.000773344 -0.0393566 0)
(0.00314727 -0.0448087 0)
(0.00384468 -0.04466 0)
(0.00455043 -0.0439988 0)
(0.00522829 -0.0429536 0)
(0.0052779 -0.0415836 0)
(0.00475995 -0.0398609 0)
(0.00332459 -0.037747 0)
(0.00086351 -0.0353665 0)
(-0.00248753 -0.0329093 0)
(-0.00672991 -0.0302903 0)
(-0.0117816 -0.0275051 0)
(-0.0175108 -0.0245741 0)
(-0.0237668 -0.0215135 0)
(-0.0304558 -0.0183413 0)
(-0.0375022 -0.0150731 0)
(-0.0447368 -0.0117309 0)
(-0.0519839 -0.00834429 0)
(-0.0590913 -0.00494322 0)
(-0.0659272 -0.00155946 0)
(-0.0723692 0.00177418 0)
(-0.0782693 0.00502245 0)
(-0.0835047 0.00815039 0)
(-0.0879722 0.0111265 0)
(-0.0915845 0.0139248 0)
(-0.0942628 0.0165276 0)
(-0.095939 0.0189207 0)
(-0.0966391 0.0210827 0)
(-0.0964239 0.0229946 0)
(-0.0952039 0.0246067 0)
(-0.0929305 0.0260719 0)
(-0.0896721 0.0273673 0)
(-0.0854908 0.0284747 0)
(-0.0804776 0.0294113 0)
(-0.074736 0.0301938 0)
(-0.0683656 0.0308327 0)
(-0.0614556 0.0313344 0)
(-0.0540923 0.0316994 0)
(-0.0463515 0.0319211 0)
(-0.0382872 0.0319853 0)
(-0.0299289 0.0318714 0)
(-0.0211088 0.0315612 0)
(-0.0118742 0.0311016 0)
(-0.00392249 0.0270557 0)
(-0.00187355 -0.0380221 0)
(-0.00513862 -0.0430193 0)
(-0.0108345 -0.0426635 0)
(-0.0161446 -0.0415251 0)
(-0.0214167 -0.0397871 0)
(-0.0273027 -0.0375362 0)
(-0.0337236 -0.0349251 0)
(-0.040776 -0.0321214 0)
(-0.0484232 -0.0290881 0)
(-0.0565237 -0.0258993 0)
(-0.0649803 -0.0226047 0)
(-0.0737081 -0.0192427 0)
(-0.0826236 -0.0158452 0)
(-0.0916132 -0.01244 0)
(-0.100546 -0.00905704 0)
(-0.109328 -0.00572424 0)
(-0.117879 -0.00246835 0)
(-0.126064 0.00068031 0)
(-0.133769 0.00368952 0)
(-0.140905 0.00652988 0)
(-0.147347 0.00917328 0)
(-0.152974 0.0115923 0)
(-0.157681 0.0137626 0)
(-0.161371 0.0156655 0)
(-0.163957 0.0172843 0)
(-0.165368 0.0186178 0)
(-0.16556 0.0196606 0)
(-0.164487 0.0204005 0)
(-0.162121 0.0208875 0)
(-0.158421 0.0211965 0)
(-0.153378 0.0213078 0)
(-0.147041 0.0212594 0)
(-0.139459 0.02109 0)
(-0.130691 0.0208393 0)
(-0.120826 0.0205454 0)
(-0.109988 0.0202385 0)
(-0.0983342 0.0199386 0)
(-0.0860345 0.0196511 0)
(-0.0732515 0.0193617 0)
(-0.0601239 0.0190314 0)
(-0.0467484 0.0186024 0)
(-0.0329411 0.0180085 0)
(-0.0186952 0.0172599 0)
(-0.00596892 0.0147703 0)
(-0.00466961 -0.0306878 0)
(-0.0140874 -0.034532 0)
(-0.0267239 -0.0341143 0)
(-0.0385858 -0.0327169 0)
(-0.0503593 -0.0306443 0)
(-0.062556 -0.0280905 0)
(-0.0748761 -0.025218 0)
(-0.0872301 -0.0221685 0)
(-0.0994827 -0.0189982 0)
(-0.111491 -0.0157595 0)
(-0.12315 -0.012489 0)
(-0.134396 -0.0092134 0)
(-0.145201 -0.00595995 0)
(-0.155534 -0.0027589 0)
(-0.165357 0.00035515 0)
(-0.17464 0.00334422 0)
(-0.183354 0.00617333 0)
(-0.191438 0.00880928 0)
(-0.198851 0.0112155 0)
(-0.205543 0.0133573 0)
(-0.211423 0.0152035 0)
(-0.216409 0.0167255 0)
(-0.22042 0.0179015 0)
(-0.223379 0.0187172 0)
(-0.225201 0.019163 0)
(-0.225807 0.0192419 0)
(-0.225132 0.0189613 0)
(-0.223108 0.0183538 0)
(-0.219663 0.0174433 0)
(-0.214737 0.0162791 0)
(-0.208269 0.0149003 0)
(-0.200219 0.0133579 0)
(-0.19057 0.0117102 0)
(-0.179318 0.010023 0)
(-0.166488 0.00836538 0)
(-0.152158 0.00680626 0)
(-0.136469 0.00540525 0)
(-0.119618 0.00420461 0)
(-0.101854 0.00321518 0)
(-0.0834511 0.00239785 0)
(-0.0646934 0.0016639 0)
(-0.045517 0.00086023 0)
(-0.0259174 -0.000100281 0)
(-0.00814682 -0.000766378 0)
(-0.00769871 -0.0187308 0)
(-0.0239236 -0.0209328 0)
(-0.0442078 -0.0204716 0)
(-0.063237 -0.019024 0)
(-0.0817108 -0.0170155 0)
(-0.0998968 -0.014746 0)
(-0.117166 -0.0123308 0)
(-0.133371 -0.00985925 0)
(-0.148361 -0.00733608 0)
(-0.162111 -0.00476679 0)
(-0.174673 -0.00215363 0)
(-0.18614 0.000496349 0)
(-0.196619 0.00316165 0)
(-0.206207 0.00580459 0)
(-0.214989 0.0083778 0)
(-0.223032 0.010832 0)
(-0.23038 0.0131169 0)
(-0.237046 0.0151841 0)
(-0.243039 0.0169875 0)
(-0.248349 0.018481 0)
(-0.252935 0.0196246 0)
(-0.256754 0.0203829 0)
(-0.259753 0.0207291 0)
(-0.261874 0.0206451 0)
(-0.263048 0.0201323 0)
(-0.263204 0.0191836 0)
(-0.26227 0.01781 0)
(-0.260163 0.016036 0)
(-0.25679 0.0138897 0)
(-0.252051 0.0114113 0)
(-0.245832 0.00864733 0)
(-0.238008 0.00565125 0)
(-0.228459 0.00248799 0)
(-0.217061 -0.000764395 0)
(-0.2037 -0.00401411 0)
(-0.188293 -0.00715634 0)
(-0.170815 -0.0100799 0)
(-0.151325 -0.0126753 0)
(-0.130001 -0.0148493 0)
(-0.107148 -0.0165701 0)
(-0.0832857 -0.0178651 0)
(-0.058584 -0.0189652 0)
(-0.0333638 -0.020038 0)
(-0.0103859 -0.0187286 0)
(-0.0113256 -0.00267672 0)
(-0.0355502 -0.0028792 0)
(-0.064459 -0.00257387 0)
(-0.0910647 -0.00177937 0)
(-0.11538 -0.000720579 0)
(-0.137802 0.000253971 0)
(-0.157494 0.00124684 0)
(-0.174648 0.00227615 0)
(-0.189343 0.00344194 0)
(-0.201864 0.00478766 0)
(-0.212541 0.00633167 0)
(-0.22169 0.00806246 0)
(-0.229576 0.00994614 0)
(-0.236425 0.0119174 0)
(-0.242415 0.0139016 0)
(-0.247682 0.0158279 0)
(-0.252325 0.0176261 0)
(-0.256409 0.019227 0)
(-0.259976 0.0205706 0)
(-0.263045 0.0215953 0)
(-0.265619 0.0222511 0)
(-0.267689 0.0224946 0)
(-0.269233 0.0222915 0)
(-0.270216 0.0216213 0)
(-0.270604 0.0204732 0)
(-0.270356 0.0188419 0)
(-0.269412 0.0167316 0)
(-0.267698 0.0141576 0)
(-0.265134 0.0111386 0)
(-0.261616 0.0077018 0)
(-0.257008 0.00388118 0)
(-0.251144 -0.000284379 0)
(-0.243829 -0.00474525 0)
(-0.234826 -0.00943647 0)
(-0.223862 -0.0142734 0)
(-0.210633 -0.0191466 0)
(-0.194828 -0.0239219 0)
(-0.176159 -0.0284386 0)
(-0.154454 -0.0324961 0)
(-0.129662 -0.0359308 0)
(-0.102331 -0.0385232 0)
(-0.0725243 -0.0404999 0)
(-0.0415051 -0.0417525 0)
(-0.0128937 -0.0384559 0)
(-0.0163703 0.0173156 0)
(-0.050435 0.0189093 0)
(-0.0881968 0.0183753 0)
(-0.121485 0.0170301 0)
(-0.148742 0.0157974 0)
(-0.171855 0.014282 0)
(-0.190088 0.0129738 0)
(-0.20453 0.0119476 0)
(-0.21567 0.0113731 0)
(-0.2242 0.0112852 0)
(-0.230706 0.011676 0)
(-0.23566 0.0124809 0)
(-0.239422 0.0136359 0)
(-0.242274 0.0150215 0)
(-0.244419 0.0165277 0)
(-0.246009 0.0180555 0)
(-0.24716 0.0195145 0)
(-0.24795 0.020816 0)
(-0.248438 0.0218876 0)
(-0.248665 0.022654 0)
(-0.248662 0.0230572 0)
(-0.248453 0.0230484 0)
(-0.24805 0.022587 0)
(-0.247462 0.0216522 0)
(-0.246691 0.0202155 0)
(-0.245741 0.018279 0)
(-0.244596 0.015836 0)
(-0.243226 0.0128923 0)
(-0.241593 0.00945405 0)
(-0.239632 0.00553136 0)
(-0.237241 0.00113686 0)
(-0.234275 -0.00371736 0)
(-0.230538 -0.00901491 0)
(-0.225758 -0.0147292 0)
(-0.219579 -0.0208185 0)
(-0.211537 -0.0272176 0)
(-0.201057 -0.0338309 0)
(-0.187428 -0.040526 0)
(-0.169927 -0.0470507 0)
(-0.147618 -0.0531724 0)
(-0.12067 -0.0582503 0)
(-0.0876734 -0.0625 0)
(-0.0516224 -0.0645273 0)
(-0.0164087 -0.0597658 0)
(-0.0241095 0.0416398 0)
(-0.0701103 0.043281 0)
(-0.114148 0.0404286 0)
(-0.150744 0.0347104 0)
(-0.175609 0.0298067 0)
(-0.194593 0.024912 0)
(-0.207157 0.020916 0)
(-0.215652 0.0177414 0)
(-0.220865 0.0155167 0)
(-0.223767 0.014176 0)
(-0.22502 0.0136359 0)
(-0.22509 0.0137257 0)
(-0.224298 0.0143623 0)
(-0.222894 0.0153474 0)
(-0.221023 0.0165427 0)
(-0.2188 0.0178255 0)
(-0.216317 0.0190929 0)
(-0.213646 0.0202424 0)
(-0.210847 0.0211954 0)
(-0.207974 0.0218694 0)
(-0.205083 0.022203 0)
(-0.202233 0.0221465 0)
(-0.199474 0.0216555 0)
(-0.196864 0.0207096 0)
(-0.194458 0.0192776 0)
(-0.192311 0.0173583 0)
(-0.190472 0.0149389 0)
(-0.188974 0.0120188 0)
(-0.18785 0.00859374 0)
(-0.187105 0.00465826 0)
(-0.186718 0.000204247 0)
(-0.186623 -0.0047842 0)
(-0.186703 -0.0103295 0)
(-0.186758 -0.0164554 0)
(-0.186479 -0.0231844 0)
(-0.1854 -0.0305351 0)
(-0.182867 -0.0385115 0)
(-0.177893 -0.0471193 0)
(-0.169342 -0.0561794 0)
(-0.155048 -0.0656256 0)
(-0.13469 -0.0743793 0)
(-0.102851 -0.0830511 0)
(-0.0653945 -0.0872888 0)
(-0.0222436 -0.0831356 0)
(-0.0356539 0.0709643 0)
(-0.0948444 0.0679841 0)
(-0.137339 0.0606377 0)
(-0.171068 0.0482593 0)
(-0.186694 0.0389628 0)
(-0.196894 0.0306049 0)
(-0.200646 0.024268 0)
(-0.201465 0.0194308 0)
(-0.199987 0.0160636 0)
(-0.197165 0.0139265 0)
(-0.193475 0.0128228 0)
(-0.189193 0.0125462 0)
(-0.184475 0.0128847 0)
(-0.179455 0.0136479 0)
(-0.174169 0.01467 0)
(-0.168661 0.0158153 0)
(-0.162981 0.0169803 0)
(-0.157181 0.0180585 0)
(-0.151318 0.0189735 0)
(-0.145458 0.0196432 0)
(-0.139684 0.0200075 0)
(-0.13409 0.020021 0)
(-0.128771 0.0196391 0)
(-0.123836 0.0188455 0)
(-0.119395 0.017609 0)
(-0.115564 0.0159277 0)
(-0.11246 0.0137862 0)
(-0.110187 0.0111803 0)
(-0.108858 0.00809977 0)
(-0.108564 0.00452923 0)
(-0.109385 0.000446644 0)
(-0.111368 -0.00418417 0)
(-0.114529 -0.0094164 0)
(-0.118819 -0.0153176 0)
(-0.1241 -0.0219715 0)
(-0.13008 -0.0294875 0)
(-0.136283 -0.037993 0)
(-0.141754 -0.0477104 0)
(-0.145452 -0.0586528 0)
(-0.144074 -0.0712438 0)
(-0.137628 -0.0841619 0)
(-0.113689 -0.0994259 0)
(-0.0835053 -0.108026 0)
(-0.0315907 -0.109497 0)
(-0.0503286 0.105453 0)
(-0.121552 0.0894143 0)
(-0.148323 0.0754479 0)
(-0.171492 0.0552517 0)
(-0.171652 0.042054 0)
(-0.170255 0.031142 0)
(-0.164179 0.0234515 0)
(-0.157581 0.0178227 0)
(-0.15034 0.0140158 0)
(-0.143081 0.0116187 0)
(-0.135844 0.0103442 0)
(-0.128624 0.00996837 0)
(-0.121336 0.0101915 0)
(-0.113932 0.0108476 0)
(-0.106343 0.011765 0)
(-0.0985334 0.0128109 0)
(-0.0905091 0.0138925 0)
(-0.0823009 0.0149098 0)
(-0.0739649 0.0157954 0)
(-0.0655859 0.0164744 0)
(-0.0572695 0.0168927 0)
(-0.0491498 0.0170125 0)
(-0.0413627 0.0167924 0)
(-0.0340708 0.0162216 0)
(-0.0274351 0.0152715 0)
(-0.02163 0.0139411 0)
(-0.0168333 0.0122156 0)
(-0.0132173 0.0100895 0)
(-0.0109669 0.00755138 0)
(-0.0102538 0.00458185 0)
(-0.0112569 0.00115327 0)
(-0.0141385 -0.00277925 0)
(-0.0190601 -0.00728428 0)
(-0.0261528 -0.0124544 0)
(-0.0355162 -0.0184115 0)
(-0.0471392 -0.0253312 0)
(-0.0609387 -0.0334375 0)
(-0.0762958 -0.0431676 0)
(-0.0929344 -0.0547635 0)
(-0.106905 -0.0693577 0)
(-0.120418 -0.0857063 0)
(-0.111891 -0.108552 0)
(-0.103438 -0.123596 0)
(-0.0437637 -0.139433 0)
(-0.0633142 0.143568 0)
(-0.14175 0.103249 0)
(-0.1343 0.0817236 0)
(-0.140316 0.0547552 0)
(-0.121823 0.0393762 0)
(-0.108897 0.0275444 0)
(-0.0943663 0.019755 0)
(-0.0823257 0.0142636 0)
(-0.0714521 0.0106691 0)
(-0.0618483 0.00845523 0)
(-0.0530222 0.00730825 0)
(-0.044655 0.00697112 0)
(-0.0364183 0.0071838 0)
(-0.0280937 0.0077719 0)
(-0.0195224 0.00858821 0)
(-0.0106081 0.009517 0)
(-0.00132026 0.0104837 0)
(0.00832494 0.0114032 0)
(0.018268 0.0122204 0)
(0.0284063 0.0128733 0)
(0.0386103 0.0133165 0)
(0.0487112 0.0135215 0)
(0.0585362 0.0134521 0)
(0.0678787 0.0131032 0)
(0.076535 0.01245 0)
(0.0842835 0.0114933 0)
(0.0908983 0.0102205 0)
(0.0961565 0.00862634 0)
(0.0998155 0.00670129 0)
(0.101644 0.00442671 0)
(0.101384 0.0017759 0)
(0.0987834 -0.0012944 0)
(0.0935576 -0.00485279 0)
(0.0854139 -0.0089956 0)
(0.0740241 -0.0138536 0)
(0.0590983 -0.0196271 0)
(0.0402476 -0.0265797 0)
(0.0175959 -0.035283 0)
(-0.0098603 -0.0461435 0)
(-0.0381469 -0.0609407 0)
(-0.0739154 -0.0788444 0)
(-0.0863095 -0.108013 0)
(-0.117384 -0.130374 0)
(-0.0537839 -0.17188 0)
(-0.0635782 0.180925 0)
(-0.140761 0.105899 0)
(-0.0821018 0.0779169 0)
(-0.0682204 0.0477354 0)
(-0.0324309 0.0325151 0)
(-0.0108498 0.0215442 0)
(0.00897077 0.0147502 0)
(0.0235471 0.0101092 0)
(0.0354924 0.00716533 0)
(0.045229 0.00539686 0)
(0.0537241 0.00451618 0)
(0.0615607 0.0042876 0)
(0.0692558 0.00450074 0)
(0.0771413 0.00500555 0)
(0.0854364 0.00568785 0)
(0.0942726 0.0064566 0)
(0.1037 0.00725815 0)
(0.113712 0.00802654 0)
(0.124243 0.00872041 0)
(0.135179 0.00929322 0)
(0.14637 0.00970923 0)
(0.157623 0.00994916 0)
(0.168741 0.00998392 0)
(0.179487 0.00981208 0)
(0.189631 0.00941405 0)
(0.19892 0.00879156 0)
(0.207101 0.00793508 0)
(0.213919 0.00684078 0)
(0.219102 0.00550116 0)
(0.222381 0.00390154 0)
(0.223454 0.00202006 0)
(0.222015 -0.000178621 0)
(0.217701 -0.00275237 0)
(0.210111 -0.00578495 0)
(0.198748 -0.00939167 0)
(0.183088 -0.0137586 0)
(0.162328 -0.0191317 0)
(0.136123 -0.0260979 0)
(0.102071 -0.0351149 0)
(0.0636919 -0.0482788 0)
(0.00848039 -0.065299 0)
(-0.0257489 -0.0971377 0)
(-0.111517 -0.125656 0)
(-0.0505163 -0.202931 0)
(-0.033507 0.209898 0)
(-0.0991404 0.0961171 0)
(0.0180728 0.0649675 0)
(0.0492683 0.0365527 0)
(0.0965999 0.0236782 0)
(0.122229 0.0149307 0)
(0.143472 0.00978469 0)
(0.157688 0.00636166 0)
(0.168462 0.00424774 0)
(0.176591 0.00300697 0)
(0.183344 0.00241403 0)
(0.189456 0.00228654 0)
(0.195542 0.00247242 0)
(0.201983 0.00286062 0)
(0.209018 0.00337254 0)
(0.216789 0.00394385 0)
(0.225351 0.00454023 0)
(0.234702 0.00511547 0)
(0.244777 0.00564158 0)
(0.255454 0.00608703 0)
(0.26658 0.00642613 0)
(0.277953 0.00664737 0)
(0.289366 0.00672919 0)
(0.300573 0.00667238 0)
(0.311339 0.00646262 0)
(0.321402 0.00610177 0)
(0.330505 0.00558322 0)
(0.338387 0.00490475 0)
(0.344768 0.00406073 0)
(0.349377 0.00304124 0)
(0.351899 0.00183062 0)
(0.352016 0.000403758 0)
(0.349339 -0.00128159 0)
(0.343424 -0.00328805 0)
(0.333697 -0.00570228 0)
(0.319508 -0.00867015 0)
(0.299798 -0.0123836 0)
(0.273917 -0.0173385 0)
(0.238374 -0.0239432 0)
(0.196038 -0.034158 0)
(0.128938 -0.0481451 0)
(0.077648 -0.077678 0)
(-0.0674828 -0.109069 0)
(-0.0167647 -0.225454 0)
(0.0487948 0.220386 0)
(0.00354756 0.0758529 0)
(0.169694 0.0462598 0)
(0.210849 0.0241627 0)
(0.261288 0.0149608 0)
(0.286132 0.00905644 0)
(0.30535 0.00570848 0)
(0.317094 0.0035344 0)
(0.325311 0.00221685 0)
(0.330942 0.00145667 0)
(0.335325 0.00110289 0)
(0.339213 0.00103712 0)
(0.343219 0.00116446 0)
(0.347708 0.00141488 0)
(0.352906 0.0017418 0)
(0.358942 0.00210504 0)
(0.365871 0.00248553 0)
(0.373692 0.00285481 0)
(0.382346 0.0031962 0)
(0.391721 0.00349123 0)
(0.401672 0.00372334 0)
(0.412011 0.0038869 0)
(0.422546 0.00396757 0)
(0.433046 0.00396685 0)
(0.443293 0.00387543 0)
(0.453045 0.00369463 0)
(0.462063 0.0034204 0)
(0.470107 0.00305125 0)
(0.476919 0.00258386 0)
(0.482253 0.00201198 0)
(0.485816 0.00132587 0)
(0.487315 0.000510041 0)
(0.486387 -0.000462003 0)
(0.482608 -0.0016304 0)
(0.475418 -0.00305055 0)
(0.464163 -0.00481881 0)
(0.447729 -0.00706232 0)
(0.425369 -0.010124 0)
(0.393131 -0.0143114 0)
(0.353245 -0.0210685 0)
(0.284664 -0.0308609 0)
(0.225852 -0.0535869 0)
(0.0340005 -0.0832359 0)
(0.0680276 -0.229978 0)
(0.204535 0.20256 0)
(0.183468 0.0494961 0)
(0.368951 0.0265471 0)
(0.410204 0.0131871 0)
(0.455092 0.00783666 0)
(0.475454 0.00462961 0)
(0.490439 0.00283672 0)
(0.498824 0.00170194 0)
(0.504208 0.00101783 0)
(0.507448 0.000625194 0)
(0.509708 0.000440113 0)
(0.511627 0.000401252 0)
(0.513722 0.000460575 0)
(0.516295 0.000582298 0)
(0.519532 0.00074427 0)
(0.523538 0.00092524 0)
(0.528361 0.00111658 0)
(0.534005 0.00130378 0)
(0.540426 0.00147854 0)
(0.547537 0.00163236 0)
(0.555223 0.00175604 0)
(0.563332 0.00184777 0)
(0.571713 0.00189943 0)
(0.580179 0.00191235 0)
(0.588557 0.00188136 0)
(0.59665 0.00180705 0)
(0.604268 0.00168742 0)
(0.611218 0.00152123 0)
(0.617292 0.00130711 0)
(0.622292 0.00104146 0)
(0.625982 0.000719179 0)
(0.628127 0.000332287 0)
(0.62843 -0.000132848 0)
(0.626544 -0.000697354 0)
(0.622001 -0.00139018 0)
(0.614247 -0.00226271 0)
(0.602309 -0.00338512 0)
(0.585527 -0.00494079 0)
(0.560235 -0.00712835 0)
(0.528098 -0.0107331 0)
(0.468812 -0.0163327 0)
(0.414266 -0.0299617 0)
(0.208251 -0.0529399 0)
(0.223069 -0.207324 0)
(0.447913 0.158459 0)
(0.447203 0.0245166 0)
(0.605554 0.0111062 0)
(0.637273 0.00544608 0)
(0.669499 0.00311199 0)
(0.683409 0.00183943 0)
(0.693398 0.00111449 0)
(0.698732 0.000670565 0)
(0.702001 0.000398849 0)
(0.703789 0.000241143 0)
(0.704891 0.000161524 0)
(0.705731 0.000136948 0)
(0.706653 0.00014995 0)
(0.707859 0.000186731 0)
(0.709476 0.000240116 0)
(0.711581 0.000301128 0)
(0.714211 0.000367032 0)
(0.717376 0.000432546 0)
(0.721055 0.000494205 0)
(0.725198 0.000549796 0)
(0.729742 0.000594871 0)
(0.734594 0.000629644 0)
(0.739664 0.000650419 0)
(0.744837 0.000658337 0)
(0.750009 0.000651082 0)
(0.755057 0.000627863 0)
(0.759862 0.000588946 0)
(0.764304 0.000533163 0)
(0.76825 0.000460224 0)
(0.771576 0.000368455 0)
(0.774128 0.000255764 0)
(0.775754 0.000119019 0)
(0.776261 -4.70103e-05 0)
(0.77542 -0.000250682 0)
(0.772916 -0.000503253 0)
(0.768378 -0.000825049 0)
(0.761127 -0.0012463 0)
(0.750717 -0.00183417 0)
(0.734481 -0.00269299 0)
(0.713526 -0.00409572 0)
(0.672573 -0.00650535 0)
(0.633353 -0.0122351 0)
(0.462213 -0.02571 0)
(0.461103 -0.160116 0)
(0.780462 0.0411053 0)
(0.787233 0.00444599 0)
(0.862138 0.00171091 0)
(0.875614 0.000852564 0)
(0.888922 0.000471786 0)
(0.894639 0.000283877 0)
(0.898788 0.000172417 0)
(0.901075 0.000106451 0)
(0.902537 6.49525e-05 0)
(0.903386 4.03995e-05 0)
(0.903921 2.6922e-05 0)
(0.904295 2.12752e-05 0)
(0.904635 2.1154e-05 0)
(0.905016 2.4467e-05 0)
(0.905489 3.04454e-05 0)
(0.906087 3.75776e-05 0)
(0.906829 4.55632e-05 0)
(0.907725 5.37247e-05 0)
(0.908773 6.14405e-05 0)
(0.909961 6.86438e-05 0)
(0.911276 7.44448e-05 0)
(0.912689 7.90781e-05 0)
(0.914176 8.18839e-05 0)
(0.915703 8.32081e-05 0)
(0.917238 8.26443e-05 0)
(0.918744 7.9698e-05 0)
(0.920181 7.47985e-05 0)
(0.921512 6.75832e-05 0)
(0.922692 5.80661e-05 0)
(0.92368 4.59476e-05 0)
(0.924421 3.08933e-05 0)
(0.924863 1.24337e-05 0)
(0.924935 -1.01905e-05 0)
(0.924554 -3.82397e-05 0)
(0.923603 -7.33632e-05 0)
(0.921945 -0.000118605 0)
(0.919311 -0.000178977 0)
(0.915537 -0.000263159 0)
(0.909546 -0.000391472 0)
(0.901792 -0.000594776 0)
(0.885885 -0.000984353 0)
(0.870449 -0.00184706 0)
(0.791423 -0.00460555 0)
(0.784769 -0.0413263 0)
)
;

boundaryField
{
    movingWall
    {
        type            fixedValue;
        value           uniform (1 0 0);
    }
    fixedWalls
    {
        type            noSlip;
    }
    frontAndBack
    {
        type            empty;
    }
    defaultFaces
    {
        type            empty;
    }
}


// ************************************************************************* //
