/*--------------------------------*- C++ -*----------------------------------*\
  =========                 |
  \\      /  F ield         | OpenFOAM: The Open Source CFD Toolbox
   \\    /   O peration     | Website:  https://openfoam.org
    \\  /    A nd           | Version:  7
     \\/     M anipulation  |
\*---------------------------------------------------------------------------*/
FoamFile
{
    version     2.0;
    format      ascii;
    class       surfaceScalarField;
    location    "0.01";
    object      phi;
}
// * * * * * * * * * * * * * * * * * * * * * * * * * * * * * * * * * * * * * //

dimensions      [0 3 -1 0 0 0 0];

internalField   nonuniform List<scalar> 
3784
(
-0.000245969
0.000245969
-0.000297336
5.13674e-05
-0.00013052
-0.000166816
9.05893e-05
-0.00022111
0.000188992
-9.84023e-05
0.000125254
6.37379e-05
-7.87232e-06
0.000133126
-0.000100506
9.26342e-05
-0.000108412
7.90539e-06
-5.89875e-05
-4.94244e-05
-4.67389e-06
-5.43136e-05
2.28396e-05
-2.75135e-05
2.28949e-05
-5.53916e-08
1.07533e-05
1.21417e-05
-7.81103e-07
1.15344e-05
-7.07307e-06
6.29193e-06
-8.78215e-06
1.70912e-06
-7.7055e-06
-1.07665e-06
-5.01736e-06
-2.68817e-06
-1.50498e-06
-3.51237e-06
1.76245e-06
-3.26745e-06
3.56986e-06
-1.80736e-06
3.4418e-06
1.28028e-07
1.7466e-06
1.6952e-06
-1.00754e-06
2.75411e-06
-3.94101e-06
2.93349e-06
-5.37106e-06
1.43004e-06
-2.70998e-06
-2.66109e-06
6.70282e-06
-9.41281e-06
2.25898e-05
-1.58869e-05
3.8286e-05
-1.56963e-05
3.96764e-05
-1.39036e-06
1.22161e-05
2.74603e-05
-4.19811e-05
5.41972e-05
-9.02947e-05
4.83136e-05
-7.63335e-05
-1.39612e-05
3.0287e-05
-0.00010662
0.000175879
-0.000145592
0.000240548
-6.46688e-05
0.000135104
0.000105444
-9.79672e-05
0.000233071
-0.000285546
0.000187579
-0.000249526
-3.60197e-05
-0.000249526
-0.000272308
0.000518277
-0.000337245
0.000116304
-0.000147406
-0.000356654
0.00010882
-0.000477336
0.000211775
-0.000201357
0.000134125
0.000141388
-1.13397e-05
0.000278591
-0.000111585
0.000192879
-0.000119673
1.59939e-05
-6.43089e-05
-0.000104789
-4.62811e-06
-0.000113995
2.43416e-05
-5.64833e-05
2.40444e-05
2.41873e-07
1.12002e-05
2.4986e-05
-9.07e-07
2.36415e-05
-7.58652e-06
1.29714e-05
-9.54987e-06
3.6725e-06
-8.53417e-06
-2.09233e-06
-5.70768e-06
-5.51471e-06
-1.89986e-06
-7.32012e-06
1.79282e-06
-6.96018e-06
3.97381e-06
-3.98835e-06
3.86662e-06
2.35181e-07
2.05808e-06
3.50376e-06
-7.4976e-07
5.56193e-06
-4.03734e-06
6.22105e-06
-5.51652e-06
2.90921e-06
-2.33966e-06
-5.83795e-06
7.78948e-06
-1.9542e-05
2.4969e-05
-3.30664e-05
4.18656e-05
-3.25928e-05
4.32103e-05
-2.7351e-06
1.39333e-05
5.67373e-05
-4.44291e-05
0.000112559
-9.82391e-05
0.000102124
-8.68585e-05
-2.53418e-05
3.00148e-05
-0.000223494
0.000196741
-0.000312318
0.000268593
-0.000136522
0.000150183
0.000223854
-0.000101179
0.000484433
-0.00031441
0.00040081
-0.000292356
-5.80739e-05
-0.000541882
-0.00030279
0.000821067
-0.00037605
0.000189564
-0.000164308
-0.000568397
0.000122382
-0.000764026
0.000240216
-0.00031919
0.000155088
0.000226516
-8.47351e-06
0.000442152
-0.000122466
0.000306871
-0.00013297
2.64982e-05
-7.18201e-05
-0.000165939
-5.02777e-06
-0.000180787
2.78824e-05
-8.93935e-05
2.76239e-05
5.00375e-07
1.29555e-05
3.96544e-05
-8.76373e-07
3.74734e-05
-8.45421e-06
2.05491e-05
-1.06772e-05
5.89549e-06
-9.55607e-06
-3.21342e-06
-6.36996e-06
-8.70087e-06
-2.06298e-06
-1.1627e-05
2.04451e-06
-1.10677e-05
4.40821e-06
-6.35204e-06
4.285e-06
3.58357e-07
2.23503e-06
5.55376e-06
-9.97206e-07
8.79414e-06
-4.61597e-06
9.8398e-06
-6.29531e-06
4.58855e-06
-2.81845e-06
-9.3148e-06
8.60418e-06
-3.09646e-05
2.78322e-05
-5.22944e-05
4.67353e-05
-5.14959e-05
4.80692e-05
-4.06907e-06
1.44874e-05
9.03191e-05
-5.1739e-05
0.000178786
-0.000112223
0.000162607
-9.84892e-05
-3.90753e-05
3.32906e-05
-0.000355274
0.000218673
-0.0004977
0.000296787
-0.000214636
0.000161956
0.000358685
-0.000120828
0.000767217
-0.000357633
0.000637616
-0.000327017
-8.86907e-05
-0.000868899
-0.000200503
0.00102157
-0.000257578
0.000246639
-0.000124533
-0.000701441
6.8059e-05
-0.000956618
0.000156906
-0.000408038
0.000111213
0.000272209
4.97983e-06
0.000548385
-7.80287e-05
0.00038988
-9.54717e-05
4.39412e-05
-6.03735e-05
-0.000201037
-1.46114e-05
-0.000226549
1.30283e-05
-0.000117033
1.7815e-05
-4.28636e-06
1.00726e-05
4.73967e-05
4.24965e-07
4.7121e-05
-5.95677e-06
2.69308e-05
-8.46994e-06
8.40867e-06
-8.06814e-06
-3.61524e-06
-5.69484e-06
-1.10742e-05
-2.27734e-06
-1.50445e-05
1.04109e-06
-1.43862e-05
3.07343e-06
-8.38437e-06
3.20416e-06
2.27585e-07
1.78575e-06
6.9722e-06
-4.89151e-07
1.1069e-05
-2.76174e-06
1.21124e-05
-3.00466e-06
4.83147e-06
1.08895e-06
-1.34084e-05
1.07461e-05
-4.06218e-05
2.45639e-05
-6.61123e-05
3.55402e-05
-6.24722e-05
3.17786e-05
-3.0744e-07
4.23841e-06
0.000117859
-4.10076e-05
0.000224032
-7.50091e-05
0.000196609
-5.46657e-05
-5.94188e-05
4.13941e-05
-0.000451333
0.00016201
-0.000618315
0.000201283
-0.000253909
9.82916e-05
0.000461676
-9.12229e-05
0.000956732
-0.000242213
0.000788606
-0.000216794
-0.000114109
-0.00108569
-8.08119e-05
0.00110238
-0.000116705
0.000282532
-7.14433e-05
-0.000746703
9.3033e-06
-0.00103736
6.19897e-05
-0.000460724
5.90101e-05
0.000275189
1.80374e-05
0.000589358
-2.56016e-05
0.000433519
-4.85169e-05
6.68565e-05
-4.24196e-05
-0.000207134
-2.21141e-05
-0.000246854
-3.38839e-06
-0.000135759
5.78017e-06
-1.3455e-05
5.75138e-06
4.74254e-05
1.46663e-06
5.14058e-05
-2.92717e-06
3.13246e-05
-5.48069e-06
1.09622e-05
-5.89821e-06
-3.19774e-06
-4.60037e-06
-1.23721e-05
-2.39264e-06
-1.72521e-05
-1.49153e-07
-1.66298e-05
1.40366e-06
-9.93718e-06
1.82126e-06
-1.90062e-07
1.23026e-06
7.56324e-06
2.25833e-07
1.20734e-05
-3.65035e-07
1.27032e-05
9.40882e-07
3.52556e-06
5.3038e-06
-1.77713e-05
1.2048e-05
-4.73661e-05
1.88631e-05
-7.29273e-05
2.07275e-05
-6.43366e-05
1.21478e-05
8.27227e-06
-6.15554e-06
0.000136163
-2.62671e-05
0.000244143
-3.14525e-05
0.000201794
-6.60009e-06
-8.42712e-05
4.27028e-05
-0.000500636
8.87378e-05
-0.00066435
8.65645e-05
-0.000251735
2.53758e-05
0.000522864
-5.61073e-05
0.00103821
-0.000109171
0.00084167
-8.97641e-05
-0.000133517
-0.00117546
3.80433e-05
0.00106434
3.11196e-05
0.000289456
-1.06083e-05
-0.000704976
-4.07226e-05
-0.00100725
-3.35709e-05
-0.000467876
1.40466e-06
0.000240213
2.66922e-05
0.00056407
2.43442e-05
0.000435867
2.52826e-06
8.86724e-05
-1.89641e-05
-0.000185642
-2.53205e-05
-0.000240498
-1.83815e-05
-0.000142698
-7.20353e-06
-2.46331e-05
1.12309e-07
4.01095e-05
1.8057e-06
4.97125e-05
1.57589e-07
3.29726e-05
-2.02977e-06
1.31495e-05
-3.17157e-06
-2.05588e-06
-3.08446e-06
-1.24593e-05
-2.32435e-06
-1.80121e-05
-1.38951e-06
-1.75647e-05
-4.58467e-07
-1.08682e-05
2.68746e-07
-9.17325e-07
6.6236e-07
7.16964e-06
1.12682e-06
1.16089e-05
2.3847e-06
1.14453e-05
5.04794e-06
8.62314e-07
8.85179e-06
-2.15751e-05
1.17852e-05
-5.02996e-05
1.07768e-05
-7.19189e-05
3.76248e-06
-5.73222e-05
-7.11409e-06
1.91488e-05
-1.42745e-05
0.000143323
-8.11932e-06
0.000237988
1.41761e-05
0.000179499
3.63301e-05
-0.000106425
3.53613e-05
-0.000499667
6.08513e-06
-0.000635074
-3.21172e-05
-0.000213533
-4.31268e-05
0.000533874
-1.46605e-05
0.00100975
2.86753e-05
0.000798334
3.87476e-05
-0.000143589
-0.00113671
0.000131601
0.000932738
0.000152493
0.000268564
4.86983e-05
-0.000601181
-7.41627e-05
-0.00088439
-0.000106747
-0.000435292
-4.90542e-05
0.000182521
2.79737e-05
0.000487042
6.3934e-05
0.000399907
4.80258e-05
0.000104581
7.30868e-06
-0.000144925
-2.27893e-05
-0.0002104
-2.86985e-05
-0.000136788
-1.86011e-05
-3.47306e-05
-6.07042e-06
2.75789e-05
1.10394e-06
4.25382e-05
2.65388e-06
3.14225e-05
1.38748e-06
1.44159e-05
-1.94661e-07
-4.73596e-07
-1.25758e-06
-1.13965e-05
-1.98679e-06
-1.72829e-05
-2.3814e-06
-1.71701e-05
-2.09262e-06
-1.11569e-05
-1.12422e-06
-1.8858e-06
2.09468e-07
5.83594e-06
2.14231e-06
9.67605e-06
5.01302e-06
8.57459e-06
8.46649e-06
-2.59117e-06
1.09748e-05
-2.40835e-05
9.42377e-06
-4.87486e-05
9.90422e-07
-6.34855e-05
-1.27984e-05
-4.35334e-05
-2.34202e-05
2.97706e-05
-1.78611e-05
0.000137764
1.13043e-05
0.000208823
5.12252e-05
0.000139578
6.52772e-05
-0.000120477
1.91612e-05
-0.000453552
-7.03475e-05
-0.000545565
-0.000128281
-0.000155599
-9.20822e-05
0.000497675
2.47648e-05
0.000892901
0.000138965
0.000684133
0.000139634
-0.000144257
-0.000997076
0.000192485
0.000740252
0.000236006
0.000225043
9.5228e-05
-0.000460403
-8.81767e-05
-0.000700985
-0.000154261
-0.000369207
-8.88046e-05
0.000117064
2.05206e-05
0.000377717
8.64253e-05
0.000334002
8.13696e-05
0.000109637
3.18519e-05
-9.54067e-05
-1.44385e-05
-0.00016411
-3.24093e-05
-0.000118818
-2.62896e-05
-4.08504e-05
-1.18085e-05
1.30978e-05
-5.99166e-07
3.13289e-05
3.99296e-06
2.68302e-05
4.16501e-06
1.42438e-05
2.63924e-06
1.05229e-06
6.9727e-07
-9.45471e-06
-1.33629e-06
-1.52494e-05
-2.93536e-06
-1.55711e-05
-3.26862e-06
-1.08236e-05
-2.14564e-06
-3.00889e-06
-2.13628e-08
3.71166e-06
3.06715e-06
6.58758e-06
7.02427e-06
4.61746e-06
1.04612e-05
-6.02815e-06
1.08787e-05
-2.4501e-05
5.03977e-06
-4.29096e-05
-8.97927e-06
-4.94664e-05
-2.60653e-05
-2.64473e-05
-3.3338e-05
3.70433e-05
-1.60588e-05
0.000120485
2.87601e-05
0.000164004
7.6325e-05
9.20131e-05
7.77564e-05
-0.000121909
-2.71602e-06
-0.000373079
-0.000129231
-0.00041905
-0.000192524
-9.23064e-05
-0.000116998
0.000422149
6.00082e-05
0.000715895
0.000216644
0.000527498
0.000206279
-0.000133893
-0.000790797
0.000212105
0.000528148
0.000267162
0.000169987
0.00012053
-0.000313772
-8.24682e-05
-0.000497987
-0.000168421
-0.000283255
-0.00011046
5.9104e-05
5.5649e-06
0.000261692
8.8794e-05
0.000250773
9.66683e-05
0.000101762
4.99057e-05
-4.86442e-05
-2.37486e-06
-0.000111829
-2.87304e-05
-9.24619e-05
-2.83873e-05
-4.11934e-05
-1.54106e-05
1.20834e-07
-2.90434e-06
1.88227e-05
3.96127e-06
1.99646e-05
5.83271e-06
1.23723e-05
4.86658e-06
2.01844e-06
2.50932e-06
-7.09758e-06
-4.00541e-07
-1.23395e-05
-2.85103e-06
-1.31206e-05
-3.70494e-06
-9.96967e-06
-2.58406e-06
-4.12986e-06
-7.54652e-09
1.13519e-06
3.65819e-06
2.92191e-06
7.86815e-06
4.07469e-07
1.04225e-05
-8.58253e-06
8.36822e-06
-2.24467e-05
-9.1292e-07
-3.36285e-05
-1.7283e-05
-3.30963e-05
-3.35586e-05
-1.01717e-05
-3.53601e-05
3.88447e-05
-9.94258e-06
9.50674e-05
4.06485e-05
0.000113413
8.47609e-05
4.79008e-05
7.24201e-05
-0.000109568
-2.47285e-05
-0.00027593
-0.000159643
-0.000284135
-0.000213837
-3.8112e-05
-0.000115454
0.000323766
8.37695e-05
0.000516671
0.000248555
0.000362712
0.000227639
-0.000112977
-0.000563157
0.000193782
0.000334365
0.000248847
0.000114923
0.000122131
-0.000187056
-6.31131e-05
-0.000312743
-0.00015252
-0.000193848
-0.000111604
1.8188e-05
-8.44858e-06
0.000158537
7.48284e-05
0.000167496
9.34446e-05
8.3146e-05
5.80967e-05
-1.32963e-05
1.03096e-05
-6.40423e-05
-1.92064e-05
-6.29458e-05
-2.45955e-05
-3.58044e-05
-1.59477e-05
-8.52712e-06
-4.78281e-06
7.65798e-06
2.9502e-06
1.22316e-05
6.26215e-06
9.06017e-06
6.1777e-06
2.10288e-06
3.9198e-06
-4.83972e-06
7.14913e-07
-9.13456e-06
-2.0944e-06
-1.03113e-05
-3.30145e-06
-8.76261e-06
-2.38723e-06
-5.04409e-06
1.77711e-07
-1.42971e-06
3.70513e-06
-6.05446e-07
7.25294e-06
-3.14037e-06
8.29491e-06
-9.62457e-06
4.06122e-06
-1.8213e-05
-6.72883e-06
-2.28385e-05
-2.22046e-05
-1.76206e-05
-3.43455e-05
1.96933e-06
-3.03395e-05
3.48387e-05
-1.26801e-06
6.5996e-05
4.45738e-05
6.7571e-05
7.71739e-05
1.53007e-05
5.39623e-05
-8.63563e-05
-4.22014e-05
-0.000179766
-0.000159424
-0.000166913
-0.000195727
-1.8093e-06
-9.38333e-05
0.000221873
9.17589e-05
0.000331079
0.000235706
0.000218765
0.000207834
-8.51053e-05
-0.000355323
0.00015098
0.000183385
0.000197312
6.85898e-05
0.000104584
-9.43272e-05
-3.89032e-05
-0.000169256
-0.000117054
-0.000115697
-9.57085e-05
-3.1579e-06
-1.79526e-05
8.0781e-05
5.23376e-05
9.72058e-05
7.61761e-05
5.93076e-05
5.60632e-05
6.81665e-06
1.97456e-05
-2.77249e-05
-7.19646e-06
-3.60039e-05
-1.65212e-05
-2.64796e-05
-1.32602e-05
-1.17881e-05
-5.34619e-06
-2.55833e-07
1.66669e-06
5.21867e-06
5.72757e-06
4.99909e-06
6.5038e-06
1.32672e-06
4.76403e-06
-3.09987e-06
1.84549e-06
-6.21605e-06
-8.38477e-07
-7.62747e-06
-2.19888e-06
-7.4021e-06
-1.67485e-06
-5.56805e-06
4.00914e-07
-3.50549e-06
3.11991e-06
-3.32442e-06
5.31069e-06
-5.33111e-06
4.68172e-06
-8.99563e-06
-7.85188e-07
-1.27461e-05
-1.10284e-05
-1.25953e-05
-2.2909e-05
-5.74012e-06
-2.93931e-05
8.4535e-06
-2.12966e-05
2.67423e-05
5.31677e-06
3.93825e-05
4.03479e-05
3.25398e-05
5.85818e-05
-2.93306e-06
3.06127e-05
-5.83872e-05
-4.88794e-05
-0.000100274
-0.000135032
-8.07601e-05
-0.000151871
1.50299e-05
-6.32117e-05
0.000133213
8.42706e-05
0.000183597
0.000190835
0.000112201
0.000161513
-5.57844e-05
-0.00019381
0.000100672
8.27133e-05
0.000134218
3.50438e-05
7.70026e-05
-3.71116e-05
-1.76326e-05
-7.46206e-05
-7.597e-05
-5.73597e-05
-6.96397e-05
-9.48825e-06
-2.06723e-05
3.18137e-05
2.96998e-05
4.68338e-05
5.29234e-05
3.6084e-05
4.60208e-05
1.37191e-05
2.37606e-05
-5.46483e-06
3.44438e-06
-1.56876e-05
-7.00351e-06
-1.60315e-05
-8.21444e-06
-1.05771e-05
-4.23133e-06
-4.23894e-06
9.75789e-07
1.15304e-08
4.7859e-06
1.18893e-06
6.05476e-06
5.79619e-08
5.00045e-06
-2.0455e-06
2.82721e-06
-4.04285e-06
6.24254e-07
-5.42454e-06
-7.36498e-07
-6.04119e-06
-7.19761e-07
-5.5847e-06
5.1818e-07
-4.74349e-06
2.03605e-06
-4.84228e-06
2.58198e-06
-5.87695e-06
6.68134e-07
-7.08184e-06
-4.7711e-06
-7.30692e-06
-1.27203e-05
-4.64613e-06
-1.98546e-05
1.39406e-06
-2.11827e-05
9.78156e-06
-1.17155e-05
1.72751e-05
8.51681e-06
1.915e-05
3.0459e-05
1.05975e-05
3.62247e-05
-8.69858e-06
1.02454e-05
-3.24078e-05
-4.53673e-05
-4.46615e-05
-9.79291e-05
-2.81983e-05
-0.000100264
1.73643e-05
-3.42942e-05
6.72437e-05
6.58281e-05
8.34743e-05
0.000132425
4.56041e-05
0.000107123
-3.04821e-05
-8.6687e-05
5.65709e-05
2.61424e-05
7.7569e-05
1.40455e-05
4.87465e-05
-8.28915e-06
-3.53439e-06
-2.23397e-05
-4.01489e-05
-2.07451e-05
-4.21952e-05
-7.44199e-06
-1.7347e-05
6.96543e-06
1.27428e-05
1.67441e-05
3.10254e-05
1.78013e-05
3.23213e-05
1.2423e-05
2.26992e-05
4.15725e-06
1.00404e-05
-3.02843e-06
1.09424e-06
-7.0851e-06
-2.45591e-06
-7.027e-06
-1.72027e-06
-4.9747e-06
1.24143e-06
-2.95003e-06
3.97906e-06
-1.54857e-06
5.2057e-06
-1.16865e-06
4.81085e-06
-1.65067e-06
3.45995e-06
-2.69189e-06
1.90146e-06
-3.86597e-06
6.62024e-07
-4.80166e-06
1.94267e-07
-5.11692e-06
4.64977e-07
-5.01425e-06
6.76107e-07
-5.05337e-06
-7.78669e-08
-5.12289e-06
-2.55426e-06
-4.60554e-06
-6.88592e-06
-2.97539e-06
-1.16534e-05
1.21337e-07
-1.45216e-05
4.26217e-06
-1.25766e-05
7.83647e-06
-4.4087e-06
9.10706e-06
8.13928e-06
6.60193e-06
1.85105e-05
2.26276e-07
1.69262e-05
-7.11417e-06
-2.47577e-06
-1.30057e-05
-3.47376e-05
-1.23998e-05
-6.03472e-05
-2.58872e-06
-5.52977e-05
1.23147e-05
-1.36308e-05
2.55768e-05
4.32743e-05
2.6569e-05
7.75247e-05
1.13537e-05
5.96201e-05
-1.25774e-05
-2.70669e-05
2.54102e-05
7.32196e-07
3.66538e-05
2.80203e-06
2.59893e-05
2.37533e-06
3.2118e-06
4.37712e-07
-1.53222e-05
-2.21106e-06
-1.95631e-05
-3.20089e-06
-1.11766e-05
-1.4212e-06
3.37223e-06
2.19496e-06
1.48226e-05
6.35086e-06
1.95957e-05
7.65001e-06
1.76421e-05
6.11107e-06
1.21383e-05
2.47556e-06
6.02781e-06
-9.74583e-07
2.34209e-06
-3.34133e-06
1.39215e-06
-4.02473e-06
2.17513e-06
-3.73282e-06
3.49125e-06
-2.86457e-06
4.2788e-06
-1.95625e-06
4.22489e-06
-1.59677e-06
3.57335e-06
-2.0402e-06
2.6166e-06
-2.90911e-06
1.57287e-06
-3.75791e-06
7.55247e-07
-4.2993e-06
2.02402e-07
-4.46138e-06
-5.51738e-07
-4.2992e-06
-2.011e-06
-3.66361e-06
-4.2583e-06
-2.35833e-06
-6.86967e-06
-3.64142e-07
-8.87684e-06
2.12851e-06
-8.84264e-06
4.22793e-06
-5.8862e-06
4.87981e-06
-3.81956e-07
3.60265e-06
5.6521e-06
5.6788e-07
8.04394e-06
-2.16552e-06
4.12962e-06
-3.19975e-06
-7.47244e-06
-1.40357e-06
-2.21707e-05
2.29849e-06
-3.01192e-05
5.3597e-06
-2.40522e-05
6.24748e-06
-2.41637e-06
3.94102e-06
2.33464e-05
8.06233e-07
3.61583e-05
-1.45842e-06
2.64327e-05
-2.85166e-06
-6.34048e-07
7.30648e-06
-6.57429e-06
1.19373e-05
-1.82877e-06
1.05903e-05
3.72241e-06
4.87167e-06
6.15619e-06
-1.77288e-06
4.43333e-06
-5.36134e-06
3.87565e-07
-4.2475e-06
-2.53509e-06
4.60849e-08
-2.0988e-06
5.89693e-06
5.00036e-07
1.00314e-05
3.51589e-06
1.15388e-05
4.60378e-06
1.02793e-05
3.73495e-06
7.71231e-06
1.59235e-06
5.1837e-06
-8.12572e-07
3.77233e-06
-2.6132e-06
3.28538e-06
-3.24583e-06
3.30149e-06
-2.88072e-06
3.44133e-06
-2.09606e-06
3.49873e-06
-1.65405e-06
3.26215e-06
-1.80349e-06
2.67285e-06
-2.31977e-06
1.79445e-06
-2.87954e-06
8.09805e-07
-3.31463e-06
-1.90158e-07
-3.46137e-06
-1.3735e-06
-3.11588e-06
-2.839e-06
-2.19815e-06
-4.36873e-06
-8.28596e-07
-5.5232e-06
7.90314e-07
-5.66473e-06
2.27001e-06
-4.40615e-06
2.96932e-06
-1.97831e-06
2.45182e-06
8.2462e-07
7.9955e-07
2.24531e-06
-8.52765e-07
1.39898e-06
-1.31902e-06
-2.15305e-06
3.52442e-07
-7.02617e-06
3.46953e-06
-1.06248e-05
5.89706e-06
-1.07355e-05
5.47048e-06
-5.79915e-06
1.31099e-06
1.60373e-06
-3.46207e-06
8.66014e-06
-6.25014e-06
1.15031e-05
-4.30133e-06
7.16593e-06
1.48542e-06
6.53201e-06
-3.36441e-07
-6.23774e-06
6.33291e-07
-2.79876e-06
2.19042e-06
2.16521e-06
3.29492e-06
5.05175e-06
3.10125e-06
4.62691e-06
1.65779e-06
1.83084e-06
3.16633e-07
-1.19395e-06
4.81464e-07
-2.26349e-06
2.08504e-06
-1.10338e-06
4.59591e-06
1.00511e-06
6.52486e-06
2.67477e-06
7.3044e-06
2.9553e-06
6.98165e-06
1.91516e-06
5.98284e-06
1.86387e-07
4.79504e-06
-1.42539e-06
3.78597e-06
-2.23688e-06
3.10207e-06
-2.19683e-06
2.79621e-06
-1.79003e-06
2.70443e-06
-1.56216e-06
2.55843e-06
-1.65747e-06
2.13408e-06
-1.89545e-06
1.3909e-06
-2.13635e-06
4.36139e-07
-2.35982e-06
-6.30842e-07
-2.39436e-06
-1.75968e-06
-1.98709e-06
-2.85165e-06
-1.10621e-06
-3.63432e-06
-4.5827e-08
-3.8052e-06
9.61286e-07
-3.17132e-06
1.63608e-06
-1.90818e-06
1.70612e-06
-5.22839e-07
1.06643e-06
2.17498e-07
5.91734e-08
-2.2774e-07
-4.07476e-07
-1.77708e-06
2.30465e-07
-3.47139e-06
2.04701e-06
-4.11613e-06
4.11432e-06
-3.14297e-06
4.92376e-06
-1.05293e-06
3.38035e-06
6.67013e-07
-4.08898e-07
1.58658e-06
-4.38181e-06
1.09489e-06
-5.75854e-06
-1.93059e-07
-3.01319e-06
-7.72486e-07
2.06494e-06
5.7595e-06
-1.88204e-06
-4.35564e-06
-2.17667e-06
-2.50423e-06
-6.62751e-07
6.51179e-07
1.55017e-06
2.83885e-06
3.15568e-06
3.02143e-06
3.36649e-06
1.62e-06
2.27012e-06
-9.75297e-08
1.23306e-06
-1.22626e-06
1.1035e-06
-9.73734e-07
1.98206e-06
1.26424e-07
3.35685e-06
1.29984e-06
4.58688e-06
1.72528e-06
5.2251e-06
1.27704e-06
5.14196e-06
2.6947e-07
4.4244e-06
-7.08024e-07
3.45364e-06
-1.26619e-06
2.62989e-06
-1.3729e-06
2.16065e-06
-1.32062e-06
1.93771e-06
-1.33926e-06
1.69573e-06
-1.41555e-06
1.26252e-06
-1.46219e-06
6.20195e-07
-1.49397e-06
-1.86249e-07
-1.55341e-06
-1.07195e-06
-1.50867e-06
-1.92147e-06
-1.13755e-06
-2.54646e-06
-4.81185e-07
-2.80594e-06
2.13758e-07
-2.56166e-06
7.17122e-07
-1.88957e-06
9.64013e-07
-1.09533e-06
9.11828e-07
-6.12826e-07
5.83887e-07
-8.01621e-07
2.48043e-07
-1.5533e-06
3.44341e-07
-2.40952e-06
1.08676e-06
-2.59104e-06
2.22868e-06
-1.62837e-06
3.15177e-06
1.57518e-07
3.13785e-06
1.86554e-06
1.67205e-06
2.22772e-06
-7.71103e-07
8.07008e-07
-2.96096e-06
-1.55423e-06
-3.39737e-06
-2.98319e-06
-1.58419e-06
-2.34106e-06
1.423e-06
3.41843e-06
-1.67651e-06
-2.67921e-06
-2.32415e-06
-1.85656e-06
-1.4748e-06
-1.98169e-07
2.84348e-07
1.07969e-06
1.86566e-06
1.44015e-06
2.53795e-06
9.47789e-07
2.2929e-06
1.47607e-07
1.4844e-06
-4.1772e-07
9.40553e-07
-4.29949e-07
1.04516e-06
2.16916e-08
1.78933e-06
5.55609e-07
2.74463e-06
7.70018e-07
3.46387e-06
5.57731e-07
3.62662e-06
1.06509e-07
3.24097e-06
-3.2248e-07
2.5569e-06
-5.81967e-07
1.9211e-06
-7.36909e-07
1.47916e-06
-8.78712e-07
1.15261e-06
-1.01283e-06
7.96412e-07
-1.05933e-06
3.2791e-07
-9.93597e-07
-2.35742e-07
-9.30357e-07
-8.69307e-07
-9.19949e-07
-1.52486e-06
-8.53126e-07
-2.06756e-06
-5.94802e-07
-2.3636e-06
-1.85072e-07
-2.36725e-06
2.17506e-07
-2.09642e-06
4.46351e-07
-1.66958e-06
5.37213e-07
-1.30371e-06
5.45999e-07
-1.23075e-06
5.1089e-07
-1.48597e-06
5.03295e-07
-1.86193e-06
7.20435e-07
-1.96659e-06
1.19158e-06
-1.44594e-06
1.70807e-06
-2.81775e-07
1.98755e-06
1.15737e-06
1.69888e-06
2.06609e-06
7.63274e-07
1.7508e-06
-4.5609e-07
2.128e-07
-1.42291e-06
-1.64999e-06
-1.53446e-06
-2.56893e-06
-6.65296e-07
-1.86079e-06
7.14845e-07
1.55765e-06
-1.0918e-06
-1.58745e-06
-1.64622e-06
-1.30211e-06
-1.28656e-06
-5.57781e-07
-2.60392e-07
5.35553e-08
8.12566e-07
3.67239e-07
1.46521e-06
2.95212e-07
1.55083e-06
6.2017e-08
1.20999e-06
-7.69239e-08
8.47456e-07
-6.75218e-08
8.12188e-07
5.68959e-08
1.15316e-06
2.1462e-07
1.67466e-06
2.48442e-07
2.07677e-06
1.55449e-07
2.16695e-06
1.62281e-08
1.94614e-06
-1.01527e-07
1.56411e-06
-1.99754e-07
1.18422e-06
-3.57068e-07
8.29244e-07
-5.23898e-07
4.40151e-07
-6.2371e-07
-1.96644e-08
-5.99369e-07
-5.04943e-07
-5.0838e-07
-9.90502e-07
-4.45007e-07
-1.48618e-06
-4.24331e-07
-1.96301e-06
-3.76256e-07
-2.31919e-06
-2.38664e-07
-2.46791e-06
-3.63253e-08
-2.42545e-06
1.75193e-07
-2.26463e-06
2.8555e-07
-2.05398e-06
3.2653e-07
-1.88746e-06
3.7952e-07
-1.83099e-06
4.54472e-07
-1.87209e-06
5.44415e-07
-1.83591e-06
6.84217e-07
-1.53092e-06
8.86736e-07
-8.97967e-07
1.07533e-06
-2.32817e-08
1.11271e-06
7.93677e-07
8.81909e-07
1.14917e-06
4.08004e-07
8.20316e-07
-1.27347e-07
-1.00051e-07
-5.02766e-07
-1.08449e-06
-5.50035e-07
-1.5061e-06
-2.4366e-07
-1.03386e-06
2.42566e-07
5.23762e-07
-5.62261e-07
-1.02517e-06
-8.72438e-07
-9.91904e-07
-7.25201e-07
-7.04976e-07
-2.42342e-07
-4.29255e-07
3.59675e-07
-2.34747e-07
7.93809e-07
-1.38908e-07
9.32296e-07
-7.64909e-08
8.85098e-07
-2.97865e-08
8.03951e-07
1.35638e-08
8.0766e-07
5.31544e-08
9.5756e-07
6.46699e-08
1.15462e-06
5.12711e-08
1.2677e-06
4.23099e-08
1.23485e-06
4.918e-08
1.0872e-06
4.63137e-08
8.90931e-07
-3.49958e-09
6.375e-07
-1.03852e-07
2.90013e-07
-1.76479e-07
-1.56014e-07
-1.77495e-07
-6.43652e-07
-1.11678e-07
-1.0937e-06
-5.86122e-08
-1.51153e-06
-2.74144e-08
-1.91493e-06
-2.08715e-08
-2.29091e-06
-2.55811e-10
-2.57349e-06
4.37594e-08
-2.71438e-06
1.04559e-07
-2.71433e-06
1.75298e-07
-2.64904e-06
2.20288e-07
-2.55135e-06
2.28791e-07
-2.41647e-06
2.44586e-07
-2.26085e-06
2.98884e-07
-2.08921e-06
3.72938e-07
-1.84777e-06
4.42708e-07
-1.46581e-06
5.04673e-07
-9.34523e-07
5.44316e-07
-3.51877e-07
5.30161e-07
1.10166e-07
4.19647e-07
3.05881e-07
2.12326e-07
1.9177e-07
-1.30815e-08
-1.42588e-07
-1.68469e-07
-4.9322e-07
-1.99517e-07
-6.2006e-07
-1.16844e-07
-4.06102e-07
2.86044e-08
1.17656e-07
-1.52127e-07
-8.73026e-07
-2.11105e-07
-9.32884e-07
-1.01368e-07
-8.14676e-07
1.38713e-07
-6.69312e-07
4.19153e-07
-5.15184e-07
6.47192e-07
-3.66962e-07
8.07803e-07
-2.37131e-07
9.16606e-07
-1.3862e-07
1.01443e-06
-8.42788e-08
1.12319e-06
-5.56361e-08
1.22787e-06
-4.00498e-08
1.28755e-06
-8.42813e-09
1.28258e-06
4.73569e-08
1.22128e-06
1.10599e-07
1.11691e-06
1.50704e-07
9.48724e-07
1.64538e-07
6.7189e-07
1.72852e-07
2.861e-07
2.09386e-07
-1.66536e-07
2.75243e-07
-6.09443e-07
3.31082e-07
-1.0217e-06
3.53378e-07
-1.39558e-06
3.46407e-07
-1.76116e-06
3.44746e-07
-2.10692e-06
3.4539e-07
-2.38399e-06
3.20726e-07
-2.55789e-06
2.7856e-07
-2.6292e-06
2.46654e-07
-2.63648e-06
2.27518e-07
-2.60388e-06
1.96298e-07
-2.51532e-06
1.56006e-07
-2.35311e-06
1.36498e-07
-2.12642e-06
1.46414e-07
-1.84793e-06
1.64391e-07
-1.50913e-06
1.65652e-07
-1.11181e-06
1.46978e-07
-6.99261e-07
1.17837e-07
-3.63856e-07
8.42155e-08
-1.63352e-07
1.1684e-08
-1.01791e-07
-7.45933e-08
-1.38842e-07
-1.31317e-07
-1.98831e-07
-1.39519e-07
-2.09276e-07
-1.06438e-07
-1.25595e-07
-5.51161e-08
-7.95862e-09
1.36025e-07
-1.00903e-06
3.13908e-07
-1.11072e-06
5.29732e-07
-1.03047e-06
7.79354e-07
-9.18927e-07
1.05213e-06
-7.87962e-07
1.33824e-06
-6.53074e-07
1.63056e-06
-5.29452e-07
1.92027e-06
-4.28323e-07
2.18981e-06
-3.53816e-07
2.42515e-06
-2.90986e-07
2.59912e-06
-2.14007e-07
2.70275e-06
-1.12016e-07
2.74803e-06
2.138e-09
2.73583e-06
1.22808e-07
2.64403e-06
2.42411e-07
2.45416e-06
3.54295e-07
2.15641e-06
4.70623e-07
1.77728e-06
5.8858e-07
1.36929e-06
6.83154e-07
9.72048e-07
7.28135e-07
5.98875e-07
7.26508e-07
2.35352e-07
7.10029e-07
-1.24998e-07
7.05017e-07
-4.76746e-07
6.96921e-07
-8.02932e-07
6.46983e-07
-1.0734e-06
5.49285e-07
-1.27557e-06
4.48753e-07
-1.41718e-06
3.68949e-07
-1.51285e-06
2.92178e-07
-1.56241e-06
2.05711e-07
-1.55444e-06
1.28269e-07
-1.46053e-06
5.24503e-08
-1.30896e-06
1.30881e-08
-1.11757e-06
-2.57584e-08
-9.01778e-07
-6.89862e-08
-6.76404e-07
-1.07468e-07
-4.59262e-07
-1.32812e-07
-2.98929e-07
-1.48695e-07
-2.15068e-07
-1.58519e-07
-1.87372e-07
-1.59007e-07
-1.78209e-07
-1.48656e-07
-1.50794e-07
-1.3385e-07
-8.42036e-08
-1.21721e-07
-9.21804e-08
3.61722e-07
-1.37074e-06
7.92303e-07
-1.54127e-06
1.23916e-06
-1.47729e-06
1.70812e-06
-1.38787e-06
2.20277e-06
-1.28259e-06
2.7205e-06
-1.17078e-06
3.25017e-06
-1.0591e-06
3.78202e-06
-9.60155e-07
4.26852e-06
-8.4032e-07
4.67287e-06
-6.95342e-07
4.99734e-06
-5.38471e-07
5.24999e-06
-3.64651e-07
5.42836e-06
-1.76242e-07
5.54076e-06
1.03342e-08
5.55914e-06
2.23935e-07
5.48111e-06
4.32309e-07
5.31271e-06
6.39095e-07
5.08026e-06
8.21049e-07
4.8109e-06
9.52381e-07
4.5183e-06
1.02063e-06
4.20186e-06
1.04306e-06
3.85758e-06
1.05446e-06
3.48893e-06
1.07358e-06
3.10423e-06
1.08144e-06
2.7055e-06
1.04586e-06
2.29441e-06
9.60661e-07
1.89347e-06
8.49638e-07
1.52482e-06
7.37398e-07
1.19354e-06
6.23605e-07
8.92746e-07
5.06705e-07
6.64625e-07
3.5624e-07
4.88439e-07
2.28482e-07
3.7508e-07
1.26579e-07
3.0283e-07
4.65867e-08
2.52046e-07
-1.82857e-08
2.1162e-07
-6.70746e-08
1.75188e-07
-9.63141e-08
1.34336e-07
-1.07812e-07
8.25566e-08
-1.06775e-07
2.48265e-08
-1.01325e-07
-2.345e-08
-1.00416e-07
-4.53147e-08
-1.12014e-07
-3.42187e-08
-1.32843e-07
-1.26411e-07
4.40978e-07
-1.81169e-06
9.76443e-07
-2.07669e-06
1.54216e-06
-2.04295e-06
2.14039e-06
-1.98605e-06
2.76544e-06
-1.90759e-06
3.41932e-06
-1.82463e-06
4.07325e-06
-1.713e-06
4.68853e-06
-1.57544e-06
5.25525e-06
-1.40707e-06
5.76643e-06
-1.20655e-06
6.20656e-06
-9.78627e-07
6.57351e-06
-7.31609e-07
6.87151e-06
-4.74293e-07
7.09314e-06
-2.1137e-07
7.25599e-06
6.10329e-08
7.34932e-06
3.39016e-07
7.37681e-06
6.11708e-07
7.34045e-06
8.57423e-07
7.24064e-06
1.05209e-06
7.0762e-06
1.18502e-06
6.84663e-06
1.27278e-06
6.55491e-06
1.34635e-06
6.2061e-06
1.42236e-06
5.80205e-06
1.48539e-06
5.3439e-06
1.50413e-06
4.84239e-06
1.46242e-06
4.32062e-06
1.3714e-06
3.80664e-06
1.25122e-06
3.31951e-06
1.11079e-06
2.87357e-06
9.52806e-07
2.44336e-06
7.86399e-07
2.0543e-06
6.1743e-07
1.71442e-06
4.66483e-07
1.41969e-06
3.41386e-07
1.16065e-06
2.40744e-07
9.31246e-07
1.62279e-07
7.29438e-07
1.0549e-07
5.53481e-07
6.81534e-08
4.02708e-07
4.39777e-08
2.77037e-07
2.4297e-08
1.75301e-07
1.26259e-09
9.49387e-08
-3.17099e-08
3.1977e-08
-6.99358e-08
-9.44626e-08
3.32779e-07
-2.14444e-06
7.3262e-07
-2.47649e-06
1.15395e-06
-2.46423e-06
1.5978e-06
-2.42989e-06
2.06009e-06
-2.36987e-06
2.52165e-06
-2.28619e-06
2.98067e-06
-2.17203e-06
3.42496e-06
-2.01978e-06
3.84403e-06
-1.82621e-06
4.23175e-06
-1.59432e-06
4.58357e-06
-1.33047e-06
4.90112e-06
-1.04916e-06
5.18831e-06
-7.61504e-07
5.44535e-06
-4.68461e-07
5.66405e-06
-1.57678e-07
5.83244e-06
1.70688e-07
5.97134e-06
4.72911e-07
6.04927e-06
7.79514e-07
6.04633e-06
1.05497e-06
5.95132e-06
1.28002e-06
5.76413e-06
1.4601e-06
5.49387e-06
1.61678e-06
5.1524e-06
1.76383e-06
4.75129e-06
1.88645e-06
4.29907e-06
1.95643e-06
3.80846e-06
1.9532e-06
3.30145e-06
1.87843e-06
2.80558e-06
1.74699e-06
2.34555e-06
1.57082e-06
1.95247e-06
1.34599e-06
1.54973e-06
1.18915e-06
1.17708e-06
9.90005e-07
8.48368e-07
7.95174e-07
5.70119e-07
6.19656e-07
3.43252e-07
4.67594e-07
1.65553e-07
3.39922e-07
3.45985e-08
2.36395e-07
-5.09059e-08
1.53627e-07
-9.3825e-08
8.68671e-08
-9.90849e-08
2.95162e-08
-7.94587e-08
-1.84163e-08
-5.18963e-08
-5.93338e-08
-2.42628e-08
-9.7636e-08
-1.18766e-07
-6.81955e-08
-2.0762e-06
-1.66021e-07
-2.37866e-06
-2.71233e-07
-2.35904e-06
-3.8061e-07
-2.32055e-06
-4.86697e-07
-2.26383e-06
-5.8292e-07
-2.19001e-06
-6.66144e-07
-2.08884e-06
-7.38775e-07
-1.94719e-06
-7.95005e-07
-1.77004e-06
-8.16483e-07
-1.57287e-06
-8.21674e-07
-1.32526e-06
-8.16764e-07
-1.05403e-06
-8.07086e-07
-7.71169e-07
-7.97774e-07
-4.77794e-07
-7.913e-07
-1.64159e-07
-7.72308e-07
1.51753e-07
-7.73538e-07
4.74226e-07
-8.02712e-07
8.08712e-07
-8.85121e-07
1.13732e-06
-1.03312e-06
1.428e-06
-1.24316e-06
1.67024e-06
-1.50045e-06
1.8742e-06
-1.78758e-06
2.05098e-06
-2.08452e-06
2.18335e-06
-2.37983e-06
2.25178e-06
-2.66536e-06
2.23884e-06
-2.9297e-06
2.1428e-06
-3.15785e-06
1.97509e-06
-3.33117e-06
1.74414e-06
-3.4375e-06
1.45241e-06
-3.45486e-06
1.20657e-06
-3.46178e-06
9.96912e-07
-3.41856e-06
7.5194e-07
-3.31691e-06
5.18019e-07
-3.15474e-06
3.0542e-07
-2.93332e-06
1.18458e-07
-2.66332e-06
-3.36552e-08
-2.34719e-06
-1.62545e-07
-1.99208e-06
-2.68297e-07
-1.60947e-06
-3.53142e-07
-1.20781e-06
-4.20137e-07
-7.92331e-07
-4.74872e-07
-3.70958e-07
-5.19069e-07
-4.89748e-07
-8.50483e-07
-1.2257e-06
-1.85499e-06
-1.37423e-06
-2.88378e-06
-1.33034e-06
-3.91788e-06
-1.28656e-06
-4.93433e-06
-1.24746e-06
-5.91888e-06
-1.20549e-06
-6.86036e-06
-1.14737e-06
-7.74609e-06
-1.06149e-06
-8.57604e-06
-9.4012e-07
-9.37284e-06
-7.76059e-07
-1.01344e-05
-5.63693e-07
-1.08487e-05
-3.39637e-07
-1.15318e-05
-8.80385e-08
-1.2191e-05
1.81386e-07
-1.27755e-05
4.20363e-07
-1.33029e-05
6.79108e-07
-1.38035e-05
9.74908e-07
-1.42709e-05
1.27613e-06
-1.46889e-05
1.55527e-06
-1.50587e-05
1.79781e-06
-1.53725e-05
1.98409e-06
-1.56147e-05
2.11647e-06
-1.57675e-05
2.20379e-06
-1.58141e-05
2.22999e-06
-1.57486e-05
2.18629e-06
-1.55725e-05
2.06279e-06
-1.5289e-05
1.85933e-06
-1.49077e-05
1.59386e-06
-1.44495e-05
1.28597e-06
-1.39404e-05
9.43386e-07
-1.33165e-05
5.82727e-07
-1.25385e-05
2.19052e-07
-1.16969e-05
-8.96615e-08
-1.07826e-05
-3.96309e-07
-9.86835e-06
-6.08759e-07
-8.91187e-06
-8.38025e-07
-7.89162e-06
-1.05393e-06
-6.81743e-06
-1.23678e-06
-5.69958e-06
-1.38621e-06
-4.54955e-06
-1.50323e-06
-3.38101e-06
-1.58873e-06
-2.20598e-06
-1.64996e-06
-1.03517e-06
-1.68991e-06
-1.52492e-06
-1.95584e-06
7.30095e-07
-4.18612e-06
8.55925e-07
-6.42087e-06
9.04287e-07
-8.648e-06
9.4047e-07
-1.08608e-05
9.65302e-07
-1.30537e-05
9.87408e-07
-1.52081e-05
1.007e-06
-1.72966e-05
1.02707e-06
-1.92974e-05
1.06065e-06
-2.12021e-05
1.12865e-06
-2.30117e-05
1.24592e-06
-2.47567e-05
1.40544e-06
-2.64374e-05
1.59269e-06
-2.80391e-05
1.78307e-06
-2.95774e-05
1.95861e-06
-3.10333e-05
2.13504e-06
-3.23677e-05
2.30938e-06
-3.35168e-05
2.42532e-06
-3.44111e-05
2.44946e-06
-3.50892e-05
2.47587e-06
-3.55445e-05
2.43949e-06
-3.57701e-05
2.34213e-06
-3.57522e-05
2.18586e-06
-3.54831e-05
1.96093e-06
-3.49612e-05
1.66436e-06
-3.41964e-05
1.29803e-06
-3.31903e-05
8.53368e-07
-3.19656e-05
3.69182e-07
-3.05511e-05
-1.28513e-07
-2.90114e-05
-5.96168e-07
-2.73568e-05
-1.07183e-06
-2.56079e-05
-1.52975e-06
-2.37473e-05
-1.95023e-06
-2.18127e-05
-2.33087e-06
-1.97538e-05
-2.66761e-06
-1.76136e-05
-2.97823e-06
-1.53941e-05
-3.27339e-06
-1.3143e-05
-3.48792e-06
-1.08753e-05
-3.65392e-06
-8.59746e-06
-3.78113e-06
-6.32418e-06
-3.86205e-06
-4.0789e-06
-3.89526e-06
-1.87819e-06
-3.89063e-06
-3.40312e-06
-3.18061e-06
3.91063e-06
-6.74003e-06
4.41524e-06
-1.02871e-05
4.45128e-06
-1.38307e-05
4.48398e-06
-1.73868e-05
4.52139e-06
-2.09554e-05
4.55594e-06
-2.45137e-05
4.56537e-06
-2.80264e-05
4.53967e-06
-3.14558e-05
4.49005e-06
-3.47704e-05
4.44324e-06
-3.79482e-05
4.42377e-06
-4.09808e-05
4.43803e-06
-4.3858e-05
4.46999e-06
-4.65625e-05
4.48759e-06
-4.90635e-05
4.45957e-06
-5.12988e-05
4.37039e-06
-5.32063e-05
4.21694e-06
-5.47775e-05
3.99654e-06
-5.60486e-05
3.72058e-06
-5.69861e-05
3.41337e-06
-5.75518e-05
3.00514e-06
-5.77655e-05
2.55587e-06
-5.76203e-05
2.04074e-06
-5.71121e-05
1.45265e-06
-5.62357e-05
7.87996e-07
-5.50037e-05
6.59548e-08
-5.34413e-05
-7.08942e-07
-5.15542e-05
-1.51793e-06
-4.93561e-05
-2.32656e-06
-4.68459e-05
-3.10634e-06
-4.40742e-05
-3.84353e-06
-4.1079e-05
-4.52489e-06
-3.78921e-05
-5.13704e-06
-3.45498e-05
-5.67321e-06
-3.10858e-05
-6.13158e-06
-2.75484e-05
-6.51561e-06
-2.3993e-05
-6.8287e-06
-2.04157e-05
-7.06521e-06
-1.68341e-05
-7.23554e-06
-1.32698e-05
-7.34545e-06
-9.74161e-06
-7.39027e-06
-6.28168e-06
-7.3552e-06
-2.92519e-06
-7.24714e-06
-6.32833e-06
-4.38313e-06
8.2937e-06
-9.25221e-06
9.28426e-06
-1.41223e-05
9.32128e-06
-1.90249e-05
9.38645e-06
-2.39751e-05
9.47157e-06
-2.89513e-05
9.53207e-06
-3.39074e-05
9.52145e-06
-3.87853e-05
9.41749e-06
-4.35172e-05
9.22199e-06
-4.80371e-05
8.9631e-06
-5.22866e-05
8.67324e-06
-5.62296e-05
8.38116e-06
-5.98476e-05
8.08805e-06
-6.31302e-05
7.7702e-06
-6.60619e-05
7.39135e-06
-6.8615e-05
6.92356e-06
-7.07636e-05
6.36555e-06
-7.24992e-05
5.73216e-06
-7.38298e-05
5.05122e-06
-7.47514e-05
4.33494e-06
-7.53138e-05
3.56754e-06
-7.55036e-05
2.74567e-06
-7.53166e-05
1.85379e-06
-7.47463e-05
8.82227e-07
-7.37857e-05
-1.72615e-07
-7.24196e-05
-1.30019e-06
-7.06418e-05
-2.4867e-06
-6.84526e-05
-3.70714e-06
-6.58515e-05
-4.92773e-06
-6.28426e-05
-6.11524e-06
-5.9447e-05
-7.23908e-06
-5.56936e-05
-8.27826e-06
-5.16167e-05
-9.21394e-06
-4.72572e-05
-1.00327e-05
-4.26647e-05
-1.07241e-05
-3.78977e-05
-1.12826e-05
-3.30186e-05
-1.17078e-05
-2.80816e-05
-1.20022e-05
-2.3139e-05
-1.21781e-05
-1.82364e-05
-1.2248e-05
-1.34059e-05
-1.22208e-05
-8.67227e-06
-1.20888e-05
-4.0556e-06
-1.18638e-05
-1.03839e-05
-5.47332e-06
1.3767e-05
-1.15318e-05
1.53427e-05
-1.76572e-05
1.54466e-05
-2.3847e-05
1.55762e-05
-3.00449e-05
1.56694e-05
-3.61596e-05
1.56468e-05
-4.21015e-05
1.54632e-05
-4.77949e-05
1.51108e-05
-5.31578e-05
1.45849e-05
-5.81195e-05
1.39248e-05
-6.26165e-05
1.31703e-05
-6.66221e-05
1.23868e-05
-7.01403e-05
1.16063e-05
-7.31963e-05
1.08263e-05
-7.58228e-05
1.00178e-05
-7.80375e-05
9.13831e-06
-7.98578e-05
8.18589e-06
-8.12941e-05
7.16853e-06
-8.23684e-05
6.12551e-06
-8.31028e-05
5.06936e-06
-8.35296e-05
3.99433e-06
-8.36635e-05
2.87958e-06
-8.34996e-05
1.68981e-06
-8.30263e-05
4.08875e-07
-8.22184e-05
-9.80587e-07
-8.10523e-05
-2.4663e-06
-7.95045e-05
-4.03454e-06
-7.75578e-05
-5.65388e-06
-7.51975e-05
-7.28804e-06
-7.24112e-05
-8.90161e-06
-6.9192e-05
-1.04582e-05
-6.55359e-05
-1.19344e-05
-6.14449e-05
-1.33048e-05
-5.69264e-05
-1.45512e-05
-5.19986e-05
-1.56519e-05
-4.66946e-05
-1.65865e-05
-4.10648e-05
-1.73376e-05
-3.51813e-05
-1.78856e-05
-2.91361e-05
-1.82233e-05
-2.3035e-05
-1.83492e-05
-1.69752e-05
-1.82806e-05
-1.10173e-05
-1.80468e-05
-5.18884e-06
-1.76923e-05
-1.55728e-05
-6.40418e-06
2.01712e-05
-1.34971e-05
2.24355e-05
-2.07351e-05
2.26845e-05
-2.79422e-05
2.27832e-05
-3.49169e-05
2.26439e-05
-4.14814e-05
2.22112e-05
-4.75303e-05
2.15121e-05
-5.30319e-05
2.06125e-05
-5.79493e-05
1.95023e-05
-6.22741e-05
1.82495e-05
-6.59877e-05
1.68839e-05
-6.91117e-05
1.55109e-05
-7.16956e-05
1.41902e-05
-7.38038e-05
1.29345e-05
-7.55182e-05
1.17323e-05
-7.68883e-05
1.05085e-05
-7.79691e-05
9.2667e-06
-7.87839e-05
7.98339e-06
-7.93676e-05
6.70931e-06
-7.97468e-05
5.44847e-06
-7.99477e-05
4.19522e-06
-7.99898e-05
2.92171e-06
-7.98674e-05
1.56734e-06
-7.95704e-05
1.11795e-07
-7.9068e-05
-1.48306e-06
-7.83353e-05
-3.19904e-06
-7.73425e-05
-5.02742e-06
-7.60643e-05
-6.9321e-06
-7.44775e-05
-8.87495e-06
-7.25519e-05
-1.08273e-05
-7.02592e-05
-1.27508e-05
-6.75592e-05
-1.46345e-05
-6.4412e-05
-1.64521e-05
-6.07689e-05
-1.81943e-05
-5.65836e-05
-1.98371e-05
-5.18173e-05
-2.13528e-05
-4.64483e-05
-2.27066e-05
-4.04948e-05
-2.38391e-05
-3.40262e-05
-2.46918e-05
-2.71789e-05
-2.51965e-05
-2.01462e-05
-2.53133e-05
-1.31006e-05
-2.50924e-05
-6.19257e-06
-2.46004e-05
-2.17654e-05
-7.22643e-06
2.73975e-05
-1.52046e-05
3.04135e-05
-2.32777e-05
3.07576e-05
-3.09045e-05
3.04099e-05
-3.77773e-05
2.95167e-05
-4.37193e-05
2.81532e-05
-4.87164e-05
2.65092e-05
-5.28793e-05
2.47754e-05
-5.62786e-05
2.29015e-05
-5.90172e-05
2.09881e-05
-6.11475e-05
1.90142e-05
-6.27455e-05
1.71089e-05
-6.39018e-05
1.53466e-05
-6.4694e-05
1.37269e-05
-6.52326e-05
1.22709e-05
-6.55664e-05
1.08423e-05
-6.57696e-05
9.47001e-06
-6.58615e-05
8.07534e-06
-6.58794e-05
6.72719e-06
-6.58461e-05
5.4152e-06
-6.57787e-05
4.12773e-06
-6.57005e-05
2.84358e-06
-6.56014e-05
1.46816e-06
-6.54825e-05
-7.11918e-09
-6.53134e-05
-1.6523e-06
-6.50779e-05
-3.43455e-06
-6.47499e-05
-5.35547e-06
-6.4306e-05
-7.37603e-06
-6.37262e-05
-9.45478e-06
-6.29735e-05
-1.158e-05
-6.20141e-05
-1.37103e-05
-6.07868e-05
-1.58619e-05
-5.92255e-05
-1.80134e-05
-5.72378e-05
-2.01819e-05
-5.47162e-05
-2.23587e-05
-5.15384e-05
-2.45306e-05
-4.75739e-05
-2.66711e-05
-4.27161e-05
-2.86969e-05
-3.69076e-05
-3.05003e-05
-3.01878e-05
-3.19163e-05
-2.27659e-05
-3.27351e-05
-1.49035e-05
-3.29548e-05
-7.06878e-06
-3.24351e-05
-2.88341e-05
-8.13648e-06
3.5534e-05
-1.67712e-05
3.90483e-05
-2.51058e-05
3.90921e-05
-3.21344e-05
3.74385e-05
-3.77112e-05
3.50934e-05
-4.18455e-05
3.22875e-05
-4.47439e-05
2.94076e-05
-4.67126e-05
2.67442e-05
-4.79394e-05
2.41282e-05
-4.86242e-05
2.1673e-05
-4.88714e-05
1.92614e-05
-4.87808e-05
1.70184e-05
-4.84591e-05
1.50249e-05
-4.79627e-05
1.32305e-05
-4.74024e-05
1.17107e-05
-4.67988e-05
1.02388e-05
-4.62244e-05
8.89571e-06
-4.56824e-05
7.53332e-06
-4.52019e-05
6.24677e-06
-4.48013e-05
5.01455e-06
-4.44843e-05
3.81066e-06
-4.42818e-05
2.64105e-06
-4.41769e-05
1.36328e-06
-4.41871e-05
3.0637e-09
-4.42868e-05
-1.55269e-06
-4.44734e-05
-3.24802e-06
-4.47316e-05
-5.09728e-06
-4.50457e-05
-7.06196e-06
-4.54085e-05
-9.09198e-06
-4.5787e-05
-1.12015e-05
-4.61578e-05
-1.33396e-05
-4.64603e-05
-1.55595e-05
-4.66298e-05
-1.78439e-05
-4.6564e-05
-2.02478e-05
-4.61318e-05
-2.27909e-05
-4.51653e-05
-2.54972e-05
-4.34504e-05
-2.83859e-05
-4.07476e-05
-3.13997e-05
-3.68123e-05
-3.44355e-05
-3.14349e-05
-3.72937e-05
-2.46505e-05
-3.95195e-05
-1.65465e-05
-4.10588e-05
-8.03152e-06
-4.09501e-05
-3.68656e-05
-9.41155e-06
4.49455e-05
-1.81464e-05
4.77831e-05
-2.57137e-05
4.66595e-05
-3.0818e-05
4.25428e-05
-3.39144e-05
3.81898e-05
-3.53521e-05
3.37251e-05
-3.55995e-05
2.9655e-05
-3.5099e-05
2.62438e-05
-3.40979e-05
2.31271e-05
-3.2822e-05
2.03971e-05
-3.13842e-05
1.78236e-05
-2.98651e-05
1.54993e-05
-2.83576e-05
1.35175e-05
-2.68758e-05
1.17489e-05
-2.55066e-05
1.03416e-05
-2.42348e-05
8.96702e-06
-2.31146e-05
7.77545e-06
-2.21328e-05
6.55158e-06
-2.13042e-05
5.41816e-06
-2.06435e-05
4.35378e-06
-2.01425e-05
3.30963e-06
-1.98361e-05
2.3346e-06
-1.97065e-05
1.23367e-06
-1.97823e-05
7.88127e-08
-2.00479e-05
-1.28707e-06
-2.05127e-05
-2.7833e-06
-2.11755e-05
-4.43446e-06
-2.20299e-05
-6.20762e-06
-2.30836e-05
-8.03837e-06
-2.43143e-05
-9.97085e-06
-2.57164e-05
-1.19375e-05
-2.72471e-05
-1.40289e-05
-2.88638e-05
-1.62272e-05
-3.04885e-05
-1.86231e-05
-3.2012e-05
-2.12674e-05
-3.32798e-05
-2.42293e-05
-3.4067e-05
-2.75987e-05
-3.4072e-05
-3.13947e-05
-3.29142e-05
-3.55932e-05
-3.00873e-05
-4.01205e-05
-2.52904e-05
-4.43164e-05
-1.79915e-05
-4.83577e-05
-9.39208e-06
-4.95495e-05
-4.62577e-05
-1.11765e-05
5.6122e-05
-1.88785e-05
5.54851e-05
-2.42432e-05
5.20243e-05
-2.61736e-05
4.44731e-05
-2.60457e-05
3.80619e-05
-2.45201e-05
3.21995e-05
-2.22173e-05
2.73521e-05
-1.95678e-05
2.35943e-05
-1.67919e-05
2.03511e-05
-1.40584e-05
1.76638e-05
-1.14494e-05
1.52145e-05
-8.99733e-06
1.30474e-05
-6.75742e-06
1.12776e-05
-4.70441e-06
9.69597e-06
-2.883e-06
8.52017e-06
-1.25829e-06
7.34236e-06
1.48864e-07
6.36829e-06
1.35384e-06
5.3466e-06
2.35948e-06
4.4125e-06
3.15479e-06
3.55846e-06
3.75435e-06
2.71005e-06
4.12744e-06
1.96147e-06
4.28562e-06
1.07547e-06
4.19853e-06
1.65846e-07
3.86689e-06
-9.55421e-07
3.27449e-06
-2.19098e-06
2.409e-06
-3.56895e-06
1.26803e-06
-5.06675e-06
-1.6616e-07
-6.60419e-06
-1.88562e-06
-8.25147e-06
-3.89888e-06
-9.92426e-06
-6.18841e-06
-1.17394e-05
-8.74063e-06
-1.3675e-05
-1.15199e-05
-1.58438e-05
-1.44679e-05
-1.83194e-05
-1.7491e-05
-2.12063e-05
-2.04285e-05
-2.46612e-05
-2.30216e-05
-2.88016e-05
-2.48895e-05
-3.37253e-05
-2.53546e-05
-3.96554e-05
-2.38009e-05
-4.58701e-05
-1.87623e-05
-5.33962e-05
-1.12675e-05
-5.70443e-05
-5.75252e-05
-1.30912e-05
6.92132e-05
-1.80876e-05
6.04814e-05
-1.9773e-05
5.37097e-05
-1.78567e-05
4.25569e-05
-1.44919e-05
3.46971e-05
-1.04256e-05
2.81332e-05
-6.21782e-06
2.31444e-05
-2.13436e-06
1.95109e-05
1.69718e-06
1.65196e-05
5.21659e-06
1.41445e-05
8.39162e-06
1.20395e-05
1.12402e-05
1.01989e-05
1.37569e-05
8.76091e-06
1.59886e-05
7.46433e-06
1.79392e-05
6.56956e-06
1.96453e-05
5.63633e-06
2.11134e-05
4.90011e-06
2.23567e-05
4.10335e-06
2.33896e-05
3.37955e-06
2.42075e-05
2.7406e-06
2.48245e-05
2.09303e-06
2.52231e-05
1.56281e-06
2.54029e-05
8.95624e-07
2.53402e-05
2.28491e-07
2.50191e-05
-6.34283e-07
2.44206e-05
-1.59257e-06
2.35227e-05
-2.67102e-06
2.23148e-05
-3.85887e-06
2.07767e-05
-5.06612e-06
1.89029e-05
-6.37777e-06
1.66788e-05
-7.7001e-06
1.4098e-05
-9.15863e-06
1.11508e-05
-1.07278e-05
7.83054e-06
-1.25235e-05
4.13966e-06
-1.46285e-05
9.49277e-08
-1.71615e-05
-4.2486e-06
-2.03177e-05
-8.75477e-06
-2.42954e-05
-1.31814e-05
-2.92987e-05
-1.69148e-05
-3.59219e-05
-1.92441e-05
-4.35408e-05
-1.79353e-05
-5.47049e-05
-1.32583e-05
-6.17214e-05
-7.07835e-05
-1.41646e-05
8.33778e-05
-1.47227e-05
6.10395e-05
-1.17766e-05
5.07636e-05
-6.24174e-06
3.7022e-05
-3.57724e-07
2.88131e-05
5.32831e-06
2.24472e-05
1.05242e-05
1.79485e-05
1.5203e-05
1.48322e-05
1.93568e-05
1.23657e-05
2.30313e-05
1.04701e-05
2.62425e-05
8.82827e-06
2.90426e-05
7.39886e-06
3.14735e-05
6.33e-06
3.35844e-05
5.35344e-06
3.5424e-05
4.72993e-06
3.70127e-05
4.0477e-06
3.83816e-05
3.53125e-06
3.95316e-05
2.95329e-06
4.04836e-05
2.42757e-06
4.12416e-05
1.98264e-06
4.18142e-05
1.5204e-06
4.22029e-05
1.1741e-06
4.23927e-05
7.05778e-07
4.23713e-05
2.49808e-07
4.21079e-05
-3.70768e-07
4.1583e-05
-1.06778e-06
4.07696e-05
-1.8576e-06
3.96503e-05
-2.73967e-06
3.82093e-05
-3.62507e-06
3.64302e-05
-4.5987e-06
3.43002e-05
-5.57012e-06
3.17965e-05
-6.65492e-06
2.88963e-05
-7.82765e-06
2.55632e-05
-9.19036e-06
2.17565e-05
-1.08219e-05
1.74282e-05
-1.28332e-05
1.25311e-05
-1.54206e-05
7.05463e-06
-1.88189e-05
1.05136e-06
-2.32954e-05
-5.19774e-06
-2.96728e-05
-1.11201e-05
-3.76184e-05
-1.44452e-05
-5.13797e-05
-1.42965e-05
-6.18701e-05
-8.508e-05
-1.29188e-05
9.62965e-05
-7.995e-06
5.61158e-05
-3.80675e-07
4.31493e-05
7.59256e-06
2.90488e-05
1.48036e-05
2.1602e-05
2.10205e-05
1.62303e-05
2.63026e-05
1.26664e-05
3.0843e-05
1.02919e-05
3.4733e-05
8.47565e-06
3.80912e-05
7.11191e-06
4.09651e-05
5.95442e-06
4.34187e-05
4.94528e-06
4.55281e-05
4.2206e-06
4.73326e-05
3.549e-06
4.89116e-05
3.1509e-06
5.0265e-05
2.6943e-06
5.14368e-05
2.35953e-06
5.24161e-05
1.97399e-06
5.32232e-05
1.6204e-06
5.38713e-05
1.33458e-06
5.43621e-05
1.02963e-06
5.47145e-05
8.21623e-07
5.49023e-05
5.18011e-07
5.49235e-05
2.28484e-07
5.47377e-05
-1.84882e-07
5.43259e-05
-6.56106e-07
5.36605e-05
-1.1921e-06
5.27195e-05
-1.79881e-06
5.14944e-05
-2.39995e-06
4.99629e-05
-3.06719e-06
4.81183e-05
-3.7255e-06
4.593e-05
-4.46659e-06
4.33722e-05
-5.26984e-06
4.03945e-05
-6.21273e-06
3.69337e-05
-7.361e-06
3.29032e-05
-8.80269e-06
2.81873e-05
-1.07046e-05
2.26551e-05
-1.32867e-05
1.61632e-05
-1.68036e-05
8.65689e-06
-2.21665e-05
3.86252e-07
-2.93478e-05
-7.54706e-06
-4.34464e-05
-1.28768e-05
-5.65403e-05
-9.79568e-05
-7.84663e-06
0.000104143
2.21787e-06
4.60513e-05
1.31497e-05
3.22175e-05
2.21398e-05
2.00587e-05
2.94003e-05
1.43416e-05
3.51835e-05
1.04471e-05
3.98591e-05
7.99083e-06
4.37499e-05
6.40115e-06
4.70036e-05
5.22199e-06
4.97655e-05
4.35003e-06
5.20949e-05
3.62503e-06
5.40502e-05
2.99004e-06
5.57219e-05
2.54881e-06
5.7136e-05
2.13495e-06
5.8384e-05
1.90291e-06
5.945e-05
1.62833e-06
6.03793e-05
1.43025e-06
6.11538e-05
1.19952e-06
6.17894e-05
9.84756e-07
6.23052e-05
8.18766e-07
6.26977e-05
6.37109e-07
6.29969e-05
5.22443e-07
6.31709e-05
3.44006e-07
6.32246e-05
1.74696e-07
6.31147e-05
-7.49675e-08
6.28235e-05
-3.64967e-07
6.23258e-05
-6.94411e-07
6.15988e-05
-1.07182e-06
6.06405e-05
-1.44161e-06
5.94277e-05
-1.85437e-06
5.79602e-05
-2.25809e-06
5.62076e-05
-2.71394e-06
5.41473e-05
-3.20953e-06
5.17289e-05
-3.79429e-06
4.88848e-05
-4.51696e-06
4.55182e-05
-5.43611e-06
4.1487e-05
-6.67343e-06
3.65967e-05
-8.39639e-06
3.05997e-05
-1.08066e-05
2.31131e-05
-1.46799e-05
1.39339e-05
-2.01686e-05
2.80987e-06
-3.23223e-05
-7.55423e-06
-4.61762e-05
-0.000105511
2.02713e-06
0.000102116
1.55276e-05
3.25508e-05
2.7563e-05
2.01821e-05
3.58795e-05
1.17422e-05
4.21282e-05
8.09292e-06
4.68211e-05
5.7542e-06
5.04812e-05
4.33076e-06
5.34564e-05
3.42592e-06
5.59031e-05
2.77532e-06
5.79559e-05
2.29724e-06
5.96703e-05
1.91065e-06
6.10896e-05
1.57072e-06
6.23003e-05
1.33812e-06
6.33155e-05
1.11983e-06
6.42211e-05
9.97324e-07
6.4994e-05
8.55442e-07
6.56732e-05
7.50991e-07
6.62392e-05
6.33526e-07
6.67025e-05
5.21459e-07
6.70836e-05
4.37721e-07
6.7376e-05
3.44676e-07
6.76119e-05
2.86461e-07
6.77606e-05
1.95348e-07
6.78293e-05
1.05953e-07
6.77788e-05
-2.44841e-08
6.75936e-05
-1.79826e-07
6.72537e-05
-3.54503e-07
6.67382e-05
-5.56338e-07
6.60499e-05
-7.53216e-07
6.51681e-05
-9.72677e-07
6.40976e-05
-1.18753e-06
6.28126e-05
-1.42897e-06
6.12968e-05
-1.69368e-06
5.95084e-05
-2.00591e-06
5.73888e-05
-2.39732e-06
5.48519e-05
-2.89924e-06
5.17646e-05
-3.58607e-06
4.79273e-05
-4.55905e-06
4.3074e-05
-5.95332e-06
3.66635e-05
-8.26926e-06
2.82595e-05
-1.17646e-05
1.61333e-05
-2.01961e-05
2.50579e-06
-3.25488e-05
-0.000103005
1.5972e-05
8.6144e-05
3.04714e-05
1.80514e-05
4.11501e-05
9.50347e-06
4.759e-05
5.30234e-06
5.21649e-05
3.51797e-06
5.54567e-05
2.46249e-06
5.7956e-05
1.83146e-06
5.99534e-05
1.42847e-06
6.1576e-05
1.1527e-06
6.29266e-05
9.46678e-07
6.40489e-05
7.88413e-07
6.49691e-05
6.50452e-07
6.57556e-05
5.51686e-07
6.64102e-05
4.65246e-07
6.70002e-05
4.07308e-07
6.7503e-05
3.52674e-07
6.79484e-05
3.0562e-07
6.83207e-05
2.61163e-07
6.86261e-05
2.16086e-07
6.8882e-05
1.8185e-07
6.90805e-05
1.46129e-07
6.92484e-05
1.18536e-07
6.93604e-05
8.33867e-08
6.94233e-05
4.29901e-08
6.94077e-05
-8.91584e-09
6.93018e-05
-7.39403e-08
6.90926e-05
-1.45331e-07
6.87636e-05
-2.27351e-07
6.83198e-05
-3.09418e-07
6.77454e-05
-3.98245e-07
6.70464e-05
-4.88525e-07
6.62046e-05
-5.87143e-07
6.52093e-05
-6.98352e-07
6.40318e-05
-8.28422e-07
6.26284e-05
-9.93927e-07
6.09368e-05
-1.20761e-06
5.88539e-05
-1.5032e-06
5.62205e-05
-1.92567e-06
5.28157e-05
-2.54845e-06
4.8132e-05
-3.58554e-06
4.16691e-05
-5.30177e-06
3.097e-05
-9.49695e-06
1.64595e-05
-1.80383e-05
-8.65456e-05
3.33772e-05
5.27669e-05
4.55121e-05
5.91647e-06
5.25862e-05
2.42942e-06
5.65365e-05
1.35201e-06
5.91984e-05
8.56032e-07
6.10657e-05
5.95201e-07
6.24577e-05
4.39527e-07
6.35509e-05
3.35257e-07
6.44328e-05
2.70815e-07
6.51601e-05
2.19403e-07
6.57649e-05
1.83628e-07
6.62614e-05
1.53933e-07
6.66849e-05
1.28207e-07
6.7039e-05
1.11113e-07
6.73542e-05
9.20747e-08
6.76248e-05
8.21281e-08
6.78622e-05
6.81935e-08
6.80635e-05
5.98996e-08
6.82297e-05
4.99237e-08
6.83703e-05
4.11673e-08
6.8482e-05
3.44919e-08
6.85755e-05
2.50151e-08
6.86404e-05
1.84893e-08
6.86766e-05
6.75434e-09
6.86716e-05
-3.89452e-09
6.86166e-05
-1.90253e-08
6.85063e-05
-3.49958e-08
6.83314e-05
-5.24732e-08
6.8094e-05
-7.19836e-08
6.77867e-05
-9.09401e-08
6.7411e-05
-1.12867e-07
6.69588e-05
-1.34884e-07
6.6422e-05
-1.6159e-07
6.57858e-05
-1.92233e-07
6.50236e-05
-2.31763e-07
6.40996e-05
-2.83547e-07
6.29516e-05
-3.55156e-07
6.14837e-05
-4.57851e-07
5.95509e-05
-6.15589e-07
5.68328e-05
-8.67452e-07
5.28831e-05
-1.35209e-06
4.58131e-05
-2.42688e-06
3.36971e-05
-5.92235e-06
-5.28485e-05
5.27669e-05
5.86834e-05
6.11128e-05
6.24648e-05
6.33208e-05
6.3916e-05
6.43556e-05
6.46908e-05
6.49616e-05
6.51811e-05
6.53647e-05
6.55186e-05
6.56468e-05
6.57579e-05
6.585e-05
6.59321e-05
6.60003e-05
6.60602e-05
6.61102e-05
6.61513e-05
6.61858e-05
6.62108e-05
6.62293e-05
6.62361e-05
6.62322e-05
6.62131e-05
6.61781e-05
6.61257e-05
6.60537e-05
6.59627e-05
6.58499e-05
6.5715e-05
6.55534e-05
6.53612e-05
6.51294e-05
6.48459e-05
6.44907e-05
6.40329e-05
6.34173e-05
6.25498e-05
6.11977e-05
5.87709e-05
5.28485e-05
)
;

boundaryField
{
    movingWall
    {
        type            calculated;
        value           uniform 0;
    }
    fixedWalls
    {
        type            calculated;
        value           uniform 0;
    }
    frontAndBack
    {
        type            empty;
        value           nonuniform 0();
    }
    defaultFaces
    {
        type            empty;
        value           nonuniform 0();
    }
}


// ************************************************************************* //
