/*--------------------------------*- C++ -*----------------------------------*\
  =========                 |
  \\      /  F ield         | OpenFOAM: The Open Source CFD Toolbox
   \\    /   O peration     | Website:  https://openfoam.org
    \\  /    A nd           | Version:  7
     \\/     M anipulation  |
\*---------------------------------------------------------------------------*/
FoamFile
{
    version     2.0;
    format      ascii;
    class       volVectorField;
    location    "0.87";
    object      U;
}
// * * * * * * * * * * * * * * * * * * * * * * * * * * * * * * * * * * * * * //

dimensions      [0 1 -1 0 0 0 0];

internalField   nonuniform List<vector> 
1936
(
(-12.0706 3.06092 0)
(-69.7872 214.405 0)
(-8.06027 454.278 0)
(15.1004 428.453 0)
(2.02253 374.732 0)
(15.6012 358.539 0)
(15.1769 325.377 0)
(14.1229 292.823 0)
(2.89301 272.869 0)
(-8.83536 276.855 0)
(-16.7374 319.822 0)
(-24.1111 423.48 0)
(1.3085 480.578 0)
(32.7781 375.331 0)
(19.8317 247.384 0)
(-2.56711 218.941 0)
(-15.3229 229.855 0)
(-37.3179 330.513 0)
(-18.9174 482.58 0)
(29.2954 442.792 0)
(24.4512 280.179 0)
(1.92182 217.575 0)
(-10.2931 214.724 0)
(-34.5703 285.465 0)
(-31.205 461.673 0)
(26.4431 479.296 0)
(36.5583 308.163 0)
(13.7323 220.906 0)
(2.38977 218.018 0)
(-18.8887 258.098 0)
(-34.1288 405.947 0)
(1.04629 492.275 0)
(34.571 368.068 0)
(14.8168 237.757 0)
(-2.25366 215.768 0)
(-20.9601 241.663 0)
(-37.4954 382.632 0)
(4.84795 498.583 0)
(38.2899 395.11 0)
(23.258 250.17 0)
(8.20252 214.067 0)
(-6.11427 217.254 0)
(-30.2243 301.334 0)
(-25.5622 461.727 0)
(-12.4064 7.4525 0)
(-77.0993 -1.11135 0)
(-12.2938 -5.34137 0)
(14.4308 -2.31131 0)
(0.714543 -0.796691 0)
(13.3896 -0.799131 0)
(13.0226 0.106186 0)
(11.4139 1.19012 0)
(2.58632 2.17289 0)
(-5.83256 2.03443 0)
(-15.4945 0.804277 0)
(-25.6936 -1.86845 0)
(1.08487 -4.08909 0)
(32.3957 -1.93724 0)
(15.8632 2.34556 0)
(-2.98505 4.01909 0)
(-9.45479 2.90324 0)
(-35.4432 -0.878331 0)
(-19.73 -4.63725 0)
(30.9061 -3.32142 0)
(22.0931 1.09717 0)
(-1.65648 3.7068 0)
(-5.57222 3.6269 0)
(-30.8054 0.266491 0)
(-32.2711 -4.55589 0)
(27.8529 -4.77174 0)
(33.98 -0.373872 0)
(7.52314 3.10056 0)
(4.14651 3.78354 0)
(-16.098 2.1831 0)
(-35.5132 -1.83985 0)
(1.22249 -4.60468 0)
(34.3307 -1.91797 0)
(9.86381 2.55815 0)
(-2.12745 4.17234 0)
(-15.578 2.19149 0)
(-36.7827 -2.89962 0)
(5.03921 -5.18683 0)
(39.7765 -1.9621 0)
(19.2435 1.72527 0)
(4.56979 3.52276 0)
(-1.79305 3.51518 0)
(-28.4698 0.347646 0)
(-27.4041 -3.97087 0)
(-1.87922 15.5528 0)
(-73.3595 -1.41764 0)
(-17.7236 -11.6946 0)
(12.8365 -5.01531 0)
(2.19059 -1.48543 0)
(12.5829 -1.61913 0)
(12.6101 0.287912 0)
(10.0858 2.43469 0)
(0.397461 4.26319 0)
(-8.32789 4.13313 0)
(-18.0378 1.93932 0)
(-25.7046 -4.02984 0)
(4.70221 -8.9432 0)
(35.413 -3.7029 0)
(17.2561 5.09022 0)
(-0.876061 7.73398 0)
(-7.90894 6.11518 0)
(-36.4271 -1.12405 0)
(-20.7757 -10.0373 0)
(32.5826 -7.12919 0)
(25.1048 2.77787 0)
(1.05286 7.28799 0)
(-3.04158 7.27558 0)
(-30.9451 1.35424 0)
(-34.2268 -9.57176 0)
(28.1872 -10.204 0)
(34.301 0.10304 0)
(3.75931 6.47305 0)
(-0.518552 7.29826 0)
(-20.289 4.77029 0)
(-36.7367 -3.97442 0)
(3.81168 -10.1634 0)
(37.2753 -3.51896 0)
(10.5662 5.53145 0)
(-1.01441 8.01776 0)
(-14.2922 4.88065 0)
(-39.4931 -5.4557 0)
(1.21092 -11.3079 0)
(40.0852 -3.96849 0)
(19.9891 4.18206 0)
(1.86399 6.93135 0)
(-4.75681 7.06627 0)
(-31.3809 1.24465 0)
(-28.6751 -8.66053 0)
(8.10691 21.7517 0)
(-60.8383 -0.370036 0)
(-18.4918 -16.4637 0)
(5.63835 -8.03695 0)
(-1.22174 -2.38121 0)
(7.00906 -2.20011 0)
(6.93202 0.513484 0)
(4.49318 3.6043 0)
(-2.17055 5.99327 0)
(-6.48634 5.81357 0)
(-12.6242 2.61847 0)
(-18.7993 -6.27562 0)
(5.6434 -13.0936 0)
(27.0381 -4.93415 0)
(10.1612 7.35286 0)
(0.0654393 10.6854 0)
(-0.187925 8.91224 0)
(-25.2223 -1.0773 0)
(-16.4644 -14.4822 0)
(25.392 -10.4372 0)
(17.2747 4.01976 0)
(-0.807975 10.1429 0)
(3.12431 10.3772 0)
(-19.3304 2.57376 0)
(-27.1816 -13.5353 0)
(21.7021 -14.5946 0)
(22.7634 0.853899 0)
(-4.35363 9.54283 0)
(-1.38343 10.1128 0)
(-14.7393 6.52945 0)
(-27.7637 -6.20316 0)
(4.60024 -14.8894 0)
(28.1724 -4.62134 0)
(3.44675 8.00198 0)
(0.0892089 10.9767 0)
(-4.43665 7.28485 0)
(-29.7081 -7.08493 0)
(-1.55508 -16.3875 0)
(29.7163 -5.86374 0)
(11.9757 6.42107 0)
(-2.73455 9.96993 0)
(-1.6975 9.88493 0)
(-22.0499 1.80703 0)
(-22.8745 -12.6981 0)
(15.8947 26.2945 0)
(-49.6137 1.65489 0)
(-18.6269 -19.286 0)
(-0.731165 -10.9819 0)
(-4.82218 -3.66625 0)
(1.41829 -2.64605 0)
(1.56187 0.739815 0)
(-0.307052 4.52934 0)
(-3.92102 7.11522 0)
(-4.69996 6.79385 0)
(-8.19462 2.6995 0)
(-12.5058 -8.23117 0)
(6.11484 -15.8764 0)
(19.1084 -5.54648 0)
(4.53421 8.82564 0)
(0.115927 12.4844 0)
(5.16577 10.7824 0)
(-15.8296 -0.825719 0)
(-12.1619 -17.2508 0)
(18.7368 -12.6775 0)
(11.2425 4.71092 0)
(-3.10233 11.8376 0)
(7.40259 12.3424 0)
(-10.1747 3.6224 0)
(-20.4331 -15.8612 0)
(15.5322 -17.2589 0)
(13.7956 1.6448 0)
(-9.24003 11.6546 0)
(-0.0936256 11.8626 0)
(-10.0867 7.36901 0)
(-19.5348 -8.0997 0)
(5.09526 -17.9729 0)
(20.1131 -5.14374 0)
(-1.40236 9.55117 0)
(0.81183 12.5953 0)
(2.83276 8.89682 0)
(-20.644 -7.68534 0)
(-3.73309 -19.5901 0)
(20.3254 -7.33296 0)
(6.04534 8.04948 0)
(-5.46663 12.1209 0)
(1.9357 11.547 0)
(-14.3063 2.03601 0)
(-17.3747 -15.3841 0)
(21.2993 29.1675 0)
(-38.5709 4.42578 0)
(-17.3308 -20.0957 0)
(-5.56391 -13.4541 0)
(-8.34538 -5.20823 0)
(-3.6508 -3.05494 0)
(-3.09911 0.881258 0)
(-3.99834 5.01312 0)
(-4.60042 7.52183 0)
(-2.56148 7.00896 0)
(-4.30311 2.25225 0)
(-7.15391 -9.76494 0)
(5.71927 -17.1304 0)
(11.8067 -5.52218 0)
(-0.482467 9.48156 0)
(-0.392951 13.1146 0)
(8.48637 11.5762 0)
(-8.27188 -0.440365 0)
(-8.11025 -18.3072 0)
(12.7478 -13.7773 0)
(6.17202 4.9572 0)
(-5.32993 12.4056 0)
(9.48691 13.0654 0)
(-3.08854 4.37135 0)
(-14.2023 -16.5236 0)
(9.99648 -18.1979 0)
(7.06663 2.28301 0)
(-11.0555 12.5839 0)
(2.23531 12.5847 0)
(-5.01556 7.44458 0)
(-12.2267 -9.48808 0)
(5.00157 -19.3143 0)
(13.2266 -5.09726 0)
(-4.81497 10.127 0)
(1.10779 12.9594 0)
(7.76144 9.58793 0)
(-12.732 -7.29511 0)
(-4.81759 -20.7654 0)
(12.1651 -8.31645 0)
(1.18763 8.85318 0)
(-6.29165 13.1561 0)
(5.76573 12.1133 0)
(-7.70581 2.11346 0)
(-12.3178 -16.6393 0)
(23.5298 30.2775 0)
(-27.2384 7.55926 0)
(-14.1226 -18.9147 0)
(-8.30382 -14.9989 0)
(-10.9838 -6.73838 0)
(-7.64525 -3.50502 0)
(-6.65539 0.787366 0)
(-6.36583 4.90239 0)
(-4.46126 7.13635 0)
(-0.604188 6.48644 0)
(-1.06716 1.4196 0)
(-3.01447 -10.6489 0)
(4.28762 -16.8658 0)
(5.47659 -4.86922 0)
(-4.60886 9.28827 0)
(-0.781843 12.5975 0)
(9.63029 11.2768 0)
(-2.60107 -0.0595084 0)
(-4.45997 -17.7212 0)
(7.52916 -13.6727 0)
(1.88269 4.78626 0)
(-6.21659 11.965 0)
(9.18181 12.5911 0)
(2.03018 4.65642 0)
(-8.64685 -15.6261 0)
(5.2858 -17.5019 0)
(2.23806 2.52015 0)
(-10.2653 12.2896 0)
(3.95686 12.2893 0)
(0.314702 6.90973 0)
(-6.16289 -10.0709 0)
(4.13948 -18.9567 0)
(7.59676 -4.54875 0)
(-6.84146 9.75126 0)
(1.08217 12.1949 0)
(10.1644 9.35042 0)
(-6.36036 -6.12835 0)
(-4.61375 -19.9701 0)
(5.51953 -8.66156 0)
(-2.67885 8.68863 0)
(-5.52479 12.9513 0)
(7.86471 11.7238 0)
(-2.32799 2.1002 0)
(-7.77218 -16.4284 0)
(22.9501 29.4983 0)
(-14.895 10.4865 0)
(-9.0015 -15.9084 0)
(-8.52501 -15.1483 0)
(-11.8451 -7.91317 0)
(-9.96123 -3.99322 0)
(-8.72496 0.324584 0)
(-7.31189 4.16074 0)
(-3.78203 6.04976 0)
(0.800531 5.37724 0)
(1.2528 0.317721 0)
(-0.260014 -10.6843 0)
(2.0239 -15.2637 0)
(0.449025 -3.83396 0)
(-7.15507 8.37237 0)
(-0.899408 11.0637 0)
(9.05406 10.0615 0)
(1.26296 0.126611 0)
(-1.38366 -15.704 0)
(3.22342 -12.3863 0)
(-1.59762 4.23127 0)
(-5.7613 10.6634 0)
(7.41912 11.1149 0)
(5.30371 4.40503 0)
(-3.96557 -13.4384 0)
(1.58878 -15.394 0)
(-1.09566 2.24941 0)
(-8.33562 10.9375 0)
(4.45086 11.0156 0)
(4.83717 5.92854 0)
(-1.69296 -9.62944 0)
(2.60612 -17.0737 0)
(3.07273 -3.77872 0)
(-7.58509 8.65412 0)
(0.874276 10.5322 0)
(10.2342 8.36336 0)
(-1.71578 -4.63034 0)
(-3.32625 -17.4987 0)
(0.646645 -8.21835 0)
(-5.39531 7.64426 0)
(-4.18673 11.611 0)
(7.82336 10.5243 0)
(1.73703 1.91797 0)
(-3.86048 -14.8423 0)
(19.5643 26.6842 0)
(-2.48809 12.4915 0)
(-2.51141 -11.3962 0)
(-6.10096 -13.6199 0)
(-10.3471 -8.34166 0)
(-10.0897 -4.42349 0)
(-9.01182 -0.441191 0)
(-6.91518 2.88423 0)
(-2.79122 4.46711 0)
(1.61689 3.85499 0)
(2.5182 -0.809527 0)
(1.08597 -9.79132 0)
(-0.422633 -12.648 0)
(-3.0527 -2.80984 0)
(-7.82792 6.85828 0)
(-0.829423 8.84545 0)
(7.61324 8.22432 0)
(3.56366 0.0562261 0)
(0.790463 -12.653 0)
(0.0702749 -10.1263 0)
(-4.04766 3.33521 0)
(-4.70543 8.7555 0)
(5.39402 8.96536 0)
(6.74954 3.67717 0)
(-0.564971 -10.3892 0)
(-0.849407 -12.28 0)
(-3.22442 1.59085 0)
(-6.39971 8.88058 0)
(3.97006 8.9647 0)
(7.22994 4.6034 0)
(1.02883 -8.17667 0)
(0.930579 -14.0134 0)
(-0.345405 -3.01866 0)
(-7.20814 7.05442 0)
(0.582315 8.31236 0)
(8.78406 6.87494 0)
(1.35801 -3.22155 0)
(-1.61037 -13.8744 0)
(-2.27866 -6.96715 0)
(-6.66451 5.965 0)
(-3.03332 9.48984 0)
(6.60472 8.71307 0)
(4.40525 1.48657 0)
(-0.841847 -12.1701 0)
(13.7741 22.1216 0)
(6.78181 12.9123 0)
(3.70654 -6.16955 0)
(-1.84588 -10.5377 0)
(-6.69534 -7.73529 0)
(-8.03417 -4.5649 0)
(-7.57614 -1.30511 0)
(-5.51841 1.34527 0)
(-1.75718 2.65214 0)
(1.91475 2.17916 0)
(2.82333 -1.65308 0)
(1.25424 -8.1068 0)
(-2.25375 -9.52587 0)
(-4.93491 -2.05909 0)
(-7.03216 4.91156 0)
(-0.802841 6.37668 0)
(5.79427 6.02552 0)
(4.39006 -0.126259 0)
(1.6746 -9.1094 0)
(-1.69032 -7.31039 0)
(-5.01874 2.25689 0)
(-3.60566 6.5217 0)
(3.71332 6.55809 0)
(6.39813 2.676 0)
(1.25919 -7.06234 0)
(-1.88663 -8.709 0)
(-4.14063 0.84809 0)
(-4.66419 6.47715 0)
(3.10354 6.50463 0)
(7.13221 3.15297 0)
(2.3383 -6.09584 0)
(-0.222921 -10.3217 0)
(-2.47073 -2.31757 0)
(-6.00339 5.11481 0)
(0.28998 5.96046 0)
(6.68907 5.08944 0)
(2.97324 -2.09484 0)
(-0.307425 -9.77624 0)
(-3.36363 -5.15888 0)
(-6.2893 4.06036 0)
(-2.13327 7.008 0)
(5.13915 6.51266 0)
(5.44243 0.915032 0)
(0.953646 -8.87288 0)
(7.76002 16.7784 0)
(10.0287 11.6465 0)
(7.39138 -1.57403 0)
(2.52183 -6.653 0)
(-2.17177 -6.1086 0)
(-4.59842 -4.18598 0)
(-4.99301 -1.95078 0)
(-3.6171 -0.0775593 0)
(-0.834498 0.932284 0)
(1.86216 0.644087 0)
(2.54222 -2.05151 0)
(0.88555 -6.02446 0)
(-2.86066 -6.49574 0)
(-5.12369 -1.61125 0)
(-5.4049 2.89338 0)
(-0.804952 4.01179 0)
(3.85643 3.79484 0)
(3.90264 -0.246539 0)
(1.50288 -5.69385 0)
(-2.1987 -4.54272 0)
(-4.49068 1.28631 0)
(-2.55025 4.26225 0)
(2.36644 4.27899 0)
(4.81443 1.70182 0)
(1.74154 -4.09211 0)
(-1.77503 -5.32503 0)
(-3.76403 0.304173 0)
(-3.04145 4.09825 0)
(2.20177 4.09552 0)
(5.46283 1.85498 0)
(2.59038 -3.94348 0)
(-0.643129 -6.66524 0)
(-3.11233 -1.68031 0)
(-4.31437 3.14797 0)
(0.083252 3.81782 0)
(4.48629 3.26512 0)
(3.20579 -1.24119 0)
(0.25959 -5.94858 0)
(-3.10819 -3.25579 0)
(-4.68865 2.39249 0)
(-1.3497 4.54991 0)
(3.66187 4.25075 0)
(4.89762 0.444093 0)
(1.57899 -5.57492 0)
(3.95374 11.7494 0)
(8.49116 9.32108 0)
(7.86761 1.40946 0)
(4.97261 -3.10341 0)
(1.37807 -3.92858 0)
(-1.14764 -3.27039 0)
(-2.14097 -2.13939 0)
(-1.6282 -1.06239 0)
(0.0191899 -0.383793 0)
(1.72063 -0.517182 0)
(2.08565 -2.03755 0)
(0.583119 -4.03207 0)
(-2.33307 -4.03334 0)
(-3.97281 -1.35429 0)
(-3.59028 1.19702 0)
(-0.739461 2.0373 0)
(2.12018 1.94633 0)
(2.60265 -0.245459 0)
(0.868309 -2.9741 0)
(-1.86364 -2.36312 0)
(-3.11378 0.605981 0)
(-1.58852 2.37832 0)
(1.32088 2.44221 0)
(2.93961 0.985939 0)
(1.42778 -1.92615 0)
(-1.135 -2.68695 0)
(-2.52931 0.0218634 0)
(-1.60755 2.13765 0)
(1.45478 2.17058 0)
(3.47538 0.888453 0)
(2.1059 -2.1841 0)
(-0.525548 -3.66282 0)
(-2.50409 -1.12087 0)
(-2.62117 1.54464 0)
(-0.0137286 2.08332 0)
(2.57513 1.75535 0)
(2.39271 -0.627006 0)
(0.300221 -2.99889 0)
(-2.15341 -1.69994 0)
(-2.80596 1.19834 0)
(-0.724247 2.52591 0)
(2.26176 2.35369 0)
(3.38583 0.186057 0)
(1.37963 -2.88175 0)
(2.18775 7.85929 0)
(5.31799 6.79807 0)
(6.02945 2.60226 0)
(4.9229 -0.63314 0)
(2.85286 -1.89881 0)
(1.03803 -2.12748 0)
(0.0578066 -1.9068 0)
(0.0406839 -1.53948 0)
(0.755083 -1.211 0)
(1.56242 -1.20655 0)
(1.61576 -1.77973 0)
(0.520033 -2.48534 0)
(-1.29335 -2.34587 0)
(-2.34116 -1.14554 0)
(-2.04242 0.0910699 0)
(-0.571402 0.663202 0)
(0.926807 0.706676 0)
(1.31271 -0.182159 0)
(0.338045 -1.23821 0)
(-1.1701 -0.984786 0)
(-1.72719 0.246139 0)
(-0.853612 1.10852 0)
(0.63139 1.2062 0)
(1.49766 0.561111 0)
(0.881992 -0.651591 0)
(-0.489822 -1.04794 0)
(-1.22739 -0.0746203 0)
(-0.620432 0.836282 0)
(0.891884 0.909018 0)
(1.89628 0.309146 0)
(1.31815 -1.01545 0)
(-0.249856 -1.66573 0)
(-1.4469 -0.671885 0)
(-1.35255 0.521128 0)
(-0.0548127 0.896536 0)
(1.22971 0.761824 0)
(1.2957 -0.231681 0)
(0.14951 -1.17335 0)
(-1.16116 -0.699001 0)
(-1.37027 0.499273 0)
(-0.321452 1.16231 0)
(1.16978 1.08157 0)
(1.81224 0.110869 0)
(0.846153 -1.11543 0)
(1.25989 5.34074 0)
(2.7358 4.77141 0)
(3.61581 2.59885 0)
(3.43493 0.642369 0)
(2.55644 -0.523923 0)
(1.64755 -1.1721 0)
(1.04194 -1.50464 0)
(0.877142 -1.61877 0)
(1.05537 -1.56509 0)
(1.26881 -1.45105 0)
(1.13154 -1.45984 0)
(0.483547 -1.51034 0)
(-0.431316 -1.36207 0)
(-1.00721 -0.937034 0)
(-0.935586 -0.448911 0)
(-0.331044 -0.110284 0)
(0.320023 0.0361265 0)
(0.508198 -0.132372 0)
(0.0865628 -0.381535 0)
(-0.553325 -0.29673 0)
(-0.771477 0.0904136 0)
(-0.384208 0.418125 0)
(0.266512 0.511412 0)
(0.660727 0.32429 0)
(0.459807 -0.0704426 0)
(-0.0856131 -0.267623 0)
(-0.382996 -0.0810053 0)
(-0.117383 0.17615 0)
(0.492772 0.233874 0)
(0.88857 0.0435514 0)
(0.644602 -0.385282 0)
(-0.0733179 -0.616087 0)
(-0.641472 -0.360722 0)
(-0.611199 0.0364671 0)
(-0.0830055 0.241956 0)
(0.448239 0.248247 0)
(0.498106 -0.0263321 0)
(0.0209645 -0.299967 0)
(-0.500772 -0.190849 0)
(-0.552387 0.171641 0)
(-0.123061 0.421894 0)
(0.482857 0.416289 0)
(0.735091 0.124899 0)
(0.382559 -0.211831 0)
(0.726135 3.77499 0)
(1.46391 3.47051 0)
(1.99038 2.26555 0)
(2.08951 1.08043 0)
(1.81718 0.142109 0)
(1.41481 -0.582223 0)
(1.09627 -1.12371 0)
(0.91784 -1.44151 0)
(0.851361 -1.51247 0)
(0.791456 -1.38204 0)
(0.625706 -1.18632 0)
(0.323022 -1.01459 0)
(-0.0383394 -0.887146 0)
(-0.289644 -0.769827 0)
(-0.312721 -0.625349 0)
(-0.13667 -0.441035 0)
(0.0683134 -0.250106 0)
(0.127471 -0.124011 0)
(-0.00585394 -0.0732851 0)
(-0.1994 -0.0337384 0)
(-0.260795 0.0391086 0)
(-0.122349 0.125312 0)
(0.116471 0.191547 0)
(0.272441 0.189061 0)
(0.236617 0.103613 0)
(0.0822923 -0.00209074 0)
(-0.0111296 -0.0593711 0)
(0.0615607 -0.0566397 0)
(0.239108 -0.0307644 0)
(0.345214 -0.035161 0)
(0.245659 -0.104484 0)
(-0.0111745 -0.173325 0)
(-0.228689 -0.169852 0)
(-0.247906 -0.10575 0)
(-0.0916613 -0.0236423 0)
(0.0788322 0.0435489 0)
(0.10163 0.0479567 0)
(-0.0383139 0.0128952 0)
(-0.186753 0.00873973 0)
(-0.190071 0.0564456 0)
(-0.052014 0.11499 0)
(0.131443 0.149486 0)
(0.19741 0.143887 0)
(0.12549 0.1193 0)
(0.442087 2.72253 0)
(0.976286 2.62717 0)
(1.31703 1.91542 0)
(1.41423 1.15825 0)
(1.34472 0.416233 0)
(1.14553 -0.247515 0)
(0.899205 -0.787111 0)
(0.684139 -1.13992 0)
(0.513269 -1.26104 0)
(0.366254 -1.17693 0)
(0.230129 -0.987835 0)
(0.109605 -0.808915 0)
(0.00197661 -0.70732 0)
(-0.0765471 -0.668248 0)
(-0.1053 -0.621915 0)
(-0.0833037 -0.511901 0)
(-0.0445166 -0.333495 0)
(-0.0283522 -0.149152 0)
(-0.043032 -0.0243471 0)
(-0.0619881 0.020779 0)
(-0.0527283 0.0191961 0)
(-0.00415219 0.0283222 0)
(0.0679687 0.0669969 0)
(0.12471 0.108132 0)
(0.138022 0.108337 0)
(0.117861 0.0508546 0)
(0.0969968 -0.0323633 0)
(0.0971116 -0.0854136 0)
(0.115199 -0.0784025 0)
(0.122255 -0.0347606 0)
(0.0847079 -0.00482906 0)
(0.00865088 -0.0224605 0)
(-0.0613012 -0.0685727 0)
(-0.0868999 -0.100823 0)
(-0.0694107 -0.0818552 0)
(-0.0392701 -0.0164235 0)
(-0.0315345 0.050904 0)
(-0.0541793 0.0776914 0)
(-0.0748116 0.0569668 0)
(-0.0666788 0.0320405 0)
(-0.0387554 0.0335308 0)
(-0.00521872 0.0729614 0)
(0.00609505 0.140265 0)
(0.0248166 0.17906 0)
(0.26784 1.94538 0)
(0.69011 1.98123 0)
(0.982159 1.56945 0)
(1.10773 1.07402 0)
(1.10167 0.536883 0)
(0.99174 -0.00372928 0)
(0.801698 -0.463926 0)
(0.576521 -0.786673 0)
(0.367826 -0.935659 0)
(0.197219 -0.92968 0)
(0.0746793 -0.827982 0)
(-0.000772406 -0.715235 0)
(-0.0460497 -0.643355 0)
(-0.0775311 -0.609722 0)
(-0.101501 -0.570675 0)
(-0.114534 -0.483696 0)
(-0.113422 -0.343677 0)
(-0.0992673 -0.189743 0)
(-0.0743341 -0.073621 0)
(-0.0426502 -0.0200116 0)
(-0.0108998 -0.0123531 0)
(0.0186906 -0.00872494 0)
(0.0481295 0.0165794 0)
(0.0753939 0.0540325 0)
(0.0961773 0.0696617 0)
(0.105758 0.0434392 0)
(0.10253 -0.0104512 0)
(0.0901826 -0.0517045 0)
(0.0753424 -0.0509742 0)
(0.0617151 -0.0163226 0)
(0.0469667 0.0136487 0)
(0.0277942 0.00975223 0)
(0.00508409 -0.0260142 0)
(-0.0158269 -0.060121 0)
(-0.0303879 -0.0603798 0)
(-0.0371549 -0.0202122 0)
(-0.0381785 0.0314185 0)
(-0.0380527 0.059267 0)
(-0.0349378 0.0533868 0)
(-0.0302777 0.0352511 0)
(-0.0304443 0.0345836 0)
(-0.0298914 0.0674125 0)
(-0.0272224 0.124112 0)
(0.000709569 0.151885 0)
(0.153965 1.36553 0)
(0.454065 1.44819 0)
(0.688079 1.21964 0)
(0.833763 0.911097 0)
(0.88435 0.548606 0)
(0.843688 0.168892 0)
(0.731135 -0.183643 0)
(0.570976 -0.452952 0)
(0.397185 -0.61445 0)
(0.241601 -0.672246 0)
(0.120618 -0.659028 0)
(0.0358363 -0.618534 0)
(-0.0225462 -0.580967 0)
(-0.0656562 -0.550077 0)
(-0.0997262 -0.50863 0)
(-0.123672 -0.438008 0)
(-0.131851 -0.337632 0)
(-0.121569 -0.228476 0)
(-0.0958182 -0.138647 0)
(-0.0624202 -0.0833967 0)
(-0.0300561 -0.0563942 0)
(-0.00294132 -0.0378912 0)
(0.0200922 -0.0139116 0)
(0.0414037 0.0127526 0)
(0.0604863 0.0277345 0)
(0.0736013 0.0209352 0)
(0.0770307 -0.000819683 0)
(0.0709309 -0.018521 0)
(0.0603669 -0.0174037 0)
(0.0512992 -5.49983e-05 0)
(0.045722 0.0158821 0)
(0.0407919 0.014762 0)
(0.032291 -0.00315523 0)
(0.0189047 -0.0215122 0)
(0.0037331 -0.0230849 0)
(-0.00850346 -0.00384969 0)
(-0.0146623 0.0236026 0)
(-0.0154787 0.0422721 0)
(-0.0141996 0.0465884 0)
(-0.0145442 0.0442744 0)
(-0.018531 0.0505186 0)
(-0.0208997 0.0730008 0)
(-0.0199022 0.104986 0)
(-0.00205144 0.113299 0)
(0.0862179 0.944252 0)
(0.283012 1.02532 0)
(0.445504 0.898755 0)
(0.57016 0.715037 0)
(0.641869 0.487925 0)
(0.653202 0.240241 0)
(0.609862 0.000270807 0)
(0.525244 -0.203197 0)
(0.418604 -0.349595 0)
(0.309177 -0.437246 0)
(0.210076 -0.477046 0)
(0.126816 -0.486963 0)
(0.0586854 -0.481356 0)
(0.00276164 -0.464799 0)
(-0.0425769 -0.434115 0)
(-0.076516 -0.384925 0)
(-0.0956166 -0.319472 0)
(-0.0987018 -0.248075 0)
(-0.0889186 -0.183706 0)
(-0.0710788 -0.134272 0)
(-0.0506704 -0.0989462 0)
(-0.0311735 -0.0711807 0)
(-0.0132564 -0.0456105 0)
(0.00378647 -0.0225795 0)
(0.0193966 -0.00667276 0)
(0.0313004 -0.000989572 0)
(0.037734 -0.0027105 0)
(0.0388847 -0.00463377 0)
(0.0371001 -0.000997998 0)
(0.035118 0.00777671 0)
(0.0341491 0.0155171 0)
(0.0330511 0.0164156 0)
(0.0293741 0.0105285 0)
(0.0221992 0.00406751 0)
(0.0129359 0.00425875 0)
(0.00424927 0.0133149 0)
(-0.00167651 0.0270131 0)
(-0.00476957 0.0389102 0)
(-0.00645657 0.0461838 0)
(-0.00837205 0.0515394 0)
(-0.0109827 0.0599815 0)
(-0.0120349 0.0739446 0)
(-0.0112715 0.0897386 0)
(-0.00141029 0.0880958 0)
(0.0494015 0.642802 0)
(0.175188 0.706761 0)
(0.279745 0.634627 0)
(0.368496 0.527344 0)
(0.430598 0.391756 0)
(0.459189 0.239891 0)
(0.454457 0.0865909 0)
(0.422186 -0.0537994 0)
(0.369278 -0.168594 0)
(0.305267 -0.253455 0)
(0.239468 -0.310162 0)
(0.176371 -0.343667 0)
(0.118326 -0.35919 0)
(0.0664847 -0.359761 0)
(0.0218662 -0.346274 0)
(-0.0140694 -0.319485 0)
(-0.0399252 -0.282062 0)
(-0.0554816 -0.239106 0)
(-0.0613643 -0.196424 0)
(-0.0597717 -0.158106 0)
(-0.053999 -0.12523 0)
(-0.0461005 -0.0968397 0)
(-0.0370381 -0.0716815 0)
(-0.0273534 -0.0498499 0)
(-0.0178071 -0.0324992 0)
(-0.00950753 -0.0202928 0)
(-0.00335388 -0.0122058 0)
(0.000578531 -0.00590572 0)
(0.00300692 0.000558073 0)
(0.00479732 0.00733927 0)
(0.00630275 0.0130296 0)
(0.00708711 0.0161472 0)
(0.00626517 0.0169011 0)
(0.00352426 0.0173895 0)
(-0.000372053 0.0199428 0)
(-0.00428812 0.0255595 0)
(-0.00730091 0.0332397 0)
(-0.00914652 0.0411027 0)
(-0.0101748 0.048079 0)
(-0.0107293 0.0546237 0)
(-0.0107639 0.0618927 0)
(-0.00952813 0.0702288 0)
(-0.00749457 0.0781323 0)
(-0.0013272 0.0724615 0)
(0.0292853 0.427518 0)
(0.109032 0.47361 0)
(0.174822 0.431959 0)
(0.233421 0.370026 0)
(0.278417 0.29134 0)
(0.305832 0.201765 0)
(0.31473 0.108409 0)
(0.306482 0.0185702 0)
(0.285027 -0.0624333 0)
(0.253468 -0.129418 0)
(0.215096 -0.18148 0)
(0.174185 -0.218921 0)
(0.133211 -0.242849 0)
(0.0939471 -0.25446 0)
(0.0579392 -0.254847 0)
(0.0265519 -0.245333 0)
(0.000795006 -0.22788 0)
(-0.0189087 -0.205075 0)
(-0.032723 -0.179638 0)
(-0.0411852 -0.153814 0)
(-0.0456186 -0.128947 0)
(-0.0471833 -0.105626 0)
(-0.0464303 -0.0841275 0)
(-0.0440725 -0.0647963 0)
(-0.0406941 -0.048049 0)
(-0.0369193 -0.03408 0)
(-0.0333297 -0.0226121 0)
(-0.0301842 -0.0130032 0)
(-0.0274156 -0.00464125 0)
(-0.0249152 0.00271074 0)
(-0.0227602 0.00894087 0)
(-0.0211289 0.0139231 0)
(-0.0201953 0.0179061 0)
(-0.0199605 0.0215429 0)
(-0.020151 0.0255775 0)
(-0.0204297 0.03034 0)
(-0.020416 0.0357379 0)
(-0.0198017 0.0413878 0)
(-0.0185596 0.0469359 0)
(-0.0167335 0.0523084 0)
(-0.0142411 0.0575614 0)
(-0.0108936 0.0625531 0)
(-0.00708101 0.066669 0)
(-0.00174202 0.0599673 0)
(0.0177075 0.273956 0)
(0.0677088 0.305169 0)
(0.108828 0.281563 0)
(0.146575 0.246648 0)
(0.177443 0.202228 0)
(0.19916 0.151075 0)
(0.211004 0.0964387 0)
(0.21314 0.0417379 0)
(0.206571 -0.00992422 0)
(0.192952 -0.0564072 0)
(0.173729 -0.0955908 0)
(0.150394 -0.126789 0)
(0.1248 -0.149769 0)
(0.0984782 -0.164679 0)
(0.0727026 -0.171971 0)
(0.0485548 -0.172392 0)
(0.0268794 -0.16699 0)
(0.00820751 -0.157039 0)
(-0.00726021 -0.143887 0)
(-0.0195563 -0.128777 0)
(-0.028892 -0.112746 0)
(-0.03565 -0.0964789 0)
(-0.0402297 -0.080589 0)
(-0.0429966 -0.0655348 0)
(-0.0443267 -0.0516637 0)
(-0.0445842 -0.0391826 0)
(-0.0440921 -0.028127 0)
(-0.0431074 -0.0183963 0)
(-0.041816 -0.00983982 0)
(-0.0402845 -0.00232961 0)
(-0.0386199 0.00422465 0)
(-0.0370245 0.00992408 0)
(-0.0354873 0.0149359 0)
(-0.0339344 0.0195024 0)
(-0.0324402 0.0238742 0)
(-0.0308244 0.0281781 0)
(-0.0288401 0.0324818 0)
(-0.0264674 0.0367146 0)
(-0.0236509 0.0407831 0)
(-0.020311 0.0445989 0)
(-0.0164152 0.0480668 0)
(-0.0119931 0.0510431 0)
(-0.00725289 0.053279 0)
(-0.00208522 0.0471913 0)
(0.0113645 0.168615 0)
(0.044124 0.188444 0)
(0.0711 0.175321 0)
(0.0964807 0.15598 0)
(0.118342 0.13132 0)
(0.135247 0.102647 0)
(0.146688 0.0714792 0)
(0.152507 0.0394384 0)
(0.15289 0.00809257 0)
(0.148367 -0.0211988 0)
(0.139697 -0.0473017 0)
(0.127681 -0.0694148 0)
(0.113163 -0.0870594 0)
(0.0970454 -0.100034 0)
(0.0801753 -0.108381 0)
(0.0633094 -0.112363 0)
(0.0470837 -0.112427 0)
(0.0319891 -0.109158 0)
(0.0183582 -0.103217 0)
(0.00637843 -0.0952686 0)
(-0.00387599 -0.0859371 0)
(-0.0124292 -0.0757739 0)
(-0.0193607 -0.0652543 0)
(-0.0248092 -0.0547741 0)
(-0.0289588 -0.0446456 0)
(-0.0319853 -0.0350919 0)
(-0.0340622 -0.0262488 0)
(-0.0353493 -0.0181783 0)
(-0.0359891 -0.0108887 0)
(-0.0360964 -0.00435673 0)
(-0.0357681 0.00145932 0)
(-0.0350973 0.00665269 0)
(-0.0341392 0.0112661 0)
(-0.0328612 0.0154226 0)
(-0.0313113 0.019219 0)
(-0.0294929 0.0227655 0)
(-0.0273306 0.0260751 0)
(-0.0247966 0.0291402 0)
(-0.0218429 0.0319428 0)
(-0.0184698 0.0344491 0)
(-0.014695 0.0366085 0)
(-0.010585 0.0383507 0)
(-0.00625142 0.0395832 0)
(-0.00188654 0.0347954 0)
(0.00819 0.101565 0)
(0.0321245 0.113546 0)
(0.0518774 0.106048 0)
(0.0708183 0.0950203 0)
(0.087815 0.080925 0)
(0.101795 0.0644258 0)
(0.112403 0.046303 0)
(0.119454 0.0273994 0)
(0.122911 0.00856036 0)
(0.122924 -0.00942511 0)
(0.119851 -0.0259485 0)
(0.114139 -0.0404039 0)
(0.106239 -0.0524057 0)
(0.0966554 -0.0617269 0)
(0.0859138 -0.06829 0)
(0.0745138 -0.072155 0)
(0.0629067 -0.0734998 0)
(0.051479 -0.072595 0)
(0.0405406 -0.0697739 0)
(0.0303217 -0.0654018 0)
(0.0209804 -0.0598493 0)
(0.0126122 -0.0534719 0)
(0.00525945 -0.0465959 0)
(-0.00108017 -0.0395082 0)
(-0.00644976 -0.0324489 0)
(-0.0109081 -0.0256066 0)
(-0.014528 -0.0191195 0)
(-0.0173941 -0.0130784 0)
(-0.0195902 -0.00751869 0)
(-0.0211738 -0.00248755 0)
(-0.0221748 0.00203221 0)
(-0.0227676 0.00606473 0)
(-0.0229404 0.00966213 0)
(-0.0226283 0.0128675 0)
(-0.0219521 0.0157222 0)
(-0.0209185 0.018293 0)
(-0.0195183 0.0205967 0)
(-0.0177636 0.0226504 0)
(-0.0156674 0.0244596 0)
(-0.0132454 0.0260192 0)
(-0.0105268 0.027314 0)
(-0.00757691 0.0283177 0)
(-0.0044655 0.0289992 0)
(-0.00137009 0.0253948 0)
(0.00649478 0.0582098 0)
(0.0257503 0.0648856 0)
(0.0415875 0.0604515 0)
(0.0570156 0.0539425 0)
(0.0712642 0.0456087 0)
(0.0834278 0.0358277 0)
(0.0932539 0.0250468 0)
(0.10058 0.0137509 0)
(0.105332 0.00241405 0)
(0.107538 -0.00851056 0)
(0.107358 -0.0185989 0)
(0.105035 -0.0275101 0)
(0.100834 -0.0349813 0)
(0.0950598 -0.0408406 0)
(0.0880519 -0.0450068 0)
(0.0801536 -0.0474826 0)
(0.0716919 -0.0483463 0)
(0.0629652 -0.0477388 0)
(0.0542335 -0.0458462 0)
(0.0457117 -0.042884 0)
(0.037571 -0.039082 0)
(0.0299412 -0.0346694 0)
(0.0229126 -0.029865 0)
(0.016539 -0.0248674 0)
(0.0108446 -0.0198486 0)
(0.00583569 -0.0149505 0)
(0.00150557 -0.0102855 0)
(-0.00216891 -0.00593707 0)
(-0.00523533 -0.00190943 0)
(-0.00774554 0.00171686 0)
(-0.00971202 0.0049542 0)
(-0.0111351 0.00779336 0)
(-0.0121016 0.0103039 0)
(-0.0126831 0.0124927 0)
(-0.0128724 0.0143911 0)
(-0.0126785 0.0160376 0)
(-0.0121232 0.0174626 0)
(-0.0112337 0.0186905 0)
(-0.0100392 0.019738 0)
(-0.00857052 0.0206146 0)
(-0.00686183 0.0213223 0)
(-0.00497312 0.0218548 0)
(-0.00296221 0.0222053 0)
(-0.000910997 0.0193957 0)
(0.00519054 0.0281181 0)
(0.0211425 0.0310388 0)
(0.0339744 0.0284351 0)
(0.0467402 0.024638 0)
(0.0587444 0.0197852 0)
(0.0691924 0.0141088 0)
(0.0778752 0.00788277 0)
(0.084645 0.00139211 0)
(0.08946 -0.00506523 0)
(0.0923388 -0.0112154 0)
(0.0933258 -0.01683 0)
(0.0925135 -0.021707 0)
(0.0900726 -0.025688 0)
(0.0862163 -0.0286686 0)
(0.0811851 -0.0305978 0)
(0.0752306 -0.0314755 0)
(0.0686023 -0.0313481 0)
(0.0615373 -0.0303008 0)
(0.0542526 -0.0284517 0)
(0.0469468 -0.025939 0)
(0.0397894 -0.0229138 0)
(0.0329124 -0.0195252 0)
(0.0264194 -0.0159191 0)
(0.0203872 -0.0122307 0)
(0.0148674 -0.00857595 0)
(0.00989609 -0.0050523 0)
(0.00552433 -0.00173448 0)
(0.00180727 0.00132826 0)
(-0.00140715 0.0040456 0)
(-0.00416052 0.00646075 0)
(-0.00634389 0.00855993 0)
(-0.00803735 0.0103508 0)
(-0.00928158 0.0118517 0)
(-0.010089 0.0131183 0)
(-0.0104913 0.0141384 0)
(-0.0105041 0.0149675 0)
(-0.0101576 0.0156384 0)
(-0.00948336 0.0161789 0)
(-0.00851614 0.0166129 0)
(-0.00729308 0.0169578 0)
(-0.00585096 0.0172245 0)
(-0.00424252 0.0174161 0)
(-0.00253289 0.0175376 0)
(-0.000770567 0.0152909 0)
(0.00380625 0.00739289 0)
(0.0164163 0.00772227 0)
(0.0259556 0.0062481 0)
(0.0357085 0.00417311 0)
(0.0449625 0.0015734 0)
(0.0530005 -0.00140317 0)
(0.0597206 -0.00458913 0)
(0.064993 -0.00782111 0)
(0.0686682 -0.0109268 0)
(0.0706922 -0.0137527 0)
(0.0711144 -0.0161884 0)
(0.0700418 -0.018128 0)
(0.0676038 -0.0194963 0)
(0.063959 -0.0202469 0)
(0.0592885 -0.020365 0)
(0.0538002 -0.0198624 0)
(0.0477178 -0.0187797 0)
(0.0412427 -0.0171793 0)
(0.0345555 -0.0151476 0)
(0.027854 -0.0127948 0)
(0.021318 -0.0102192 0)
(0.0150678 -0.0074987 0)
(0.00920044 -0.00473461 0)
(0.00380203 -0.00201664 0)
(-0.00106942 0.000577531 0)
(-0.00538908 0.00298825 0)
(-0.00913931 0.00517327 0)
(-0.0123258 0.00710606 0)
(-0.0149209 0.00871787 0)
(-0.0168957 0.010074 0)
(-0.0182988 0.0111615 0)
(-0.0191748 0.0119979 0)
(-0.0195218 0.0126099 0)
(-0.0194415 0.0130258 0)
(-0.0189694 0.0132825 0)
(-0.0180652 0.013411 0)
(-0.0167925 0.0134441 0)
(-0.015187 0.0134129 0)
(-0.0132897 0.0133433 0)
(-0.0111521 0.0132585 0)
(-0.00880833 0.0131749 0)
(-0.0062934 0.0131007 0)
(-0.00369054 0.013047 0)
(-0.00111851 0.0113569 0)
(0.0021643 -0.00536079 0)
(0.0108187 -0.00656557 0)
(0.0163765 -0.00734349 0)
(0.0223413 -0.00829064 0)
(0.0279557 -0.00936927 0)
(0.0325606 -0.0104891 0)
(0.036067 -0.0115568 0)
(0.0383637 -0.0124888 0)
(0.0393505 -0.0132279 0)
(0.0389874 -0.013722 0)
(0.0373052 -0.0139129 0)
(0.0343967 -0.0137722 0)
(0.030409 -0.0132878 0)
(0.0254995 -0.0124606 0)
(0.0198027 -0.0113052 0)
(0.0135082 -0.00985315 0)
(0.00686734 -0.00815101 0)
(7.03189e-05 -0.00625324 0)
(-0.00672768 -0.00423425 0)
(-0.0133669 -0.00213817 0)
(-0.0196629 -1.27788e-05 0)
(-0.0254781 0.00204 0)
(-0.0307448 0.00396618 0)
(-0.0353832 0.00571988 0)
(-0.0393278 0.00726124 0)
(-0.0425382 0.00856246 0)
(-0.0449959 0.00960615 0)
(-0.0466998 0.0103811 0)
(-0.0476534 0.0109262 0)
(-0.0478737 0.0112375 0)
(-0.0474012 0.0113343 0)
(-0.0462767 0.0112475 0)
(-0.0445374 0.0110099 0)
(-0.0422581 0.0106297 0)
(-0.0395149 0.0101896 0)
(-0.0363625 0.0096954 0)
(-0.0328515 0.00917727 0)
(-0.0290076 0.00866352 0)
(-0.0248812 0.00818015 0)
(-0.0205402 0.00774887 0)
(-0.0160227 0.00738658 0)
(-0.0113447 0.00710277 0)
(-0.00659068 0.00691093 0)
(-0.00201954 0.0059812 0)
(0.000195928 -0.0109444 0)
(0.0040578 -0.0127261 0)
(0.00469959 -0.0130824 0)
(0.00593997 -0.013268 0)
(0.00692699 -0.0132829 0)
(0.00703485 -0.0130943 0)
(0.00620375 -0.0126715 0)
(0.00434796 -0.0120018 0)
(0.00141121 -0.0110947 0)
(-0.0025838 -0.0099675 0)
(-0.00756661 -0.00863894 0)
(-0.0134345 -0.00713299 0)
(-0.0199946 -0.00547877 0)
(-0.0270543 -0.00371045 0)
(-0.0344555 -0.00186385 0)
(-0.0420449 1.60941e-05 0)
(-0.0497071 0.00188413 0)
(-0.0572754 0.00368636 0)
(-0.0645129 0.00540091 0)
(-0.0712487 0.00700095 0)
(-0.0774217 0.00842592 0)
(-0.0829248 0.00961582 0)
(-0.0876102 0.0105462 0)
(-0.0913971 0.0111994 0)
(-0.0942325 0.0115682 0)
(-0.0960811 0.0116522 0)
(-0.0969243 0.0114609 0)
(-0.0967621 0.0110139 0)
(-0.0956093 0.0103442 0)
(-0.0934939 0.00948528 0)
(-0.0904592 0.00847698 0)
(-0.086556 0.00736265 0)
(-0.0818229 0.00618466 0)
(-0.0763561 0.00498067 0)
(-0.070294 0.00379607 0)
(-0.0637614 0.00266294 0)
(-0.0568585 0.0016094 0)
(-0.0496621 0.000657974 0)
(-0.0422353 -0.000172425 0)
(-0.0346216 -0.00087222 0)
(-0.026865 -0.00143705 0)
(-0.0189701 -0.00186784 0)
(-0.0110201 -0.00215703 0)
(-0.00342681 -0.00199982 0)
(-0.002089 -0.0102564 0)
(-0.00375736 -0.0118534 0)
(-0.00884636 -0.0119687 0)
(-0.013169 -0.011608 0)
(-0.0176851 -0.0108358 0)
(-0.0229657 -0.00969866 0)
(-0.0289799 -0.00824465 0)
(-0.0357589 -0.00652804 0)
(-0.0432658 -0.00460248 0)
(-0.0513218 -0.00252974 0)
(-0.0597584 -0.000379675 0)
(-0.068473 0.00178812 0)
(-0.0774091 0.00392763 0)
(-0.0864504 0.00599806 0)
(-0.0953939 0.00795869 0)
(-0.104092 0.00976822 0)
(-0.112429 0.0113879 0)
(-0.120288 0.0127799 0)
(-0.127555 0.0139294 0)
(-0.134132 0.0147845 0)
(-0.139932 0.0152968 0)
(-0.144844 0.015479 0)
(-0.148772 0.0153138 0)
(-0.151648 0.0147955 0)
(-0.153419 0.0139305 0)
(-0.154043 0.0127368 0)
(-0.153489 0.011241 0)
(-0.151739 0.00947987 0)
(-0.148786 0.00749986 0)
(-0.144627 0.00535312 0)
(-0.139273 0.00309576 0)
(-0.132788 0.000786861 0)
(-0.125278 -0.00150794 0)
(-0.116809 -0.00372664 0)
(-0.107446 -0.00581089 0)
(-0.0972807 -0.00771073 0)
(-0.0864644 -0.00938698 0)
(-0.0751933 -0.0108122 0)
(-0.0636259 -0.0119746 0)
(-0.0518912 -0.0128819 0)
(-0.0400911 -0.0135588 0)
(-0.0282381 -0.0140449 0)
(-0.0163885 -0.0143673 0)
(-0.00513508 -0.0128312 0)
(-0.00466766 -0.00405245 0)
(-0.0125148 -0.00486771 0)
(-0.0240179 -0.00485568 0)
(-0.0345882 -0.00411274 0)
(-0.045249 -0.00281752 0)
(-0.0564174 -0.00113276 0)
(-0.0678433 0.00081198 0)
(-0.0793185 0.00291389 0)
(-0.090697 0.00510951 0)
(-0.101928 0.00733967 0)
(-0.112886 0.00954146 0)
(-0.123432 0.0116551 0)
(-0.133539 0.0136339 0)
(-0.143168 0.0154457 0)
(-0.152242 0.0170558 0)
(-0.160705 0.018428 0)
(-0.168512 0.0195235 0)
(-0.175618 0.0203119 0)
(-0.181987 0.0207439 0)
(-0.187582 0.0207878 0)
(-0.19235 0.0204344 0)
(-0.196227 0.0196729 0)
(-0.199158 0.0184961 0)
(-0.201092 0.0169081 0)
(-0.201981 0.0149217 0)
(-0.201779 0.0125622 0)
(-0.200441 0.00986223 0)
(-0.197922 0.00686521 0)
(-0.19418 0.00362199 0)
(-0.189175 0.00019295 0)
(-0.182882 -0.00335548 0)
(-0.175268 -0.0069517 0)
(-0.166337 -0.0105119 0)
(-0.156087 -0.0139478 0)
(-0.144513 -0.0171734 0)
(-0.131665 -0.0201082 0)
(-0.117663 -0.0226776 0)
(-0.102701 -0.0248185 0)
(-0.0870224 -0.0264903 0)
(-0.0709015 -0.0276917 0)
(-0.0546304 -0.0284643 0)
(-0.0383533 -0.0289182 0)
(-0.0222088 -0.029164 0)
(-0.00698461 -0.0260641 0)
(-0.00754315 0.00698839 0)
(-0.0222178 0.00742809 0)
(-0.0407826 0.00747317 0)
(-0.0580912 0.00829211 0)
(-0.0749178 0.00960455 0)
(-0.0914771 0.011116 0)
(-0.107299 0.0127071 0)
(-0.122079 0.0143109 0)
(-0.135641 0.0159102 0)
(-0.147988 0.0174918 0)
(-0.15916 0.0190405 0)
(-0.169218 0.0205194 0)
(-0.178265 0.0218834 0)
(-0.186394 0.0230944 0)
(-0.193677 0.0241103 0)
(-0.200173 0.0248904 0)
(-0.205932 0.0253894 0)
(-0.210981 0.0255615 0)
(-0.21535 0.0253592 0)
(-0.219056 0.024747 0)
(-0.222097 0.023707 0)
(-0.224458 0.0222244 0)
(-0.22612 0.0202908 0)
(-0.227058 0.0179103 0)
(-0.22724 0.0150932 0)
(-0.226626 0.0118634 0)
(-0.225169 0.00824988 0)
(-0.222814 0.00429191 0)
(-0.219493 3.52946e-05 0)
(-0.215118 -0.00446479 0)
(-0.209596 -0.00914238 0)
(-0.202815 -0.0139258 0)
(-0.194653 -0.018734 0)
(-0.184977 -0.0234778 0)
(-0.173639 -0.0280545 0)
(-0.160526 -0.0323536 0)
(-0.145575 -0.0362477 0)
(-0.128818 -0.0396031 0)
(-0.110418 -0.0422898 0)
(-0.0906821 -0.0442232 0)
(-0.0701415 -0.0453663 0)
(-0.0491781 -0.0458804 0)
(-0.0283778 -0.0459315 0)
(-0.0089282 -0.041144 0)
(-0.0108864 0.0221077 0)
(-0.0332633 0.0240676 0)
(-0.0595414 0.0238911 0)
(-0.0836823 0.0240315 0)
(-0.105642 0.0244253 0)
(-0.125681 0.0246943 0)
(-0.143198 0.0248986 0)
(-0.158187 0.0250838 0)
(-0.170745 0.0253389 0)
(-0.181134 0.0257036 0)
(-0.189668 0.0261799 0)
(-0.196656 0.0267317 0)
(-0.202372 0.0273003 0)
(-0.207044 0.0278237 0)
(-0.21085 0.0282354 0)
(-0.213938 0.0284762 0)
(-0.216421 0.0284853 0)
(-0.218387 0.028203 0)
(-0.219908 0.0275734 0)
(-0.221037 0.0265497 0)
(-0.221816 0.0251055 0)
(-0.222271 0.0232191 0)
(-0.222415 0.0208747 0)
(-0.222257 0.0180726 0)
(-0.221789 0.0148145 0)
(-0.220996 0.0111188 0)
(-0.219848 0.0070042 0)
(-0.218299 0.00249885 0)
(-0.216278 -0.00236204 0)
(-0.213687 -0.00754245 0)
(-0.210404 -0.012991 0)
(-0.206265 -0.018658 0)
(-0.201064 -0.0244817 0)
(-0.194546 -0.0304008 0)
(-0.186403 -0.0363273 0)
(-0.17629 -0.0421542 0)
(-0.163842 -0.0477275 0)
(-0.148726 -0.0528562 0)
(-0.130745 -0.0572932 0)
(-0.109846 -0.0608069 0)
(-0.0865817 -0.063097 0)
(-0.0612275 -0.0642806 0)
(-0.0354492 -0.0642041 0)
(-0.0111952 -0.057698 0)
(-0.0153853 0.0408042 0)
(-0.0468143 0.0439557 0)
(-0.0805902 0.0428248 0)
(-0.1102 0.040796 0)
(-0.134024 0.0389497 0)
(-0.153636 0.0368149 0)
(-0.168688 0.0347783 0)
(-0.179965 0.032947 0)
(-0.188034 0.0314889 0)
(-0.19353 0.0304458 0)
(-0.197027 0.02979 0)
(-0.199016 0.0294427 0)
(-0.199874 0.0292997 0)
(-0.199887 0.0292612 0)
(-0.199275 0.0292272 0)
(-0.198206 0.0291133 0)
(-0.196816 0.0288399 0)
(-0.195213 0.0283316 0)
(-0.193489 0.0275233 0)
(-0.191715 0.0263615 0)
(-0.18996 0.0248072 0)
(-0.188281 0.0228339 0)
(-0.186726 0.0204186 0)
(-0.185333 0.0175581 0)
(-0.184132 0.0142453 0)
(-0.183143 0.010492 0)
(-0.182374 0.00630608 0)
(-0.181807 0.00170221 0)
(-0.181406 -0.00329912 0)
(-0.181107 -0.00868602 0)
(-0.180814 -0.0144286 0)
(-0.180367 -0.0205128 0)
(-0.179552 -0.0269104 0)
(-0.178078 -0.0336084 0)
(-0.175549 -0.0405692 0)
(-0.17145 -0.0477411 0)
(-0.165144 -0.0550083 0)
(-0.15586 -0.0621998 0)
(-0.142842 -0.0690084 0)
(-0.125145 -0.0751195 0)
(-0.102915 -0.0798004 0)
(-0.0749571 -0.0831044 0)
(-0.0447829 -0.083522 0)
(-0.0145445 -0.0757789 0)
(-0.0222711 0.0632711 0)
(-0.0643151 0.0657884 0)
(-0.102603 0.0622097 0)
(-0.133862 0.0558213 0)
(-0.15387 0.0504125 0)
(-0.167879 0.0450342 0)
(-0.175964 0.0404132 0)
(-0.180035 0.0365147 0)
(-0.181025 0.0334715 0)
(-0.179824 0.0312351 0)
(-0.177091 0.0297074 0)
(-0.17334 0.0287321 0)
(-0.16892 0.02814 0)
(-0.164076 0.0277857 0)
(-0.158986 0.0275369 0)
(-0.15378 0.0272873 0)
(-0.148578 0.0269444 0)
(-0.143472 0.0264215 0)
(-0.138554 0.0256487 0)
(-0.133903 0.0245688 0)
(-0.129602 0.0231357 0)
(-0.125736 0.0213214 0)
(-0.122376 0.0190984 0)
(-0.119601 0.0164627 0)
(-0.117477 0.0134006 0)
(-0.11607 0.00991943 0)
(-0.115433 0.00601925 0)
(-0.1156 0.00170282 0)
(-0.116592 -0.00302318 0)
(-0.118412 -0.00816657 0)
(-0.121026 -0.0137174 0)
(-0.124345 -0.0196962 0)
(-0.128232 -0.0261123 0)
(-0.132458 -0.0330112 0)
(-0.136675 -0.040426 0)
(-0.140365 -0.0484008 0)
(-0.142807 -0.0569211 0)
(-0.142946 -0.0659431 0)
(-0.139605 -0.0752286 0)
(-0.130608 -0.0846187 0)
(-0.11555 -0.0929427 0)
(-0.0892414 -0.100595 0)
(-0.0581097 -0.103003 0)
(-0.0203047 -0.0960589 0)
(-0.032711 0.0901205 0)
(-0.0862238 0.0873555 0)
(-0.121048 0.0791759 0)
(-0.147585 0.0662017 0)
(-0.156773 0.0565589 0)
(-0.160345 0.0478811 0)
(-0.158147 0.0410518 0)
(-0.153128 0.0356076 0)
(-0.146145 0.0315277 0)
(-0.138053 0.0286098 0)
(-0.129334 0.026648 0)
(-0.120345 0.0254126 0)
(-0.11128 0.0246741 0)
(-0.102257 0.0242513 0)
(-0.0933598 0.023992 0)
(-0.0846467 0.0237796 0)
(-0.0761931 0.0235195 0)
(-0.0680626 0.0231229 0)
(-0.0603374 0.0225191 0)
(-0.0530999 0.0216531 0)
(-0.0464443 0.0204786 0)
(-0.0404782 0.0189699 0)
(-0.0352991 0.017098 0)
(-0.0310221 0.0148608 0)
(-0.0277517 0.0122422 0)
(-0.0255988 0.00924666 0)
(-0.024669 0.00587097 0)
(-0.0250519 0.00210919 0)
(-0.026837 -0.00203868 0)
(-0.0300988 -0.00659453 0)
(-0.034892 -0.011561 0)
(-0.0412364 -0.0169839 0)
(-0.0491182 -0.0229 0)
(-0.0584582 -0.0294036 0)
(-0.0690786 -0.0365946 0)
(-0.0806348 -0.0446186 0)
(-0.0925952 -0.0535876 0)
(-0.103934 -0.0636638 0)
(-0.113562 -0.0748013 0)
(-0.118171 -0.0873277 0)
(-0.117598 -0.0998414 0)
(-0.0996627 -0.114106 0)
(-0.0761182 -0.120752 0)
(-0.0296761 -0.119616 0)
(-0.0461842 0.121584 0)
(-0.109901 0.105226 0)
(-0.127311 0.0903684 0)
(-0.14163 0.0697074 0)
(-0.133901 0.0563395 0)
(-0.12432 0.0452769 0)
(-0.110871 0.0372411 0)
(-0.097051 0.0311454 0)
(-0.0830437 0.026768 0)
(-0.0693656 0.0237457 0)
(-0.056097 0.0217862 0)
(-0.0432987 0.0206116 0)
(-0.0309427 0.0199604 0)
(-0.0189841 0.0196371 0)
(-0.00739698 0.0194897 0)
(0.00383847 0.0194036 0)
(0.0146913 0.0192944 0)
(0.0251266 0.0190766 0)
(0.03507 0.0186916 0)
(0.044433 0.0180853 0)
(0.0531095 0.0172176 0)
(0.0609672 0.016068 0)
(0.0678844 0.0146092 0)
(0.0737091 0.012842 0)
(0.0783029 0.0107514 0)
(0.0815126 0.0083405 0)
(0.0831875 0.00560653 0)
(0.083185 0.00253844 0)
(0.0813544 -0.000863662 0)
(0.0775539 -0.00462992 0)
(0.0716409 -0.00876695 0)
(0.0634868 -0.013332 0)
(0.0529685 -0.018374 0)
(0.0399877 -0.0240142 0)
(0.0244879 -0.0303936 0)
(0.00652211 -0.037731 0)
(-0.0137901 -0.0462396 0)
(-0.0357663 -0.0562881 0)
(-0.0590665 -0.0680629 0)
(-0.0797543 -0.0826069 0)
(-0.0997661 -0.0986154 0)
(-0.0977807 -0.120582 0)
(-0.0962406 -0.133666 0)
(-0.04197 -0.147118 0)
(-0.0580823 0.156333 0)
(-0.127457 0.115364 0)
(-0.10958 0.0929471 0)
(-0.105682 0.0657002 0)
(-0.0782828 0.0502956 0)
(-0.0560159 0.0384512 0)
(-0.0329878 0.0304574 0)
(-0.0126114 0.0246452 0)
(0.00606572 0.0206398 0)
(0.0230501 0.0179708 0)
(0.0387676 0.016321 0)
(0.0534886 0.0154002 0)
(0.0674686 0.0149528 0)
(0.0809 0.0147942 0)
(0.093896 0.01479 0)
(0.106538 0.0148397 0)
(0.118824 0.0148755 0)
(0.130738 0.0148221 0)
(0.142204 0.0146367 0)
(0.153121 0.0142706 0)
(0.16337 0.0136918 0)
(0.172792 0.012886 0)
(0.181241 0.0118301 0)
(0.188533 0.0105273 0)
(0.194502 0.00896557 0)
(0.198959 0.00714777 0)
(0.20172 0.00507327 0)
(0.202602 0.00272931 0)
(0.201409 0.000118579 0)
(0.197946 -0.00279053 0)
(0.192004 -0.00600311 0)
(0.183368 -0.00957488 0)
(0.171802 -0.0135543 0)
(0.157052 -0.0180641 0)
(0.138835 -0.0232546 0)
(0.116893 -0.029371 0)
(0.0908408 -0.036671 0)
(0.0608505 -0.0456547 0)
(0.0260087 -0.0566807 0)
(-0.00974217 -0.0714582 0)
(-0.0527053 -0.0890671 0)
(-0.0722805 -0.117592 0)
(-0.110573 -0.138114 0)
(-0.0521899 -0.177532 0)
(-0.0575904 0.190276 0)
(-0.12481 0.114534 0)
(-0.0555677 0.0857158 0)
(-0.0315746 0.0553976 0)
(0.0134586 0.0402731 0)
(0.0448795 0.0293747 0)
(0.0737761 0.0224903 0)
(0.0972981 0.0176603 0)
(0.117649 0.014456 0)
(0.135359 0.0123958 0)
(0.151315 0.0111893 0)
(0.166068 0.0105774 0)
(0.180045 0.010342 0)
(0.193536 0.0103288 0)
(0.206702 0.0104324 0)
(0.219654 0.0105734 0)
(0.232401 0.010702 0)
(0.244929 0.0107608 0)
(0.257155 0.0107167 0)
(0.268961 0.010534 0)
(0.280211 0.0101883 0)
(0.290721 0.00967068 0)
(0.300328 0.00896338 0)
(0.308822 0.00807091 0)
(0.316017 0.006985 0)
(0.321701 0.00570785 0)
(0.32567 0.00424143 0)
(0.327719 0.00257363 0)
(0.327623 0.000709461 0)
(0.32516 -0.00137889 0)
(0.32008 -0.00369308 0)
(0.312119 -0.00627941 0)
(0.300975 -0.0091772 0)
(0.28629 -0.0124919 0)
(0.267618 -0.0163563 0)
(0.244454 -0.0209966 0)
(0.215966 -0.0266577 0)
(0.181832 -0.0338597 0)
(0.139774 -0.0430211 0)
(0.0932725 -0.0561919 0)
(0.0302068 -0.0730438 0)
(-0.0118625 -0.104352 0)
(-0.105191 -0.131337 0)
(-0.0491673 -0.206938 0)
(-0.0272779 0.216076 0)
(-0.0829792 0.101724 0)
(0.0439534 0.0699182 0)
(0.0845127 0.0414305 0)
(0.14063 0.0287032 0)
(0.175769 0.0200576 0)
(0.205931 0.0148948 0)
(0.229007 0.0113822 0)
(0.248172 0.00912979 0)
(0.264321 0.0077303 0)
(0.278649 0.00695625 0)
(0.291866 0.006609 0)
(0.30449 0.00652587 0)
(0.316843 0.00659365 0)
(0.329091 0.0067392 0)
(0.341345 0.00690609 0)
(0.35361 0.00706044 0)
(0.365864 0.00716631 0)
(0.37801 0.00719693 0)
(0.389914 0.00712993 0)
(0.401431 0.00694812 0)
(0.412359 0.0066472 0)
(0.422526 0.0062144 0)
(0.431705 0.00565428 0)
(0.439707 0.00496186 0)
(0.44631 0.00413853 0)
(0.451307 0.00318778 0)
(0.454487 0.00209957 0)
(0.455622 0.000879908 0)
(0.454483 -0.000492538 0)
(0.450813 -0.0020168 0)
(0.444337 -0.00372642 0)
(0.434734 -0.00564862 0)
(0.421613 -0.00786166 0)
(0.404449 -0.0104658 0)
(0.382607 -0.0136376 0)
(0.354968 -0.0175711 0)
(0.32088 -0.0227071 0)
(0.277008 -0.0294242 0)
(0.226176 -0.0396537 0)
(0.150845 -0.053584 0)
(0.0912694 -0.0826734 0)
(-0.0616847 -0.112983 0)
(-0.0156638 -0.228173 0)
(0.0545959 0.223976 0)
(0.0181869 0.0790102 0)
(0.192316 0.0490424 0)
(0.241258 0.0269195 0)
(0.299236 0.0178331 0)
(0.332393 0.0120135 0)
(0.359545 0.00868199 0)
(0.379253 0.00647898 0)
(0.395097 0.00510461 0)
(0.408106 0.00427541 0)
(0.419554 0.00383917 0)
(0.430179 0.00366739 0)
(0.440491 0.00365692 0)
(0.45079 0.00373639 0)
(0.461216 0.00386193 0)
(0.471862 0.00399786 0)
(0.482719 0.00412496 0)
(0.493752 0.00422103 0)
(0.504861 0.00426985 0)
(0.515905 0.00425856 0)
(0.526737 0.00417631 0)
(0.537158 0.00402168 0)
(0.546998 0.00378641 0)
(0.556038 0.00347399 0)
(0.564096 0.00308186 0)
(0.570963 0.0026104 0)
(0.576446 0.00206331 0)
(0.580347 0.00143312 0)
(0.582458 0.000725388 0)
(0.582567 -7.42552e-05 0)
(0.580438 -0.000963864 0)
(0.57582 -0.00196463 0)
(0.568417 -0.00309282 0)
(0.557864 -0.00439805 0)
(0.543649 -0.00594446 0)
(0.52513 -0.00784773 0)
(0.501117 -0.0102381 0)
(0.470839 -0.0134204 0)
(0.430526 -0.0176821 0)
(0.382368 -0.0244501 0)
(0.30576 -0.0342085 0)
(0.238775 -0.0566705 0)
(0.0392298 -0.08569 0)
(0.0689253 -0.231671 0)
(0.209139 0.20428 0)
(0.194753 0.0509555 0)
(0.385954 0.0278477 0)
(0.432918 0.0144869 0)
(0.483454 0.00919735 0)
(0.510152 0.00603704 0)
(0.531268 0.00426397 0)
(0.545887 0.00312612 0)
(0.557326 0.00242654 0)
(0.566512 0.00201151 0)
(0.574561 0.0017969 0)
(0.582101 0.00171676 0)
(0.589554 0.00171866 0)
(0.597162 0.00176596 0)
(0.605028 0.00183733 0)
(0.61322 0.00191348 0)
(0.621721 0.00198635 0)
(0.630492 0.00204221 0)
(0.639443 0.00207524 0)
(0.648448 0.00207885 0)
(0.65738 0.00204699 0)
(0.666066 0.00197971 0)
(0.674363 0.00187235 0)
(0.682086 0.00172687 0)
(0.689082 0.00154229 0)
(0.695177 0.00131803 0)
(0.700213 0.00105705 0)
(0.704028 0.000754351 0)
(0.706453 0.000414013 0)
(0.707316 2.77393e-05 0)
(0.706428 -0.000402786 0)
(0.703587 -0.000888915 0)
(0.698557 -0.00143892 0)
(0.691043 -0.00207828 0)
(0.680621 -0.00284053 0)
(0.666751 -0.00378573 0)
(0.648389 -0.00498656 0)
(0.624845 -0.00660603 0)
(0.592634 -0.00883157 0)
(0.553386 -0.0124399 0)
(0.487212 -0.0180178 0)
(0.425584 -0.0315212 0)
(0.212788 -0.0542218 0)
(0.223832 -0.20823 0)
(0.450731 0.159054 0)
(0.453935 0.0250297 0)
(0.615596 0.0115642 0)
(0.650738 0.00590552 0)
(0.686352 0.00359122 0)
(0.704093 0.00233437 0)
(0.71781 0.0016206 0)
(0.726986 0.00117861 0)
(0.734034 0.000904868 0)
(0.739587 0.000741722 0)
(0.744403 0.000653643 0)
(0.748898 0.00061658 0)
(0.753353 0.000611555 0)
(0.75793 0.00062422 0)
(0.7627 0.00064738 0)
(0.767709 0.000672572 0)
(0.772947 0.000697651 0)
(0.778391 0.000716766 0)
(0.783981 0.000728235 0)
(0.789638 0.000730048 0)
(0.79528 0.000719132 0)
(0.800798 0.000696156 0)
(0.806099 0.000658979 0)
(0.811064 0.000608185 0)
(0.815597 0.000543864 0)
(0.819586 0.000464778 0)
(0.822927 0.000373039 0)
(0.825518 0.000265624 0)
(0.82725 0.000144881 0)
(0.828013 7.05871e-06 0)
(0.827683 -0.000147123 0)
(0.826131 -0.000322069 0)
(0.8232 -0.000521538 0)
(0.818696 -0.000754753 0)
(0.812336 -0.0010353 0)
(0.803762 -0.00138512 0)
(0.792254 -0.00183593 0)
(0.77734 -0.0024474 0)
(0.756498 -0.00331894 0)
(0.730807 -0.00472088 0)
(0.685309 -0.00711687 0)
(0.64141 -0.0127976 0)
(0.465617 -0.0261974 0)
(0.461744 -0.1605 0)
(0.781378 0.0411833 0)
(0.789381 0.00451578 0)
(0.86533 0.00177291 0)
(0.87992 0.000914672 0)
(0.894322 0.000536085 0)
(0.901272 0.000349909 0)
(0.906621 0.000240489 0)
(0.910161 0.000175035 0)
(0.912867 0.000133544 0)
(0.914964 0.000108351 0)
(0.916736 9.37431e-05 0)
(0.918335 8.64996e-05 0)
(0.919866 8.41243e-05 0)
(0.921394 8.43946e-05 0)
(0.92295 8.64872e-05 0)
(0.924558 8.89176e-05 0)
(0.926219 9.15684e-05 0)
(0.927928 9.35252e-05 0)
(0.929673 9.45668e-05 0)
(0.931429 9.4555e-05 0)
(0.933176 9.28393e-05 0)
(0.934877 8.96689e-05 0)
(0.936508 8.46626e-05 0)
(0.93803 7.78391e-05 0)
(0.939412 6.93508e-05 0)
(0.940621 5.87556e-05 0)
(0.94162 4.66005e-05 0)
(0.942378 3.21921e-05 0)
(0.942855 1.6024e-05 0)
(0.943016 -2.53929e-06 0)
(0.942815 -2.34346e-05 0)
(0.942207 -4.72452e-05 0)
(0.941134 -7.47155e-05 0)
(0.939522 -0.000107009 0)
(0.937265 -0.000146316 0)
(0.93423 -0.00019551 0)
(0.930142 -0.00025993 0)
(0.924827 -0.000347259 0)
(0.917267 -0.000476981 0)
(0.907909 -0.000679778 0)
(0.890497 -0.00106626 0)
(0.873538 -0.00192102 0)
(0.792903 -0.00467425 0)
(0.78512 -0.0413888 0)
)
;

boundaryField
{
    movingWall
    {
        type            fixedValue;
        value           uniform (1 0 0);
    }
    fixedWalls
    {
        type            noSlip;
    }
    frontAndBack
    {
        type            empty;
    }
    defaultFaces
    {
        type            empty;
    }
}


// ************************************************************************* //
