/*--------------------------------*- C++ -*----------------------------------*\
  =========                 |
  \\      /  F ield         | OpenFOAM: The Open Source CFD Toolbox
   \\    /   O peration     | Website:  https://openfoam.org
    \\  /    A nd           | Version:  7
     \\/     M anipulation  |
\*---------------------------------------------------------------------------*/
FoamFile
{
    version     2.0;
    format      ascii;
    class       surfaceScalarField;
    location    "0.9";
    object      phi;
}
// * * * * * * * * * * * * * * * * * * * * * * * * * * * * * * * * * * * * * //

dimensions      [0 3 -1 0 0 0 0];

internalField   nonuniform List<scalar> 
3784
(
-0.00243122
0.00243122
-0.0025763
0.000145087
-0.0013468
-0.0012295
-0.000443708
-0.000903094
-0.00011874
-0.000324967
0.000390087
-0.000508827
0.000957027
-0.00056694
0.00112453
-0.000167506
0.000610629
0.000513905
-0.0003508
0.000961428
-0.0010266
0.000675802
-0.000570752
-0.000455848
0.000845969
-0.00141672
0.0020301
-0.00118413
0.00215022
-0.000120119
0.00111826
0.00103196
-0.000209732
0.00132799
-0.000916617
0.000706885
-0.000708322
-0.000208294
0.000468541
-0.00117686
0.00141656
-0.000948021
0.000793316
0.000623246
-0.000737469
0.00153078
-0.00152578
0.000788306
-0.000701049
-0.000824726
0.000946122
-0.00164717
0.00193801
-0.000991888
0.00158155
0.000356463
0.000218098
0.00136345
-0.00100622
0.00122432
-0.00109757
9.135e-05
-5.4072e-05
-0.0010435
0.00122003
-0.0012741
0.00119511
2.49181e-05
-0.000205757
0.00140086
-0.00144213
0.00123638
-0.00122484
-0.000217295
0.000201352
-0.00142619
0.00146595
-0.0012646
0.00144482
2.11234e-05
0.000124596
0.00132023
-0.00122091
0.00134551
-0.00122968
8.76222e-06
-0.00122968
-0.00333723
0.00576845
-0.00368792
0.000495772
-0.00154276
-0.00337466
-0.000561786
-0.00188406
-0.000331783
-0.000554973
0.000369281
-0.00120989
0.00106429
-0.00126195
0.0011761
-0.000279312
0.000585444
0.00110456
-0.000235012
0.00178188
-0.00101598
0.00145677
-0.000860323
-0.000611507
0.000988476
-0.00326552
0.00245037
-0.00264603
0.00209798
0.00023227
0.0010671
0.00206283
-7.13878e-05
0.00246649
-0.00120183
0.00183733
-0.00112865
-0.00028148
0.000624314
-0.00292982
0.00164445
-0.00196816
0.000704122
0.00156357
-0.000580425
0.00281533
-0.00155108
0.00175897
-0.00106333
-0.00131248
0.00123425
-0.00394474
0.00231292
-0.00207056
0.00145608
0.00121331
0.000304783
0.00251474
-0.000958586
0.00248769
-0.00159366
0.000726419
-0.000108985
-0.00252817
0.00159595
-0.00297903
0.00112141
0.000499452
-0.000156168
0.00267845
-0.00133031
0.00241052
-0.00164218
9.45697e-05
0.00025415
-0.00332252
0.00189766
-0.0029081
0.00133224
0.000586543
0.000155877
0.00249659
-0.00109371
0.00259509
-0.00168339
0.00059845
-0.00291307
-0.00318169
0.00895014
-0.00392602
0.0012401
-0.00197551
-0.00532518
-0.000677641
-0.00318193
-0.000288368
-0.000944241
0.000426922
-0.00192518
0.00119325
-0.00202828
0.00131626
-0.000402325
0.000641299
0.00177953
-0.000330923
0.0027541
-0.00125608
0.00238193
-0.00110051
-0.000767074
0.000957679
-0.00532371
0.00261179
-0.00430014
0.00207002
0.000774045
0.000613232
0.00351962
-0.000727154
0.00380687
-0.00168015
0.00279033
-0.00111904
-0.000842592
0.00102922
-0.00507808
0.00209357
-0.0030325
0.00105571
0.00260143
-0.000447924
0.00431896
-0.00173248
0.00304352
-0.00134348
-0.00170148
0.0011999
-0.00648813
0.00255039
-0.00342105
0.00155401
0.00220969
-1.22156e-05
0.00408097
-0.0014623
0.00393777
-0.0018554
0.00111952
6.99711e-05
-0.00445354
0.00201001
-0.00491907
0.0015205
0.000988968
-1.48166e-06
0.00420043
-0.00150227
0.00391131
-0.00189445
0.000486753
0.000236242
-0.00545321
0.00217451
-0.00484637
0.00160017
0.00116088
8.19073e-05
0.00401485
-0.00146614
0.00414314
-0.00199952
0.00113183
-0.00491259
-0.00254438
0.0114945
-0.00351962
0.00221533
-0.00231918
-0.00652561
-0.00110778
-0.00439332
-0.000434533
-0.00161749
0.000241667
-0.00260138
0.00081519
-0.0026018
0.000859178
-0.000446313
0.000364277
0.00227443
-0.000235673
0.00335405
-0.000801044
0.0029473
-0.000713284
-0.000854833
0.000671537
-0.00670854
0.00180337
-0.00543197
0.001228
0.00134942
2.02905e-05
0.00472732
-0.000885501
0.00471267
-0.00135217
0.00325699
-0.000666969
-0.00152779
0.00095092
-0.00669597
0.00159203
-0.00367362
0.000921369
0.0032721
7.29161e-06
0.00523304
-0.000975292
0.0040261
-0.000922962
-0.00175381
0.000758927
-0.00817002
0.00174263
-0.00440476
0.000959851
0.00299246
-0.000212455
0.00525328
-0.00116146
0.00488678
-0.0012809
0.00123896
0.000168808
-0.00590325
0.0014848
-0.00623507
0.00115391
0.00131986
0.000193429
0.00516091
-0.000856562
0.0049613
-0.00124482
0.000875007
0.000142276
-0.0068403
0.00148423
-0.00618832
0.00106014
0.00158497
5.65171e-06
0.00506933
-0.00102409
0.00517288
-0.00137473
0.00148248
-0.00628733
-0.00186099
0.0133555
-0.00301234
0.00336668
-0.00252939
-0.00700857
-0.00153776
-0.00538495
-0.00067165
-0.0024836
-8.85772e-05
-0.00318445
0.00026821
-0.00295859
0.000271786
-0.000449888
2.82417e-05
0.00251797
-0.000195409
0.0035777
-0.00037218
0.00312407
-0.00032448
-0.00090253
0.000322413
-0.00735543
0.000916416
-0.00602598
0.000425115
0.00184072
-0.000364843
0.00551728
-0.000837297
0.00518512
-0.000933338
0.00335303
-0.000160185
-0.00230094
0.00081749
-0.00767364
0.00101868
-0.00387481
0.00068571
0.00360506
0.000309664
0.00560908
-0.000277137
0.00461291
-0.000482822
-0.00154812
0.000252402
-0.00890524
0.000846033
-0.00499839
0.000384192
0.00345431
-0.000306823
0.00594429
-0.000731737
0.00531169
-0.000673091
0.00118031
0.000257533
-0.00683387
0.000915896
-0.00689343
0.000687333
0.00154842
0.000269067
0.00557917
-0.000240451
0.00547082
-0.000582865
0.00121742
4.34594e-05
-0.00746663
0.000758084
-0.00690294
0.000479904
0.00186315
-5.86562e-05
0.00560789
-0.00052646
0.00564069
-0.000732068
0.00168808
-0.00701939
-0.00105108
0.0144066
-0.00230912
0.00462472
-0.00250977
-0.00680792
-0.00185846
-0.00603627
-0.000988488
-0.00335357
-0.000551925
-0.00362101
-0.000413333
-0.00309718
-0.000420972
-0.000442248
-0.000350946
0.00244794
-0.000184213
0.00341097
2.89641e-05
0.00291089
2.97697e-05
-0.000903334
-3.48924e-05
-0.00729077
-2.65675e-06
-0.00605821
-0.000235824
0.00207389
-0.000466927
0.00574838
-0.000547289
0.00526548
-0.000338743
0.00314448
0.000363575
-0.00300326
0.000599445
-0.00790951
0.000326908
-0.00360227
0.000325684
0.00360629
0.000438081
0.00549669
0.000319929
0.00473106
-6.13851e-05
-0.00116681
-0.000218433
-0.00874819
-6.80388e-05
-0.00514878
-0.000143831
0.0035301
-0.000253926
0.00605439
-0.000219192
0.00527696
-4.76376e-05
0.00100876
0.000301607
-0.00718312
0.000292937
-0.00688476
0.000158398
0.00168296
0.000217861
0.00551971
0.000242723
0.00544596
3.41536e-05
0.00142599
-3.82525e-05
-0.00739422
3.30365e-05
-0.00697423
-6.8977e-05
0.00196516
-9.13389e-05
0.00563026
-4.67802e-05
0.00559613
-0.000104325
0.00174563
-0.00712372
-9.87025e-05
0.0145053
-0.00127636
0.00580238
-0.00213489
-0.00594939
-0.00197972
-0.00619144
-0.00131093
-0.00402236
-0.00105472
-0.00387722
-0.00110728
-0.00304463
-0.00105116
-0.000498367
-0.000674346
0.00207113
-0.000169649
0.00290627
0.000308651
0.00243259
0.000313993
-0.000908675
-0.000338679
-0.0066381
-0.000830256
-0.00556664
-0.000741588
0.00198522
-0.000377896
0.00538468
-5.06412e-05
0.00493823
0.000371143
0.0027227
0.000794769
-0.00342689
0.000315905
-0.00743065
-0.000353722
-0.00293264
-0.000117767
0.00337033
0.0004162
0.00496272
0.000736856
0.0044104
0.000336623
-0.000766578
-0.000555668
-0.0078559
-0.000871434
-0.00483302
-0.000561055
0.00321972
-9.87242e-05
0.00559205
0.000315022
0.00486321
0.000561476
0.000762303
0.00028447
-0.00690611
-0.000340243
-0.00626004
-0.000356699
0.00169942
0.00011638
0.00504663
0.000594077
0.00496826
0.000611082
0.00140899
-7.68102e-05
-0.00670633
-0.000632738
-0.0064183
-0.000531034
0.00186346
-0.00010058
0.0051998
0.00036673
0.00512882
0.000494577
0.00161778
-0.00662914
0.00103223
0.0134731
0.000198712
0.0066359
-0.00131633
-0.00443435
-0.00176648
-0.00574128
-0.00147886
-0.00430999
-0.00146952
-0.00388655
-0.00164064
-0.00287351
-0.00150023
-0.000638782
-0.000899423
0.00147032
-0.000171534
0.00217839
0.000440105
0.00182095
0.000516427
-0.000984997
-0.000555547
-0.00556612
-0.00146607
-0.00465612
-0.00110619
0.00162535
-0.000241314
0.00451981
0.000421945
0.00427497
0.00106766
0.00207699
0.00104582
-0.00340505
-4.41309e-05
-0.0063407
-0.000875763
-0.00210101
-0.000454712
0.00294928
0.000350827
0.00415718
0.000997036
0.00376419
0.000728273
-0.000497814
-0.000688338
-0.00643929
-0.00144746
-0.00407389
-0.000853449
0.00262571
5.13991e-05
0.0046872
0.000723456
0.00419116
0.00104875
0.000437008
0.000192963
-0.00605032
-0.000912747
-0.00515433
-0.000769421
0.00155609
3.7847e-05
0.00423936
0.000848379
0.00415773
0.00107069
0.00118667
-7.07068e-05
-0.00556493
-0.00114713
-0.00534187
-0.000881224
0.00159755
-9.46392e-05
0.00441322
0.000695943
0.00433824
0.000976281
0.00133745
-0.00565286
0.00208998
0.0113831
0.00193159
0.00679429
-4.53858e-05
-0.00245738
-0.00111758
-0.00466909
-0.00133122
-0.00409635
-0.00159756
-0.00362021
-0.00185862
-0.00261245
-0.00166841
-0.000828989
-0.000975062
0.000776975
-0.0001853
0.00138862
0.000524183
0.00111147
0.000599529
-0.00106034
-0.000689235
-0.00427736
-0.00184465
-0.00350071
-0.00129322
0.00107392
-0.000171444
0.00339803
0.000807938
0.00329559
0.00152838
0.00135655
0.00105495
-0.00293162
-0.000439778
-0.00484597
-0.00118203
-0.00135875
-0.00062037
0.00238762
0.000329916
0.00320689
0.00117134
0.00292277
0.00103556
-0.000362037
-0.000650258
-0.00475347
-0.00169625
-0.0030279
-0.00097691
0.00190637
0.000135
0.00357529
0.00103139
0.00329476
0.00136533
0.000103073
7.94787e-05
-0.00476447
-0.00128743
-0.00378743
-0.000957486
0.00122615
2.56343e-05
0.00325624
0.000961331
0.00322203
0.00136981
0.000778195
-3.66111e-05
-0.00415851
-0.0014598
-0.00391868
-0.00104303
0.00118078
-6.89386e-05
0.00343912
0.000874796
0.0033945
0.00130587
0.00090637
-0.00434699
0.0026494
0.00873368
0.00334994
0.00609375
0.00143588
-0.000543308
-7.21036e-05
-0.0031611
-0.000803552
-0.0033649
-0.00135787
-0.0030659
-0.00170773
-0.00226259
-0.00154397
-0.000992753
-0.000905196
0.000138205
-0.000153744
0.000637169
0.000529658
0.000428065
0.000538312
-0.00106899
-0.000747752
-0.0029913
-0.0018893
-0.00235916
-0.00134778
0.000532404
-0.000155275
0.00220552
0.000953211
0.0021871
0.00160378
0.000705976
0.00084955
-0.00217738
-0.000742793
-0.00325363
-0.00130918
-0.000792368
-0.000646914
0.00172536
0.000308438
0.00225154
0.00122316
0.00200804
0.00114477
-0.000283641
-0.000528109
-0.00308059
-0.00161515
-0.00194087
-0.000931495
0.00122272
0.000191773
0.00245203
0.00121872
0.00226781
0.00145416
-0.000132361
-1.98757e-05
-0.00329044
-0.00136321
-0.00244409
-0.000964545
0.000827486
4.48226e-05
0.00224687
0.00103517
0.00223169
0.00142462
0.000388745
-1.25498e-05
-0.00272135
-0.00147007
-0.00246116
-0.00106312
0.000773828
-2.38234e-05
0.00239983
0.000994676
0.002376
0.00140922
0.000491827
-0.00293777
0.00254545
0.00618823
0.0038125
0.0048267
0.00256184
0.000707358
0.00102394
-0.0016232
-2.49353e-05
-0.00231602
-0.000798747
-0.00229209
-0.00124542
-0.00181592
-0.00119414
-0.00104404
-0.000719959
-0.000335971
-0.000105444
2.26559e-05
0.000442597
-0.000119981
0.000353834
-0.000980232
-0.000732312
-0.00190515
-0.00163706
-0.0014544
-0.00121886
0.000114202
-0.000168716
0.00115538
0.000835193
0.00118319
0.00130673
0.000234436
0.000515286
-0.00138593
-0.000871293
-0.00186705
-0.00125463
-0.000409036
-0.000608348
0.00107908
0.000217124
0.00142607
0.00105794
0.00116723
0.000984506
-0.000210211
-0.000407974
-0.00168811
-0.00130929
-0.00103955
-0.000776143
0.000689572
0.000205493
0.00147039
0.00116862
0.00130469
0.00125438
-0.000218127
-0.000109469
-0.00192659
-0.00118838
-0.00136518
-0.000838887
0.00047799
4.69749e-05
0.00136101
0.000950047
0.00132861
0.00120239
0.000136405
-2.47666e-05
-0.00149419
-0.00121234
-0.00127359
-0.000912923
0.000474416
2.3801e-05
0.00146311
0.000966202
0.0014336
0.0012498
0.000208229
-0.00168797
0.00205657
0.00413167
0.00341876
0.00346451
0.00285666
0.00126946
0.00174291
-0.000509452
0.000686161
-0.00125928
-0.00013459
-0.00147134
-0.00062989
-0.00132062
-0.000716166
-0.000957765
-0.00044457
-0.000607569
-2.57802e-05
-0.000396135
0.000307915
-0.000453677
0.00014586
-0.000818175
-0.000628747
-0.00113054
-0.00121385
-0.000869296
-0.000952245
-0.000147405
-0.000194346
0.000397481
0.000541388
0.000447457
0.000805743
-2.99189e-05
0.000170805
-0.000750997
-0.000800332
-0.000895917
-0.00103946
-0.000169912
-0.000536351
0.000575979
0.000105676
0.000784046
0.000706483
0.000566421
0.0006207
-0.000124429
-0.000324606
-0.000742802
-0.000920292
-0.000443864
-0.000566023
0.000335301
0.00016355
0.000740816
0.000872315
0.000595923
0.000843567
-0.000189378
-0.000156296
-0.000926726
-0.000884119
-0.000637362
-0.000646523
0.000240391
2.84874e-06
0.000711636
0.000682861
0.0006486
0.00079154
2.77268e-05
-5.74584e-05
-0.000645192
-0.000831356
-0.000499693
-0.000640736
0.000283795
5.27448e-05
0.000769625
0.000762226
0.000724125
0.000901638
6.88157e-05
-0.000786338
0.00128176
0.00284991
0.00239868
0.0023476
0.00245658
0.00121156
0.00178866
0.000158467
0.00102135
-0.000491966
0.000357347
-0.000807342
-7.8706e-05
-0.000884567
-0.000225403
-0.000811068
-0.000140391
-0.000692583
5.98176e-05
-0.000596347
0.000188411
-0.00058227
1.38057e-05
-0.000643564
-0.000447036
-0.000669698
-0.00077565
-0.000540684
-0.000655909
-0.000267146
-0.000217584
-4.0841e-05
0.000212451
1.74232e-05
0.000318733
-0.000136205
-7.71603e-05
-0.000355106
-0.000627409
-0.000345668
-0.000753908
-4.34108e-05
-0.0004447
0.000266774
-1.9104e-05
0.00035845
0.000318389
0.000228926
0.000238205
-4.42461e-05
-0.000266604
-0.000237991
-0.000577105
-0.000133365
-0.000379778
0.000137972
7.17223e-05
0.000289315
0.000472004
0.000195642
0.00039963
-0.000117005
-0.000173094
-0.000354003
-0.000581604
-0.000228854
-0.000453634
0.00011242
-4.46677e-05
0.000302672
0.000353015
0.000250917
0.000372688
8.05295e-06
-8.66308e-05
-0.000185875
-0.000484035
-0.000102289
-0.000372727
0.000172489
5.12934e-05
0.000345604
0.000476366
0.000299052
0.000517142
2.80408e-05
-0.000269197
0.000817916
0.00203199
0.00146308
0.00170244
0.00165666
0.00101798
0.00139196
0.000423165
0.000965646
-6.56561e-05
0.00054803
-0.000389725
0.000244071
-0.000580613
9.44518e-05
-0.000661454
6.98774e-05
-0.000668008
0.000103687
-0.000630154
9.38768e-05
-0.000572459
-3.79408e-05
-0.000511746
-0.000261754
-0.000445883
-0.000424239
-0.000378198
-0.000396132
-0.000295252
-0.000219419
-0.000217553
-3.35216e-05
-0.000168475
-9.55481e-06
-0.000160176
-0.000208165
-0.000156496
-0.000452722
-0.000101109
-0.000500806
4.67417e-06
-0.000341616
0.000107582
-0.000110873
0.000127705
4.09069e-05
7.71476e-05
-5.42188e-06
2.08383e-06
-0.000208202
-3.52102e-05
-0.000336154
-5.41552e-06
-0.000244793
4.66095e-05
-2.67249e-05
7.12479e-05
0.000142153
2.67654e-05
7.97317e-05
-5.45852e-05
-0.000176717
-9.75542e-05
-0.000359336
-4.62344e-05
-0.000297859
5.09422e-05
-8.82583e-05
9.30712e-05
9.26818e-05
6.99762e-05
8.6276e-05
1.44588e-05
-9.70769e-05
-2.52077e-06
-0.000247941
4.8576e-05
-0.000185443
0.000109991
2.73201e-05
0.00013284
0.000227886
9.84841e-05
0.000228693
2.72324e-05
-4.05018e-05
0.000568149
0.00146384
0.000942737
0.00132785
0.00107081
0.000889905
0.0010012
0.00049277
0.000788128
0.000147415
0.000552816
-0.000154412
0.000353338
-0.000381136
0.000213539
-0.000521659
0.000127075
-0.000581546
6.94579e-05
-0.000572531
1.16949e-05
-0.000514693
-6.81587e-05
-0.000431894
-0.000153046
-0.000360996
-0.000216281
-0.00031496
-0.000225656
-0.000285876
-0.000188523
-0.000254687
-0.000149994
-0.000207005
-0.000162885
-0.000147285
-0.000234434
-8.49472e-05
-0.000307303
-2.82397e-05
-0.000314993
1.23626e-05
-0.000241599
3.41873e-05
-0.000142326
2.84345e-05
-8.48737e-05
1.96976e-05
-9.95187e-05
1.67282e-05
-0.000155775
2.10438e-05
-0.000183009
2.18162e-05
-0.000151773
1.53726e-05
-7.92362e-05
-1.28736e-06
-3.85341e-05
-1.39332e-05
-7.22713e-05
-2.08479e-05
-0.000159697
-1.01303e-05
-0.000213991
8.05918e-06
-0.000184399
2.13514e-05
-0.000107529
1.62033e-05
-4.74418e-05
9.88961e-06
-4.77303e-05
1.47476e-05
-9.48145e-05
4.45651e-05
-0.000114239
6.80004e-05
-7.41195e-05
6.98694e-05
7.73681e-06
5.0984e-05
7.21361e-05
3.40849e-05
7.15197e-05
2.78463e-05
3.10179e-05
0.000432813
0.00103103
0.000736855
0.00102381
0.000851196
0.000775565
0.000834252
0.000509717
0.000734539
0.000247125
0.000572776
7.34651e-06
0.000404677
-0.000213036
0.000252651
-0.00036963
0.000124804
-0.000453699
2.40495e-05
-0.000471776
-5.0119e-05
-0.000440524
-9.55045e-05
-0.00038651
-0.000122666
-0.000333835
-0.000141164
-0.000296459
-0.000156065
-0.000270972
-0.000169229
-0.000241525
-0.000181315
-0.000194921
-0.000195176
-0.000133422
-0.000208037
-7.20874e-05
-0.000209372
-2.69079e-05
-0.000191168
-5.84074e-06
-0.000155891
-1.08832e-06
-0.000124293
-3.16101e-06
-0.000105407
8.12599e-07
-0.000100441
1.17589e-05
-0.000100906
2.1505e-05
-9.88451e-05
1.97554e-05
-8.98624e-05
6.39295e-06
-8.29005e-05
-8.24737e-06
-8.44764e-05
-1.23554e-05
-0.000100329
-4.99451e-06
-0.000118491
8.03026e-06
-0.000123571
1.31394e-05
-0.000110179
7.96241e-06
-9.22754e-05
-1.69715e-06
-7.97127e-05
-2.67134e-06
-7.769e-05
1.2723e-05
-6.98789e-05
3.67527e-05
-5.28197e-05
5.09422e-05
-2.78721e-05
4.4922e-05
-5.31373e-06
2.84244e-05
6.90664e-06
2.18659e-05
5.60717e-06
2.91443e-05
3.66225e-05
0.000323435
0.000707602
0.000598503
0.000748738
0.000746621
0.000627445
0.000786298
0.000470041
0.000742893
0.000290533
0.000645504
0.000104735
0.00049337
-6.09018e-05
0.000334168
-0.000210425
0.000183893
-0.000303421
5.93859e-05
-0.000347271
-3.01043e-05
-0.000351036
-8.3744e-05
-0.000332869
-0.000112128
-0.000305447
-0.000130086
-0.000278499
-0.000148885
-0.000252173
-0.000169871
-0.000220541
-0.000185867
-0.000178925
-0.000189097
-0.000130192
-0.000177288
-8.38978e-05
-0.0001544
-4.9798e-05
-0.000129091
-3.11469e-05
-0.000107036
-2.31404e-05
-9.21793e-05
-1.80186e-05
-8.2221e-05
-9.14862e-06
-7.19821e-05
1.51745e-06
-6.01717e-05
9.69289e-06
-5.07592e-05
1.03448e-05
-4.84571e-05
4.09484e-06
-5.43612e-05
-2.34168e-06
-6.31113e-05
-3.60562e-06
-6.94062e-05
1.30048e-06
-6.8376e-05
7.001e-06
-6.2964e-05
7.72998e-06
-5.80054e-05
3.00582e-06
-5.75278e-05
-2.17355e-06
-5.94365e-05
-7.6179e-07
-5.6831e-05
1.01166e-05
-4.35311e-05
2.34505e-05
-2.48225e-05
3.22337e-05
-1.05888e-05
3.06918e-05
-6.51566e-06
2.435e-05
-7.38513e-06
2.27327e-05
-6.15415e-06
2.79128e-05
3.04679e-05
0.000226834
0.00048077
0.000448931
0.000526642
0.000606803
0.000469571
0.000692371
0.000384473
0.00070748
0.000275426
0.000660201
0.000152015
0.000570812
2.8489e-05
0.000440517
-8.01286e-05
0.000302121
-0.000165026
0.000174595
-0.000219748
7.16914e-05
-0.000248133
-5.44058e-06
-0.000255735
-5.97594e-05
-0.000251126
-9.95176e-05
-0.000238742
-0.000131414
-0.000220279
-0.000156523
-0.000195432
-0.000170939
-0.000164508
-0.000170556
-0.000130576
-0.000155913
-9.85424e-05
-0.00013293
-7.27789e-05
-0.000109611
-5.44633e-05
-9.10965e-05
-4.16553e-05
-7.79174e-05
-3.12017e-05
-6.6413e-05
-2.06561e-05
-5.41307e-05
-1.07652e-05
-4.08334e-05
-3.60375e-06
-3.02678e-05
-2.19735e-07
-2.64189e-05
2.47524e-07
-2.83197e-05
-4.40116e-07
-3.21656e-05
2.40431e-07
-3.3186e-05
2.32143e-06
-3.03854e-05
4.20174e-06
-2.64048e-05
3.75138e-06
-2.54212e-05
2.02296e-06
-2.85859e-05
9.90527e-07
-3.23691e-05
3.0203e-06
-3.10967e-05
8.84609e-06
-2.35317e-05
1.58875e-05
-1.27657e-05
2.14645e-05
-5.40748e-06
2.33329e-05
-4.24798e-06
2.31904e-05
-5.59241e-06
2.40739e-05
-4.486e-06
2.68046e-05
2.5983e-05
0.000154175
0.000326595
0.00031739
0.000363426
0.00045276
0.000334202
0.000549462
0.000287772
0.000599936
0.000224953
0.000601854
0.000150098
0.000560676
6.9668e-05
0.000483614
-3.0659e-06
0.000387308
-6.87205e-05
0.000285432
-0.000117873
0.000189078
-0.000151778
0.000105481
-0.000172137
3.56372e-05
-0.000181281
-2.15187e-05
-0.000181587
-6.73029e-05
-0.000174495
-0.000101559
-0.000161174
-0.00012289
-0.000143175
-0.000130786
-0.000122682
-0.00012706
-0.000102268
-0.000115948
-8.38871e-05
-0.000102201
-6.82096e-05
-8.90698e-05
-5.47901e-05
-7.73983e-05
-4.28765e-05
-6.59121e-05
-3.21428e-05
-5.39648e-05
-2.27126e-05
-4.21304e-05
-1.54381e-05
-3.22954e-05
-1.00537e-05
-2.57081e-05
-6.33928e-06
-2.2458e-05
-3.69015e-06
-2.06733e-05
-1.5431e-06
-1.85717e-05
2.21096e-07
-1.57964e-05
1.4267e-06
-1.39987e-05
1.95315e-06
-1.40105e-05
2.03457e-06
-1.58808e-05
2.86276e-06
-1.81513e-05
5.2904e-06
-1.80848e-05
8.77911e-06
-1.51144e-05
1.2921e-05
-1.03962e-05
1.67449e-05
-6.6393e-06
1.95706e-05
-5.04405e-06
2.15933e-05
-4.38736e-06
2.34177e-05
-2.79553e-06
2.52132e-05
2.31883e-05
0.000106424
0.00022017
0.000223008
0.000246842
0.000326824
0.000230386
0.000410482
0.000204115
0.000467148
0.000168287
0.000492301
0.000124942
0.000484613
7.73556e-05
0.000453359
2.81876e-05
0.000397993
-1.33552e-05
0.000331259
-5.11398e-05
0.00026015
-8.06688e-05
0.000190294
-0.000102283
0.000125439
-0.000116428
6.76453e-05
-0.000123792
1.82812e-05
-0.000125129
-2.15134e-05
-0.000121379
-5.09409e-05
-0.00011375
-7.00909e-05
-0.000103534
-8.02498e-05
-9.21069e-05
-8.36707e-05
-8.04645e-05
-8.27149e-05
-6.91693e-05
-7.91122e-05
-5.8398e-05
-7.378e-05
-4.82093e-05
-6.70753e-05
-3.88469e-05
-5.92671e-05
-3.05232e-05
-5.12763e-05
-2.34302e-05
-4.37633e-05
-1.75647e-05
-3.73415e-05
-1.27602e-05
-3.21624e-05
-8.86977e-06
-2.79801e-05
-5.72512e-06
-2.44987e-05
-3.26042e-06
-2.16886e-05
-1.38282e-06
-1.98634e-05
1.27697e-07
-1.94093e-05
1.57824e-06
-1.98518e-05
3.3079e-06
-2.00799e-05
5.52157e-06
-1.94695e-05
8.16571e-06
-1.75915e-05
1.10423e-05
-1.4755e-05
1.39104e-05
-1.17244e-05
1.65391e-05
-8.94673e-06
1.88142e-05
-6.24051e-06
2.07124e-05
-3.17877e-06
2.21534e-05
2.00101e-05
7.52701e-05
0.000144901
0.000158867
0.000163246
0.000235522
0.000153731
0.000300851
0.000138786
0.00035055
0.000118586
0.000381417
9.4075e-05
0.000392095
6.66783e-05
0.00038233
3.79525e-05
0.000358495
1.04803e-05
0.000321653
-1.42978e-05
0.000277036
-3.60518e-05
0.000228469
-5.37156e-05
0.000179185
-6.71423e-05
0.000131757
-7.63619e-05
8.82344e-05
-8.16035e-05
5.0118e-05
-8.32627e-05
1.82604e-05
-8.18935e-05
-7.00772e-06
-7.82643e-05
-2.60799e-05
-7.30318e-05
-3.97831e-05
-6.6762e-05
-4.90909e-05
-5.98657e-05
-5.48002e-05
-5.26903e-05
-5.74797e-05
-4.55282e-05
-5.7748e-05
-3.85788e-05
-5.6185e-05
-3.20882e-05
-5.34067e-05
-2.6207e-05
-4.99708e-05
-2.0998e-05
-4.63048e-05
-1.64261e-05
-4.26862e-05
-1.24875e-05
-3.92872e-05
-9.12273e-06
-3.62657e-05
-6.28411e-06
-3.37672e-05
-3.88106e-06
-3.18686e-05
-1.76724e-06
-3.05164e-05
2.24569e-07
-2.943e-05
2.22054e-06
-2.81997e-05
4.29527e-06
-2.64953e-05
6.46175e-06
-2.41286e-05
8.67293e-06
-2.10753e-05
1.08575e-05
-1.74586e-05
1.29248e-05
-1.34208e-05
1.47781e-05
-9.02996e-06
1.63223e-05
-4.32306e-06
1.74469e-05
1.56867e-05
5.40528e-05
9.08478e-05
0.000114585
0.000102713
0.000170977
9.73368e-05
0.000220694
8.9067e-05
0.000261237
7.80393e-05
0.00029062
6.46887e-05
0.000307662
4.96354e-05
0.000311992
3.36212e-05
0.000305752
1.6719e-05
0.000289354
2.09884e-06
0.000265282
-1.19811e-05
0.000235813
-2.42474e-05
0.00020308
-3.44088e-05
0.000169029
-4.23112e-05
0.000135355
-4.79303e-05
0.000103457
-5.13662e-05
7.44031e-05
-5.28404e-05
4.87504e-05
-5.26115e-05
2.6701e-05
-5.09834e-05
8.24413e-06
-4.83084e-05
-6.7683e-06
-4.48554e-05
-1.85949e-05
-4.08626e-05
-2.75715e-05
-3.65512e-05
-3.40201e-05
-3.21328e-05
-3.83347e-05
-2.77739e-05
-4.09309e-05
-2.36067e-05
-4.2214e-05
-1.97135e-05
-4.24959e-05
-1.61469e-05
-4.20775e-05
-1.29047e-05
-4.12041e-05
-9.99289e-06
-4.01329e-05
-7.35803e-06
-3.8903e-05
-5.11305e-06
-3.76556e-05
-3.01052e-06
-3.63498e-05
-1.07977e-06
-3.48393e-05
7.07494e-07
-3.30013e-05
2.45815e-06
-3.07008e-05
4.16365e-06
-2.78416e-05
5.81345e-06
-2.43685e-05
7.38336e-06
-2.02785e-05
8.83517e-06
-1.56172e-05
1.01178e-05
-1.04672e-05
1.1173e-05
-4.95056e-06
1.19305e-05
1.07359e-05
3.56196e-05
5.52278e-05
7.58137e-05
6.25197e-05
0.000113697
5.94555e-05
0.000147942
5.48225e-05
0.000177265
4.87152e-05
0.000200606
4.13481e-05
0.00021724
3.30028e-05
0.000226847
2.40167e-05
0.000228869
1.46978e-05
0.000225362
5.60634e-06
0.000216177
-2.79576e-06
0.000202441
-1.05092e-05
0.000185249
-1.7216e-05
0.000165703
-2.2765e-05
0.000144851
-2.70785e-05
0.000123634
-3.01489e-05
0.000102826
-3.2031e-05
8.30427e-05
-3.28268e-05
6.47405e-05
-3.26824e-05
4.81667e-05
-3.17362e-05
3.3465e-05
-3.01523e-05
2.0687e-05
-2.8081e-05
9.8157e-06
-2.56789e-05
7.50596e-07
-2.30692e-05
-6.64728e-06
-2.03742e-05
-1.25602e-05
-1.76884e-05
-1.71899e-05
-1.50821e-05
-2.07259e-05
-1.26133e-05
-2.33358e-05
-1.02938e-05
-2.51885e-05
-8.13644e-06
-2.64626e-05
-6.08481e-06
-2.72426e-05
-4.3356e-06
-2.75151e-05
-2.73589e-06
-2.73078e-05
-1.28435e-06
-2.66768e-05
7.59558e-08
-2.55762e-05
1.3571e-06
-2.39715e-05
2.56051e-06
-2.18415e-05
3.68469e-06
-1.91792e-05
4.72094e-06
-1.59977e-05
5.65313e-06
-1.23387e-05
6.45826e-06
-8.2748e-06
7.10875e-06
-3.91301e-06
7.5684e-06
6.82269e-06
2.25736e-05
3.26519e-05
4.81954e-05
3.68965e-05
7.25494e-05
3.51009e-05
9.49449e-05
3.24252e-05
0.000114728
2.89298e-05
0.000131346
2.47284e-05
0.000144381
1.99678e-05
0.000153567
1.48293e-05
0.000158779
9.48411e-06
0.000160274
4.11016e-06
0.000158339
-8.62496e-07
0.000153366
-5.53651e-06
0.000145831
-9.68165e-06
0.000136259
-1.31943e-05
0.00012519
-1.60112e-05
0.000113149
-1.81076e-05
0.000100613
-1.94941e-05
8.79982e-05
-2.02119e-05
7.56401e-05
-2.03258e-05
6.38169e-05
-1.99143e-05
5.27328e-05
-1.90666e-05
4.2531e-05
-1.78762e-05
3.32831e-05
-1.64301e-05
2.5029e-05
-1.48162e-05
1.77655e-05
-1.31094e-05
1.14547e-05
-1.13739e-05
6.04026e-06
-9.66674e-06
1.44515e-06
-8.02039e-06
-2.38853e-06
-6.46022e-06
-5.5795e-06
-4.94319e-06
-8.0801e-06
-3.58436e-06
-9.97498e-06
-2.44279e-06
-1.13621e-05
-1.34867e-06
-1.22977e-05
-3.47089e-07
-1.27829e-05
5.614e-07
-1.28228e-05
1.39638e-06
-1.24236e-05
2.16135e-06
-1.15976e-05
2.85918e-06
-1.03653e-05
3.48869e-06
-8.75738e-06
4.04453e-06
-6.81768e-06
4.51751e-06
-4.6057e-06
4.89559e-06
-2.19879e-06
5.16027e-06
4.62284e-06
1.55475e-05
1.71048e-05
3.32454e-05
1.92013e-05
5.01689e-05
1.81796e-05
6.59074e-05
1.66871e-05
8.00845e-05
1.47535e-05
9.23762e-05
1.24387e-05
0.000102517
9.82723e-06
0.000110349
6.99712e-06
0.000115765
4.06692e-06
0.00011874
1.13625e-06
0.000119495
-1.6164e-06
0.00011819
-4.23108e-06
0.000115023
-6.51348e-06
0.000110262
-8.43338e-06
0.000104203
-9.95193e-06
9.71489e-05
-1.10516e-05
8.93923e-05
-1.17353e-05
8.12059e-05
-1.2024e-05
7.28337e-05
-1.19538e-05
6.44886e-05
-1.15695e-05
5.6347e-05
-1.09231e-05
4.85444e-05
-1.00707e-05
4.11856e-05
-9.07019e-06
3.43452e-05
-7.97627e-06
2.80727e-05
-6.83583e-06
2.2393e-05
-5.69161e-06
1.72972e-05
-4.56991e-06
1.27829e-05
-3.50741e-06
8.84096e-06
-2.51856e-06
5.50531e-06
-1.60595e-06
2.71096e-06
-7.89514e-07
3.37692e-07
-7.07214e-08
-1.57837e-06
5.66816e-07
-3.05429e-06
1.12936e-06
-4.13827e-06
1.64554e-06
-4.83576e-06
2.09325e-06
-5.16513e-06
2.49002e-06
-5.14876e-06
2.84236e-06
-4.81506e-06
3.15448e-06
-4.19949e-06
3.42806e-06
-3.3438e-06
3.66041e-06
-2.29689e-06
3.84684e-06
-1.11878e-06
3.97998e-06
3.50232e-06
1.08964e-05
6.20813e-06
2.32672e-05
6.83058e-06
3.51429e-05
6.30263e-06
4.62533e-05
5.5742e-06
5.63749e-05
4.63137e-06
6.53007e-05
3.51331e-06
7.2774e-05
2.35259e-06
7.8745e-05
1.02424e-06
8.32607e-05
-4.49637e-07
8.61571e-05
-1.76024e-06
8.74996e-05
-2.9585e-06
8.73754e-05
-4.10625e-06
8.58967e-05
-5.03438e-06
8.3212e-05
-5.74855e-06
7.9495e-05
-6.23472e-06
7.49333e-05
-6.48884e-06
6.97183e-05
-6.51878e-06
6.40379e-05
-6.34289e-06
5.8081e-05
-5.99767e-06
5.20039e-05
-5.49321e-06
4.59421e-05
-4.86077e-06
4.00143e-05
-4.14144e-06
3.43099e-05
-3.36553e-06
2.89161e-05
-2.58338e-06
2.38721e-05
-1.79172e-06
1.92708e-05
-1.08871e-06
1.50568e-05
-3.55061e-07
1.1275e-05
2.73774e-07
7.93683e-06
8.19473e-07
5.06349e-06
1.26866e-06
2.6249e-06
1.65006e-06
5.71576e-07
1.98236e-06
-1.09089e-06
2.22888e-06
-2.38162e-06
2.42025e-06
-3.30336e-06
2.5674e-06
-3.88879e-06
2.67821e-06
-4.15977e-06
2.76003e-06
-4.13808e-06
2.81947e-06
-3.85035e-06
2.8653e-06
-3.33885e-06
2.91477e-06
-2.64071e-06
2.96006e-06
-1.79509e-06
2.9987e-06
-8.47165e-07
3.02939e-06
2.65392e-06
7.06608e-06
-8.56811e-07
1.50345e-05
-1.13782e-06
2.2707e-05
-1.37154e-06
2.99114e-05
-1.6324e-06
3.64683e-05
-1.92482e-06
4.22182e-05
-2.23533e-06
4.71168e-05
-2.54631e-06
5.10076e-05
-2.86691e-06
5.37273e-05
-3.16921e-06
5.53665e-05
-3.39897e-06
5.5955e-05
-3.54631e-06
5.54546e-05
-3.60475e-06
5.3982e-05
-3.56105e-06
5.16423e-05
-3.40878e-06
4.85548e-05
-3.14731e-06
4.48445e-05
-2.77815e-06
4.06606e-05
-2.33407e-06
3.61089e-05
-1.79116e-06
3.14602e-05
-1.35012e-06
2.67685e-05
-8.02886e-07
2.21126e-05
-2.05255e-07
1.76096e-05
3.6209e-07
1.33214e-05
9.22586e-07
9.29501e-06
1.44213e-06
5.60622e-06
1.89702e-06
2.24253e-06
2.27635e-06
-6.95915e-07
2.58476e-06
-3.2309e-06
2.80926e-06
-5.36352e-06
2.95281e-06
-7.11399e-06
3.02081e-06
-8.48514e-06
3.02298e-06
-9.44755e-06
2.94569e-06
-1.00555e-05
2.83728e-06
-1.03207e-05
2.6859e-06
-1.02573e-05
2.50437e-06
-9.90164e-06
2.32241e-06
-9.2779e-06
2.13549e-06
-8.39781e-06
1.93799e-06
-7.2532e-06
1.71886e-06
-5.95776e-06
1.61719e-06
-4.53099e-06
1.53098e-06
-3.0029e-06
1.46833e-06
-1.40928e-06
1.43376e-06
1.24425e-06
3.68111e-06
-4.53815e-06
7.81838e-06
-5.27594e-06
1.1747e-05
-5.30241e-06
1.53415e-05
-5.2284e-06
1.84868e-05
-5.0686e-06
2.10794e-05
-4.82642e-06
2.30391e-05
-4.50584e-06
2.42691e-05
-4.09687e-06
2.47214e-05
-3.62162e-06
2.44035e-05
-3.08145e-06
2.33377e-05
-2.48058e-06
2.15624e-05
-1.82929e-06
1.91501e-05
-1.14912e-06
1.62009e-05
-4.6066e-07
1.2804e-05
2.48371e-07
8.95196e-06
1.07296e-06
5.00005e-06
1.61732e-06
1.02249e-06
2.18547e-06
-3.00246e-06
2.673e-06
-6.94035e-06
3.13295e-06
-1.06825e-05
3.53572e-06
-1.4182e-05
3.86136e-06
-1.73591e-05
4.09938e-06
-2.01576e-05
4.23981e-06
-2.25385e-05
4.27782e-06
-2.44786e-05
4.21753e-06
-2.59555e-05
4.06318e-06
-2.69707e-05
3.82549e-06
-2.75311e-05
3.51415e-06
-2.76503e-05
3.14149e-06
-2.7344e-05
2.7184e-06
-2.6653e-05
2.25588e-06
-2.55854e-05
1.77033e-06
-2.41854e-05
1.28643e-06
-2.25003e-05
8.19853e-07
-2.0557e-05
3.79385e-07
-1.83954e-05
-2.62354e-08
-1.60582e-05
-3.99897e-07
-1.3608e-05
-7.3234e-07
-1.0992e-05
-1.00006e-06
-8.2549e-06
-1.20735e-06
-5.42879e-06
-1.35896e-06
-2.54453e-06
-1.4515e-06
-1.3005e-06
6.02066e-07
-5.14055e-06
1.23139e-06
-5.90474e-06
1.73823e-06
-5.81004e-06
2.02343e-06
-5.51326e-06
1.98795e-06
-5.03072e-06
1.54285e-06
-4.38001e-06
6.16706e-07
-3.57957e-06
-8.10186e-07
-2.67001e-06
-2.73605e-06
-1.69647e-06
-5.13392e-06
-6.84787e-07
-7.97837e-06
3.62809e-07
-1.12331e-05
1.4244e-06
-1.48238e-05
2.44009e-06
-1.8614e-05
3.32758e-06
-2.25208e-05
4.15301e-06
-2.64294e-05
4.97971e-06
-3.03962e-05
5.58274e-06
-3.42242e-05
6.0118e-06
-3.79078e-05
6.35428e-06
-4.13392e-05
6.56201e-06
-4.44389e-05
6.6339e-06
-4.71436e-05
6.56547e-06
-4.94005e-05
6.35578e-06
-5.11694e-05
6.00794e-06
-5.24219e-05
5.52985e-06
-5.3138e-05
4.93416e-06
-5.33096e-05
4.23577e-06
-5.29367e-05
3.45342e-06
-5.20289e-05
2.60698e-06
-5.06011e-05
1.71471e-06
-4.86831e-05
8.01479e-07
-4.63105e-05
-1.15764e-07
-4.34881e-05
-1.0513e-06
-4.02911e-05
-1.90985e-06
-3.67934e-05
-2.67714e-06
-3.30459e-05
-3.36734e-06
-2.9138e-05
-3.93359e-06
-2.50944e-05
-4.44312e-06
-2.09535e-05
-4.87318e-06
-1.67359e-05
-5.21781e-06
-1.24651e-05
-5.47844e-06
-8.16472e-06
-5.65982e-06
-3.85543e-06
-5.76151e-06
-5.15642e-06
-2.05096e-06
-3.08913e-06
-4.39912e-06
-3.55476e-06
-6.80122e-06
-3.40744e-06
-9.36886e-06
-2.9443e-06
-1.21627e-05
-2.23496e-06
-1.52325e-05
-1.30995e-06
-1.85984e-05
-2.13982e-07
-2.22798e-05
1.01114e-06
-2.61936e-05
2.21617e-06
-3.02346e-05
3.35436e-06
-3.43873e-05
4.51358e-06
-3.85937e-05
5.62887e-06
-4.28001e-05
6.64425e-06
-4.69956e-05
7.52061e-06
-5.11036e-05
8.25843e-06
-5.49797e-05
8.85345e-06
-5.8698e-05
9.29897e-06
-6.21641e-05
9.4759e-06
-6.53351e-05
9.52286e-06
-6.81586e-05
9.38316e-06
-7.05839e-05
9.05764e-06
-7.25679e-05
8.54886e-06
-7.4075e-05
7.86257e-06
-7.50762e-05
7.00838e-06
-7.55468e-05
5.99997e-06
-7.54669e-05
4.85447e-06
-7.48224e-05
3.5921e-06
-7.36044e-05
2.23621e-06
-7.18118e-05
8.15201e-07
-6.94345e-05
-6.61629e-07
-6.64932e-05
-2.13863e-06
-6.30288e-05
-3.57891e-06
-5.9098e-05
-4.98097e-06
-5.47181e-05
-6.2885e-06
-4.9926e-05
-7.46823e-06
-4.47937e-05
-8.49866e-06
-3.93665e-05
-9.35994e-06
-3.37522e-05
-1.00568e-05
-2.80335e-05
-1.05915e-05
-2.22752e-05
-1.09761e-05
-1.65226e-05
-1.12312e-05
-1.07995e-05
-1.13836e-05
-5.10403e-06
-1.1458e-05
-1.0261e-05
-4.21909e-06
1.13141e-06
-8.94164e-06
1.16992e-06
-1.36994e-05
1.35124e-06
-1.85913e-05
1.94889e-06
-2.35931e-05
2.76763e-06
-2.86816e-05
3.77798e-06
-3.37796e-05
4.88372e-06
-3.879e-05
6.02138e-06
-4.36875e-05
7.11229e-06
-4.84632e-05
8.12809e-06
-5.30321e-05
9.08022e-06
-5.73547e-05
9.9491e-06
-6.14198e-05
1.07069e-05
-6.52317e-05
1.133e-05
-6.87764e-05
1.18007e-05
-7.20304e-05
1.21051e-05
-7.49617e-05
1.22281e-05
-7.76319e-05
1.21442e-05
-7.99858e-05
1.18746e-05
-8.20062e-05
1.14018e-05
-8.3673e-05
1.07233e-05
-8.49658e-05
9.8413e-06
-8.5865e-05
8.76165e-06
-8.6351e-05
7.49397e-06
-8.64031e-05
6.05175e-06
-8.60005e-05
4.45198e-06
-8.51227e-05
2.71518e-06
-8.375e-05
8.64523e-07
-8.18608e-05
-1.07275e-06
-7.94386e-05
-3.08248e-06
-7.64674e-05
-5.10825e-06
-7.29258e-05
-7.11863e-06
-6.88245e-05
-9.08062e-06
-6.4159e-05
-1.09522e-05
-5.89386e-05
-1.26875e-05
-5.3196e-05
-1.42401e-05
-4.69881e-05
-1.55674e-05
-4.04117e-05
-1.6633e-05
-3.35866e-05
-1.74166e-05
-2.6642e-05
-1.79211e-05
-1.96984e-05
-1.81754e-05
-1.28368e-05
-1.8246e-05
-6.07513e-06
-1.82205e-05
-1.63364e-05
-5.97118e-06
7.10419e-06
-1.25588e-05
7.75922e-06
-1.91603e-05
7.95366e-06
-2.57248e-05
8.51447e-06
-3.21968e-05
9.23968e-06
-3.84069e-05
9.98753e-06
-4.4219e-05
1.06959e-05
-4.95398e-05
1.13422e-05
-5.43538e-05
1.19251e-05
-5.86824e-05
1.24548e-05
-6.2544e-05
1.29394e-05
-6.59689e-05
1.33718e-05
-6.89982e-05
1.3734e-05
-7.16734e-05
1.40033e-05
-7.40307e-05
1.4156e-05
-7.60968e-05
1.41694e-05
-7.78921e-05
1.40216e-05
-7.94451e-05
1.3696e-05
-8.07712e-05
1.31992e-05
-8.18666e-05
1.24961e-05
-8.27325e-05
1.15886e-05
-8.33658e-05
1.04745e-05
-8.37599e-05
9.15619e-06
-8.39059e-05
7.63984e-06
-8.3789e-05
5.93519e-06
-8.33926e-05
4.05576e-06
-8.26944e-05
2.01815e-06
-8.16791e-05
-1.49628e-07
-8.02932e-05
-2.45748e-06
-7.85162e-05
-4.85809e-06
-7.63001e-05
-7.32329e-06
-7.35915e-05
-9.82559e-06
-7.03406e-05
-1.23305e-05
-6.64923e-05
-1.47991e-05
-6.19968e-05
-1.71824e-05
-5.68154e-05
-1.94209e-05
-5.0938e-05
-2.14448e-05
-4.43964e-05
-2.31748e-05
-3.72824e-05
-2.45309e-05
-2.97515e-05
-2.54526e-05
-2.20224e-05
-2.5905e-05
-1.43057e-05
-2.59635e-05
-6.76649e-06
-2.576e-05
-2.31031e-05
-7.43446e-06
1.45399e-05
-1.55728e-05
1.58987e-05
-2.35913e-05
1.59733e-05
-3.11584e-05
1.60826e-05
-3.80989e-05
1.61801e-05
-4.42272e-05
1.61156e-05
-4.94794e-05
1.59484e-05
-5.3868e-05
1.57309e-05
-5.74698e-05
1.55256e-05
-6.03874e-05
1.53709e-05
-6.27299e-05
1.52799e-05
-6.45951e-05
1.52355e-05
-6.60695e-05
1.5207e-05
-6.7225e-05
1.51579e-05
-6.81236e-05
1.50533e-05
-6.88137e-05
1.48589e-05
-6.93373e-05
1.4544e-05
-6.97261e-05
1.40845e-05
-7.00051e-05
1.34774e-05
-7.01898e-05
1.26805e-05
-7.02933e-05
1.1692e-05
-7.03241e-05
1.05055e-05
-7.02857e-05
9.11875e-06
-7.01798e-05
7.53423e-06
-7.00003e-05
5.75678e-06
-6.97391e-05
3.79548e-06
-6.93792e-05
1.66007e-06
-6.89104e-05
-6.16721e-07
-6.82823e-05
-3.08395e-06
-6.74693e-05
-5.6694e-06
-6.64175e-05
-8.37426e-06
-6.50587e-05
-1.1183e-05
-6.33145e-05
-1.40744e-05
-6.10878e-05
-1.70248e-05
-5.82707e-05
-1.99995e-05
-5.47409e-05
-2.29504e-05
-5.03792e-05
-2.58066e-05
-4.5086e-05
-2.84682e-05
-3.88208e-05
-3.07963e-05
-3.16343e-05
-3.26397e-05
-2.37549e-05
-3.37845e-05
-1.54845e-05
-3.42344e-05
-7.33139e-06
-3.39132e-05
-3.04348e-05
-8.89343e-06
2.34343e-05
-1.82524e-05
2.52585e-05
-2.70489e-05
2.47715e-05
-3.45354e-05
2.35701e-05
-4.06856e-05
2.23303e-05
-4.54644e-05
2.08946e-05
-4.90285e-05
1.95126e-05
-5.1558e-05
1.82604e-05
-5.32515e-05
1.72179e-05
-5.42859e-05
1.64044e-05
-5.48197e-05
1.58124e-05
-5.49769e-05
1.53922e-05
-5.48569e-05
1.50865e-05
-5.45344e-05
1.48357e-05
-5.40718e-05
1.45904e-05
-5.35164e-05
1.4304e-05
-5.29107e-05
1.39377e-05
-5.22886e-05
1.34627e-05
-5.16687e-05
1.2857e-05
-5.10768e-05
1.20885e-05
-5.05312e-05
1.11464e-05
-5.00478e-05
1.00219e-05
-4.96371e-05
8.70903e-06
-4.93111e-05
7.20806e-06
-4.90727e-05
5.51954e-06
-4.89258e-05
3.64915e-06
-4.88661e-05
1.60196e-06
-4.88781e-05
-6.03058e-07
-4.89562e-05
-3.00469e-06
-4.90661e-05
-5.55762e-06
-4.91707e-05
-8.26942e-06
-4.92096e-05
-1.11425e-05
-4.91098e-05
-1.41744e-05
-4.87668e-05
-1.73669e-05
-4.80516e-05
-2.0715e-05
-4.67944e-05
-2.42074e-05
-4.47909e-05
-2.78101e-05
-4.18021e-05
-3.14573e-05
-3.75933e-05
-3.50049e-05
-3.19577e-05
-3.82759e-05
-2.49387e-05
-4.08033e-05
-1.66514e-05
-4.25225e-05
-8.06061e-06
-4.2504e-05
-3.8496e-05
-1.06331e-05
3.40683e-05
-2.05627e-05
3.51887e-05
-2.90613e-05
3.32721e-05
-3.50912e-05
2.96007e-05
-3.92003e-05
2.64394e-05
-4.16606e-05
2.33552e-05
-4.28996e-05
2.07515e-05
-4.32281e-05
1.85891e-05
-4.29112e-05
1.69e-05
-4.21386e-05
1.56318e-05
-4.10629e-05
1.47363e-05
-3.97881e-05
1.41179e-05
-3.83916e-05
1.36902e-05
-3.69268e-05
1.33723e-05
-3.54393e-05
1.31029e-05
-3.39614e-05
1.28272e-05
-3.25269e-05
1.25027e-05
-3.11595e-05
1.20959e-05
-2.98791e-05
1.15761e-05
-2.87089e-05
1.09181e-05
-2.76693e-05
1.01068e-05
-2.67812e-05
9.13309e-06
-2.60599e-05
7.98862e-06
-2.55257e-05
6.67326e-06
-2.51897e-05
5.18482e-06
-2.50673e-05
3.52695e-06
-2.5166e-05
1.70179e-06
-2.5482e-05
-2.85732e-07
-2.60332e-05
-2.45307e-06
-2.68003e-05
-4.78881e-06
-2.77702e-05
-7.29991e-06
-2.89065e-05
-1.00045e-05
-3.01652e-05
-1.29164e-05
-3.14679e-05
-1.60631e-05
-3.27102e-05
-1.94731e-05
-3.37335e-05
-2.31839e-05
-3.43191e-05
-2.72245e-05
-3.416e-05
-3.16169e-05
-3.28774e-05
-3.62872e-05
-2.99617e-05
-4.11925e-05
-2.51079e-05
-4.5657e-05
-1.77924e-05
-4.9839e-05
-9.27394e-06
-5.10226e-05
-4.77706e-05
-1.27426e-05
4.68119e-05
-2.20072e-05
4.44538e-05
-2.87228e-05
3.99895e-05
-3.19936e-05
3.2872e-05
-3.32378e-05
2.76834e-05
-3.30246e-05
2.31426e-05
-3.19434e-05
1.96699e-05
-3.03176e-05
1.69637e-05
-2.83781e-05
1.49601e-05
-2.62739e-05
1.35285e-05
-2.40895e-05
1.25521e-05
-2.18821e-05
1.19116e-05
-1.96898e-05
1.14981e-05
-1.75338e-05
1.12179e-05
-1.54368e-05
1.10058e-05
-1.34131e-05
1.08049e-05
-1.1485e-05
1.05738e-05
-9.66626e-06
1.02777e-05
-7.9766e-06
9.88589e-06
-6.43598e-06
9.3771e-06
-5.06504e-06
8.73601e-06
-3.88806e-06
7.95498e-06
-2.92342e-06
7.02493e-06
-2.19766e-06
5.94658e-06
-1.72817e-06
4.71656e-06
-1.53873e-06
3.33764e-06
-1.6466e-06
1.81037e-06
-2.06441e-06
1.33329e-07
-2.8184e-06
-1.69943e-06
-3.91128e-06
-3.69413e-06
-5.3529e-06
-5.85937e-06
-7.13585e-06
-8.21988e-06
-9.25277e-06
-1.08005e-05
-1.16686e-05
-1.36463e-05
-1.43317e-05
-1.68105e-05
-1.71429e-05
-2.03727e-05
-1.99424e-05
-2.44249e-05
-2.24625e-05
-2.90977e-05
-2.43144e-05
-3.4435e-05
-2.48143e-05
-4.0694e-05
-2.33321e-05
-4.71391e-05
-1.83928e-05
-5.47795e-05
-1.10676e-05
-5.83479e-05
-5.88389e-05
-1.48487e-05
6.16613e-05
-2.16608e-05
5.12662e-05
-2.50486e-05
4.33788e-05
-2.48204e-05
3.26442e-05
-2.30906e-05
2.59535e-05
-2.05346e-05
2.05873e-05
-1.76809e-05
1.68159e-05
-1.47422e-05
1.40259e-05
-1.18436e-05
1.20615e-05
-9.02752e-06
1.07136e-05
-6.31571e-06
9.84047e-06
-3.70527e-06
9.3023e-06
-1.19341e-06
8.98609e-06
1.22766e-06
8.79833e-06
3.5551e-06
8.6779e-06
5.78873e-06
8.57246e-06
7.91508e-06
8.44628e-06
9.92678e-06
8.26634e-06
1.18052e-05
8.0069e-06
1.35317e-05
7.65017e-06
1.50856e-05
7.18251e-06
1.64404e-05
6.59887e-06
1.75756e-05
5.89075e-06
1.84611e-05
5.06006e-06
1.90752e-05
4.10348e-06
1.93895e-05
3.0235e-06
1.93797e-05
1.82044e-06
1.90231e-05
4.91193e-07
1.82883e-05
-9.65589e-07
1.71577e-05
-2.56173e-06
1.56021e-05
-4.30531e-06
1.36075e-05
-6.22358e-06
1.11492e-05
-8.34356e-06
8.22029e-06
-1.07166e-05
4.81553e-06
-1.34063e-05
9.58463e-07
-1.65159e-05
-3.2935e-06
-2.01729e-05
-7.79109e-06
-2.46012e-05
-1.22755e-05
-2.99503e-05
-1.61281e-05
-3.68428e-05
-1.8614e-05
-4.4653e-05
-1.74823e-05
-5.59127e-05
-1.30194e-05
-6.28108e-05
-7.1859e-05
-1.59549e-05
7.76166e-05
-1.84562e-05
5.37677e-05
-1.7458e-05
4.23816e-05
-1.38743e-05
2.90609e-05
-9.78668e-06
2.1866e-05
-5.7043e-06
1.65059e-05
-1.90337e-06
1.30147e-05
1.58425e-06
1.05393e-05
4.77167e-06
8.87424e-06
7.70931e-06
7.7773e-06
1.0444e-05
7.10575e-06
1.30231e-05
6.7239e-06
1.54786e-05
6.52983e-06
1.78369e-05
6.44115e-06
2.01066e-05
6.40722e-06
2.22955e-05
6.38466e-06
2.43955e-05
6.34507e-06
2.64006e-05
6.26143e-06
2.82936e-05
6.11353e-06
3.00553e-05
5.88795e-06
3.16651e-05
5.57348e-06
3.3095e-05
5.16767e-06
3.43236e-05
4.66338e-06
3.53192e-05
4.0634e-06
3.60585e-05
3.36515e-06
3.65112e-05
2.57094e-06
3.66499e-05
1.68165e-06
3.64483e-05
6.94076e-07
3.58723e-05
-3.90771e-07
3.48971e-05
-1.58483e-06
3.34843e-05
-2.89427e-06
3.1606e-05
-4.34378e-06
2.92183e-05
-5.95724e-06
2.62846e-05
-7.78219e-06
2.27571e-05
-9.87929e-06
1.85928e-05
-1.2352e-05
1.37552e-05
-1.53351e-05
8.24384e-06
-1.90909e-05
2.12277e-06
-2.38288e-05
-4.28368e-06
-3.04377e-05
-1.0413e-05
-3.85234e-05
-1.3963e-05
-5.23638e-05
-1.40467e-05
-6.2727e-05
-8.59061e-05
-1.45869e-05
9.22036e-05
-1.164e-05
5.0821e-05
-6.17395e-06
3.69163e-05
-1.78548e-07
2.30662e-05
5.20492e-06
1.64828e-05
9.82332e-06
1.18885e-05
1.37523e-05
9.08547e-06
1.71255e-05
7.16705e-06
2.00703e-05
5.92953e-06
2.27026e-05
5.14604e-06
2.51125e-05
4.6956e-06
2.73715e-05
4.46524e-06
2.95255e-05
4.37463e-06
3.16077e-05
4.35963e-06
3.3631e-05
4.38281e-06
3.56045e-05
4.412e-06
3.75223e-05
4.42629e-06
3.93774e-05
4.40648e-06
4.1153e-05
4.3377e-06
4.28295e-05
4.21096e-06
4.43861e-05
4.01776e-06
4.57952e-05
3.75758e-06
4.70348e-05
3.42497e-06
4.80745e-05
3.02292e-06
4.88906e-05
2.5498e-06
4.94543e-05
2.00749e-06
4.97381e-05
1.39753e-06
4.97163e-05
7.17097e-07
4.93558e-05
-3.15262e-08
4.86307e-05
-8.58151e-07
4.75012e-05
-1.76648e-06
4.59347e-05
-2.7759e-06
4.38806e-05
-3.90438e-06
4.12885e-05
-5.18959e-06
3.80892e-05
-6.68026e-06
3.42e-05
-8.46329e-06
2.95199e-05
-1.06547e-05
2.39277e-05
-1.34998e-05
1.73063e-05
-1.72069e-05
9.60617e-06
-2.27387e-05
1.10649e-06
-3.00233e-05
-7.07331e-06
-4.4185e-05
-1.26366e-05
-5.71635e-05
-9.85432e-05
-9.26651e-06
0.00010147
-9.92819e-07
4.25474e-05
7.83366e-06
2.80903e-05
1.48192e-05
1.60814e-05
2.03437e-05
1.09586e-05
2.46427e-05
7.59058e-06
2.80857e-05
5.64219e-06
3.09041e-05
4.34937e-06
3.3288e-05
3.54547e-06
3.53795e-05
3.05535e-06
3.72832e-05
2.79148e-06
3.90751e-05
2.67353e-06
4.08016e-05
2.64683e-06
4.24939e-05
2.66773e-06
4.41637e-05
2.7119e-06
4.58182e-05
2.75821e-06
4.74512e-05
2.79258e-06
4.90544e-05
2.80337e-06
5.06117e-05
2.78049e-06
5.21033e-05
2.71879e-06
5.35097e-05
2.61233e-06
5.48048e-05
2.46169e-06
5.59679e-05
2.26302e-06
5.69713e-05
2.01892e-06
5.77932e-05
1.7285e-06
5.8408e-05
1.39304e-06
5.87909e-05
1.01424e-06
5.89193e-05
5.89878e-07
5.87639e-05
1.22587e-07
5.8302e-05
-3.94745e-07
5.74978e-05
-9.63685e-07
5.63205e-05
-1.59754e-06
5.47232e-05
-2.30795e-06
5.26546e-05
-3.12059e-06
5.00433e-05
-4.06908e-06
4.67948e-05
-5.21511e-06
4.27835e-05
-6.64283e-06
3.78231e-05
-8.54012e-06
3.16922e-05
-1.10753e-05
2.40132e-05
-1.50606e-05
1.46081e-05
-2.06177e-05
3.23027e-06
-3.28079e-05
-7.34135e-06
-4.65917e-05
-0.000105885
8.28259e-07
0.000100642
1.28299e-05
3.0546e-05
2.30407e-05
1.78799e-05
2.96009e-05
9.52177e-06
3.43562e-05
6.20361e-06
3.7789e-05
4.15849e-06
4.04151e-05
3.01592e-06
4.24844e-05
2.28051e-06
4.41942e-05
1.8356e-06
4.56775e-05
1.5725e-06
4.70304e-05
1.43807e-06
4.83188e-05
1.38532e-06
4.95811e-05
1.38343e-06
5.08417e-05
1.40744e-06
5.21087e-05
1.44394e-06
5.33865e-05
1.48094e-06
5.46682e-05
1.51036e-06
5.59454e-05
1.52626e-06
5.72033e-05
1.52272e-06
5.84243e-05
1.49741e-06
5.9591e-05
1.44655e-06
6.0681e-05
1.37108e-06
6.16764e-05
1.26852e-06
6.25543e-05
1.14069e-06
6.32961e-05
9.87135e-07
6.38811e-05
8.08438e-07
6.42889e-05
6.06052e-07
6.45015e-05
3.7826e-07
6.44957e-05
1.2737e-07
6.42534e-05
-1.51208e-07
6.37464e-05
-4.57735e-07
6.29498e-05
-8.00021e-07
6.18256e-05
-1.18442e-06
6.0331e-05
-1.62558e-06
5.84051e-05
-2.14311e-06
5.59627e-05
-2.77293e-06
5.28867e-05
-3.56635e-06
4.89837e-05
-4.63767e-06
4.40116e-05
-6.10259e-06
3.74323e-05
-8.48186e-06
2.8831e-05
-1.2016e-05
1.64911e-05
-2.04684e-05
2.68105e-06
-3.27815e-05
-0.000103204
1.51446e-05
8.54983e-05
2.84854e-05
1.72055e-05
3.77964e-05
8.56925e-06
4.29282e-05
4.39031e-06
4.64003e-05
2.73156e-06
4.87625e-05
1.79681e-06
5.05022e-05
1.27606e-06
5.18304e-05
9.52679e-07
5.29073e-05
7.58583e-07
5.38348e-05
6.45236e-07
5.46851e-05
5.87346e-07
5.55059e-05
5.64627e-07
5.63244e-05
5.64136e-07
5.71571e-05
5.75003e-07
5.80088e-05
5.91552e-07
5.88817e-05
6.08434e-07
5.97696e-05
6.22115e-07
6.06656e-05
6.30328e-07
6.15582e-05
6.30307e-07
6.24339e-05
6.21447e-07
6.32795e-05
6.01701e-07
6.40782e-05
5.71862e-07
6.48169e-05
5.30579e-07
6.54786e-05
4.78743e-07
6.60499e-05
4.16221e-07
6.65157e-05
3.42977e-07
6.68614e-05
2.60001e-07
6.70745e-05
1.66061e-07
6.71384e-05
6.26822e-08
6.70407e-05
-5.26091e-08
6.67619e-05
-1.79635e-07
6.62845e-05
-3.21943e-07
6.5582e-05
-4.82329e-07
6.46238e-05
-6.6707e-07
6.33661e-05
-8.85273e-07
6.17454e-05
-1.15235e-06
5.96726e-05
-1.49315e-06
5.69913e-05
-1.95669e-06
5.34996e-05
-2.61038e-06
4.86914e-05
-3.67407e-06
4.20829e-05
-5.40711e-06
3.12244e-05
-9.61025e-06
1.65822e-05
-1.81392e-05
-8.66219e-05
3.28874e-05
5.26113e-05
4.43629e-05
5.73037e-06
5.06897e-05
2.2426e-06
5.3919e-05
1.16121e-06
5.59659e-05
6.84495e-07
5.73122e-05
4.50826e-07
5.82734e-05
3.14852e-07
5.8992e-05
2.34405e-07
5.95655e-05
1.84971e-07
6.00552e-05
1.55677e-07
6.05027e-05
1.39472e-07
6.09356e-05
1.31797e-07
6.13695e-05
1.29723e-07
6.18142e-05
1.30608e-07
6.22721e-05
1.3306e-07
6.2745e-05
1.35863e-07
6.32289e-05
1.38e-07
6.372e-05
1.39251e-07
6.42119e-05
1.3861e-07
6.46968e-05
1.36303e-07
6.51676e-05
1.31518e-07
6.56145e-05
1.24655e-07
6.60303e-05
1.153e-07
6.64053e-05
1.03555e-07
6.67321e-05
8.96111e-08
6.70023e-05
7.30834e-08
6.72075e-05
5.45706e-08
6.73408e-05
3.33673e-08
6.73928e-05
1.01354e-08
6.73569e-05
-1.5942e-08
6.72215e-05
-4.48288e-08
6.69774e-05
-7.72729e-08
6.66091e-05
-1.14238e-07
6.60992e-05
-1.56943e-07
6.54221e-05
-2.0813e-07
6.45408e-05
-2.71084e-07
6.34011e-05
-3.53115e-07
6.19085e-05
-4.64317e-07
5.99282e-05
-6.29668e-07
5.7141e-05
-8.87179e-07
5.311e-05
-1.37583e-06
4.59509e-05
-2.45141e-06
3.37595e-05
-5.9477e-06
-5.28625e-05
5.26117e-05
5.8342e-05
6.05844e-05
6.17457e-05
6.24302e-05
6.28813e-05
6.31961e-05
6.34306e-05
6.36154e-05
6.37711e-05
6.39104e-05
6.40423e-05
6.41718e-05
6.43025e-05
6.44354e-05
6.45713e-05
6.47093e-05
6.48486e-05
6.49873e-05
6.51235e-05
6.52553e-05
6.53798e-05
6.54953e-05
6.55989e-05
6.56885e-05
6.57618e-05
6.58162e-05
6.58498e-05
6.58597e-05
6.58441e-05
6.57991e-05
6.5722e-05
6.56077e-05
6.54508e-05
6.52428e-05
6.49716e-05
6.46187e-05
6.41542e-05
6.35247e-05
6.26374e-05
6.12617e-05
5.88102e-05
5.28625e-05
)
;

boundaryField
{
    movingWall
    {
        type            calculated;
        value           uniform 0;
    }
    fixedWalls
    {
        type            calculated;
        value           uniform 0;
    }
    frontAndBack
    {
        type            empty;
        value           nonuniform 0();
    }
    defaultFaces
    {
        type            empty;
        value           nonuniform 0();
    }
}


// ************************************************************************* //
