/*--------------------------------*- C++ -*----------------------------------*\
  =========                 |
  \\      /  F ield         | OpenFOAM: The Open Source CFD Toolbox
   \\    /   O peration     | Website:  https://openfoam.org
    \\  /    A nd           | Version:  7
     \\/     M anipulation  |
\*---------------------------------------------------------------------------*/
FoamFile
{
    version     2.0;
    format      ascii;
    class       surfaceScalarField;
    location    "1.45";
    object      phi;
}
// * * * * * * * * * * * * * * * * * * * * * * * * * * * * * * * * * * * * * //

dimensions      [0 3 -1 0 0 0 0];

internalField   nonuniform List<scalar> 
3784
(
-0.00193758
0.00193758
-0.000837921
-0.00109966
0.000557663
-0.00139558
0.000643304
-8.564e-05
0.000159797
0.000483507
-0.000751051
0.000910849
-0.00173003
0.000978976
-0.00181042
8.03916e-05
-0.000676557
-0.00113386
0.00101217
-0.00168873
0.00206916
-0.00105698
0.00186538
0.000203778
0.000724751
0.00114063
-0.000524375
0.00124913
-0.00106789
0.000543516
-0.000578962
-0.000488931
0.000530802
-0.00110976
0.00109432
-0.000563516
0.000503394
0.000590924
-0.000818833
0.00132223
-0.0019513
0.00113247
-0.00196207
1.07682e-05
-0.000600607
-0.00136146
0.00115555
-0.00175616
0.00212201
-0.000966457
0.00192967
0.000192332
0.000796662
0.00113301
-0.000505077
0.00130174
-0.00113927
0.000634196
-0.000786592
-0.000352682
0.000347542
-0.00113413
0.0010984
-0.000750852
0.000587428
0.000510967
-0.000792953
0.00138038
-0.0019442
0.00115124
-0.00181874
-0.000125459
-0.000313199
-0.00150554
0.001381
-0.0016942
0.00211689
-0.00073588
0.00156676
0.000550126
0.000223192
0.00134357
-0.000976621
0.00119981
-0.00103319
5.65695e-05
-0.00103319
-0.00288788
0.00482546
-0.00170433
-0.0022832
0.000869374
-0.00396929
0.000911762
-0.000128031
7.43072e-05
0.00132096
-0.000748587
0.00173375
-0.00157984
0.00181023
-0.00205004
0.000550593
-0.000983323
-0.00220058
0.0013409
-0.00401296
0.0022481
-0.00196418
0.00166844
0.000783433
0.000763725
0.00204535
-0.000404589
0.00241744
-0.00135186
0.00149079
-0.000868717
-0.000972072
0.000797154
-0.00277564
0.00133995
-0.00110631
0.00036578
0.00156509
-0.000810886
0.00249889
-0.00175246
0.00207404
-0.00219597
0.000454279
-0.000850852
-0.00270658
0.00156833
-0.00417534
0.00235445
-0.00175258
0.00172539
0.000821392
0.000802077
0.00205632
-0.000376759
0.00248058
-0.00142582
0.00168325
-0.00116625
-0.000612244
0.00054567
-0.00284606
0.00136259
-0.00156777
0.000442827
0.00143073
-0.000767989
0.0025912
-0.00175424
0.0021375
-0.0021205
0.000240797
-0.000462913
-0.00316312
0.00187927
-0.00403639
0.00223446
-0.00109106
0.00136305
0.00142153
0.00036556
0.00234106
-0.000943398
0.00250877
-0.00148635
0.000599518
-0.00251954
-0.00277416
0.00759961
-0.00239664
-0.00266072
0.000313699
-0.00667963
0.00121535
-0.00102968
0.000737165
0.00179915
-0.000112179
0.00258309
-0.00124858
0.00294663
-0.00209597
0.00139799
-0.00102136
-0.0032752
0.00151182
-0.00654614
0.00239241
-0.00284477
0.00142399
0.00175185
0.000157959
0.00331138
-0.00105422
0.00362962
-0.00181334
0.00224991
-0.000985635
-0.00179978
0.00104278
-0.00480406
0.00183748
-0.00190101
0.000992046
0.00241053
-0.000252361
0.0037433
-0.00154335
0.00336503
-0.00236079
0.00127172
-0.00104865
-0.00401872
0.00163916
-0.00686314
0.0025248
-0.00263822
0.00153656
0.00180962
0.000200199
0.00339269
-0.00106103
0.0037418
-0.00192694
0.00254917
-0.00127722
-0.00126196
0.000825655
-0.00494893
0.00186556
-0.00260768
0.00105444
0.00224185
-0.000246596
0.00389223
-0.00159897
0.00348987
-0.00229964
0.000941463
-0.000610919
-0.00485184
0.00201531
-0.00666262
0.00241161
-0.00148736
0.00115622
0.00267692
-0.000236362
0.00373364
-0.00159252
0.00386493
-0.00188197
0.000888968
-0.00440151
-0.00204122
0.00964083
-0.00259619
-0.00210574
-0.000668496
-0.00860733
0.000653688
-0.00235187
0.000748721
0.00170411
0.00032817
0.00300364
-0.0004793
0.0037541
-0.00127732
0.00219601
-0.000650451
-0.00390207
0.00106099
-0.00825757
0.00151319
-0.00329697
0.000572266
0.00269277
-0.000451056
0.00433471
-0.00116708
0.00434564
-0.00146272
0.00254555
-0.000700087
-0.00256241
0.000833287
-0.00633743
0.00150083
-0.00256856
0.00111865
0.00279271
0.000379108
0.00448284
-0.000636578
0.00438072
-0.00147171
0.00210685
-0.00076157
-0.00472886
0.00110094
-0.00872565
0.00166586
-0.00320314
0.000717175
0.00275831
-0.000415598
0.00452546
-0.00120908
0.00453528
-0.00158669
0.00292677
-0.000898734
-0.00194992
0.000702441
-0.00655011
0.00149211
-0.00339735
0.00111795
0.002616
0.000354829
0.00465536
-0.00068689
0.00453159
-0.0014254
0.00167997
-0.000439016
-0.00583823
0.00137375
-0.00847538
0.00157096
-0.00168457
0.000460747
0.00378713
-0.000646963
0.00484135
-0.00144009
0.00465806
-0.00142088
0.000869763
-0.00582239
-0.00133134
0.0109722
-0.00267432
-0.00076276
-0.00180227
-0.00947938
-0.000256092
-0.00389804
0.000323091
0.00112493
0.000322392
0.00300434
-3.82647e-05
0.00411476
-0.000533364
0.00269111
-0.000285383
-0.00415005
0.000552311
-0.00909527
0.000630619
-0.00337528
-0.000114476
0.00343787
-0.000806876
0.00502711
-0.00113416
0.00467292
-0.00107198
0.00248337
-0.000390805
-0.00324358
0.000607384
-0.00733562
0.00114771
-0.00310888
0.00112035
0.00282007
0.000771936
0.00483125
0.000110468
0.00504218
-0.000583199
0.00280052
-0.000437631
-0.00487443
0.000499124
-0.0096624
0.000780528
-0.00348455
3.23558e-05
0.00350648
-0.000758652
0.00531647
-0.00117712
0.00495375
-0.00119234
0.002942
-0.00048714
-0.00265512
0.000561973
-0.00759922
0.00109946
-0.00393484
0.00104406
0.00267141
0.000720027
0.00497939
8.19747e-05
0.00516964
-0.000553686
0.00231563
-0.000253684
-0.00613823
0.000670162
-0.00939923
0.000704911
-0.00171932
-9.37164e-05
0.00458576
-0.000835963
0.00558359
-0.00117022
0.00499231
-0.000927064
0.000626607
-0.00674945
-0.000585305
0.0115575
-0.0023973
0.00104923
-0.0027619
-0.00911477
-0.00142499
-0.00523496
-0.000494987
0.000194928
-0.000169902
0.00267925
3.73066e-05
0.00390755
4.53818e-05
0.00268303
1.74435e-05
-0.00412211
7.30955e-06
-0.00908513
-0.000212509
-0.00315546
-0.000566322
0.00379168
-0.000810936
0.00527172
-0.00078566
0.00464764
-0.000538696
0.0022364
-5.02226e-05
-0.00373205
0.000367876
-0.00775372
0.000681111
-0.00342211
0.000822048
0.00267913
0.000809269
0.00484403
0.000609465
0.00524199
0.000233031
0.00317695
-0.00010708
-0.00453432
-0.000103411
-0.00966607
-8.85082e-05
-0.00349945
-0.000427627
0.0038456
-0.000752629
0.00564147
-0.000823398
0.00502451
-0.000624444
0.00274305
-4.59745e-05
-0.00323359
0.000390761
-0.00803596
0.000606271
-0.00415034
0.000707747
0.00256993
0.000734919
0.00495221
0.000596338
0.00530823
0.000237907
0.00267406
-6.89752e-05
-0.00583135
-4.33278e-05
-0.00942488
-0.000127017
-0.00163563
-0.000452286
0.00491103
-0.000695918
0.00582723
-0.000626985
0.00492338
-0.000390302
0.000389924
-0.00713976
0.000140394
0.0114171
-0.00171944
0.00290907
-0.0032237
-0.00761051
-0.00253964
-0.00591902
-0.0015124
-0.000832318
-0.000860166
0.00202702
-0.000133732
0.00318112
0.000375454
0.00217385
0.000202029
-0.00394868
-0.000548021
-0.00833508
-0.00092135
-0.00278214
-0.00081629
0.00368662
-0.000543717
0.00499915
-0.000240795
0.00434472
9.07935e-05
0.00190481
0.000305838
-0.00394709
9.96717e-05
-0.00754755
7.50673e-05
-0.00339751
0.000308348
0.00244585
0.000589503
0.00456288
0.000870778
0.00496071
0.000871807
0.00317592
0.00023291
-0.00389542
-0.000630634
-0.00880253
-0.000834466
-0.00329562
-0.000717184
0.00372832
-0.000489699
0.00541399
-0.000250699
0.00478552
5.96806e-05
0.00243267
0.000387515
-0.00356142
0.000172099
-0.00782054
-9.88128e-06
-0.00396836
0.000185832
0.00237421
0.000519545
0.0046185
0.000875073
0.0049527
0.000864681
0.00268446
0.000136037
-0.0051027
-0.000681134
-0.0086077
-0.000816681
-0.00150008
-0.000637147
0.00473149
-0.000342867
0.00553295
4.28395e-05
0.00453768
0.000193323
0.000239442
-0.00694643
0.000820752
0.0105963
-0.000685254
0.00441507
-0.00295952
-0.00533625
-0.00317558
-0.00570297
-0.00228971
-0.00171819
-0.00135873
0.00109604
-0.000297001
0.00211939
0.000539887
0.00133696
0.000213257
-0.00362205
-0.0010999
-0.00702192
-0.00153256
-0.00234948
-0.000972801
0.00312686
-0.000228318
0.00425467
0.000332212
0.00378419
0.000773272
0.00146375
0.000602497
-0.00377632
-0.000211269
-0.00673379
-0.000555688
-0.00305309
-0.000220888
0.00211105
0.000303356
0.00403863
0.00100129
0.00426278
0.00137331
0.0028039
0.00055971
-0.00308183
-0.000988584
-0.00725423
-0.00144017
-0.00284403
-0.00090309
0.00319124
-0.000178544
0.00468944
0.000344089
0.00426288
0.000810587
0.00196617
0.000735266
-0.0034861
-0.00012318
-0.0069621
-0.000632871
-0.00345867
-0.000320037
0.00206138
0.000259887
0.00403857
0.00102025
0.00419233
0.00135717
0.00234754
0.000347687
-0.00409321
-0.00113764
-0.00712238
-0.00134813
-0.00128959
-0.000711604
0.00409496
2.55202e-05
0.00479582
0.000599857
0.00396334
0.000733262
0.000106036
-0.00621317
0.00140724
0.00918908
0.000584246
0.00523806
-0.00191859
-0.00283341
-0.00296651
-0.00465505
-0.0024515
-0.00223319
-0.00145599
0.000100521
-0.000355679
0.00101909
0.000563922
0.000417358
8.64207e-05
-0.00314456
-0.00152599
-0.00540951
-0.00196792
-0.00190755
-0.00106443
0.00222337
-2.33501e-05
0.00321359
0.00081161
0.00294923
0.00130761
0.000967747
0.000765556
-0.00323426
-0.000537825
-0.00543041
-0.00113954
-0.00245137
-0.000703126
0.00167464
7.85368e-05
0.00325697
0.00101312
0.0033282
0.00168309
0.00213393
0.00081021
-0.00220895
-0.00113868
-0.00530534
-0.00180685
-0.00217587
-0.000971245
0.00235564
4.65408e-05
0.00367166
0.000879353
0.00343007
0.00142085
0.00142467
0.00093405
-0.0029993
-0.000434488
-0.00559356
-0.00117358
-0.00271958
-0.00073441
0.00162221
8.48144e-05
0.00321935
0.00105157
0.00322557
0.0016583
0.0017408
0.000524679
-0.00295959
-0.00135862
-0.00523908
-0.00166354
-0.000984667
-0.000743771
0.00317519
0.000271574
0.00378048
0.0010294
0.00320551
0.00118138
-4.59508e-05
-0.00503179
0.00180247
0.00738662
0.00182018
0.00522035
-0.000349304
-0.000663925
-0.00189781
-0.00310654
-0.0019315
-0.0021995
-0.00119427
-0.000636712
-0.000266515
9.13348e-05
0.000504096
-0.000353254
-7.57552e-05
-0.00256471
-0.0016895
-0.00379576
-0.00209034
-0.00150671
-0.00109813
0.00123115
3.9623e-05
0.00207584
0.00102758
0.00196128
0.00151106
0.000484265
0.000738731
-0.00246193
-0.000794877
-0.0038968
-0.00149044
-0.00175581
-0.00097701
0.00116121
-4.36592e-05
0.00232362
0.000958112
0.00232642
0.00169492
0.00139713
0.000876105
-0.00139013
-0.00108009
-0.00334915
-0.00182733
-0.00142863
-0.000973585
0.0015019
0.000153986
0.00254409
0.00116346
0.0024206
0.0017029
0.000885221
0.000955612
-0.002252
-0.000654575
-0.00398337
-0.00145631
-0.00191785
-0.000939605
0.00110551
1.93702e-05
0.00226037
0.00101332
0.00223162
0.00166472
0.0010894
0.00058646
-0.00188133
-0.001332
-0.00332062
-0.00168481
-0.000631861
-0.000667904
0.00215828
0.000410132
0.00270244
0.0013127
0.00230294
0.00142703
-0.000160275
-0.00360476
0.00183945
0.00554716
0.00255287
0.00450694
0.00115763
0.000731315
-0.000382431
-0.00156648
-0.000931962
-0.00164997
-0.000652643
-0.000916033
-2.92443e-05
-0.000532065
0.000454425
-0.000836921
-0.000158784
-0.0019515
-0.00151651
-0.00243804
-0.00185266
-0.00117055
-0.00101756
0.00039605
2.57036e-05
0.00103257
0.000961356
0.00102562
0.00135371
9.19076e-05
0.000549741
-0.00165796
-0.000906038
-0.00244102
-0.0015311
-0.00113075
-0.00102196
0.000652069
-0.000115613
0.00141727
0.00078695
0.00142386
0.00139695
0.000787126
0.000734703
-0.000727883
-0.000866566
-0.00174788
-0.00152499
-0.000770201
-0.000839774
0.00081668
0.000190489
0.00151383
0.00115826
0.00145283
0.00160397
0.000439504
0.000813105
-0.00146113
-0.000720337
-0.00244993
-0.00143177
-0.00120641
-0.000941152
0.00061489
-4.8011e-05
0.00136722
0.000849143
0.00133447
0.00136875
0.000569796
0.000499123
-0.00101171
-0.00108985
-0.00173164
-0.0014186
-0.00030311
-0.000541856
0.00128154
0.000467003
0.00169358
0.00136392
0.00140602
0.0013963
-0.000192653
-0.00220846
0.00159887
0.00394829
0.00263953
0.00346627
0.00203701
0.00133383
0.000918493
-0.00044796
0.000189602
-0.000921076
8.34795e-05
-0.000809909
0.000312521
-0.000761109
0.000452375
-0.000976776
-0.000115135
-0.00138399
-0.00107823
-0.00147494
-0.00134691
-0.000901873
-0.000794691
-0.000156171
-8.43156e-06
0.000246317
0.000718767
0.000298426
0.00096725
-0.000156578
0.000301336
-0.000992048
-0.000820016
-0.00131967
-0.00129175
-0.00065902
-0.000898426
0.000258745
-0.00018934
0.000708188
0.000505176
0.000729347
0.000908851
0.00038345
0.000459976
-0.000279007
-0.000590941
-0.000696958
-0.0010437
-0.000317439
-0.000589419
0.000362396
0.000192002
0.000732407
0.000938377
0.000706451
0.00122878
0.000149104
0.000568577
-0.000800929
-0.000619275
-0.00126208
-0.00116334
-0.000662343
-0.000802825
0.000254373
-0.000117516
0.000681914
0.000561521
0.000655428
0.000885771
0.000245546
0.000300495
-0.000426432
-0.000748171
-0.000682977
-0.000983199
-6.80803e-05
-0.000360114
0.000658456
0.000437681
0.000895788
0.00114448
0.000699226
0.00110229
-0.000150459
-0.00110617
0.00108536
0.00286294
0.00210179
0.00244984
0.00214997
0.00128565
0.00150642
0.000195594
0.000937398
-0.000352056
0.000687299
-0.000559812
0.000625974
-0.000699782
0.000482448
-0.000833248
2.32744e-05
-0.000924815
-0.000558483
-0.000893182
-0.000762418
-0.000697934
-0.00049312
-0.000425471
-1.68614e-05
-0.000229945
0.000436953
-0.000155387
0.000551777
-0.000271401
0.000102248
-0.000542521
-0.000593141
-0.000624283
-0.00090481
-0.000347352
-0.000680711
3.46442e-05
-0.000227149
0.000254626
0.000219058
0.000283143
0.000438055
0.000164454
0.000196888
-3.7838e-05
-0.000334168
-0.000165899
-0.000573259
-7.83492e-05
-0.000326812
0.000115945
0.000156954
0.000248638
0.000621576
0.000241829
0.000757947
1.27343e-05
0.000308409
-0.000351388
-0.000431145
-0.00052252
-0.000791644
-0.000301846
-0.000596031
5.87595e-05
-0.000162464
0.000248347
0.000256534
0.000236428
0.000415539
8.65416e-05
9.8234e-05
-0.000109128
-0.000430659
-0.000154083
-0.000551794
5.30551e-05
-0.000186493
0.000293157
0.000333188
0.000376108
0.00076395
0.000268462
0.000689727
-7.6236e-05
-0.000416444
0.000771722
0.00209121
0.00144073
0.00178083
0.00165753
0.00106885
0.0014211
0.000432027
0.00110423
-3.51855e-05
0.000872298
-0.000327886
0.000687489
-0.000514973
0.000457953
-0.000603705
0.000151631
-0.000618493
-0.000142651
-0.000598904
-0.000273554
-0.000567031
-0.000188074
-0.000510948
1.48518e-05
-0.000432871
0.000207468
-0.000348003
0.000238826
-0.000302758
-1.874e-06
-0.000301823
-0.000355447
-0.000270714
-0.000530126
-0.000172674
-0.000438803
-5.66777e-05
-0.000205344
2.11682e-05
2.38635e-05
5.39368e-05
0.000128508
5.98123e-05
4.42163e-05
4.64551e-05
-0.000143482
2.17989e-05
-0.000231946
1.01116e-05
-0.000126554
1.05509e-05
0.000106799
1.52845e-05
0.000327391
2.12385e-05
0.000362974
-2.28473e-05
0.000116917
-0.000105329
-0.000256948
-0.000148654
-0.000458117
-0.000100678
-0.000384233
-1.51235e-05
-0.000167564
3.16786e-05
3.58901e-05
3.29724e-05
9.89634e-05
2.34685e-05
-2.3209e-05
1.3044e-05
-0.000211495
3.42027e-05
-0.00024148
8.30408e-05
-6.19712e-05
0.000113649
0.000204714
0.000109425
0.00040175
7.14268e-05
0.00033659
-1.10786e-05
-7.98539e-05
0.000578134
0.00151308
0.000996107
0.00136287
0.00116179
0.000903168
0.00111278
0.00048103
0.000942964
0.000134642
0.000759723
-0.000144642
0.000570857
-0.00032611
0.000383583
-0.000416431
0.000213559
-0.000448467
8.31735e-05
-0.000468522
1.00161e-05
-0.000493876
1.19906e-06
-0.000502127
3.58033e-05
-0.000467472
7.23776e-05
-0.00038458
5.2152e-05
-0.000282535
-5.32576e-05
-0.000196412
-0.000187617
-0.000136353
-0.000259361
-0.000100931
-0.000235333
-8.07039e-05
-0.000148738
-6.54247e-05
-5.85275e-05
-3.62734e-05
-6.36559e-06
7.65021e-06
-5.35217e-06
4.54414e-05
-3.25725e-05
4.90177e-05
-4.10317e-05
1.85682e-05
-4.08523e-06
-2.63969e-05
6.25871e-05
-5.13868e-05
0.000127649
-4.38221e-05
0.000120079
-1.52778e-05
1.70997e-05
-2.34959e-06
-0.000125672
-5.88056e-06
-0.000212256
-1.40942e-05
-0.000201882
-2.54963e-05
-0.000131619
-3.85841e-05
-6.79014e-05
-3.07464e-05
-4.10273e-05
-3.40598e-06
-6.29693e-05
3.49856e-05
-8.75554e-05
5.87873e-05
-6.40086e-05
5.94957e-05
8.08311e-06
4.15591e-05
0.000100668
1.68413e-05
0.000156753
1.53436e-05
0.00011866
2.7015e-05
3.88034e-05
0.000443296
0.00106978
0.000763131
0.00104304
0.000895423
0.00077088
0.00088931
0.000487141
0.000798976
0.000224977
0.000641194
1.31442e-05
0.000481558
-0.000166475
0.000340448
-0.000275326
0.000235435
-0.000343455
0.000160799
-0.000393883
0.000100598
-0.000433675
4.9796e-05
-0.000451325
7.55533e-06
-0.000425231
-2.38639e-05
-0.000353161
-5.05077e-05
-0.00025589
-7.94934e-05
-0.000167424
-0.000105298
-0.000110547
-0.000117136
-8.90929e-05
-0.000110022
-8.78184e-05
-9.16063e-05
-8.38393e-05
-6.82038e-05
-5.96761e-05
-4.03732e-05
-2.01828e-05
-7.89751e-06
1.29644e-05
1.94452e-05
2.16754e-05
3.62341e-05
1.77876e-06
4.03723e-05
-3.05367e-05
3.64303e-05
-4.74452e-05
2.78362e-05
-3.5227e-05
1.60422e-05
-3.48394e-06
-1.01557e-05
2.38479e-05
-4.66864e-05
3.06521e-05
-7.28448e-05
1.2066e-05
-8.08874e-05
-1.74536e-05
-8.0432e-05
-3.90401e-05
-7.3783e-05
-3.73975e-05
-6.46551e-05
-1.25344e-05
-4.85797e-05
1.89122e-05
-2.68088e-05
3.70161e-05
-7.84021e-07
3.34717e-05
2.44555e-05
1.63224e-05
3.65234e-05
4.7749e-06
3.63678e-05
1.54982e-05
2.06968e-05
4.26866e-05
5.95e-05
0.000328786
0.000740996
0.000602781
0.000769045
0.000747751
0.000625914
0.000782567
0.000452326
0.000735217
0.000272324
0.000642556
0.000105805
0.00050879
-3.27086e-05
0.000386615
-0.000153152
0.000283995
-0.000240836
0.000197619
-0.000307506
0.000117257
-0.000353311
3.69039e-05
-0.000370974
-3.43462e-05
-0.000353981
-8.40531e-05
-0.000303448
-0.000105218
-0.00023472
-0.000103045
-0.000169596
-8.88656e-05
-0.000124728
-7.43934e-05
-0.000103565
-6.64058e-05
-9.58063e-05
-6.35102e-05
-8.67363e-05
-5.59923e-05
-6.71952e-05
-3.62837e-05
-3.98917e-05
-7.03708e-06
-1.62824e-05
2.27174e-05
-8.07965e-06
3.92757e-05
-1.47801e-05
3.71268e-05
-2.83891e-05
2.19645e-05
-3.22841e-05
6.80035e-06
-2.00624e-05
4.41314e-07
2.87644e-06
1.33325e-06
2.29567e-05
4.60114e-06
2.73853e-05
2.56065e-06
1.4107e-05
-7.56372e-06
-7.33024e-06
-2.34496e-05
-2.31547e-05
-3.67706e-05
-2.40771e-05
-3.78196e-05
-1.14861e-05
-2.38834e-05
4.97832e-06
-3.11493e-06
1.62498e-05
1.28502e-05
1.75061e-05
1.59014e-05
1.32704e-05
6.77394e-06
1.39044e-05
-3.63368e-06
2.59052e-05
-5.99691e-06
4.50481e-05
5.35036e-05
0.000235384
0.000505617
0.000459299
0.000545131
0.000611951
0.00047326
0.000687954
0.000376324
0.00069527
0.000265008
0.000650249
0.000150825
0.00057438
4.31603e-05
0.00047383
-5.26011e-05
0.000369607
-0.000136614
0.00026533
-0.00020323
0.000162136
-0.000250117
6.43626e-05
-0.000273198
-1.89137e-05
-0.0002707
-7.63026e-05
-0.000246053
-0.000103
-0.000208019
-0.000103705
-0.000168893
-9.04071e-05
-0.000138029
-7.60174e-05
-0.000117954
-6.74221e-05
-0.0001044
-6.32256e-05
-9.09352e-05
-5.66047e-05
-7.38172e-05
-4.18812e-05
-5.46127e-05
-1.97717e-05
-3.83913e-05
1.60231e-06
-2.94566e-05
1.41022e-05
-2.72816e-05
1.31379e-05
-2.74241e-05
4.19853e-06
-2.33445e-05
-3.07183e-06
-1.27914e-05
-8.13197e-07
6.19209e-07
1.02401e-05
1.19035e-05
2.31685e-05
1.44566e-05
2.944e-05
7.83575e-06
2.39059e-05
-1.79643e-06
1.06141e-05
-9.86287e-06
-2.45999e-06
-1.10023e-05
-7.96611e-06
-5.9804e-06
-5.09832e-06
2.10882e-06
2.15612e-06
8.99628e-06
6.43358e-06
1.32315e-05
3.27737e-06
1.64252e-05
-4.78076e-06
2.19625e-05
-1.0594e-05
3.17199e-05
-8.53825e-06
4.29911e-05
4.49643e-05
0.000165274
0.000340344
0.000335656
0.000374747
0.000470786
0.000338127
0.0005615
0.00028561
0.000605274
0.000221234
0.000605985
0.000150113
0.000571821
7.7322e-05
0.00051168
7.5395e-06
0.000431058
-5.59917e-05
0.000338329
-0.000110502
0.000240263
-0.00015205
0.000145069
-0.000178
6.19649e-05
-0.000187592
-1.17731e-06
-0.00018291
-4.04724e-05
-0.000168726
-5.8837e-05
-0.00015053
-6.3887e-05
-0.000132979
-6.37587e-05
-0.000118082
-6.31908e-05
-0.00010497
-6.23419e-05
-9.17852e-05
-5.85625e-05
-7.75955e-05
-4.99045e-05
-6.32694e-05
-3.75577e-05
-5.074e-05
-2.56342e-05
-4.13831e-05
-1.8185e-05
-3.47304e-05
-1.63618e-05
-2.92457e-05
-1.71538e-05
-2.25527e-05
-1.58124e-05
-1.41328e-05
-9.76496e-06
-5.42724e-06
1.24133e-06
8.96829e-07
1.261e-05
3.08734e-06
1.8328e-05
2.11873e-06
1.7186e-05
-6.53376e-07
1.01996e-05
-2.87762e-06
1.97328e-06
-2.77807e-06
-4.04251e-06
3.55359e-08
-6.44995e-06
4.51396e-06
-6.78274e-06
9.32598e-06
-7.59843e-06
1.40514e-05
-1.02262e-05
1.90569e-05
-1.32303e-05
2.49663e-05
-1.32553e-05
3.17446e-05
-8.37294e-06
3.81083e-05
3.65906e-05
0.000114709
0.000225635
0.000238015
0.000251439
0.000344006
0.000232136
0.000426092
0.000203524
0.00048023
0.000167096
0.000505228
0.000125114
0.000502592
7.99549e-05
0.000475989
3.41417e-05
0.000427595
-7.59594e-06
0.00036543
-4.83343e-05
0.000293834
-8.0452e-05
0.000219887
-0.00010405
0.000150738
-0.00011844
9.21416e-05
-0.000124315
4.69941e-05
-0.00012358
1.49595e-05
-0.000118495
-6.81476e-06
-0.000111202
-2.20459e-05
-0.000102851
-3.32255e-05
-9.37923e-05
-4.10417e-05
-8.39674e-05
-4.51236e-05
-7.35103e-05
-4.54018e-05
-6.29923e-05
-4.29249e-05
-5.32202e-05
-3.95937e-05
-4.47139e-05
-3.69248e-05
-3.73968e-05
-3.54863e-05
-3.06841e-05
-3.39514e-05
-2.40887e-05
-3.06143e-05
-1.74692e-05
-2.47008e-05
-1.13396e-05
-1.72811e-05
-6.52237e-06
-1.07319e-05
-3.46145e-06
-6.72992e-06
-1.88314e-06
-6.15401e-06
-1.22827e-06
-8.71085e-06
-3.21191e-07
-1.28191e-05
1.3248e-06
-1.66615e-05
3.87653e-06
-1.92509e-05
7.10579e-06
-2.06639e-05
1.07371e-05
-2.12766e-05
1.46639e-05
-2.10751e-05
1.88595e-05
-1.9353e-05
2.32462e-05
-1.51198e-05
2.75103e-05
-8.01121e-06
3.09983e-05
2.8579e-05
7.94053e-05
0.000146229
0.000166669
0.000164173
0.000245073
0.00015373
0.000310572
0.000138023
0.000360033
0.000117631
0.000391576
9.35678e-05
0.000404511
6.70176e-05
0.000399353
3.9299e-05
0.000379848
1.19102e-05
0.000345206
-1.36912e-05
0.000301279
-3.65251e-05
0.000252239
-5.50125e-05
0.000202542
-6.87452e-05
0.00015597
-7.77431e-05
0.000114912
-8.25232e-05
8.02941e-05
-8.38759e-05
5.1714e-05
-8.26213e-05
2.8272e-05
-7.94109e-05
9.16837e-06
-7.469e-05
-5.9992e-06
-6.87981e-05
-1.74112e-05
-6.20978e-05
-2.54232e-05
-5.4984e-05
-3.06882e-05
-4.79571e-05
-3.41187e-05
-4.12808e-05
-3.64598e-05
-3.50551e-05
-3.79227e-05
-2.92244e-05
-3.83034e-05
-2.37083e-05
-3.72501e-05
-1.85206e-05
-3.47768e-05
-1.38132e-05
-3.15159e-05
-9.78261e-06
-2.84615e-05
-6.51363e-06
-2.64392e-05
-3.90774e-06
-2.5951e-05
-1.71845e-06
-2.66897e-05
4.19566e-07
-2.80267e-05
2.65894e-06
-2.92561e-05
5.10193e-06
-2.98742e-05
7.72638e-06
-2.96127e-05
1.04778e-05
-2.82622e-05
1.33116e-05
-2.55753e-05
1.61714e-05
-2.12702e-05
1.89412e-05
-1.51821e-05
2.14221e-05
-7.50609e-06
2.3322e-05
2.10735e-05
5.56143e-05
9.06149e-05
0.000117589
0.000102196
0.000174802
9.65174e-05
0.000224857
8.79662e-05
0.000265693
7.67924e-05
0.000295809
6.345e-05
0.000314333
4.84951e-05
0.000321063
3.25711e-05
0.000316606
1.63684e-05
0.000301542
1.3752e-06
0.00027873
-1.37133e-05
0.00025004
-2.63231e-05
0.000218003
-3.67091e-05
0.000184945
-4.46829e-05
0.000152687
-5.02632e-05
0.000122436
-5.36243e-05
9.48382e-05
-5.50234e-05
7.01686e-05
-5.47412e-05
4.85341e-05
-5.30544e-05
2.99758e-05
-5.02385e-05
1.44546e-05
-4.65777e-05
1.86709e-06
-4.23988e-05
-8.18758e-06
-3.79011e-05
-1.61314e-05
-3.3334e-05
-2.2341e-05
-2.8847e-05
-2.70649e-05
-2.45033e-05
-3.04152e-05
-2.03553e-05
-3.24865e-05
-1.64461e-05
-3.34679e-05
-1.28336e-05
-3.36873e-05
-9.5627e-06
-3.35503e-05
-6.64608e-06
-3.34128e-05
-4.04638e-06
-3.3447e-05
-1.68818e-06
-3.35531e-05
5.27661e-07
-3.3541e-05
2.64853e-06
-3.31666e-05
4.72491e-06
-3.21998e-05
6.75907e-06
-3.04586e-05
8.73878e-06
-2.77898e-05
1.06436e-05
-2.40588e-05
1.24393e-05
-1.91863e-05
1.40678e-05
-1.32097e-05
1.54455e-05
-6.34311e-06
1.6456e-05
1.47311e-05
3.59297e-05
5.46825e-05
7.63537e-05
6.17669e-05
0.000114289
5.85798e-05
0.000148446
5.38064e-05
0.000177658
4.75751e-05
0.000200996
4.01082e-05
0.000217811
3.16808e-05
0.000227762
2.26197e-05
0.000230856
1.32729e-05
0.000228283
3.94686e-06
0.000219354
-4.78568e-06
0.000205804
-1.27743e-05
0.000188798
-1.97035e-05
0.000169517
-2.54027e-05
0.000149044
-2.97905e-05
0.000128286
-3.28668e-05
0.000107955
-3.46933e-05
8.85885e-05
-3.53752e-05
7.05823e-05
-3.50479e-05
5.42104e-05
-3.38676e-05
3.96348e-05
-3.20046e-05
2.68738e-05
-2.9639e-05
1.59004e-05
-2.69262e-05
6.58474e-06
-2.40172e-05
-1.24817e-06
-2.1017e-05
-7.72761e-06
-1.8026e-05
-1.29771e-05
-1.51028e-05
-1.71157e-05
-1.2305e-05
-2.02961e-05
-9.65545e-06
-2.26723e-05
-7.18693e-06
-2.44046e-05
-4.90975e-06
-2.56458e-05
-2.80449e-06
-2.64506e-05
-8.86355e-07
-2.68119e-05
8.89119e-07
-2.67071e-05
2.54584e-06
-2.60856e-05
4.10296e-06
-2.48898e-05
5.56187e-06
-2.30704e-05
6.91955e-06
-2.0593e-05
8.16707e-06
-1.74418e-05
9.28858e-06
-1.36337e-05
1.02597e-05
-9.23631e-06
1.1048e-05
-4.38851e-06
1.16081e-05
1.03418e-05
2.24203e-05
3.22603e-05
4.78058e-05
3.63809e-05
7.18777e-05
3.45092e-05
9.39536e-05
3.17301e-05
0.000113413
2.81142e-05
0.000129744
2.37788e-05
0.000142556
1.88717e-05
0.000151603
1.3574e-05
0.000156801
8.07481e-06
0.000158258
2.4892e-06
0.000156209
-2.73524e-06
0.000151069
-7.63303e-06
0.000143347
-1.198e-05
0.0001336
-1.56547e-05
0.000122391
-1.85817e-05
0.000110252
-2.0729e-05
9.76636e-05
-2.2104e-05
8.50362e-05
-2.27462e-05
7.27106e-05
-2.27211e-05
6.09563e-05
-2.21135e-05
4.99721e-05
-2.10216e-05
3.98828e-05
-1.95494e-05
3.0757e-05
-1.77982e-05
2.26037e-05
-1.58629e-05
1.54154e-05
-1.38305e-05
9.15052e-06
-1.17621e-05
3.76539e-06
-9.715e-06
-8.12034e-07
-7.72529e-06
-4.63295e-06
-5.83573e-06
-7.76104e-06
-4.05924e-06
-1.02626e-05
-2.40532e-06
-1.22127e-05
-8.52559e-07
-1.36185e-05
5.18286e-07
-1.45276e-05
1.79774e-06
-1.49549e-05
2.97436e-06
-1.49048e-05
4.05331e-06
-1.43828e-05
5.03911e-06
-1.3397e-05
5.93307e-06
-1.19629e-05
6.73304e-06
-1.01072e-05
7.43321e-06
-7.87174e-06
8.02415e-06
-5.31736e-06
8.49313e-06
-2.53036e-06
8.82007e-06
7.80977e-06
1.52941e-05
1.69635e-05
3.2675e-05
1.89985e-05
4.9273e-05
1.79097e-05
6.46821e-05
1.63183e-05
7.85312e-05
1.42631e-05
9.05028e-05
1.18075e-05
0.000100341
9.0336e-06
0.000107891
6.02322e-06
0.000113056
2.9087e-06
0.00011575
-2.05567e-07
0.000116252
-3.23775e-06
0.000114659
-6.03979e-06
0.000111198
-8.51909e-06
0.00010615
-1.06067e-05
9.98197e-05
-1.2253e-05
9.25218e-05
-1.34323e-05
8.45594e-05
-1.41416e-05
7.62131e-05
-1.43985e-05
6.77303e-05
-1.4237e-05
5.93232e-05
-1.37067e-05
5.11666e-05
-1.2866e-05
4.33964e-05
-1.17791e-05
3.611e-05
-1.05102e-05
2.93693e-05
-9.12178e-06
2.32088e-05
-7.6719e-06
1.76535e-05
-6.20813e-06
1.2713e-05
-4.77317e-06
8.38006e-06
-3.39107e-06
4.61657e-06
-2.07323e-06
1.40315e-06
-8.46713e-07
-1.23611e-06
2.35314e-07
-3.37601e-06
1.28876e-06
-5.0907e-06
2.23265e-06
-6.35944e-06
3.06592e-06
-7.19717e-06
3.81251e-06
-7.62327e-06
4.47988e-06
-7.65931e-06
5.07484e-06
-7.32984e-06
5.60274e-06
-6.66415e-06
6.06636e-06
-5.69783e-06
6.46578e-06
-4.47366e-06
6.79856e-06
-3.04228e-06
7.05992e-06
-1.46599e-06
7.24166e-06
6.3424e-06
1.06517e-05
6.31186e-06
2.27329e-05
6.91899e-06
3.43201e-05
6.32242e-06
4.51594e-05
5.47844e-06
5.50139e-05
4.4092e-06
6.36657e-05
3.15715e-06
7.08801e-05
1.81968e-06
7.66856e-05
2.17661e-07
8.07894e-05
-1.19478e-06
8.34221e-05
-2.83819e-06
8.45329e-05
-4.34846e-06
8.41677e-05
-5.67399e-06
8.24422e-05
-6.79281e-06
7.95103e-05
-7.67429e-06
7.55529e-05
-8.29597e-06
7.07667e-05
-8.64639e-06
6.53516e-05
-8.72567e-06
5.95032e-05
-8.54795e-06
5.33972e-05
-8.12913e-06
4.71982e-05
-7.50717e-06
4.10465e-05
-6.71487e-06
3.50616e-05
-5.79412e-06
2.93394e-05
-4.78696e-06
2.39484e-05
-3.73061e-06
1.89396e-05
-2.6646e-06
1.43577e-05
-1.62757e-06
1.0271e-05
-6.85939e-07
6.69403e-06
1.86835e-07
3.55374e-06
1.06646e-06
8.44486e-07
1.86162e-06
-1.45916e-06
2.5394e-06
-3.32441e-06
3.15496e-06
-4.75854e-06
3.66688e-06
-5.79218e-06
4.09926e-06
-6.44276e-06
4.46323e-06
-6.73151e-06
4.76902e-06
-6.68343e-06
5.02675e-06
-6.32728e-06
5.24591e-06
-5.69565e-06
5.43349e-06
-4.8252e-06
5.59364e-06
-3.75649e-06
5.7278e-06
-2.53362e-06
5.83474e-06
-1.20634e-06
5.91209e-06
5.13544e-06
6.89075e-06
-5.7949e-07
1.46013e-05
-7.90318e-07
2.20243e-05
-1.10165e-06
2.89719e-05
-1.46973e-06
3.52745e-05
-1.89282e-06
4.07985e-05
-2.3666e-06
4.54917e-05
-2.87433e-06
4.91088e-05
-3.39966e-06
5.17914e-05
-3.87707e-06
5.32848e-05
-4.33199e-06
5.36414e-05
-4.70582e-06
5.29445e-05
-4.97703e-06
5.12797e-05
-5.12718e-06
4.87516e-05
-5.14549e-06
4.54841e-05
-5.02847e-06
4.16136e-05
-4.77615e-06
3.7282e-05
-4.39369e-06
3.26207e-05
-3.88541e-06
2.77832e-05
-3.29024e-06
2.29153e-05
-2.63915e-06
1.81219e-05
-1.92241e-06
1.34924e-05
-1.16523e-06
9.11891e-06
-4.13201e-07
5.06114e-06
3.27108e-07
1.36636e-06
1.02904e-06
-1.94057e-06
1.67831e-06
-4.87597e-06
2.24975e-06
-7.42929e-06
2.74087e-06
-9.52555e-06
3.16237e-06
-1.11724e-05
3.50751e-06
-1.24042e-05
3.77074e-06
-1.3195e-05
3.94597e-06
-1.35954e-05
4.0671e-06
-1.36259e-05
4.12939e-06
-1.33084e-05
4.14565e-06
-1.26683e-05
4.12922e-06
-1.17328e-05
4.09152e-06
-1.05316e-05
4.04476e-06
-9.09685e-06
3.99825e-06
-7.46312e-06
3.95898e-06
-5.66771e-06
3.93105e-06
-3.75015e-06
3.91559e-06
-1.7513e-06
3.91166e-06
3.38394e-06
3.51003e-06
-4.08929e-06
7.50232e-06
-4.78048e-06
1.12679e-05
-4.86735e-06
1.46911e-05
-4.89219e-06
1.76696e-05
-4.87025e-06
2.01019e-05
-4.79883e-06
2.18883e-05
-4.6614e-06
2.29535e-05
-4.46432e-06
2.32796e-05
-4.20249e-06
2.28265e-05
-3.87931e-06
2.16131e-05
-3.49299e-06
1.96863e-05
-3.05008e-06
1.71311e-05
-2.57121e-06
1.40455e-05
-2.05922e-06
1.05207e-05
-1.50376e-06
6.65486e-06
-9.11029e-07
2.54945e-06
-2.88813e-07
-1.68974e-06
3.54008e-07
-5.96051e-06
9.80986e-07
-1.00319e-05
1.43195e-06
-1.38957e-05
1.94029e-06
-1.74897e-05
2.42797e-06
-2.07602e-05
2.85744e-06
-2.36447e-05
3.21199e-06
-2.60988e-05
3.48301e-06
-2.80893e-05
3.66873e-06
-2.96071e-05
3.76829e-06
-3.0647e-05
3.78184e-06
-3.12044e-05
3.71988e-06
-3.12867e-05
3.58926e-06
-3.09106e-05
3.39405e-06
-3.01093e-05
3.1446e-06
-2.88974e-05
2.85507e-06
-2.7322e-05
2.55385e-06
-2.5424e-05
2.24776e-06
-2.32425e-05
1.94808e-06
-2.08195e-05
1.66904e-06
-1.81846e-05
1.41036e-06
-1.53654e-05
1.17927e-06
-1.23905e-05
9.83899e-07
-9.2921e-06
8.32182e-07
-6.10281e-06
7.25575e-07
-2.85709e-06
6.65145e-07
5.26823e-07
4.88011e-07
-4.57676e-06
9.96903e-07
-5.28731e-06
1.38016e-06
-5.24994e-06
1.54218e-06
-5.05271e-06
1.37898e-06
-4.70578e-06
7.98873e-07
-4.21892e-06
-2.44463e-07
-3.61809e-06
-1.77808e-06
-2.9295e-06
-3.80279e-06
-2.17721e-06
-6.29632e-06
-1.38639e-06
-9.24337e-06
-5.46751e-07
-1.26192e-05
3.25219e-07
-1.63063e-05
1.1156e-06
-2.01904e-05
1.82451e-06
-2.42229e-05
2.52777e-06
-2.83253e-05
3.18982e-06
-3.24017e-05
3.78603e-06
-3.64363e-05
4.38781e-06
-4.01634e-05
4.70797e-06
-4.37166e-05
4.98473e-06
-4.69487e-05
5.17152e-06
-4.97767e-05
5.25544e-06
-5.21465e-05
5.22783e-06
-5.40178e-05
5.0845e-06
-5.53603e-05
4.82667e-06
-5.61516e-05
4.46118e-06
-5.63793e-05
3.99765e-06
-5.60432e-05
3.44757e-06
-5.51488e-05
2.82663e-06
-5.37067e-05
2.14771e-06
-5.17511e-05
1.43871e-06
-4.93058e-05
6.99938e-07
-4.63782e-05
-7.18601e-08
-4.30629e-05
-7.60799e-07
-3.94157e-05
-1.39882e-06
-3.54801e-05
-1.98683e-06
-3.13499e-05
-2.46058e-06
-2.70539e-05
-2.8853e-06
-2.26282e-05
-3.24625e-06
-1.81046e-05
-3.53973e-06
-1.35063e-05
-3.76628e-06
-8.85351e-06
-3.92752e-06
-4.16447e-06
-4.02415e-06
-3.63753e-06
-2.13468e-06
-2.44079e-06
-4.5719e-06
-2.84806e-06
-7.05876e-06
-2.76143e-06
-9.69926e-06
-2.40995e-06
-1.25732e-05
-1.83041e-06
-1.57347e-05
-1.05731e-06
-1.92399e-05
-1.12109e-07
-2.29985e-05
8.30427e-07
-2.69746e-05
1.79882e-06
-3.10772e-05
2.71513e-06
-3.5299e-05
3.6735e-06
-3.95643e-05
4.58873e-06
-4.38628e-05
5.4125e-06
-4.81687e-05
6.12898e-06
-5.23876e-05
6.74511e-06
-5.64514e-05
7.25159e-06
-6.0305e-05
7.63781e-06
-6.38285e-05
7.91032e-06
-6.71043e-05
7.98361e-06
-7.00423e-05
7.92256e-06
-7.2587e-05
7.71578e-06
-7.46886e-05
7.35696e-06
-7.63058e-05
6.84601e-06
-7.74065e-05
6.18683e-06
-7.79645e-05
5.3866e-06
-7.79582e-05
4.45675e-06
-7.73702e-05
3.41181e-06
-7.61896e-05
2.26918e-06
-7.44132e-05
1.05216e-06
-7.20189e-05
-2.45224e-07
-6.9056e-05
-1.523e-06
-6.55449e-05
-2.80969e-06
-6.1545e-05
-4.07028e-06
-5.70548e-05
-5.24958e-06
-5.21281e-05
-6.32431e-06
-4.68438e-05
-7.27021e-06
-4.12413e-05
-8.06245e-06
-3.5423e-05
-8.70343e-06
-2.94731e-05
-9.19622e-06
-2.34592e-05
-9.55371e-06
-1.74288e-05
-9.7969e-06
-1.1404e-05
-9.95236e-06
-5.38518e-06
-1.00429e-05
-9.02267e-06
-4.2615e-06
1.82228e-06
-9.03112e-06
1.92379e-06
-1.38508e-05
2.06084e-06
-1.87768e-05
2.51886e-06
-2.38269e-05
3.22103e-06
-2.89659e-05
4.08216e-06
-3.40894e-05
5.01241e-06
-3.91773e-05
5.91877e-06
-4.41534e-05
6.77395e-06
-4.90013e-05
7.56131e-06
-5.36302e-05
8.30012e-06
-5.8015e-05
8.97101e-06
-6.21581e-05
9.55329e-06
-6.60619e-05
1.00309e-05
-6.97088e-05
1.03904e-05
-7.30817e-05
1.06227e-05
-7.61625e-05
1.07171e-05
-7.89173e-05
1.06641e-05
-8.13767e-05
1.04431e-05
-8.35108e-05
1.00565e-05
-8.52922e-05
9.497e-06
-8.66977e-05
8.76221e-06
-8.77027e-05
7.8517e-06
-8.82844e-05
6.76988e-06
-8.842e-05
5.52388e-06
-8.8087e-05
4.12532e-06
-8.72629e-05
2.5893e-06
-8.59279e-05
9.3585e-07
-8.40505e-05
-8.23849e-07
-8.16344e-05
-2.66017e-06
-7.86315e-05
-4.52481e-06
-7.50447e-05
-6.39538e-06
-7.08769e-05
-8.23674e-06
-6.61193e-05
-1.00059e-05
-6.07853e-05
-1.16571e-05
-5.49114e-05
-1.31433e-05
-4.85531e-05
-1.44202e-05
-4.1806e-05
-1.54502e-05
-3.47904e-05
-1.62117e-05
-2.76362e-05
-1.6708e-05
-2.04641e-05
-1.69691e-05
-1.33527e-05
-1.70637e-05
-6.31976e-06
-1.70759e-05
-1.53427e-05
-5.95788e-06
7.78166e-06
-1.25346e-05
8.50303e-06
-1.91341e-05
8.66324e-06
-2.57433e-05
9.13054e-06
-3.22519e-05
9.73046e-06
-3.84892e-05
1.03199e-05
-4.43175e-05
1.08412e-05
-4.96753e-05
1.1276e-05
-5.4538e-05
1.16352e-05
-5.89214e-05
1.19429e-05
-6.28402e-05
1.22167e-05
-6.63308e-05
1.24589e-05
-6.94368e-05
1.2657e-05
-7.22013e-05
1.27936e-05
-7.46591e-05
1.28469e-05
-7.68387e-05
1.28006e-05
-7.87581e-05
1.26354e-05
-8.04285e-05
1.23335e-05
-8.18696e-05
1.18843e-05
-8.3085e-05
1.12715e-05
-8.40692e-05
1.0481e-05
-8.4817e-05
9.50951e-06
-8.53176e-05
8.35276e-06
-8.5559e-05
7.01218e-06
-8.55247e-05
5.49111e-06
-8.5196e-05
3.79801e-06
-8.45484e-05
1.94332e-06
-8.35684e-05
-4.26238e-08
-8.21976e-05
-2.19293e-06
-8.04173e-05
-4.43893e-06
-7.81733e-05
-6.76716e-06
-7.54184e-05
-9.14883e-06
-7.21018e-05
-1.15518e-05
-6.81699e-05
-1.39366e-05
-6.35722e-05
-1.62536e-05
-5.82722e-05
-1.84424e-05
-5.22603e-05
-2.04313e-05
-4.55701e-05
-2.214e-05
-3.82949e-05
-2.34868e-05
-3.05899e-05
-2.44129e-05
-2.26733e-05
-2.4886e-05
-1.47497e-05
-2.49875e-05
-6.98122e-06
-2.4845e-05
-2.23244e-05
-7.37926e-06
1.51623e-05
-1.54697e-05
1.65958e-05
-2.34645e-05
1.66602e-05
-3.10347e-05
1.67024e-05
-3.7984e-05
1.668e-05
-4.41197e-05
1.6456e-05
-4.93803e-05
1.6102e-05
-5.3787e-05
1.56818e-05
-5.74177e-05
1.52647e-05
-6.03776e-05
1.49015e-05
-6.27747e-05
1.46122e-05
-6.47093e-05
1.43912e-05
-6.62663e-05
1.42122e-05
-6.75191e-05
1.40446e-05
-6.85257e-05
1.38524e-05
-6.9336e-05
1.36091e-05
-6.99846e-05
1.32832e-05
-7.05016e-05
1.28491e-05
-7.09082e-05
1.2291e-05
-7.12213e-05
1.15838e-05
-7.14486e-05
1.07081e-05
-7.15974e-05
9.6573e-06
-7.16669e-05
8.42238e-06
-7.16561e-05
7.00151e-06
-7.15574e-05
5.3933e-06
-7.1361e-05
3.60225e-06
-7.105e-05
1.63329e-06
-7.06046e-05
-4.87102e-07
-6.99882e-05
-2.80763e-06
-6.91656e-05
-5.25974e-06
-6.80829e-05
-7.84756e-06
-6.66758e-05
-1.0554e-05
-6.48647e-05
-1.33608e-05
-6.25562e-05
-1.62433e-05
-5.96411e-05
-1.91672e-05
-5.59993e-05
-2.20829e-05
-5.15132e-05
-2.49167e-05
-4.60858e-05
-2.7567e-05
-3.96802e-05
-2.98924e-05
-3.23464e-05
-3.17469e-05
-2.43124e-05
-3.29207e-05
-1.58704e-05
-3.34303e-05
-7.52222e-06
-3.31944e-05
-2.98473e-05
-8.81433e-06
2.39775e-05
-1.81043e-05
2.58872e-05
-2.6859e-05
2.5416e-05
-3.43216e-05
2.41657e-05
-4.04557e-05
2.28143e-05
-4.52243e-05
2.12251e-05
-4.87858e-05
1.96637e-05
-5.13251e-05
1.82203e-05
-5.30407e-05
1.69799e-05
-5.41154e-05
1.59755e-05
-5.47058e-05
1.52017e-05
-5.49391e-05
1.46224e-05
-5.49102e-05
1.41819e-05
-5.46956e-05
1.38279e-05
-5.43507e-05
1.35067e-05
-5.39251e-05
1.31813e-05
-5.34515e-05
1.28091e-05
-5.2963e-05
1.23588e-05
-5.24787e-05
1.1807e-05
-5.20201e-05
1.11241e-05
-5.16001e-05
1.02884e-05
-5.1234e-05
9.29028e-06
-5.09285e-05
8.11723e-06
-5.06925e-05
6.76549e-06
-5.05283e-05
5.23e-06
-5.0438e-05
3.51216e-06
-5.04161e-05
1.61228e-06
-5.04468e-05
-4.55926e-07
-5.05241e-05
-2.72878e-06
-5.06156e-05
-5.16674e-06
-5.06813e-05
-7.77969e-06
-5.06665e-05
-1.05667e-05
-5.04955e-05
-1.35296e-05
-5.0069e-05
-1.6668e-05
-4.92564e-05
-1.99784e-05
-4.78904e-05
-2.34477e-05
-4.57689e-05
-2.70377e-05
-4.26554e-05
-3.06801e-05
-3.83215e-05
-3.4227e-05
-3.25588e-05
-3.75099e-05
-2.54121e-05
-4.00687e-05
-1.69837e-05
-4.18598e-05
-8.22879e-06
-4.19509e-05
-3.80766e-05
-1.05456e-05
3.45233e-05
-2.03987e-05
3.57411e-05
-2.88459e-05
3.38635e-05
-3.4838e-05
3.01583e-05
-3.89168e-05
2.68937e-05
-4.13564e-05
2.36654e-05
-4.25867e-05
2.08944e-05
-4.29235e-05
1.85567e-05
-4.26295e-05
1.66861e-05
-4.19025e-05
1.52481e-05
-4.08897e-05
1.41884e-05
-3.96991e-05
1.34299e-05
-3.84023e-05
1.28841e-05
-3.7055e-05
1.24782e-05
-3.56931e-05
1.21444e-05
-3.43524e-05
1.18381e-05
-3.30539e-05
1.15105e-05
-3.18258e-05
1.11287e-05
-3.06812e-05
1.06632e-05
-2.96433e-05
1.00851e-05
-2.87255e-05
9.37152e-06
-2.79482e-05
8.51222e-06
-2.73235e-05
7.4933e-06
-2.68688e-05
6.31073e-06
-2.65951e-05
4.95753e-06
-2.65162e-05
3.43352e-06
-2.66381e-05
1.73536e-06
-2.69626e-05
-1.30913e-07
-2.74985e-05
-2.19131e-06
-2.82355e-05
-4.42842e-06
-2.91558e-05
-6.85744e-06
-3.02307e-05
-9.49032e-06
-3.14119e-05
-1.23466e-05
-3.26278e-05
-1.54509e-05
-3.37718e-05
-1.88335e-05
-3.46879e-05
-2.25308e-05
-3.51605e-05
-2.65652e-05
-3.48839e-05
-3.09565e-05
-3.34875e-05
-3.56245e-05
-3.04596e-05
-4.05383e-05
-2.54993e-05
-4.50306e-05
-1.80693e-05
-4.92908e-05
-9.41682e-06
-5.0605e-05
-4.74939e-05
-1.26593e-05
4.71824e-05
-2.18488e-05
4.49312e-05
-2.85082e-05
4.05231e-05
-3.17337e-05
3.33843e-05
-3.29403e-05
2.81013e-05
-3.27022e-05
2.34282e-05
-3.16111e-05
1.98039e-05
-2.99967e-05
1.69422e-05
-2.80895e-05
1.47795e-05
-2.60342e-05
1.31923e-05
-2.39205e-05
1.20746e-05
-2.1806e-05
1.13137e-05
-1.97211e-05
1.07988e-05
-1.769e-05
1.04448e-05
-1.57245e-05
1.0179e-05
-1.38425e-05
9.95359e-06
-1.2052e-05
9.72047e-06
-1.0375e-05
9.44948e-06
-8.81795e-06
9.10712e-06
-7.40462e-06
8.67054e-06
-6.148e-06
8.11611e-06
-5.07179e-06
7.43523e-06
-4.19199e-06
6.61447e-06
-3.53234e-06
5.65081e-06
-3.11077e-06
4.53703e-06
-2.94998e-06
3.27279e-06
-3.06686e-06
1.85334e-06
-3.47645e-06
2.79003e-07
-4.20185e-06
-1.46452e-06
-5.25261e-06
-3.37691e-06
-6.63401e-06
-5.47458e-06
-8.34725e-06
-7.77628e-06
-1.03804e-05
-1.03125e-05
-1.27057e-05
-1.3125e-05
-1.52697e-05
-1.62693e-05
-1.7975e-05
-1.98251e-05
-2.06663e-05
-2.38745e-05
-2.30747e-05
-2.8548e-05
-2.48209e-05
-3.38796e-05
-2.52186e-05
-4.01411e-05
-2.36445e-05
-4.66063e-05
-1.86117e-05
-5.43243e-05
-1.11812e-05
-5.80371e-05
-5.86754e-05
-1.47762e-05
6.19584e-05
-2.15165e-05
5.16723e-05
-2.48424e-05
4.38493e-05
-2.45605e-05
3.31032e-05
-2.27883e-05
2.633e-05
-2.0203e-05
2.08436e-05
-1.73395e-05
1.6941e-05
-1.44152e-05
1.40179e-05
-1.15508e-05
1.19159e-05
-8.79489e-06
1.0436e-05
-6.16129e-06
9.4412e-06
-3.65131e-06
8.80205e-06
-1.25332e-06
8.40085e-06
1.03567e-06
8.15358e-06
3.22891e-06
7.98648e-06
5.31772e-06
7.86236e-06
7.30521e-06
7.73393e-06
9.17531e-06
7.57704e-06
1.0924e-05
7.35953e-06
1.25285e-05
7.06455e-06
1.39755e-05
6.67047e-06
1.5239e-05
6.17088e-06
1.63002e-05
5.55423e-06
1.71316e-05
4.81898e-06
1.77107e-05
3.95883e-06
1.80092e-05
2.97403e-06
1.80037e-05
1.85966e-06
1.76675e-05
6.15111e-07
1.69731e-05
-7.69114e-07
1.58942e-05
-2.29785e-06
1.44078e-05
-3.98728e-06
1.24894e-05
-5.85774e-06
1.01196e-05
-7.94238e-06
7.28388e-06
-1.02891e-05
3.9783e-06
-1.2964e-05
2.23737e-07
-1.60703e-05
-3.92336e-06
-1.97283e-05
-8.31458e-06
-2.41567e-05
-1.2699e-05
-2.94965e-05
-1.64545e-05
-3.6386e-05
-1.88557e-05
-4.42065e-05
-1.76443e-05
-5.55363e-05
-1.31012e-05
-6.25816e-05
-7.1777e-05
-1.58929e-05
7.78512e-05
-1.83231e-05
5.41035e-05
-1.72565e-05
4.2783e-05
-1.36038e-05
2.9451e-05
-9.46346e-06
2.21906e-05
-5.34799e-06
1.67284e-05
-1.53504e-06
1.31286e-05
1.93796e-06
1.05447e-05
5.08807e-06
8.76667e-06
7.96191e-06
7.56176e-06
1.06136e-05
6.79015e-06
1.30874e-05
6.32683e-06
1.5425e-05
6.0639e-06
1.76488e-05
5.92774e-06
1.97803e-05
5.85605e-06
2.18223e-05
5.81807e-06
2.37817e-05
5.7758e-06
2.56458e-05
5.71072e-06
2.74105e-05
5.59602e-06
2.90536e-05
5.41973e-06
3.0561e-05
5.16418e-06
3.19058e-05
4.82511e-06
3.30675e-05
4.39353e-06
3.40167e-05
3.86916e-06
3.4729e-05
3.24718e-06
3.51741e-05
2.52852e-06
3.53253e-05
1.70904e-06
3.51515e-05
7.88624e-07
3.46224e-05
-2.39428e-07
3.37044e-05
-1.38013e-06
3.23649e-05
-2.64737e-06
3.0566e-05
-4.05904e-06
2.82683e-05
-5.64472e-06
2.54282e-05
-7.44899e-06
2.19982e-05
-9.53457e-06
1.79342e-05
-1.2006e-05
1.31953e-05
-1.49902e-05
7.78476e-06
-1.8746e-05
1.76117e-06
-2.34742e-05
-4.55192e-06
-3.0073e-05
-1.05973e-05
-3.81625e-05
-1.40745e-05
-5.20596e-05
-1.40976e-05
-6.25599e-05
-8.58749e-05
-1.45332e-05
9.23845e-05
-1.15036e-05
5.10748e-05
-5.95938e-06
3.7239e-05
1.11583e-07
2.33805e-05
5.561e-06
1.67418e-05
1.02203e-05
1.20692e-05
1.41665e-05
9.18295e-06
1.75288e-05
7.18223e-06
2.04382e-05
5.85796e-06
2.30076e-05
4.99183e-06
2.53342e-05
4.46442e-06
2.74877e-05
4.17227e-06
2.95235e-05
4.02901e-06
3.14715e-05
3.97799e-06
3.33569e-05
3.97189e-06
3.51844e-05
3.98853e-06
3.69615e-05
4.00001e-06
3.8677e-05
3.99324e-06
4.03256e-05
3.94856e-06
4.18858e-05
3.85793e-06
4.33426e-05
3.70833e-06
4.46694e-05
3.49732e-06
4.58452e-05
3.21849e-06
4.68414e-05
2.87234e-06
4.76336e-05
2.45557e-06
4.81921e-05
1.96946e-06
4.84906e-05
1.41103e-06
4.8498e-05
7.80735e-07
4.81849e-05
7.4069e-08
4.75169e-05
-7.12612e-07
4.64593e-05
-1.58962e-06
4.49705e-05
-2.57053e-06
4.30035e-05
-3.67797e-06
4.05018e-05
-4.94736e-06
3.73956e-05
-6.42892e-06
3.3601e-05
-8.21121e-06
2.90131e-05
-1.04031e-05
2.3515e-05
-1.32476e-05
1.69848e-05
-1.69452e-05
9.37823e-06
-2.24665e-05
9.64011e-07
-2.97495e-05
-7.14508e-06
-4.3951e-05
-1.26608e-05
-5.70453e-05
-9.8536e-05
-9.22239e-06
0.000101607
-8.69452e-07
4.27225e-05
8.05327e-06
2.83164e-05
1.51292e-05
1.63049e-05
2.07268e-05
1.11447e-05
2.50737e-05
7.72227e-06
2.85402e-05
5.7169e-06
3.13544e-05
4.36778e-06
3.3709e-05
3.50388e-06
3.57436e-05
2.95669e-06
3.75694e-05
2.63941e-06
3.92619e-05
2.47898e-06
4.08764e-05
2.41559e-06
4.24415e-05
2.41147e-06
4.39797e-05
2.43481e-06
4.54949e-05
2.47163e-06
4.69927e-05
2.50342e-06
4.84622e-05
2.52209e-06
4.98971e-05
2.51474e-06
5.12771e-05
2.47656e-06
5.25872e-05
2.39901e-06
5.38028e-05
2.28087e-06
5.49039e-05
2.11805e-06
5.58643e-05
1.91128e-06
5.66619e-05
1.6585e-06
5.72699e-05
1.36091e-06
5.76647e-05
1.01664e-06
5.78186e-05
6.26353e-07
5.77056e-05
1.87335e-07
5.72952e-05
-3.02644e-07
5.65558e-05
-8.50202e-07
5.54493e-05
-1.46433e-06
5.3931e-05
-2.15995e-06
5.19449e-05
-2.96134e-06
4.94184e-05
-3.90289e-06
4.62555e-05
-5.04803e-06
4.23272e-05
-6.47545e-06
3.74517e-05
-8.37181e-06
3.14049e-05
-1.08993e-05
2.38146e-05
-1.48763e-05
1.44945e-05
-2.04303e-05
3.19243e-06
-3.26493e-05
-7.34608e-06
-4.65078e-05
-0.000105882
8.8878e-07
0.000100719
1.29498e-05
3.0662e-05
2.32524e-05
1.80139e-05
2.99029e-05
9.65453e-06
3.47324e-05
6.31559e-06
3.82152e-05
4.23935e-06
4.08687e-05
3.06381e-06
4.29406e-05
2.29565e-06
4.46292e-05
1.81558e-06
4.60662e-05
1.51913e-06
4.7353e-05
1.35325e-06
4.85557e-05
1.27559e-06
4.97206e-05
1.25171e-06
5.08702e-05
1.26078e-06
5.20215e-05
1.28455e-06
5.31763e-05
1.31546e-06
5.43379e-05
1.34287e-06
5.54961e-05
1.36264e-06
5.66442e-05
1.36748e-06
5.77648e-05
1.35497e-06
5.88441e-05
1.32033e-06
5.98613e-05
1.26303e-06
6.0799e-05
1.18079e-06
6.16357e-05
1.07419e-06
6.23525e-05
9.42046e-07
6.29278e-05
7.85196e-07
6.33422e-05
6.02569e-07
6.35734e-05
3.94697e-07
6.36008e-05
1.60186e-07
6.34e-05
-1.02203e-07
6.29458e-05
-3.96078e-07
6.22078e-05
-7.26532e-07
6.11495e-05
-1.10186e-06
5.97242e-05
-1.53606e-06
5.78698e-05
-2.04885e-06
5.54996e-05
-2.67764e-06
5.24938e-05
-3.47016e-06
4.86626e-05
-4.54046e-06
4.3763e-05
-6.0005e-06
3.72617e-05
-8.37504e-06
2.8738e-05
-1.19074e-05
1.64636e-05
-2.03752e-05
2.6844e-06
-3.27293e-05
-0.000103198
1.51825e-05
8.55362e-05
2.85863e-05
1.72588e-05
3.79726e-05
8.62779e-06
4.31786e-05
4.44874e-06
4.67126e-05
2.78176e-06
4.91177e-05
1.83406e-06
5.08829e-05
1.29891e-06
5.22173e-05
9.61061e-07
5.32817e-05
7.51499e-07
5.41767e-05
6.23558e-07
5.49787e-05
5.51684e-07
5.57358e-05
5.17879e-07
5.6481e-05
5.07293e-07
5.72296e-05
5.114e-07
5.79929e-05
5.22057e-07
5.87714e-05
5.36017e-07
5.95665e-05
5.48565e-07
6.03702e-05
5.58052e-07
6.1177e-05
5.61432e-07
6.19735e-05
5.57666e-07
6.27496e-05
5.44793e-07
6.34896e-05
5.2253e-07
6.41808e-05
4.8995e-07
6.48074e-05
4.47249e-07
6.53558e-05
3.93913e-07
6.58104e-05
3.30274e-07
6.61574e-05
2.55837e-07
6.6381e-05
1.70818e-07
6.64666e-05
7.46788e-08
6.63974e-05
-3.32467e-08
6.61558e-05
-1.54482e-07
6.57204e-05
-2.91357e-07
6.50658e-05
-4.47389e-07
6.41586e-05
-6.28856e-07
6.29539e-05
-8.44484e-07
6.13872e-05
-1.11073e-06
5.93672e-05
-1.45054e-06
5.67402e-05
-1.9133e-06
5.33039e-05
-2.56475e-06
4.85555e-05
-3.62676e-06
4.20073e-05
-5.35978e-06
3.12011e-05
-9.56932e-06
1.65847e-05
-1.81135e-05
-8.66135e-05
3.2914e-05
5.26223e-05
4.44297e-05
5.74352e-06
5.08018e-05
2.25602e-06
5.40755e-05
1.1751e-06
5.61606e-05
6.9683e-07
5.75341e-05
4.60286e-07
5.85124e-05
3.20764e-07
5.92366e-05
2.36779e-07
5.98046e-05
1.83746e-07
6.02767e-05
1.51039e-07
6.06972e-05
1.31414e-07
6.10936e-05
1.20972e-07
6.14851e-05
1.16313e-07
6.18804e-05
1.15546e-07
6.22866e-05
1.1662e-07
6.27034e-05
1.18578e-07
6.31321e-05
1.20452e-07
6.35678e-05
1.21713e-07
6.40078e-05
1.21928e-07
6.44444e-05
1.2057e-07
6.48721e-05
1.17427e-07
6.52821e-05
1.12199e-07
6.56675e-05
1.04856e-07
6.60192e-05
9.52706e-08
6.633e-05
8.34125e-08
6.65908e-05
6.9237e-08
6.67941e-05
5.26815e-08
6.6931e-05
3.36928e-08
6.69935e-05
1.22307e-08
6.69721e-05
-1.20248e-08
6.6857e-05
-3.93663e-08
6.6636e-05
-7.05097e-08
6.62947e-05
-1.06214e-07
6.5814e-05
-1.48148e-07
6.51678e-05
-1.98475e-07
6.43184e-05
-2.61114e-07
6.32101e-05
-3.4264e-07
6.17504e-05
-4.53495e-07
5.98036e-05
-6.18319e-07
5.70523e-05
-8.75531e-07
5.30567e-05
-1.36464e-06
4.5929e-05
-2.44184e-06
3.37558e-05
-5.94062e-06
-5.28578e-05
5.26224e-05
5.83661e-05
6.06223e-05
6.17973e-05
6.2494e-05
6.29542e-05
6.32752e-05
6.3512e-05
6.36958e-05
6.38465e-05
6.3978e-05
6.40988e-05
6.42155e-05
6.43308e-05
6.44477e-05
6.45659e-05
6.46866e-05
6.48081e-05
6.49302e-05
6.50506e-05
6.51682e-05
6.52803e-05
6.53852e-05
6.54804e-05
6.55639e-05
6.5633e-05
6.56858e-05
6.57194e-05
6.57317e-05
6.57196e-05
6.56802e-05
6.56096e-05
6.55033e-05
6.53552e-05
6.51567e-05
6.48956e-05
6.45528e-05
6.40994e-05
6.34809e-05
6.26053e-05
6.12404e-05
5.87985e-05
5.28578e-05
)
;

boundaryField
{
    movingWall
    {
        type            calculated;
        value           uniform 0;
    }
    fixedWalls
    {
        type            calculated;
        value           uniform 0;
    }
    frontAndBack
    {
        type            empty;
        value           nonuniform 0();
    }
    defaultFaces
    {
        type            empty;
        value           nonuniform 0();
    }
}


// ************************************************************************* //
