/*--------------------------------*- C++ -*----------------------------------*\
  =========                 |
  \\      /  F ield         | OpenFOAM: The Open Source CFD Toolbox
   \\    /   O peration     | Website:  https://openfoam.org
    \\  /    A nd           | Version:  7
     \\/     M anipulation  |
\*---------------------------------------------------------------------------*/
FoamFile
{
    version     2.0;
    format      ascii;
    class       surfaceScalarField;
    location    "0.92";
    object      phi;
}
// * * * * * * * * * * * * * * * * * * * * * * * * * * * * * * * * * * * * * //

dimensions      [0 3 -1 0 0 0 0];

internalField   nonuniform List<scalar> 
3784
(
-0.00262555
0.00262555
-0.00292624
0.00030069
-0.00188615
-0.00104009
-0.00108867
-0.000797478
-0.00077354
-0.000315133
-0.000178293
-0.000595248
0.000697872
-0.000876165
0.00138114
-0.000683265
0.00147997
-9.88314e-05
0.000856778
0.000623193
-0.000266138
0.00112292
-0.00119782
0.000931682
-0.00122757
2.97464e-05
-0.000241255
-0.000986313
0.000975082
-0.00121634
0.00117035
-0.000195268
-2.59341e-05
0.00119628
-0.00145455
0.00142861
-0.00142073
-3.38186e-05
0.000147602
-0.00156833
0.00155659
-0.00140899
0.00178841
-0.000231819
0.000760969
0.00102744
-0.000597037
0.00135801
-0.00110968
0.000512645
-0.000402067
-0.000707616
0.000875825
-0.00127789
0.00127814
-0.000402311
0.000155963
0.00112217
-0.00128929
0.00144525
-0.00149891
0.000209618
-0.000270402
-0.00122851
0.00115081
-0.00142121
0.00146664
-0.000315833
0.000360178
0.00110646
-0.0010137
0.00137387
-0.00128225
0.000268552
-0.000213167
-0.00106908
0.00109849
-0.00131166
0.00131762
-0.000219127
0.000137533
0.00118009
-0.00120913
0.00134667
-0.001252
4.28703e-05
-0.00125201
-0.00358422
0.00620977
-0.00409726
0.000813731
-0.00225154
-0.00288581
-0.00127584
-0.00177319
-0.00102558
-0.000565394
-0.000291989
-0.00132883
0.000826625
-0.00199478
0.00160172
-0.00145836
0.00155745
-5.45619e-05
0.00078402
0.00139662
-0.000211157
0.00211809
-0.00116927
0.0018898
-0.00161358
0.00047406
-0.000377253
-0.00222265
0.00135282
-0.00294641
0.00118934
-3.17859e-05
-7.31884e-05
0.00245881
-0.00133852
0.00269395
-0.00174944
0.000377097
0.000153347
-0.00347111
0.00206457
-0.00332021
0.00174532
8.7428e-05
0.000692667
0.0020801
-0.000453479
0.00250415
-0.00145409
0.00151325
-0.000629104
-0.0015326
0.00122815
-0.00313515
0.0013091
-0.000483264
8.42094e-05
0.00234707
-0.00114828
0.00267774
-0.00183069
0.000892029
-0.000391326
-0.00266787
0.00159936
-0.0034119
0.00144145
-0.000157928
0.000290183
0.00225774
-0.00089747
0.00256153
-0.001651
0.00102208
-0.000336907
-0.00238318
0.00149561
-0.00314418
0.00127899
-2.50213e-06
0.00011591
0.00234317
-0.00108376
0.00254633
-0.00167154
0.000630653
-0.00292355
-0.00334716
0.00955693
-0.00430181
0.00176837
-0.00273123
-0.00445638
-0.00155144
-0.00295298
-0.00110615
-0.00101069
-0.000287119
-0.00214787
0.000935207
-0.0032171
0.00179691
-0.00232006
0.00173588
6.46965e-06
0.000832132
0.00230037
-0.00036585
0.00331608
-0.00149722
0.00302117
-0.00187762
0.000854463
-0.000329196
-0.00377108
0.00168489
-0.0049605
0.00162856
2.45439e-05
0.000247382
0.00383999
-0.00131508
0.00425641
-0.00200417
0.00106618
-7.21139e-05
-0.00540317
0.00214575
-0.00553808
0.00184517
0.000388006
0.000418197
0.00350707
-0.000982049
0.0039044
-0.0018419
0.00237311
-0.00062465
-0.00274985
0.00154952
-0.00530931
0.00169325
-0.000627
0.000289392
0.00375093
-0.00124804
0.00421517
-0.0020824
0.00172639
-0.000475124
-0.00427515
0.0017995
-0.00568653
0.00168369
-4.21171e-05
0.000242205
0.00369922
-0.00124033
0.00404406
-0.00197323
0.00175499
-0.000370654
-0.00398576
0.00175305
-0.00526788
0.00157647
0.000174074
0.000144776
0.00377486
-0.00136433
0.00405544
-0.00194315
0.00120947
-0.00486669
-0.00268976
0.0122467
-0.00391221
0.00299082
-0.00300251
-0.00536608
-0.00189953
-0.00405596
-0.00114299
-0.00176722
-0.000296857
-0.002994
0.000710675
-0.00422464
0.00133986
-0.00294925
0.00121828
0.000128051
0.000480885
0.00303777
-0.000391759
0.00418872
-0.00115582
0.00378523
-0.00135359
0.00105223
-0.000199584
-0.00492508
0.00124035
-0.00640044
0.00126544
-5.45611e-07
0.00042606
0.00467937
-0.000576776
0.00525924
-0.00125735
0.00174675
-0.00016621
-0.0064943
0.0013543
-0.00705859
0.00108052
0.000661784
-6.56908e-06
0.00459417
-0.00092699
0.00482482
-0.00136088
0.002807
-0.000372646
-0.00373808
0.00114058
-0.00682254
0.00121232
-0.000698738
0.000317763
0.00464548
-0.000679562
0.0052125
-0.00134864
0.00239546
-0.000331305
-0.00529248
0.00119552
-0.00721335
0.00106794
8.54611e-05
6.42568e-05
0.0047029
-0.000907102
0.00501541
-0.00138067
0.00222856
-0.000256721
-0.00510971
0.001197
-0.00672161
0.00105095
0.000320127
9.42278e-05
0.00473158
-0.000880177
0.00502985
-0.00129437
0.00162367
-0.00616107
-0.00196986
0.0142166
-0.00337037
0.00439133
-0.00309111
-0.00564535
-0.00216943
-0.00497764
-0.00120594
-0.00273071
-0.00038659
-0.00381335
0.000325468
-0.00493669
0.000690869
-0.00331465
0.000563868
0.000255055
7.03777e-05
0.00353126
-0.000407152
0.00466625
-0.000772127
0.00415021
-0.00078793
0.00106803
-5.34512e-05
-0.00565956
0.000759644
-0.00721353
0.000816567
-5.74703e-05
0.000503846
0.00499209
7.32815e-05
0.00568981
-0.000507753
0.00232779
-0.000262689
-0.00673937
0.00051949
-0.00784077
0.000322339
0.000858937
-0.000298233
0.00521474
-0.000743334
0.00526992
-0.00084474
0.0029084
-0.000107224
-0.0044756
0.000692445
-0.00762221
0.00066253
-0.000668822
0.000311315
0.0049967
-0.000147579
0.0056714
-0.000607629
0.00285551
-0.000186102
-0.00571401
0.000572724
-0.00797218
0.000432896
0.000225289
-4.27082e-05
0.00517851
-0.000502507
0.00547521
-0.000751772
0.00247783
-0.000132923
-0.00572856
0.000611048
-0.00746558
0.000485438
0.000445739
6.9932e-05
0.00514709
-0.000367335
0.00546711
-0.000628672
0.001885
-0.00678974
-0.00106991
0.0152865
-0.00253888
0.0058603
-0.00288035
-0.00530387
-0.00226272
-0.00559528
-0.00128256
-0.00371087
-0.000588788
-0.00450713
-0.00022653
-0.00529895
-0.000118815
-0.00342237
-0.000214013
0.000350254
-0.000342782
0.00366004
-0.000364862
0.00468833
-0.000322506
0.00410785
-0.000200931
0.000946459
9.13575e-05
-0.00595185
0.000265893
-0.00738807
0.000280408
-7.19855e-05
0.000418176
0.00485432
0.000535456
0.00557253
0.000193117
0.00267013
-0.000314612
-0.00623164
-0.000306889
-0.00784849
-0.000315284
0.000867333
-0.00040196
0.00530142
-0.000413221
0.00528118
-0.00024089
0.00273607
0.000146486
-0.00486297
0.000233685
-0.0077094
9.85337e-05
-0.000533672
0.00020897
0.00488626
0.000279542
0.00560082
0.000115476
0.00301958
-3.91802e-05
-0.00555935
-3.81005e-05
-0.00797326
-0.000121981
0.000309169
-7.9094e-05
0.00513562
-5.0559e-05
0.00544668
-7.76599e-05
0.00250493
-9.30711e-06
-0.00579691
3.82255e-05
-0.00751311
-4.23601e-05
0.000526325
3.91216e-05
0.00506561
0.000109783
0.00539645
2.57564e-05
0.00196903
-0.00676398
5.08094e-05
0.0152357
-0.00124502
0.00715613
-0.00222722
-0.00432167
-0.00207895
-0.00574355
-0.00131707
-0.00447275
-0.000870235
-0.00495397
-0.000863672
-0.00530551
-0.000980222
-0.00330582
-0.000980939
0.00035097
-0.000718825
0.00339792
-0.000284849
0.00425436
0.000107161
0.00371584
0.000365485
0.000688136
0.000202222
-0.00578859
-0.00023924
-0.00694661
-0.000272103
-3.91191e-05
0.000202499
0.00437972
0.000780811
0.00499422
0.000730589
0.00272035
-0.000289821
-0.00521123
-0.000965208
-0.0071731
-0.000785734
0.000687858
-0.00035499
0.00487067
4.19684e-05
0.00488422
0.000392348
0.0023857
0.000344225
-0.00481485
-0.000231264
-0.00713392
-0.000433592
-0.000331345
2.78388e-05
0.00442483
0.000569924
0.00505874
0.000709986
0.00287952
9.95645e-05
-0.00494893
-0.000588119
-0.00728557
-0.000567887
0.000288935
-8.27839e-05
0.00465051
0.000386457
0.00497743
0.000556762
0.00233462
0.000100275
-0.00534043
-0.000510155
-0.00690268
-0.000494434
0.000510604
-1.00613e-05
0.00458123
0.000495634
0.00489075
0.000611628
0.00185304
-0.00615235
0.00132522
0.0139104
0.00055424
0.00792711
-0.00103849
-0.00272894
-0.00151409
-0.00526795
-0.00119634
-0.0047905
-0.00110574
-0.00504456
-0.00144146
-0.0049698
-0.0017241
-0.00302317
-0.00156922
0.000196092
-0.000954949
0.00278365
-0.000221423
0.00352083
0.000423568
0.00307085
0.000835877
0.000275829
0.000251372
-0.00520409
-0.00072223
-0.00597301
-0.000731769
-2.95763e-05
-1.46e-06
0.00364941
0.000865203
0.00412755
0.00112864
0.00245691
-0.00013388
-0.00394871
-0.00136044
-0.00594654
-0.00105463
0.000382047
-0.000248393
0.00406444
0.000493758
0.00414207
0.000994473
0.00188498
0.000449366
-0.00426975
-0.000673303
-0.00601125
-0.000813416
-0.000191232
-0.000109615
0.00372104
0.000750963
0.00419816
0.001177
0.00245347
0.000231849
-0.00400377
-0.000984616
-0.00606911
-0.000859325
0.000163642
-8.2331e-05
0.00387352
0.000742299
0.0041528
0.00109757
0.00197935
0.000183391
-0.00442625
-0.000947197
-0.00577209
-0.000821309
0.000384718
-6.04461e-05
0.00382037
0.000773359
0.00405695
0.00106875
0.00155764
-0.0050836
0.00236941
0.011541
0.00248631
0.00781021
0.000594713
-0.000837347
-0.000518791
-0.00415445
-0.000787722
-0.00452157
-0.00112787
-0.00470441
-0.00174509
-0.00435258
-0.00213538
-0.00263288
-0.0018827
-5.6589e-05
-0.00106007
0.00196102
-0.000141813
0.00260257
0.00070556
0.00222347
0.00114917
-0.000167782
0.000218019
-0.00427294
-0.00109832
-0.00465667
-0.00101325
-0.000114644
-0.000165185
0.00280134
0.000853753
0.00310862
0.00136758
0.00194308
8.72147e-05
-0.00266834
-0.0014607
-0.00439862
-0.00116008
8.14296e-05
-0.000163867
0.00306823
0.00081528
0.00316292
0.00139603
0.00130423
0.000455144
-0.00332886
-0.00099432
-0.00456178
-0.00101953
-0.000166026
-0.000183766
0.00288528
0.00085215
0.00316224
0.00145386
0.00185176
0.000340132
-0.00289004
-0.001183
-0.00454598
-0.000999733
-1.96241e-05
-9.43064e-05
0.00296809
0.000915244
0.00314325
0.00142495
0.00146965
0.000232623
-0.00323392
-0.00121537
-0.0043241
-0.000988512
0.000157861
-8.76218e-05
0.00291948
0.000894594
0.00307473
0.00134185
0.00111039
-0.00374175
0.00275275
0.00878827
0.00380107
0.00676188
0.00222343
0.000740297
0.00072771
-0.00265873
-0.000102268
-0.00369159
-0.000859364
-0.00394731
-0.00167893
-0.00353302
-0.00213026
-0.00218155
-0.00186204
-0.000324819
-0.00101964
0.00111863
-5.02015e-05
0.00163314
0.000864177
0.00130909
0.00120533
-0.00050894
0.000101818
-0.00316942
-0.00130243
-0.00325242
-0.00120195
-0.000215128
-0.000295882
0.00189527
0.000695852
0.00211688
0.00134597
0.00129296
0.000268427
-0.0015908
-0.00131473
-0.00281547
-0.00114091
-9.23841e-05
-0.000109727
0.00203705
0.000943965
0.00210923
0.00148281
0.000765386
0.000396264
-0.00224231
-0.00112196
-0.00304355
-0.00111573
-0.000172256
-0.000214568
0.00198412
0.000788499
0.00215918
0.00145426
0.001186
0.000391016
-0.00182679
-0.00117621
-0.00297875
-0.00104917
-0.00014667
-8.54346e-05
0.00200435
0.000921472
0.00213634
0.00144715
0.000943964
0.000250782
-0.00203755
-0.00124908
-0.00282424
-0.00106122
-2.99919e-05
-0.000100548
0.00195881
0.000900078
0.00207411
0.00135642
0.000654045
-0.00238533
0.0024979
0.00629037
0.00401549
0.00524429
0.00321998
0.00153581
0.00181242
-0.00125117
0.000651756
-0.00253092
-0.000378435
-0.00291712
-0.0012875
-0.00262396
-0.00176265
-0.0017064
-0.00157484
-0.000512633
-0.000867001
0.000410788
8.56449e-06
0.000757571
0.00082892
0.000488734
0.00100126
-0.00068128
-5.10014e-05
-0.00211715
-0.00127813
-0.00202529
-0.00121861
-0.000274642
-0.000387416
0.00106408
0.000481059
0.0012484
0.00107003
0.000703987
0.000307044
-0.000827806
-0.00100177
-0.00150666
-0.000960311
-0.00013384
-5.41869e-05
0.00113092
0.000856632
0.00119841
0.00126437
0.000357649
0.000311834
-0.00128977
-0.00101057
-0.00172115
-0.00103543
-0.000147399
-0.000214039
0.00116273
0.000657837
0.0012873
0.00121181
0.000632024
0.000384983
-0.000999968
-0.000951481
-0.00164229
-0.000936119
-0.000162036
-8.12813e-05
0.00114951
0.000785203
0.00126986
0.00120367
0.000525496
0.000239489
-0.00107337
-0.00103308
-0.00155168
-0.000956058
-0.000107013
-0.00010258
0.00110533
0.000773898
0.00119763
0.00111284
0.00031511
-0.00127249
0.00194531
0.00434505
0.00342484
0.00376476
0.00325636
0.00170428
0.00228737
-0.000282179
0.00116832
-0.00141186
0.00011565
-0.00186445
-0.000745777
-0.00176253
-0.00120543
-0.00124674
-0.00114089
-0.000577175
-0.000638112
-9.19895e-05
2.85858e-05
9.08724e-05
0.000621838
-0.00010452
0.000640058
-0.000699499
-0.000188128
-0.00128896
-0.00106167
-0.00115175
-0.00105815
-0.000278162
-0.000436465
0.000442392
0.000228212
0.000583722
0.000642778
0.000289417
0.000192405
-0.000377434
-0.00065417
-0.000660088
-0.000679583
-0.000108429
-3.58747e-05
0.000487212
0.000615519
0.000547017
0.000862161
0.000111009
0.000195616
-0.000623224
-0.000735085
-0.000790444
-0.000795688
-8.6796e-05
-0.000193703
0.000560749
0.000455683
0.000637922
0.000820225
0.00026748
0.000280797
-0.000460544
-0.000630554
-0.000730934
-0.000687827
-0.000104764
-8.09335e-05
0.00054262
0.000550252
0.000638678
0.000815879
0.000259866
0.000188084
-0.000445574
-0.000683183
-0.000680412
-0.000698925
-9.12706e-05
-9.49339e-05
0.000501334
0.00053809
0.000564609
0.000732239
0.000120966
-0.000540252
0.00122613
0.00311893
0.00237465
0.00261625
0.00264017
0.00143877
0.00209278
0.000265218
0.00126341
-0.0005825
0.000416621
-0.00101766
-0.000272857
-0.00107305
-0.000656425
-0.000863172
-0.000663273
-0.00057033
-0.000384218
-0.000371047
3.50078e-05
-0.000328351
0.000355302
-0.000424816
0.00028202
-0.00062622
-0.000252745
-0.000754194
-0.000781017
-0.000623478
-0.000813167
-0.000246013
-0.000443141
7.23647e-05
-1.60334e-05
0.000156614
0.000227578
4.58049e-05
1.38096e-05
-0.000163668
-0.000401434
-0.000244846
-0.000433665
-7.62003e-05
-7.65716e-05
0.000130118
0.00031207
0.000158376
0.000426142
-3.06184e-06
4.53207e-05
-0.000242401
-0.000467603
-0.000277516
-0.000526576
-2.78219e-05
-0.000174207
0.00020838
0.000227577
0.00023614
0.000415547
7.95088e-05
0.000123331
-0.00016833
-0.000361377
-0.000246223
-0.000427389
-3.87514e-05
-8.75983e-05
0.000202826
0.000293371
0.000257709
0.000429615
0.000123622
9.81471e-05
-0.000114105
-0.000369514
-0.000212753
-0.000417149
-4.3636e-05
-8.10808e-05
0.000165265
0.000287591
0.000195935
0.00037486
3.36967e-05
-0.000165388
0.000823453
0.00229547
0.00148089
0.00195881
0.00173448
0.00118517
0.00151411
0.000485595
0.00103466
-0.00010305
0.000480207
-0.000463209
1.25937e-05
-0.000605433
-0.000253944
-0.000596628
-0.000289913
-0.000534366
-0.000159549
-0.000501419
2.34405e-05
-0.00051134
0.000129155
-0.000530525
2.54578e-05
-0.000522521
-0.000263398
-0.000465337
-0.000534084
-0.00035279
-0.000573105
-0.00020699
-0.000397614
-0.000103127
-0.00017325
-6.77511e-05
-5.5352e-05
-7.2094e-05
-0.000123357
-9.56664e-05
-0.000270382
-9.78246e-05
-0.000283012
-6.35724e-05
-0.000124766
-2.81281e-05
5.00993e-05
-1.64869e-05
8.82391e-05
-4.11994e-05
-8.43116e-05
-6.98492e-05
-0.000304116
-5.77104e-05
-0.000328744
-3.19346e-06
-0.000165641
4.52752e-05
3.29813e-05
3.75199e-05
0.000111144
1.3492e-06
-1.21841e-05
-4.50036e-05
-0.000208767
-4.96418e-05
-0.000246419
-1.09918e-06
-9.68756e-05
5.32813e-05
8.77474e-05
7.30882e-05
0.000151485
5.9884e-05
1.9553e-05
1.78276e-05
-0.000175797
-1.74048e-05
-0.00020758
-1.18593e-05
-6.48601e-05
2.25434e-05
0.000103485
2.75923e-05
0.000138159
-9.76605e-07
-2.72285e-05
0.000602465
0.00169301
0.00100584
0.00155544
0.00114758
0.00104343
0.0010678
0.000565376
0.000780301
0.000184457
0.000450991
-0.000133895
0.000167057
-0.000321503
-7.95041e-06
-0.000421624
-6.31546e-05
-0.000479163
-4.50984e-05
-0.000519478
-1.93129e-05
-0.000537125
-3.71164e-05
-0.000512715
-0.000121235
-0.000438397
-0.00024822
-0.000338351
-0.000352753
-0.000248257
-0.000370582
-0.000189158
-0.000310264
-0.000163445
-0.000228821
-0.000149198
-0.000175563
-0.000125356
-0.000177103
-9.41286e-05
-0.000203362
-7.15685e-05
-0.000199166
-6.77691e-05
-0.000155176
-7.21172e-05
-0.000104344
-6.73167e-05
-9.75969e-05
-4.79467e-05
-0.000148763
-1.86852e-05
-0.000207255
7.81224e-07
-0.00021133
8.84231e-07
-0.000152245
-1.38084e-05
-8.25642e-05
-3.21612e-05
-5.31355e-05
-2.80786e-05
-8.55677e-05
-1.25725e-05
-0.000139138
3.92519e-06
-0.000146324
6.08805e-06
-9.48937e-05
1.85392e-06
-2.93108e-05
7.50946e-06
1.90164e-06
2.86705e-05
-2.31261e-05
4.28498e-05
-7.08401e-05
3.03069e-05
-8.38999e-05
1.19914e-06
-4.42558e-05
-1.7103e-05
8.72311e-06
-2.53837e-05
2.57019e-05
-1.7951e-05
-1.52796e-06
0.000478284
0.00121472
0.000822337
0.00121139
0.000944909
0.000920859
0.000900186
0.000610098
0.000759961
0.000324684
0.000535162
9.09097e-05
0.00033526
-0.000121604
0.000185505
-0.000271876
8.50331e-05
-0.000378692
1.33461e-05
-0.000447785
-4.99663e-05
-0.000473808
-0.000115413
-0.000447266
-0.000176566
-0.000377243
-0.000221203
-0.000293711
-0.000242594
-0.000226863
-0.000239535
-0.000192216
-0.00022182
-0.000181162
-0.000200454
-0.000170568
-0.000181321
-0.000144492
-0.00016651
-0.000108939
-0.000155882
-8.21962e-05
-0.000149498
-7.4154e-05
-0.000144455
-7.71617e-05
-0.00014182
-6.99525e-05
-0.000143267
-4.65006e-05
-0.000145645
-1.63085e-05
-0.000144827
-3.62106e-08
-0.000136083
-7.85745e-06
-0.000120751
-2.91376e-05
-0.000109558
-4.33569e-05
-0.000101928
-3.57114e-05
-0.000101024
-1.34765e-05
-9.77846e-05
6.87939e-07
-9.0396e-05
-1.29849e-06
-7.82251e-05
-1.03164e-05
-6.1704e-05
-9.00972e-06
-4.3083e-05
1.00509e-05
-2.88038e-05
2.85664e-05
-2.47632e-05
2.62625e-05
-2.61068e-05
2.54531e-06
-2.14283e-05
-2.17806e-05
-1.57173e-05
-3.10968e-05
-8.91115e-06
-2.4754e-05
-1.0437e-05
0.000371558
0.000843155
0.000689549
0.000893399
0.000857247
0.000753168
0.000889561
0.000577785
0.000825462
0.000388781
0.000713405
0.000202966
0.000554943
3.68589e-05
0.000404227
-0.000121161
0.00026435
-0.000238814
0.000135679
-0.000319111
1.92773e-05
-0.000357403
-7.47476e-05
-0.000353242
-0.000133594
-0.000318396
-0.000159005
-0.000268295
-0.000160796
-0.000225068
-0.000154029
-0.000198986
-0.000149374
-0.000185822
-0.000147428
-0.000172514
-0.000141724
-0.000150194
-0.00012931
-0.000121354
-0.000115318
-9.619e-05
-0.000107372
-8.21009e-05
-0.000109772
-7.47641e-05
-0.000114985
-6.47442e-05
-0.000114362
-4.71246e-05
-0.000103535
-2.71333e-05
-8.77665e-05
-1.58024e-05
-7.64537e-05
-1.91703e-05
-7.45019e-05
-3.10903e-05
-7.90713e-05
-3.87895e-05
-8.0304e-05
-3.448e-05
-7.20166e-05
-2.17632e-05
-6.00979e-05
-1.12279e-05
-5.10205e-05
-1.0373e-05
-4.7258e-05
-1.40794e-05
-4.37918e-05
-1.24774e-05
-3.21428e-05
-1.5952e-06
-1.39819e-05
1.04101e-05
1.07683e-06
1.12017e-05
4.78172e-06
-1.16288e-06
-2.08321e-07
-1.67889e-05
-6.30247e-06
-2.50036e-05
-6.82972e-06
-2.42271e-05
-1.72638e-05
0.000270221
0.000572935
0.000533772
0.000629848
0.000719579
0.000567363
0.000819215
0.000478151
0.000840305
0.00036769
0.000799016
0.000244255
0.000717591
0.000118286
0.000598173
-1.7408e-06
0.000462467
-0.000103107
0.000322898
-0.000179542
0.000192919
-0.000227425
8.63059e-05
-0.000246627
1.0244e-05
-0.00024233
-3.27851e-05
-0.000225263
-5.25037e-05
-0.00020535
-6.22568e-05
-0.000189237
-7.13392e-05
-0.000176741
-8.01586e-05
-0.000163691
-8.41303e-05
-0.000146219
-8.05018e-05
-0.000124985
-7.2478e-05
-0.000104217
-6.68243e-05
-8.77564e-05
-6.62251e-05
-7.53656e-05
-6.71111e-05
-6.38605e-05
-6.31663e-05
-5.10695e-05
-5.16343e-05
-3.86642e-05
-3.71473e-05
-3.02891e-05
-2.75679e-05
-2.87509e-05
-2.6808e-05
-3.18523e-05
-3.14227e-05
-3.41758e-05
-3.39442e-05
-3.19573e-05
-2.9927e-05
-2.578e-05
-2.15478e-05
-1.96079e-05
-1.52225e-05
-1.66979e-05
-1.33641e-05
-1.59355e-05
-1.21815e-05
-1.36573e-05
-5.78994e-06
-7.987e-06
5.89009e-06
-1.26549e-06
1.69661e-05
1.28973e-07
2.02249e-05
-4.42748e-06
1.51244e-05
-1.16909e-05
7.08176e-06
-1.69574e-05
1.40673e-06
-1.85486e-05
-1.58557e-05
0.000188076
0.000384861
0.000386602
0.000431322
0.00055132
0.000402644
0.000671703
0.000357766
0.000742388
0.000297006
0.000763279
0.000223367
0.000739208
0.000142356
0.000676206
6.1259e-05
0.00058653
-1.34315e-05
0.000481725
-7.47394e-05
0.000373431
-0.000119131
0.000274588
-0.00014778
0.000194355
-0.000162094
0.000134721
-0.000165631
9.24311e-05
-0.000163063
6.08756e-05
-0.00015768
3.49819e-05
-0.000150842
1.32119e-05
-0.000141918
-2.76493e-06
-0.000130246
-1.16089e-05
-0.000116145
-1.4606e-05
-0.00010122
-1.5077e-05
-8.72864e-05
-1.52939e-05
-7.51532e-05
-1.47238e-05
-6.4432e-05
-1.1266e-05
-5.45255e-05
-4.20471e-06
-4.57265e-05
4.45519e-06
-3.89513e-05
1.04291e-05
-3.47245e-05
1.16318e-05
-3.30556e-05
9.23864e-06
-3.17851e-05
6.82093e-06
-2.95407e-05
7.01884e-06
-2.59781e-05
9.51978e-06
-2.21089e-05
1.1742e-05
-1.89214e-05
1.22333e-05
-1.64263e-05
1.23187e-05
-1.37356e-05
1.45435e-05
-1.02116e-05
1.95113e-05
-6.23733e-06
2.41687e-05
-4.52513e-06
2.49724e-05
-5.22898e-06
2.06749e-05
-7.39414e-06
1.338e-05
-9.66008e-06
5.9055e-06
-1.10695e-05
-9.94927e-06
0.000130695
0.000254165
0.000274582
0.000287432
0.00040423
0.000272995
0.000512543
0.000249452
0.000593177
0.000216372
0.000641733
0.00017481
0.000656855
0.000127231
0.00064093
7.71797e-05
0.000599837
2.76612e-05
0.000539507
-1.44087e-05
0.000470717
-5.03393e-05
0.000399746
-7.68076e-05
0.0003334
-9.57473e-05
0.000275405
-0.000107637
0.000226278
-0.000113935
0.000184647
-0.000116045
0.000148727
-0.000114918
0.000117929
-0.000111123
9.26392e-05
-0.000104962
7.33676e-05
-9.6875e-05
5.97667e-05
-8.76167e-05
5.05465e-05
-7.80687e-05
4.43084e-05
-6.89204e-05
4.03672e-05
-6.04912e-05
3.8694e-05
-5.28504e-05
3.90346e-05
-4.60699e-05
4.03867e-05
-4.03068e-05
4.13416e-05
-3.56794e-05
4.02666e-05
-3.1981e-05
3.74355e-05
-2.89562e-05
3.41245e-05
-2.62329e-05
3.14741e-05
-2.33316e-05
2.9674e-05
-2.03069e-05
2.81215e-05
-1.73665e-05
2.62892e-05
-1.45979e-05
2.447e-05
-1.19135e-05
2.33416e-05
-9.07811e-06
2.36437e-05
-6.54334e-06
2.38991e-05
-4.7832e-06
2.2464e-05
-3.79035e-06
1.86799e-05
-3.60635e-06
1.29198e-05
-3.89825e-06
6.13649e-06
-4.28511e-06
-3.81313e-06
9.21604e-05
0.000162003
0.000195786
0.000183804
0.000292786
0.000175993
0.000379001
0.000163233
0.000450143
0.000145227
0.000502552
0.000122399
0.000533992
9.57889e-05
0.00054423
6.69406e-05
0.000532544
3.93474e-05
0.000508399
9.73792e-06
0.00047238
-1.43178e-05
0.000431012
-3.54391e-05
0.000386783
-5.15192e-05
0.000343029
-6.3881e-05
0.000301532
-7.24349e-05
0.000263092
-7.7602e-05
0.000228027
-7.98532e-05
0.000196543
-7.96431e-05
0.000168972
-7.7392e-05
0.000145623
-7.35247e-05
0.000126498
-6.84922e-05
0.000111198
-6.27727e-05
9.90699e-05
-5.67944e-05
8.94719e-05
-5.08916e-05
8.18975e-05
-4.52771e-05
7.58926e-05
-4.00684e-05
7.09163e-05
-3.53306e-05
6.63324e-05
-3.1096e-05
6.16973e-05
-2.73502e-05
5.67604e-05
-2.402e-05
5.15146e-05
-2.09865e-05
4.64079e-05
-1.82307e-05
4.16399e-05
-1.554e-05
3.7234e-05
-1.29541e-05
3.31091e-05
-1.04743e-05
2.91668e-05
-7.97466e-06
2.60475e-05
-5.95504e-06
2.34709e-05
-3.96424e-06
2.09314e-05
-2.24552e-06
1.80375e-05
-8.97423e-07
1.43995e-05
3.30101e-08
9.91563e-06
5.87165e-07
4.75928e-06
8.72165e-07
9.4658e-07
6.5126e-05
9.68735e-05
0.000139046
0.000109883
0.000209508
0.000105529
0.00027417
9.8566e-05
0.000330509
8.88854e-05
0.000376228
7.66799e-05
0.00040963
6.2387e-05
0.000429879
4.66917e-05
0.000438803
3.04234e-05
0.000433581
1.49614e-05
0.000420379
-1.1148e-06
0.000399675
-1.47339e-05
0.000374793
-2.66363e-05
0.000346814
-3.59016e-05
0.000317569
-4.31879e-05
0.000288298
-4.833e-05
0.000259913
-5.14697e-05
0.000233086
-5.28172e-05
0.00020832
-5.26256e-05
0.000185958
-5.11622e-05
0.000166169
-4.87067e-05
0.00014892
-4.55273e-05
0.000134014
-4.18858e-05
0.000121132
-3.80082e-05
0.000109925
-3.40752e-05
0.000100071
-3.02173e-05
9.12658e-05
-2.65222e-05
8.32117e-05
-2.30414e-05
7.56614e-05
-1.98067e-05
6.84692e-05
-1.68291e-05
6.15942e-05
-1.41071e-05
5.49892e-05
-1.1629e-05
4.86306e-05
-9.18649e-06
4.26592e-05
-6.97864e-06
3.71282e-05
-4.94024e-06
3.21685e-05
-3.01769e-06
2.7462e-05
-1.24925e-06
2.31874e-05
3.13035e-07
1.92316e-05
1.71172e-06
1.54394e-05
2.89445e-06
1.16371e-05
3.83472e-06
7.70028e-06
4.52421e-06
3.60647e-06
4.96685e-06
4.55433e-06
4.19183e-05
5.49529e-05
8.96045e-05
6.21969e-05
0.000135472
5.96569e-05
0.000178325
5.571e-05
0.000216872
5.03388e-05
0.000249899
4.36541e-05
0.000276429
3.58592e-05
0.000295878
2.72442e-05
0.00030812
1.81826e-05
0.000313822
9.25956e-06
0.00031255
1.57704e-07
0.000305931
-8.11277e-06
0.000294789
-1.54931e-05
0.000280616
-2.17275e-05
0.000264127
-2.66981e-05
0.00024624
-3.04434e-05
0.000227729
-3.29596e-05
0.000209231
-3.43185e-05
0.00019124
-3.46327e-05
0.000174124
-3.40468e-05
0.000158128
-3.27139e-05
0.000143393
-3.07938e-05
0.000129952
-2.84406e-05
0.000117745
-2.57999e-05
0.000106664
-2.29981e-05
9.65842e-05
-2.014e-05
8.73728e-05
-1.73066e-05
7.88943e-05
-1.45611e-05
7.1028e-05
-1.19455e-05
6.36839e-05
-9.48657e-06
5.67884e-05
-7.2071e-06
5.03431e-05
-5.18355e-06
4.43388e-05
-3.18643e-06
3.86774e-05
-1.31724e-06
3.33945e-05
3.45265e-07
2.8514e-05
1.86255e-06
2.40049e-05
3.25831e-06
1.98308e-05
4.48709e-06
1.59995e-05
5.54415e-06
1.24413e-05
6.45367e-06
9.08055e-06
7.19619e-06
5.84416e-06
7.7614e-06
2.67146e-06
8.14065e-06
7.22633e-06
2.60476e-05
2.89042e-05
5.56905e-05
3.2555e-05
8.42998e-05
3.10439e-05
0.000111247
2.87612e-05
0.000135869
2.57185e-05
0.000157571
2.19545e-05
0.000175874
1.75572e-05
0.000190392
1.27268e-05
0.000200956
7.61976e-06
0.000207741
2.4733e-06
0.000210489
-2.59008e-06
0.000209798
-7.42108e-06
0.000206034
-1.17274e-05
0.000199806
-1.54987e-05
0.000191527
-1.84197e-05
0.00018175
-2.06675e-05
0.000170953
-2.2162e-05
0.000159563
-2.29269e-05
0.000147947
-2.30145e-05
0.000136396
-2.24966e-05
0.000125141
-2.14615e-05
0.000114352
-2.00048e-05
0.000104137
-1.82232e-05
9.45491e-05
-1.62103e-05
8.56013e-05
-1.4053e-05
7.72882e-05
-1.18283e-05
6.95848e-05
-9.60003e-06
6.24436e-05
-7.41788e-06
5.583e-05
-5.33466e-06
4.96828e-05
-3.34106e-06
4.3976e-05
-1.49781e-06
3.86419e-05
1.51602e-07
3.38573e-05
1.59545e-06
2.93263e-05
3.21159e-06
2.51377e-05
4.53394e-06
2.12866e-05
5.71336e-06
1.77733e-05
6.77014e-06
1.45661e-05
7.69321e-06
1.16289e-05
8.48139e-06
8.93177e-06
9.1516e-06
6.43483e-06
9.69426e-06
4.09261e-06
1.01047e-05
1.85559e-06
1.03786e-05
9.0813e-06
1.76472e-05
1.12579e-05
3.77214e-05
1.24828e-05
5.71247e-05
1.16381e-05
7.54687e-05
1.04171e-05
9.22605e-05
8.9292e-06
0.00010721
7.00656e-06
0.000120326
4.44152e-06
0.00013115
1.90403e-06
0.000139513
-7.42368e-07
0.000145347
-3.36142e-06
0.000148697
-5.94042e-06
0.000149795
-8.51873e-06
0.000148787
-1.07181e-05
0.000145853
-1.25632e-05
0.000141403
-1.3969e-05
0.00013567
-1.49346e-05
0.000128951
-1.54417e-05
0.000121525
-1.54984e-05
0.000113644
-1.51318e-05
0.000105531
-1.43832e-05
9.73728e-05
-1.33048e-05
8.93241e-05
-1.19561e-05
8.1504e-05
-1.04009e-05
7.39953e-05
-8.70035e-06
6.6856e-05
-6.91534e-06
6.01241e-05
-5.09728e-06
5.38359e-05
-3.30935e-06
4.79717e-05
-1.55142e-06
4.25084e-05
1.27594e-07
3.74649e-05
1.70103e-06
3.28151e-05
3.153e-06
2.8622e-05
4.34566e-06
2.46637e-05
5.5524e-06
2.11003e-05
6.77297e-06
1.78521e-05
7.78114e-06
1.4917e-05
8.64804e-06
1.22897e-05
9.39683e-06
9.94287e-06
1.00391e-05
7.83795e-06
1.05857e-05
5.94748e-06
1.10419e-05
4.23806e-06
1.14037e-05
2.67382e-06
1.1669e-05
1.215e-06
1.18372e-05
1.02956e-05
1.20524e-05
-7.92818e-07
2.57403e-05
-1.20458e-06
3.89946e-05
-1.61911e-06
5.15756e-05
-2.16371e-06
6.33437e-05
-2.83762e-06
7.40212e-05
-3.67143e-06
8.31336e-05
-4.67054e-06
9.07534e-05
-5.71442e-06
9.6753e-05
-6.74176e-06
0.000100952
-7.56139e-06
0.000103773
-8.76124e-06
0.000104974
-9.71925e-06
0.00010469
-1.0432e-05
0.000103031
-1.0902e-05
0.000100202
-1.11393e-05
9.63675e-05
-1.11001e-05
9.17164e-05
-1.07899e-05
8.64394e-05
-1.02195e-05
8.07203e-05
-9.41107e-06
7.47237e-05
-8.38674e-06
6.85956e-05
-7.17806e-06
6.24641e-05
-5.82492e-06
5.64425e-05
-4.37791e-06
5.06077e-05
-2.86486e-06
4.50293e-05
-1.33828e-06
3.9747e-05
1.84139e-07
3.47772e-05
1.66197e-06
3.02258e-05
3.00182e-06
2.61021e-05
4.25105e-06
2.23615e-05
5.44044e-06
1.8904e-05
6.61048e-06
1.5658e-05
7.59216e-06
1.27521e-05
8.45766e-06
1.02843e-05
9.2392e-06
8.14707e-06
9.91726e-06
6.32355e-06
1.0471e-05
4.80066e-06
1.09193e-05
3.57347e-06
1.12657e-05
2.59953e-06
1.15589e-05
1.8151e-06
1.18255e-05
1.19835e-06
1.20196e-05
7.215e-07
1.21449e-05
3.48027e-07
1.22098e-05
1.06437e-05
7.80885e-06
-8.60044e-06
1.65009e-05
-9.8971e-06
2.49172e-05
-1.00376e-05
3.28781e-05
-1.01238e-05
4.02093e-05
-1.01683e-05
4.67181e-05
-1.01813e-05
5.2359e-05
-1.03106e-05
5.69975e-05
-1.03512e-05
6.05466e-05
-1.02902e-05
6.3219e-05
-1.02337e-05
6.45915e-05
-1.01331e-05
6.48e-05
-9.92628e-06
6.39605e-05
-9.59034e-06
6.21579e-05
-9.09771e-06
5.95348e-05
-8.51549e-06
5.62044e-05
-7.76995e-06
5.22968e-05
-6.88223e-06
4.79489e-05
-5.87053e-06
4.33285e-05
-4.78955e-06
3.85624e-05
-3.62063e-06
3.37526e-05
-2.36936e-06
2.89701e-05
-1.04273e-06
2.43964e-05
1.96646e-07
2.00384e-05
1.49373e-06
1.59408e-05
2.75834e-06
1.21687e-05
3.95516e-06
8.76233e-06
5.06887e-06
5.68858e-06
6.07672e-06
2.95832e-06
6.98113e-06
6.2384e-07
7.77367e-06
-1.27178e-06
8.50527e-06
-2.85109e-06
9.1712e-06
-4.09192e-06
9.69788e-06
-4.98286e-06
1.01291e-05
-5.52358e-06
1.04571e-05
-5.76457e-06
1.07116e-05
-5.71975e-06
1.08744e-05
-5.3686e-06
1.09146e-05
-4.83498e-06
1.10252e-05
-4.10435e-06
1.10947e-05
-3.20179e-06
1.11167e-05
-2.15363e-06
1.10965e-05
-1.00599e-06
1.1062e-05
9.63811e-06
3.93563e-06
-1.25358e-05
8.40881e-06
-1.43712e-05
1.2692e-05
-1.43216e-05
1.66555e-05
-1.40856e-05
2.01922e-05
-1.37052e-05
2.32023e-05
-1.31924e-05
2.54627e-05
-1.25697e-05
2.70595e-05
-1.19462e-05
2.79812e-05
-1.1211e-05
2.8127e-05
-1.03786e-05
2.74687e-05
-9.47407e-06
2.60495e-05
-8.50621e-06
2.39394e-05
-7.47905e-06
2.12415e-05
-6.39887e-06
1.80166e-05
-5.29064e-06
1.43919e-05
-4.14594e-06
1.04482e-05
-2.93902e-06
6.23234e-06
-1.65402e-06
2.05632e-06
-6.12341e-07
-2.04261e-06
4.78854e-07
-6.01232e-06
1.60007e-06
-9.74158e-06
2.68649e-06
-1.32355e-05
3.69127e-06
-1.6377e-05
4.63568e-06
-1.91141e-05
5.49453e-06
-2.14161e-05
6.25569e-06
-2.32611e-05
6.91339e-06
-2.46414e-05
7.45724e-06
-2.55265e-05
7.86586e-06
-2.60392e-05
8.2851e-06
-2.61091e-05
8.57405e-06
-2.57209e-05
8.78246e-06
-2.49344e-05
8.91099e-06
-2.37785e-05
8.97283e-06
-2.23018e-05
8.98001e-06
-2.05316e-05
8.94146e-06
-1.85192e-05
8.86242e-06
-1.63559e-05
8.75194e-06
-1.39689e-05
8.6389e-06
-1.13856e-05
8.51203e-06
-8.6266e-06
8.35829e-06
-5.67931e-06
8.14971e-06
-2.65909e-06
8.04234e-06
6.97942e-06
6.87081e-07
-1.32225e-05
1.37469e-06
-1.50594e-05
1.97061e-06
-1.49168e-05
2.36712e-06
-1.44802e-05
2.46739e-06
-1.38063e-05
2.20067e-06
-1.29263e-05
1.51178e-06
-1.18793e-05
2.83791e-07
-1.07168e-05
-1.4658e-06
-9.46046e-06
-3.72402e-06
-8.11983e-06
-6.456e-06
-6.74223e-06
-9.60525e-06
-5.3573e-06
-1.31085e-05
-3.9757e-06
-1.68905e-05
-2.61661e-06
-2.08925e-05
-1.28885e-06
-2.50163e-05
-2.26602e-08
-2.91695e-05
1.21404e-06
-3.32362e-05
2.41377e-06
-3.71482e-05
3.30155e-06
-4.08934e-05
4.2255e-06
-4.43071e-05
5.01447e-06
-4.73393e-05
5.71897e-06
-4.99473e-05
6.29989e-06
-5.20695e-05
6.7582e-06
-5.36668e-05
7.09096e-06
-5.47112e-05
7.29862e-06
-5.51806e-05
7.38198e-06
-5.50923e-05
7.36863e-06
-5.448e-05
7.25329e-06
-5.3268e-05
7.07244e-06
-5.15127e-05
6.81809e-06
-4.92441e-05
6.51371e-06
-4.65138e-05
6.18087e-06
-4.33693e-05
5.82871e-06
-3.98616e-05
5.47273e-06
-3.6044e-05
5.12454e-06
-3.19736e-05
4.7928e-06
-2.77031e-05
4.48233e-06
-2.32594e-05
4.19608e-06
-1.86737e-05
3.92725e-06
-1.39798e-05
3.66522e-06
-9.23308e-06
3.40387e-06
-4.367e-06
3.17703e-06
2.61287e-06
-2.08124e-06
-1.11408e-05
-4.47752e-06
-1.26633e-05
-6.89896e-06
-1.24938e-05
-9.46409e-06
-1.19137e-05
-1.22536e-05
-1.10183e-05
-1.53123e-05
-9.86824e-06
-1.86556e-05
-8.53545e-06
-2.22919e-05
-7.08019e-06
-2.61927e-05
-5.55975e-06
-3.0296e-05
-4.01691e-06
-3.45518e-05
-2.48767e-06
-3.89125e-05
-9.97719e-07
-4.33226e-05
4.34151e-07
-4.77286e-05
1.78999e-06
-5.20707e-05
3.05386e-06
-5.63015e-05
4.2084e-06
-6.03381e-05
5.25136e-06
-6.41203e-05
6.19759e-06
-6.7667e-05
6.85045e-06
-7.08717e-05
7.43219e-06
-7.37064e-05
7.85002e-06
-7.60961e-05
8.1089e-06
-7.79999e-05
8.20379e-06
-7.93773e-05
8.13547e-06
-8.01946e-05
7.90747e-06
-8.04261e-05
7.52869e-06
-8.0057e-05
7.01192e-06
-7.90656e-05
6.37666e-06
-7.74506e-05
5.63806e-06
-7.51952e-05
4.81658e-06
-7.23162e-05
3.93861e-06
-6.88322e-05
3.02968e-06
-6.47716e-05
2.12061e-06
-6.01791e-05
1.23683e-06
-5.51117e-05
4.05945e-07
-4.96372e-05
-3.49166e-07
-4.38279e-05
-1.01578e-06
-3.7765e-05
-1.57971e-06
-3.15338e-05
-2.03445e-06
-2.51969e-05
-2.40881e-06
-1.87956e-05
-2.73516e-06
-1.23455e-05
-3.04514e-06
-5.83101e-06
-3.33641e-06
-3.21745e-06
-4.33911e-06
-6.80138e-06
-9.22799e-06
-7.7746e-06
-1.41077e-05
-7.61226e-06
-1.90819e-05
-6.93924e-06
-2.41834e-05
-5.91849e-06
-2.93807e-05
-4.67195e-06
-3.46197e-05
-3.29711e-06
-3.98322e-05
-1.86848e-06
-4.49561e-05
-4.36825e-07
-4.99366e-05
9.62534e-07
-5.4737e-05
2.31113e-06
-5.93401e-05
3.60462e-06
-6.37321e-05
4.82655e-06
-6.79005e-05
5.95971e-06
-7.18315e-05
6.98633e-06
-7.55125e-05
7.89023e-06
-7.89167e-05
8.65651e-06
-8.19863e-05
9.26851e-06
-8.48115e-05
9.67739e-06
-8.7297e-05
9.91929e-06
-8.94238e-05
9.97725e-06
-9.11583e-05
9.84321e-06
-9.24692e-05
9.51438e-06
-9.33277e-05
8.99365e-06
-9.3703e-05
8.28236e-06
-9.3569e-05
7.3937e-06
-9.28978e-05
6.34003e-06
-9.16605e-05
5.13871e-06
-8.98315e-05
3.80862e-06
-8.73888e-05
2.37311e-06
-8.4313e-05
8.61824e-07
-8.05895e-05
-6.94477e-07
-7.62106e-05
-2.25881e-06
-7.11755e-05
-3.79828e-06
-6.55122e-05
-5.25732e-06
-5.92699e-05
-6.59091e-06
-5.25081e-05
-7.77704e-06
-4.53185e-05
-8.76848e-06
-3.78414e-05
-9.51062e-06
-3.01918e-05
-1.00573e-05
-2.2471e-05
-1.04545e-05
-1.47256e-05
-1.07891e-05
-6.9776e-06
-1.10829e-05
-1.01943e-05
-6.19715e-06
-6.04275e-07
-1.31307e-05
-8.4165e-07
-2.00318e-05
-7.09586e-07
-2.6878e-05
-9.38764e-08
-3.35945e-05
7.96336e-07
-4.00493e-05
1.78183e-06
-4.61358e-05
2.78803e-06
-5.17762e-05
3.77077e-06
-5.69394e-05
4.72503e-06
-6.16283e-05
5.65061e-06
-6.58656e-05
6.5475e-06
-6.96987e-05
7.43763e-06
-7.3168e-05
8.29684e-06
-7.63113e-05
9.10432e-06
-7.91585e-05
9.83501e-06
-8.17323e-05
1.04646e-05
-8.40439e-05
1.09684e-05
-8.60956e-05
1.13209e-05
-8.79195e-05
1.1502e-05
-8.94982e-05
1.14991e-05
-9.08206e-05
1.12998e-05
-9.18735e-05
1.08959e-05
-9.26396e-05
1.02803e-05
-9.31003e-05
9.45435e-06
-9.32326e-05
8.41541e-06
-9.30143e-05
7.17532e-06
-9.24155e-05
5.74168e-06
-9.1406e-05
4.12909e-06
-8.99495e-05
2.35225e-06
-8.80087e-05
4.32091e-07
-8.55415e-05
-1.60612e-06
-8.25044e-05
-3.73193e-06
-7.88351e-05
-5.92904e-06
-7.4476e-05
-8.1574e-06
-6.93917e-05
-1.03419e-05
-6.35549e-05
-1.24271e-05
-5.6988e-05
-1.43433e-05
-4.97452e-05
-1.601e-05
-4.19034e-05
-1.7351e-05
-3.36168e-05
-1.83421e-05
-2.50781e-05
-1.89913e-05
-1.64578e-05
-1.94076e-05
-7.839e-06
-1.97e-05
-1.80327e-05
-7.84119e-06
7.2366e-06
-1.6526e-05
7.8422e-06
-2.50449e-05
7.81053e-06
-3.30715e-05
7.9314e-06
-4.04531e-05
8.177e-06
-4.70205e-05
8.34876e-06
-5.273e-05
8.49606e-06
-5.75956e-05
8.63557e-06
-6.16917e-05
8.81991e-06
-6.51123e-05
9.07109e-06
-6.79723e-05
9.4071e-06
-7.03634e-05
9.82866e-06
-7.23725e-05
1.03066e-05
-7.40714e-05
1.08037e-05
-7.55141e-05
1.12784e-05
-7.67433e-05
1.16938e-05
-7.77899e-05
1.20145e-05
-7.86753e-05
1.22063e-05
-7.94234e-05
1.22501e-05
-8.0041e-05
1.21177e-05
-8.05321e-05
1.17912e-05
-8.08961e-05
1.12599e-05
-8.11281e-05
1.05126e-05
-8.12217e-05
9.54791e-06
-8.11654e-05
8.36037e-06
-8.09474e-05
6.95715e-06
-8.0546e-05
5.34102e-06
-7.99389e-05
3.52161e-06
-7.90949e-05
1.50813e-06
-7.79753e-05
-6.87557e-07
-7.6532e-05
-3.05012e-06
-7.47171e-05
-5.54654e-06
-7.24177e-05
-8.22911e-06
-6.95699e-05
-1.10044e-05
-6.60629e-05
-1.38489e-05
-6.17866e-05
-1.67022e-05
-5.66492e-05
-1.94797e-05
-5.05731e-05
-2.20843e-05
-4.35253e-05
-2.4397e-05
-3.5557e-05
-2.63085e-05
-2.68662e-05
-2.76801e-05
-1.76874e-05
-2.85849e-05
-8.44619e-06
-2.89395e-05
-2.64786e-05
-9.52272e-06
1.67589e-05
-1.96391e-05
1.79574e-05
-2.91334e-05
1.7306e-05
-3.73049e-05
1.61019e-05
-4.41351e-05
1.5007e-05
-4.95793e-05
1.37933e-05
-5.38048e-05
1.27203e-05
-5.69897e-05
1.18203e-05
-5.93346e-05
1.11637e-05
-6.10097e-05
1.07464e-05
-6.21748e-05
1.05718e-05
-6.29496e-05
1.06026e-05
-6.34288e-05
1.07857e-05
-6.36872e-05
1.10615e-05
-6.37784e-05
1.13698e-05
-6.37457e-05
1.16607e-05
-6.3622e-05
1.18902e-05
-6.34318e-05
1.20165e-05
-6.31982e-05
1.20166e-05
-6.29348e-05
1.18559e-05
-6.26556e-05
1.1513e-05
-6.23702e-05
1.0975e-05
-6.20836e-05
1.02274e-05
-6.18037e-05
9.26799e-06
-6.15293e-05
8.08803e-06
-6.12647e-05
6.69226e-06
-6.10017e-05
5.07891e-06
-6.07337e-05
3.25313e-06
-6.04449e-05
1.21878e-06
-6.01104e-05
-1.02204e-06
-5.97026e-05
-3.45908e-06
-5.91437e-05
-6.10475e-06
-5.83978e-05
-8.97584e-06
-5.73485e-05
-1.20526e-05
-5.58731e-05
-1.53245e-05
-5.38104e-05
-1.87635e-05
-5.09781e-05
-2.23112e-05
-4.71586e-05
-2.59022e-05
-4.21357e-05
-2.94184e-05
-3.57147e-05
-3.2728e-05
-2.79134e-05
-3.548e-05
-1.87652e-05
-3.77324e-05
-9.14334e-06
-3.85599e-05
-3.56221e-05
-1.14752e-05
2.82339e-05
-2.23753e-05
2.88564e-05
-3.1791e-05
2.67227e-05
-3.87167e-05
2.30272e-05
-4.37128e-05
2.00035e-05
-4.70359e-05
1.71176e-05
-4.91177e-05
1.48005e-05
-5.02611e-05
1.29639e-05
-5.07323e-05
1.16336e-05
-5.07109e-05
1.07252e-05
-5.03525e-05
1.02127e-05
-4.97552e-05
1.00038e-05
-4.89912e-05
1.00212e-05
-4.81135e-05
1.01827e-05
-4.71583e-05
1.04147e-05
-4.61561e-05
1.06587e-05
-4.51329e-05
1.08665e-05
-4.41083e-05
1.0993e-05
-4.31042e-05
1.10128e-05
-4.21362e-05
1.08899e-05
-4.12238e-05
1.06021e-05
-4.03845e-05
1.01365e-05
-3.96315e-05
9.47647e-06
-3.89852e-05
8.6213e-06
-3.84548e-05
7.55992e-06
-3.80596e-05
6.2964e-06
-3.78061e-05
4.8263e-06
-3.77049e-05
3.15142e-06
-3.77596e-05
1.27245e-06
-3.79651e-05
-8.16307e-07
-3.8312e-05
-3.11415e-06
-3.87666e-05
-5.64923e-06
-3.93043e-05
-8.43983e-06
-3.98442e-05
-1.15116e-05
-4.02854e-05
-1.48841e-05
-4.04735e-05
-1.85744e-05
-4.02078e-05
-2.25768e-05
-3.91998e-05
-2.69092e-05
-3.70917e-05
-3.15258e-05
-3.33984e-05
-3.64207e-05
-2.78058e-05
-4.10716e-05
-1.97063e-05
-4.58319e-05
-1.02613e-05
-4.80035e-05
-4.58839e-05
-1.37403e-05
4.19742e-05
-2.41183e-05
3.92336e-05
-3.19083e-05
3.45135e-05
-3.62318e-05
2.73508e-05
-3.85116e-05
2.22835e-05
-3.93012e-05
1.79086e-05
-3.91885e-05
1.46859e-05
-3.84858e-05
1.22617e-05
-3.74158e-05
1.05623e-05
-3.61403e-05
9.44956e-06
-3.47206e-05
8.79256e-06
-3.32204e-05
8.50194e-06
-3.16671e-05
8.46749e-06
-3.00834e-05
8.59797e-06
-2.84828e-05
8.81433e-06
-2.68791e-05
9.05585e-06
-2.52894e-05
9.2766e-06
-2.37267e-05
9.43195e-06
-2.22114e-05
9.49797e-06
-2.07602e-05
9.44043e-06
-1.93952e-05
9.23883e-06
-1.81406e-05
8.88203e-06
-1.70153e-05
8.35335e-06
-1.60494e-05
7.65416e-06
-1.52604e-05
6.77285e-06
-1.4679e-05
5.71369e-06
-1.43242e-05
4.47168e-06
-1.42199e-05
3.04644e-06
-1.43872e-05
1.43792e-06
-1.48389e-05
-3.64361e-07
-1.55908e-05
-2.36489e-06
-1.6642e-05
-4.5973e-06
-1.79985e-05
-7.08588e-06
-1.9627e-05
-9.88255e-06
-2.14792e-05
-1.30337e-05
-2.34558e-05
-1.65975e-05
-2.54109e-05
-2.06224e-05
-2.70892e-05
-2.52309e-05
-2.812e-05
-3.04949e-05
-2.78506e-05
-3.66903e-05
-2.5665e-05
-4.32565e-05
-2.00212e-05
-5.14764e-05
-1.19009e-05
-5.61224e-05
-5.77855e-05
-1.59042e-05
5.78789e-05
-2.38686e-05
4.71969e-05
-2.8393e-05
3.90381e-05
-2.92884e-05
2.82465e-05
-2.86596e-05
2.16545e-05
-2.71664e-05
1.64168e-05
-2.53322e-05
1.28497e-05
-2.33582e-05
1.02884e-05
-2.13658e-05
8.5689e-06
-1.93891e-05
7.47284e-06
-1.74492e-05
6.85272e-06
-1.55404e-05
6.59178e-06
-1.36511e-05
6.57821e-06
-1.1774e-05
6.72034e-06
-9.90377e-06
6.94424e-06
-8.04063e-06
7.19392e-06
-6.19407e-06
7.42981e-06
-4.37337e-06
7.61292e-06
-2.59679e-06
7.72148e-06
-8.82515e-07
7.72715e-06
7.45793e-07
7.61194e-06
2.25936e-06
7.36772e-06
3.63564e-06
6.97911e-06
4.83829e-06
6.44949e-06
5.84436e-06
5.76822e-06
6.61644e-06
4.93978e-06
7.12752e-06
3.96012e-06
7.34544e-06
2.82772e-06
7.23757e-06
1.54334e-06
6.77883e-06
9.46721e-08
5.93393e-06
-1.52329e-06
4.68032e-06
-3.34306e-06
2.98367e-06
-5.39228e-06
8.32808e-07
-7.73147e-06
-1.7822e-06
-1.04208e-05
-4.83652e-06
-1.35434e-05
-8.2774e-06
-1.71827e-05
-1.19642e-05
-2.15445e-05
-1.56486e-05
-2.68107e-05
-1.87402e-05
-3.35994e-05
-2.05393e-05
-4.14568e-05
-1.8767e-05
-5.32497e-05
-1.36516e-05
-6.12365e-05
-7.14379e-05
-1.69663e-05
7.4846e-05
-2.05574e-05
5.07869e-05
-2.06634e-05
3.91438e-05
-1.81825e-05
2.57656e-05
-1.51732e-05
1.86443e-05
-1.21322e-05
1.33772e-05
-9.32497e-06
1.00408e-05
-6.77321e-06
7.73754e-06
-4.45972e-06
6.25481e-06
-2.32946e-06
5.34263e-06
-3.32302e-07
4.85608e-06
1.58017e-06
4.67849e-06
3.44971e-06
4.70919e-06
5.30222e-06
4.86761e-06
7.15434e-06
5.09216e-06
9.01314e-06
5.3363e-06
1.08729e-05
5.56954e-06
1.27263e-05
5.76083e-06
1.45576e-05
5.89006e-06
1.63449e-05
5.93998e-06
1.80648e-05
5.89301e-06
1.96861e-05
5.74487e-06
2.11844e-05
5.48254e-06
2.2521e-05
5.11056e-06
2.367e-05
4.62023e-06
2.45921e-05
4.01581e-06
2.52565e-05
3.29488e-06
2.56282e-05
2.45543e-06
2.56693e-05
1.49954e-06
2.5349e-05
4.15482e-07
2.46223e-05
-7.99897e-07
2.34547e-05
-2.17476e-06
2.17931e-05
-3.73374e-06
1.95957e-05
-5.53391e-06
1.6808e-05
-7.63526e-06
1.33896e-05
-1.01254e-05
9.30197e-06
-1.30961e-05
4.54649e-06
-1.67896e-05
-8.17275e-07
-2.14471e-05
-6.48006e-06
-2.79375e-05
-1.19262e-05
-3.60101e-05
-1.4881e-05
-5.02961e-05
-1.44549e-05
-6.16615e-05
-8.58935e-05
-1.54742e-05
9.0321e-05
-1.3482e-05
4.87933e-05
-9.01223e-06
3.46732e-05
-4.02134e-06
2.07746e-05
3.76548e-07
1.42451e-05
4.04538e-06
9.70975e-06
7.07097e-06
7.01405e-06
9.59501e-06
5.21462e-06
1.17487e-05
4.10092e-06
1.36495e-05
3.44188e-06
1.5391e-05
3.11533e-06
1.70456e-05
3.02345e-06
1.8669e-05
3.08658e-06
2.02946e-05
3.24211e-06
2.19422e-05
3.44442e-06
2.36209e-05
3.65865e-06
2.5326e-05
3.86368e-06
2.70515e-05
4.03623e-06
2.87787e-05
4.16252e-06
3.04882e-05
4.23004e-06
3.21561e-05
4.22591e-06
3.37507e-05
4.14831e-06
3.52476e-05
3.98709e-06
3.6609e-05
3.74687e-06
3.78087e-05
3.42128e-06
3.88092e-05
3.01381e-06
3.95795e-05
2.52361e-06
4.00862e-05
1.94857e-06
4.02916e-05
1.29172e-06
4.01646e-05
5.4334e-07
3.96593e-05
-2.97596e-07
3.87382e-05
-1.2528e-06
3.73427e-05
-2.34077e-06
3.54164e-05
-3.60732e-06
3.28816e-05
-5.10225e-06
2.96572e-05
-6.90118e-06
2.56442e-05
-9.08399e-06
2.07307e-05
-1.18767e-05
1.4801e-05
-1.55174e-05
7.80477e-06
-2.09421e-05
-2.35976e-08
-2.81811e-05
-7.64395e-06
-4.2677e-05
-1.28276e-05
-5.6477e-05
-9.87218e-05
-9.98584e-06
0.000100307
-2.4849e-06
4.12912e-05
5.49498e-06
2.66924e-05
1.16246e-05
1.46449e-05
1.63151e-05
9.55321e-06
1.9807e-05
6.21904e-06
2.24831e-05
4.33718e-06
2.4581e-05
3.11777e-06
2.62933e-05
2.38872e-06
2.77614e-05
1.97368e-06
2.90933e-05
1.78426e-06
3.03657e-05
1.75085e-06
3.16343e-05
1.81872e-06
3.29313e-05
1.94543e-06
3.42742e-05
2.10138e-06
3.56703e-05
2.26327e-06
3.7115e-05
2.41826e-06
3.86013e-05
2.55048e-06
4.01118e-05
2.65174e-06
4.16272e-05
2.71399e-06
4.31252e-05
2.72851e-06
4.45765e-05
2.69518e-06
4.59581e-05
2.60678e-06
4.72358e-05
2.46717e-06
4.83856e-05
2.27216e-06
4.93742e-05
2.02415e-06
5.01738e-05
1.72333e-06
5.07548e-05
1.36771e-06
5.10841e-05
9.60485e-07
5.1134e-05
4.94486e-07
5.0864e-05
-2.99016e-08
5.02397e-05
-6.27474e-07
4.92071e-05
-1.31014e-06
4.77095e-05
-2.10935e-06
4.56662e-05
-3.06023e-06
4.29823e-05
-4.21736e-06
3.95366e-05
-5.63885e-06
3.51569e-05
-7.49752e-06
2.96265e-05
-9.98705e-06
2.25798e-05
-1.38962e-05
1.38048e-05
-1.94057e-05
2.93322e-06
-3.18065e-05
-7.36178e-06
-4.61813e-05
-0.000106084
2.82901e-07
0.000100025
1.17024e-05
2.98707e-05
2.12604e-05
1.71336e-05
2.71534e-05
8.7519e-06
3.12577e-05
5.44778e-06
3.40587e-05
3.419e-06
3.60843e-05
2.31093e-06
3.75891e-05
1.61375e-06
3.8771e-05
1.20697e-06
3.9762e-05
9.82627e-07
4.06602e-05
8.8665e-07
4.15327e-05
8.78268e-07
4.2426e-05
9.2609e-07
4.33657e-05
1.0061e-06
4.43647e-05
1.10222e-06
4.54277e-05
1.20092e-06
4.65497e-05
1.29569e-06
4.77234e-05
1.37714e-06
4.89337e-05
1.44124e-06
5.01634e-05
1.4836e-06
5.13935e-05
1.49901e-06
5.2599e-05
1.48815e-06
5.37604e-05
1.44647e-06
5.48495e-05
1.3766e-06
5.58461e-05
1.27616e-06
5.67233e-05
1.14634e-06
5.74582e-05
9.87803e-07
5.80276e-05
7.98832e-07
5.84046e-05
5.82037e-07
5.85674e-05
3.32712e-07
5.84841e-05
5.17411e-08
5.81272e-05
-2.69561e-07
5.74533e-05
-6.37624e-07
5.64148e-05
-1.07036e-06
5.4942e-05
-1.58834e-06
5.29482e-05
-2.22365e-06
5.03214e-05
-3.01233e-06
4.68834e-05
-4.05995e-06
4.23969e-05
-5.50043e-06
3.63409e-05
-7.8409e-06
2.82829e-05
-1.13472e-05
1.63893e-05
-1.99138e-05
2.76334e-06
-3.25548e-05
-0.000103321
1.47846e-05
8.52401e-05
2.77285e-05
1.69261e-05
3.65931e-05
8.26854e-06
4.12676e-05
4.07765e-06
4.42926e-05
2.42188e-06
4.62186e-05
1.49361e-06
4.75432e-05
9.85742e-07
4.84801e-05
6.77494e-07
4.91891e-05
4.98083e-07
4.97712e-05
4.00454e-07
5.03001e-05
3.58267e-07
5.08245e-05
3.53734e-07
5.13778e-05
3.733e-07
5.19776e-05
4.06728e-07
5.26321e-05
4.47568e-07
5.3344e-05
4.89544e-07
5.41091e-05
5.30149e-07
5.49212e-05
5.65225e-07
5.57692e-05
5.93122e-07
5.66401e-05
6.12223e-07
5.75197e-05
6.19874e-07
5.83898e-05
6.16916e-07
5.92362e-05
6.00999e-07
6.00383e-05
5.73424e-07
6.07817e-05
5.33233e-07
6.14472e-05
4.80574e-07
6.20183e-05
4.1625e-07
6.24788e-05
3.38858e-07
6.28098e-05
2.50114e-07
6.2996e-05
1.474e-07
6.30152e-05
3.13993e-08
6.28483e-05
-1.01854e-07
6.24649e-05
-2.55115e-07
6.18309e-05
-4.35948e-07
6.08956e-05
-6.53628e-07
5.9594e-05
-9.22038e-07
5.78413e-05
-1.25988e-06
5.54942e-05
-1.71306e-06
5.23514e-05
-2.35756e-06
4.79203e-05
-3.41033e-06
4.17111e-05
-5.13772e-06
3.11849e-05
-9.38831e-06
1.66735e-05
-1.8043e-05
-8.66481e-05
3.26888e-05
5.25512e-05
4.39497e-05
5.66486e-06
5.00397e-05
2.17831e-06
5.30242e-05
1.0935e-06
5.48295e-05
6.15887e-07
5.59394e-05
3.83997e-07
5.66746e-05
2.50092e-07
5.71794e-05
1.73038e-07
5.75509e-05
1.26765e-07
5.785e-05
1.01383e-07
5.81195e-05
8.90234e-08
5.83876e-05
8.55896e-08
5.86731e-05
8.80279e-08
5.89864e-05
9.38384e-08
5.93321e-05
1.01837e-07
5.97119e-05
1.10115e-07
6.01235e-05
1.18277e-07
6.05635e-05
1.25359e-07
6.10257e-05
1.30864e-07
6.15028e-05
1.34715e-07
6.19872e-05
1.35873e-07
6.24684e-05
1.34896e-07
6.2939e-05
1.31066e-07
6.33871e-05
1.24598e-07
6.38051e-05
1.15577e-07
6.41821e-05
1.03488e-07
6.4509e-05
8.91202e-08
6.47768e-05
7.15147e-08
6.49747e-05
5.15305e-08
6.50946e-05
2.82038e-08
6.51235e-05
1.72406e-09
6.50511e-05
-2.87724e-08
6.48596e-05
-6.42124e-08
6.45299e-05
-1.06e-07
6.40327e-05
-1.56778e-07
6.33302e-05
-2.19533e-07
6.23709e-05
-3.00648e-07
6.10674e-05
-4.09805e-07
5.92832e-05
-5.7323e-07
5.67029e-05
-8.30472e-07
5.28873e-05
-1.32188e-06
4.59078e-05
-2.40928e-06
3.37926e-05
-5.92767e-06
-5.28556e-05
5.25511e-05
5.82161e-05
6.03944e-05
6.1488e-05
6.21034e-05
6.24874e-05
6.27375e-05
6.29108e-05
6.30377e-05
6.31389e-05
6.3228e-05
6.33137e-05
6.34019e-05
6.34959e-05
6.35976e-05
6.37079e-05
6.3826e-05
6.39514e-05
6.40823e-05
6.42168e-05
6.43529e-05
6.44874e-05
6.46188e-05
6.47432e-05
6.48588e-05
6.49624e-05
6.50513e-05
6.51231e-05
6.51743e-05
6.52028e-05
6.52043e-05
6.51757e-05
6.51113e-05
6.50054e-05
6.48485e-05
6.46289e-05
6.43282e-05
6.39183e-05
6.33452e-05
6.25145e-05
6.11927e-05
5.87832e-05
5.28556e-05
)
;

boundaryField
{
    movingWall
    {
        type            calculated;
        value           uniform 0;
    }
    fixedWalls
    {
        type            calculated;
        value           uniform 0;
    }
    frontAndBack
    {
        type            empty;
        value           nonuniform 0();
    }
    defaultFaces
    {
        type            empty;
        value           nonuniform 0();
    }
}


// ************************************************************************* //
