/*--------------------------------*- C++ -*----------------------------------*\
  =========                 |
  \\      /  F ield         | OpenFOAM: The Open Source CFD Toolbox
   \\    /   O peration     | Website:  https://openfoam.org
    \\  /    A nd           | Version:  7
     \\/     M anipulation  |
\*---------------------------------------------------------------------------*/
FoamFile
{
    version     2.0;
    format      ascii;
    class       surfaceScalarField;
    location    "0.64";
    object      phi;
}
// * * * * * * * * * * * * * * * * * * * * * * * * * * * * * * * * * * * * * //

dimensions      [0 3 -1 0 0 0 0];

internalField   nonuniform List<scalar> 
3784
(
-0.00229919
0.00229919
-0.00243884
0.000139644
-0.00105591
-0.00138292
0.000140911
-0.00119682
0.000634026
-0.000493116
0.000902129
-0.000268103
0.000864632
3.74956e-05
0.000364486
0.000500145
-0.000473039
0.000837524
-0.00114357
0.000670531
-0.00099848
-0.000145087
9.40377e-05
-0.00109252
0.00125813
-0.00116409
0.00150824
-0.000250113
0.000564644
0.000943599
-0.000955998
0.00152064
-0.00170838
0.000752383
-0.000786032
-0.00092235
0.000829343
-0.00161537
0.00172518
-0.000895833
0.00133959
0.000385591
-4.05919e-05
0.00138018
-0.00128554
0.00124494
-0.00149577
0.000210232
-0.000581103
-0.000914666
0.000811416
-0.00139252
0.001108
-0.000296584
-0.000107107
0.00121511
-0.00154234
0.00143523
-0.00167438
0.000132033
-0.00028119
-0.00139319
0.00120575
-0.00148694
0.00165537
-0.000449623
0.000856813
0.000798558
-0.000597266
0.00145408
-0.0014897
0.000892434
-0.000916642
-0.000573059
0.000516763
-0.0014334
0.00146204
-0.000945271
0.00109621
0.000365823
-0.000318059
0.00141427
-0.00154668
0.00122862
-0.00138105
-0.000165633
-0.00138105
-0.00313832
0.00543751
-0.00355418
0.000555509
-0.00114713
-0.00378997
0.000148374
-0.00249233
0.000461134
-0.000805877
0.000916048
-0.000723014
0.000865996
8.75445e-05
0.000322748
0.00104339
-0.000395129
0.0015554
-0.00111023
0.00138563
-0.00129098
3.56604e-05
4.2498e-05
-0.00242599
0.00166865
-0.00279024
0.00159597
-0.000177441
0.000428106
0.00211147
-0.000810279
0.00275903
-0.00184702
0.00178912
-0.00111133
-0.00165804
0.0012095
-0.0039362
0.00203181
-0.00171814
0.00113409
0.00128331
-4.3438e-06
0.00251861
-0.00128595
0.00252655
-0.00199244
0.000916722
-0.00072996
-0.00217714
0.00115561
-0.00327809
0.00108362
-0.00022459
-0.000168884
0.00246761
-0.00138859
0.00265494
-0.00198015
0.000723595
-0.000408013
-0.00296533
0.00171933
-0.00361428
0.00175657
-0.000486856
0.000695518
0.00185961
-0.000446991
0.00259659
-0.00162736
0.0020728
-0.00129477
-0.000905641
0.000787038
-0.00351522
0.00179234
-0.00195058
0.000923844
0.00123432
-0.000246259
0.00258437
-0.00144375
0.00242612
-0.0018602
0.000250807
-0.00324124
-0.00310229
0.0085398
-0.00378291
0.00123612
-0.00145246
-0.00612041
0.000204117
-0.00414891
0.000631384
-0.00123315
0.00101196
-0.00110359
0.00094565
0.000153856
0.000332801
0.00165625
-0.000537407
0.00242561
-0.00140312
0.00225135
-0.00155932
0.000191856
1.50352e-05
-0.00400035
0.00194444
-0.00471964
0.00199859
-0.000231587
0.000673527
0.00343652
-0.000878539
0.0043111
-0.00215187
0.00306245
-0.00139508
-0.00241483
0.00123988
-0.00657115
0.0022912
-0.00276947
0.00117279
0.00240171
-0.000376717
0.00406812
-0.00181286
0.00396269
-0.00224191
0.00134577
-0.000501221
-0.00391783
0.00161795
-0.00539727
0.00152505
-0.000131692
0.000105626
0.00388703
-0.00141544
0.00417601
-0.00225402
0.00156217
-0.000619086
-0.00460026
0.00186114
-0.00609451
0.00207837
-0.000704083
0.000760565
0.00317741
-0.000746629
0.00410378
-0.0020443
0.00337047
-0.00153751
-0.00141243
0.000903641
-0.00595637
0.00217695
-0.00322389
0.00126841
0.00214286
-0.000219006
0.00407179
-0.0017373
0.00394441
-0.00215442
0.000667921
-0.00539566
-0.00248362
0.0110234
-0.00327356
0.00202606
-0.00173599
-0.00765798
-0.000302402
-0.0055825
0.00027176
-0.00180731
0.000602229
-0.00143406
0.000538886
0.000217196
7.49597e-05
0.00212017
-0.000509104
0.00300967
-0.00105909
0.00280133
-0.00110731
0.000240083
3.56085e-05
-0.00514327
0.00144423
-0.00612826
0.00152289
-0.000310247
0.000585655
0.00437375
-0.00048423
0.00538098
-0.0014205
0.00399872
-0.00101374
-0.00282159
0.000806788
-0.00839168
0.00154121
-0.00350389
0.000623706
0.00331922
-0.000546527
0.00523836
-0.0014999
0.00491607
-0.00158867
0.00143454
-0.000172342
-0.00533416
0.00125304
-0.00682265
0.00115343
-3.2083e-05
0.000271428
0.00476904
-0.000739954
0.00518739
-0.00147265
0.00229486
-0.00050764
-0.00556526
0.00124953
-0.00785168
0.00145091
-0.000905463
0.000449205
0.00417912
-0.000641367
0.00519435
-0.00149954
0.00422865
-0.0010954
-0.00181657
0.000650733
-0.0077025
0.00157431
-0.00414746
0.00094776
0.00276941
-8.2231e-05
0.00510178
-0.00115179
0.00501397
-0.00147635
0.000992485
-0.00687201
-0.00177822
0.0128016
-0.00270534
0.00295318
-0.00194418
-0.00841914
-0.000866153
-0.00666052
-0.000215451
-0.00245801
5.18735e-05
-0.00170139
2.44568e-05
0.000244611
-0.000230066
0.00237469
-0.000508974
0.00328858
-0.000718477
0.00301084
-0.000634228
0.000155833
3.80741e-05
-0.00581557
0.000878014
-0.0069682
0.0009778
-0.00041003
0.000448859
0.00490269
-0.000107852
0.00593769
-0.000630508
0.00452137
-0.000585472
-0.00286662
0.000333836
-0.00931098
0.000778503
-0.00394856
0.000160178
0.00393754
-0.000536369
0.00593491
-0.000978188
0.00535789
-0.000836588
0.00129294
0.000177619
-0.00634837
0.00084095
-0.00748598
0.000703568
0.0001053
0.00034676
0.00512585
-0.000122461
0.00565661
-0.000673722
0.00284612
-0.000375555
-0.00586343
0.000586419
-0.00881366
0.000754242
-0.00107329
0.000163379
0.00476999
-0.000461138
0.00581887
-0.000868954
0.00463646
-0.000611061
-0.00207447
0.0003774
-0.00869096
0.000935294
-0.00470536
0.000555738
0.00314896
1.87102e-05
0.00563881
-0.00052167
0.00555435
-0.000767028
0.00123784
-0.00763904
-0.000982336
0.013784
-0.00198908
0.00395992
-0.00199856
-0.00840966
-0.00141217
-0.00724691
-0.000803204
-0.00306698
-0.000598127
-0.00190646
-0.000573972
0.000220458
-0.00054788
0.0023486
-0.000497418
0.00323812
-0.000342271
0.0028557
-0.000177751
-8.68623e-06
1.69794e-05
-0.00601031
0.000255415
-0.00720663
0.000308715
-0.000463326
0.00024845
0.00496296
0.000237733
0.00594841
0.000160929
0.00459817
-0.000144836
-0.00256085
-0.000126058
-0.00932976
6.56655e-06
-0.00408119
-0.000182499
0.00412661
-0.000314722
0.00606713
-0.000299524
0.00534269
-1.51544e-05
0.00100857
0.000456484
-0.00682001
0.000360876
-0.00739037
0.000153439
0.000312736
0.000262361
0.00501692
0.00033264
0.00558633
9.40944e-05
0.00308467
-0.000228698
-0.00554064
-8.62673e-05
-0.00895608
4.22498e-05
-0.0012018
-7.42101e-05
0.00488645
-0.000162343
0.005907
-0.000127045
0.00460116
-0.000108259
-0.00209325
7.79705e-05
-0.00887719
0.000223127
-0.00485051
0.000129489
0.0032426
7.22213e-05
0.00569608
4.78083e-05
0.00557876
-7.81906e-05
0.00136384
-0.00771723
-0.000158319
0.0139423
-0.00108862
0.00489022
-0.00184656
-0.00765172
-0.00186304
-0.00723043
-0.00141771
-0.00351231
-0.00127006
-0.00205412
-0.00112289
7.3287e-05
-0.000838512
0.00206422
-0.000448708
0.00284831
-2.09538e-05
0.00242794
0.000221017
-0.000250655
-1.9353e-05
-0.00576993
-0.00037741
-0.00684857
-0.000377981
-0.000462758
-7.90104e-06
0.00459287
0.000505683
0.00543483
0.000828353
0.0042755
0.000293688
-0.00202619
-0.000516284
-0.00851979
-0.000678393
-0.00391908
-0.000425492
0.00387371
-2.91666e-05
0.00567081
0.000400976
0.00491255
0.000731712
0.000677836
0.000583925
-0.00667222
-0.000145043
-0.0066614
-0.000383751
0.000551443
7.54183e-05
0.00455775
0.000616048
0.0050457
0.000724298
0.00297642
-3.29419e-05
-0.0047834
-0.000680214
-0.00830881
-0.000593356
-0.00128866
-0.000255847
0.00454894
0.000205394
0.00544576
0.000600524
0.00420603
0.000374911
-0.00186764
-0.000212442
-0.00828984
-0.000475418
-0.00458754
-0.000302634
0.00306982
8.4377e-05
0.00530907
0.000512843
0.00515029
0.000571235
0.00130545
-0.007146
0.000783279
0.013159
6.31263e-05
0.00561037
-0.00142376
-0.00616484
-0.00208002
-0.00657417
-0.00190824
-0.00368409
-0.00181785
-0.00214451
-0.00155766
-0.0001869
-0.00103973
0.00154629
-0.000412526
0.00222111
0.000189604
0.00182581
0.000515114
-0.000576164
-9.39368e-05
-0.00516088
-0.000970614
-0.00597189
-0.000955188
-0.000478186
-0.000271903
0.00390959
0.000632638
0.0045303
0.00124514
0.003663
0.000693244
-0.0014743
-0.000760436
-0.00706611
-0.00123781
-0.00344171
-0.000606971
0.00324288
0.000212625
0.00485121
0.000922323
0.00420285
0.00127688
0.000323285
0.000520119
-0.00591547
-0.000666076
-0.00547521
-0.000782672
0.000668038
-8.18278e-05
0.00385691
0.000781658
0.00418222
0.00118941
0.00256867
0.000196314
-0.0037903
-0.00108978
-0.00702272
-0.00108263
-0.0012958
-0.000381302
0.0038476
0.000494188
0.00457027
0.00111853
0.00358169
0.000797739
-0.00154685
-0.000466217
-0.00702588
-0.00112391
-0.00392985
-0.000691608
0.00263751
7.65135e-05
0.00454095
0.000858038
0.00436877
0.00108266
0.00108082
-0.00606333
0.00177754
0.0113815
0.00146277
0.00592513
-0.000635502
-0.00406656
-0.00188676
-0.00532291
-0.00207566
-0.00349519
-0.00207958
-0.00214059
-0.00175288
-0.000513599
-0.00109145
0.000884857
-0.000332958
0.00146261
0.000375172
0.00111768
0.000682759
-0.00088375
-0.000213552
-0.00426458
-0.00143533
-0.00475012
-0.00140206
-0.000511451
-0.000472388
0.00297992
0.000607524
0.00345039
0.00142908
0.00284144
0.000984156
-0.00102937
-0.000833361
-0.00524858
-0.00158374
-0.00269132
-0.000727983
0.00238712
0.00034688
0.00377635
0.00126392
0.00328581
0.00157852
8.68828e-06
0.000336623
-0.00467357
-0.00105795
-0.00408064
-0.000972133
0.000582223
-0.000150871
0.00303564
0.00086099
0.00317036
0.00147037
0.00195929
0.000406532
-0.00272646
-0.00127344
-0.00534275
-0.0014051
-0.00116414
-0.000482535
0.00292504
0.00060779
0.00347995
0.00142533
0.00276415
0.00108057
-0.00120208
-0.000610231
-0.00533508
-0.00155812
-0.00298196
-0.000896524
0.00197592
8.08182e-05
0.00356361
0.00102827
0.00342131
0.00141887
0.000690216
-0.00464446
0.0024658
0.00891568
0.00279851
0.00559242
0.000509936
-0.00177799
-0.00117658
-0.00363639
-0.00175885
-0.00291291
-0.00192397
-0.00197547
-0.00163488
-0.000802686
-0.000975145
0.000225118
-0.000204824
0.000692284
0.000487651
0.000425204
0.000678904
-0.001075
-0.000348455
-0.00323722
-0.00168619
-0.00341238
-0.00165036
-0.000547276
-0.000609493
0.00193905
0.000484222
0.00235667
0.00141055
0.00191512
0.00107358
-0.000692405
-0.000766597
-0.0034084
-0.00163566
-0.00182227
-0.000747595
0.00149906
0.000395386
0.00263337
0.00142198
0.00225922
0.0015909
-0.000160232
0.000123031
-0.00320571
-0.0012447
-0.00271291
-0.00105245
0.000389974
-0.000161039
0.00214422
0.000810743
0.00219858
0.00149681
0.00127322
0.000541616
-0.00177127
-0.00123218
-0.00356895
-0.00147806
-0.000918262
-0.00046714
0.00191412
0.000618074
0.00239474
0.00151151
0.00187072
0.00117114
-0.000861718
-0.000627422
-0.00353652
-0.00165051
-0.00195887
-0.000967137
0.00129254
0.000105007
0.00249146
0.00114526
0.00238106
0.00151146
0.000324018
-0.00313301
0.00251442
0.00640126
0.00346313
0.00464371
0.00166853
1.66115e-05
-6.1772e-05
-0.00190608
-0.000969837
-0.00200484
-0.00134586
-0.00159946
-0.00121727
-0.000931278
-0.000700805
-0.000291346
-4.655e-05
3.80259e-05
0.000521029
-0.000142381
0.00054369
-0.00109766
-0.000442104
-0.00225143
-0.00164322
-0.00221127
-0.00162793
-0.00056257
-0.000676509
0.000987632
0.00031907
0.00136109
0.00117065
0.00106354
0.000917231
-0.000438986
-0.000615433
-0.00187574
-0.00139249
-0.00104521
-0.000684133
0.000790711
0.000373708
0.00157554
0.00131641
0.00131652
0.0013361
-0.000179919
-1.01955e-05
-0.00185942
-0.00116551
-0.0015576
-0.000976144
0.000200614
-0.000141683
0.00130976
0.000707576
0.00134932
0.00128982
0.000690986
0.000545235
-0.00102669
-0.000993895
-0.00202982
-0.00128784
-0.000624317
-0.000416473
0.00104275
0.000546661
0.0014316
0.00135543
0.00106195
0.00103813
-0.000544418
-0.000530437
-0.00196796
-0.00141263
-0.00107668
-0.000856609
0.000736522
0.000118555
0.0015163
0.00109304
0.00140657
0.00132927
8.77898e-05
-0.00180374
0.00209991
0.00430134
0.00326989
0.00347373
0.00228513
0.00100136
0.000945888
-0.000566833
8.36268e-06
-0.00106731
-0.000510218
-0.00108087
-0.000589153
-0.000852347
-0.000297847
-0.000582655
0.000151775
-0.000411595
0.000514478
-0.000505086
0.000388203
-0.000971386
-0.00042873
-0.0014345
-0.0013103
-0.00132969
-0.00133719
-0.00053568
-0.000642132
0.000292573
0.000134393
0.000584566
0.000764776
0.000433153
0.000589023
-0.000263236
-0.000430885
-0.000855839
-0.000973723
-0.000502366
-0.000511864
0.000328859
0.000297801
0.000765872
0.000988505
0.000625811
0.000932225
-0.000123641
-3.58246e-05
-0.000891373
-0.000856329
-0.000737092
-0.000742336
8.66223e-05
-0.000102503
0.000669928
0.000541893
0.00070492
0.000933089
0.00029979
0.000421792
-0.000515393
-0.000654337
-0.000953696
-0.000917662
-0.000360989
-0.000317953
0.000443042
0.000410375
0.000703276
0.000989269
0.000483058
0.000726068
-0.000281219
-0.000371217
-0.00087067
-0.000989354
-0.000458538
-0.000623787
0.000370957
0.000115472
0.000777035
0.000847401
0.000674642
0.000952255
-1.70641e-05
-0.000851482
0.00135601
0.00294534
0.00241341
0.00241634
0.00219428
0.0012205
0.00144229
0.000185159
0.000730382
-0.000355399
0.000258266
-0.000608755
8.33955e-05
-0.000677472
0.000156356
-0.000655615
0.00036076
-0.000616003
0.000499235
-0.000643562
0.000300369
-0.000772519
-0.000270788
-0.000863342
-0.000827182
-0.000773301
-0.000903525
-0.000459333
-0.000513886
-9.70631e-05
-1.52878e-05
8.59632e-05
0.000359977
5.78824e-05
0.000263854
-0.000167112
-0.000259471
-0.000332508
-0.000551989
-0.000209844
-0.000306508
8.3377e-05
0.000189751
0.000269609
0.000593085
0.000222475
0.000536833
-6.73881e-05
-2.464e-05
-0.000329898
-0.000495942
-0.00026579
-0.000445443
3.61229e-05
-5.36341e-05
0.000278118
0.000357628
0.000293656
0.000557853
9.95666e-05
0.000253184
-0.000210724
-0.00033969
-0.000360823
-0.000526407
-0.00017427
-0.000207428
0.000124065
0.000244192
0.000251654
0.000563186
0.000164065
0.000382812
-0.000100844
-0.000216806
-0.000271051
-0.000563859
-0.000111484
-0.000367653
0.000174751
9.23853e-05
0.000316995
0.000524595
0.000242429
0.000542934
-3.54069e-05
-0.000308546
0.000845114
0.00210022
0.0015054
0.00175605
0.00165673
0.00106916
0.00134737
0.000494521
0.000981571
1.0399e-05
0.000679563
-0.000306751
0.000514021
-0.000511928
0.000469702
-0.000611289
0.000484405
-0.00063071
0.000449311
-0.000608477
0.000252123
-0.000575332
-7.97682e-05
-0.000531447
-0.000384526
-0.000468542
-0.000474771
-0.000369089
-0.000326983
-0.000244852
-8.07707e-05
-0.000160251
9.84759e-05
-0.000121363
6.46979e-05
-0.00013333
-0.000133287
-0.00013452
-0.000249967
-9.31664e-05
-0.00014604
-2.0554e-05
8.84046e-05
3.51619e-05
0.000274516
3.6365e-05
0.000235481
-2.83496e-05
-1.90208e-05
-7.5395e-05
-0.000231336
-5.34777e-05
-0.000214229
1.90147e-05
-2.09901e-05
8.48799e-05
0.000189486
8.31797e-05
0.000267415
2.1638e-05
0.000118084
-6.13927e-05
-0.000139319
-0.00010342
-0.000244003
-6.95849e-05
-0.000118805
-1.1313e-06
9.58546e-05
3.69958e-05
0.000229528
3.03935e-05
0.000138196
-9.51023e-06
-0.000113404
-1.94496e-05
-0.000254724
2.98366e-05
-0.000164392
8.44159e-05
6.10529e-05
9.15472e-05
0.000255502
4.79814e-05
0.000239354
-1.92632e-05
-6.91936e-05
0.000581358
0.00151886
0.000972114
0.0013653
0.00111793
0.000923344
0.0010855
0.000526952
0.000911708
0.000184199
0.00075137
-0.000146411
0.00061685
-0.000377412
0.000514558
-0.000508997
0.000428752
-0.000544904
0.000326549
-0.00050628
0.000188191
-0.000436975
2.84604e-05
-0.000371712
-0.000109848
-0.000330231
-0.00017531
-0.00030363
-0.000147277
-0.000272885
-7.46534e-05
-0.000232871
-1.38188e-05
-0.000182194
-1.6992e-05
-0.000130156
-6.25569e-05
-8.89587e-05
-8.94799e-05
-6.6248e-05
-5.62695e-05
-5.37656e-05
1.94564e-05
-4.05624e-05
7.63904e-05
-2.05681e-05
5.67724e-05
-8.73153e-06
-2.23441e-05
3.721e-06
-8.76695e-05
1.18461e-05
-8.30556e-05
1.44016e-05
-9.05178e-06
1.08785e-05
7.11484e-05
2.97861e-06
9.35656e-05
-7.81929e-07
4.08164e-05
-8.64293e-06
-4.58029e-05
-1.67992e-05
-9.01133e-05
-2.52727e-05
-5.9963e-05
-3.12789e-05
3.87331e-06
-2.68392e-05
4.26438e-05
-8.37483e-06
1.48979e-05
1.8236e-05
-4.89828e-05
4.44301e-05
-7.56913e-05
5.65462e-05
-3.83745e-05
4.70997e-05
3.76459e-05
1.55233e-05
9.08317e-05
-5.20402e-06
7.61712e-05
-4.60181e-06
6.97523e-06
0.000442558
0.0010763
0.000750297
0.00105756
0.000879993
0.000793649
0.000892318
0.000514625
0.000837783
0.000238737
0.000701623
-1.02444e-05
0.000561372
-0.000237162
0.000421047
-0.000368678
0.000292075
-0.000415934
0.000187231
-0.000401434
0.000103368
-0.000353111
3.87433e-05
-0.000307085
-1.0724e-05
-0.000280763
-4.36174e-05
-0.000270734
-5.59381e-05
-0.000260559
-5.46416e-05
-0.000234162
-4.75439e-05
-0.000189293
-4.08211e-05
-0.000136884
-3.5222e-05
-9.45612e-05
-2.96776e-05
-7.17939e-05
-2.12264e-05
-6.22169e-05
-1.02842e-05
-5.15039e-05
-8.01444e-07
-3.0052e-05
-5.41005e-06
-4.12448e-06
-1.5965e-05
1.42769e-05
-2.07832e-05
1.66653e-05
-1.44066e-05
8.02458e-06
2.17157e-06
-5.69938e-06
1.66216e-05
-1.14725e-05
2.07031e-05
-4.86582e-06
1.03707e-05
1.69108e-06
-6.28534e-06
-1.38473e-07
-1.96521e-05
-1.19031e-05
-2.53767e-05
-2.55542e-05
-2.48977e-05
-2.73192e-05
-2.26675e-05
-1.06033e-05
-2.19881e-05
1.75613e-05
-1.85905e-05
4.10338e-05
-7.36837e-06
4.53231e-05
1.17313e-05
2.80017e-05
2.23149e-05
4.93809e-06
2.19157e-05
-4.80867e-06
1.18919e-05
5.42369e-06
1.88689e-05
0.00033415
0.000742143
0.00061437
0.000777342
0.000767429
0.000640595
0.000816416
0.000465638
0.000784283
0.000270865
0.000694805
7.92337e-05
0.000546823
-8.91779e-05
0.000390892
-0.000212748
0.0002516
-0.000276642
0.000143527
-0.000293358
7.39163e-05
-0.000283499
3.40961e-05
-0.000267264
9.36729e-06
-0.00025603
-1.20708e-05
-0.00024929
-3.35302e-05
-0.000239095
-5.0184e-05
-0.00021751
-5.61037e-05
-0.000183381
-4.9006e-05
-0.000143986
-3.43928e-05
-0.000109174
-2.17383e-05
-8.44484e-05
-1.64829e-05
-6.74749e-05
-1.69174e-05
-5.10706e-05
-1.61129e-05
-3.08568e-05
-9.35526e-06
-1.08833e-05
1.07264e-06
3.84975e-06
1.12719e-05
6.46731e-06
1.87831e-05
5.11013e-07
1.94036e-05
-6.32232e-06
1.59791e-05
-8.04731e-06
1.52902e-05
-4.17484e-06
1.69062e-05
7.81084e-08
1.71139e-05
-3.43517e-07
1.21992e-05
-6.98797e-06
6.77456e-07
-1.40332e-05
-1.30548e-05
-1.35871e-05
-1.95807e-05
-4.07565e-06
-1.41097e-05
1.20965e-05
1.51036e-06
2.54197e-05
1.81336e-05
2.86977e-05
2.53029e-05
2.08279e-05
2.00026e-05
1.02387e-05
7.92357e-06
7.26918e-06
-1.76383e-07
1.3523e-05
1.86946e-05
0.000239839
0.000502306
0.000472189
0.000544987
0.000635521
0.000477261
0.000721763
0.000379397
0.000733293
0.000259335
0.00068139
0.000131137
0.000579998
1.2217e-05
0.000451332
-8.40795e-05
0.000325181
-0.000150492
0.000220201
-0.000188377
0.000143248
-0.000206544
9.03454e-05
-0.000214359
5.18958e-05
-0.000217574
1.94517e-05
-0.00021684
-9.75792e-06
-0.000209886
-3.27543e-05
-0.00019452
-4.4755e-05
-0.000171384
-4.45722e-05
-0.000144168
-3.61123e-05
-0.000117634
-2.61539e-05
-9.44097e-05
-1.9326e-05
-7.43059e-05
-1.47928e-05
-5.56032e-05
-8.11374e-06
-3.75351e-05
2.86161e-06
-2.18609e-05
1.78758e-05
-1.11669e-05
3.09954e-05
-6.65304e-06
3.79014e-05
-6.39619e-06
3.8695e-05
-7.11623e-06
3.67099e-05
-6.05961e-06
3.57087e-05
-3.17058e-06
3.64169e-05
-6.28429e-07
3.64805e-05
-4.07763e-07
3.21598e-05
-2.66931e-06
2.27464e-05
-4.62003e-06
1.24351e-05
-3.27194e-06
6.23981e-06
2.1235e-06
8.0874e-06
1.02494e-05
1.62102e-05
1.72998e-05
2.45923e-05
2.03179e-05
2.59843e-05
1.94312e-05
1.89363e-05
1.72854e-05
8.62616e-06
1.75826e-05
1.75607e-06
2.03942e-05
2.04499e-05
0.000166997
0.000335309
0.000341984
0.000369996
0.000484327
0.000334916
0.000582106
0.000281618
0.000628333
0.000213108
0.000623482
0.000135988
0.000576749
5.89523e-05
0.000499524
-6.85389e-06
0.000412782
-6.37493e-05
0.000328536
-0.00010413
0.000254506
-0.000132511
0.000191968
-0.000151816
0.000138641
-0.000164243
9.21e-05
-0.000170299
5.18292e-05
-0.000169619
1.95089e-05
-0.000162203
-2.82877e-06
-0.000149046
-1.48344e-05
-0.000132162
-1.88047e-05
-0.000113667
-1.78753e-05
-9.53419e-05
-1.44005e-05
-7.77796e-05
-8.82582e-06
-6.11779e-05
-3.64194e-07
-4.60003e-05
1.09369e-05
-3.31654e-05
2.32892e-05
-2.35207e-05
3.37467e-05
-1.71119e-05
4.03215e-05
-1.29716e-05
4.29454e-05
-9.73783e-06
4.33586e-05
-6.47007e-06
4.33893e-05
-3.20145e-06
4.36975e-05
-9.38072e-07
4.2613e-05
6.75966e-07
3.86324e-05
1.31131e-06
3.19645e-05
2.04693e-06
2.47136e-05
3.97999e-06
1.95381e-05
7.30425e-06
1.79512e-05
1.18353e-05
1.93301e-05
1.59165e-05
2.07086e-05
1.89428e-05
1.93313e-05
2.08121e-05
1.4443e-05
2.21735e-05
8.24222e-06
2.37843e-05
2.97696e-06
2.56607e-05
2.34257e-05
0.000115899
0.000219408
0.000241745
0.000244147
0.000351628
0.000225034
0.000437539
0.000195708
0.000493207
0.00015744
0.000515945
0.000113247
0.000507781
6.71159e-05
0.000478024
2.29041e-05
0.000428591
-1.43145e-05
0.000374263
-4.9802e-05
0.000318245
-7.64905e-05
0.000263559
-9.71264e-05
0.000211395
-0.000112078
0.000162605
-0.000121511
0.000118429
-0.000125447
8.04231e-05
-0.000124196
4.98933e-05
-0.000118513
2.72427e-05
-0.000109514
1.19699e-05
-9.83997e-05
2.74353e-06
-8.61155e-05
-1.58847e-06
-7.34439e-05
-1.79144e-06
-6.09778e-05
1.48645e-06
-4.92855e-05
7.22825e-06
-3.89093e-05
1.38938e-05
-3.01845e-05
1.98744e-05
-2.30935e-05
2.41752e-05
-1.72735e-05
2.67062e-05
-1.22666e-05
2.80291e-05
-7.79133e-06
2.8693e-05
-3.86623e-06
2.83872e-05
-6.34628e-07
2.7196e-05
1.86483e-06
2.46702e-05
3.83905e-06
2.1032e-05
5.68681e-06
1.69946e-05
8.01298e-06
1.32862e-05
1.10133e-05
1.10528e-05
1.40727e-05
9.91942e-06
1.70469e-05
9.09772e-06
1.9763e-05
7.74028e-06
2.21735e-05
5.61284e-06
2.43036e-05
3.21321e-06
2.61832e-05
1.19141e-06
2.76807e-05
2.46163e-05
8.01222e-05
0.000139284
0.000168558
0.000155707
0.000248395
0.000145196
0.000314989
0.000129112
0.000364401
0.000108024
0.000394383
8.32616e-05
0.000404954
5.65426e-05
0.000398149
2.97101e-05
0.000379648
4.18864e-06
0.000348306
-1.84597e-05
0.000311631
-3.98146e-05
0.000271467
-5.69626e-05
0.000229731
-7.03443e-05
0.000188104
-7.98854e-05
0.000148267
-8.56096e-05
0.000111782
-8.77092e-05
7.98669e-05
-8.65988e-05
5.32193e-05
-8.28692e-05
3.19677e-05
-7.71506e-05
1.58957e-05
-7.0043e-05
4.5467e-06
-6.20957e-05
-2.64189e-06
-5.37944e-05
-6.36995e-06
-4.55617e-05
-7.53516e-06
-3.77433e-05
-7.13181e-06
-3.05876e-05
-6.10855e-06
-2.4119e-05
-5.02547e-06
-1.83557e-05
-4.11112e-06
-1.31792e-05
-3.36881e-06
-8.53552e-06
-2.79807e-06
-4.43682e-06
-2.49842e-06
-9.32615e-07
-2.58374e-06
1.94591e-06
-3.54967e-06
4.80307e-06
-5.1153e-06
7.25697e-06
-6.44228e-06
9.33804e-06
-7.13024e-06
1.16972e-05
-7.48885e-06
1.44346e-05
-7.35387e-06
1.69149e-05
-6.81884e-06
1.92262e-05
-5.98236e-06
2.13355e-05
-4.88702e-06
2.32083e-05
-3.48878e-06
2.47847e-05
-1.76149e-06
2.59528e-05
2.28555e-05
5.4615e-05
8.46674e-05
0.000115346
9.4973e-05
0.00017128
8.92612e-05
0.000219789
8.05977e-05
0.000258569
6.92404e-05
0.000286095
5.57353e-05
0.000301847
4.07923e-05
0.00030635
2.52079e-05
0.000300767
9.77314e-06
0.000286938
-4.62865e-06
0.000265358
-1.82345e-05
0.000238756
-3.03602e-05
0.000208706
-4.02953e-05
0.000176814
-4.79934e-05
0.000144601
-5.33947e-05
0.000113442
-5.65504e-05
8.44626e-05
-5.76226e-05
5.84566e-05
-5.68651e-05
3.58969e-05
-5.45904e-05
1.69759e-05
-5.11226e-05
1.65651e-06
-4.67806e-05
-1.02756e-05
-4.18662e-05
-1.91796e-05
-3.66562e-05
-2.5534e-05
-3.13861e-05
-2.99147e-05
-2.62094e-05
-3.27414e-05
-2.12946e-05
-3.44487e-05
-1.66438e-05
-3.53077e-05
-1.2317e-05
-3.55054e-05
-8.34185e-06
-3.52026e-05
-4.73978e-06
-3.45655e-05
-1.56414e-06
-3.39507e-05
1.3296e-06
-3.31547e-05
4.00229e-06
-3.22276e-05
6.33282e-06
-3.11352e-05
8.24852e-06
-2.97774e-05
1.0337e-05
-2.77753e-05
1.24322e-05
-2.51797e-05
1.43224e-05
-2.20436e-05
1.60917e-05
-1.83716e-05
1.76628e-05
-1.41865e-05
1.90223e-05
-9.53345e-06
2.01315e-05
-4.50843e-06
2.09284e-05
1.83483e-05
3.40427e-05
5.06213e-05
7.20479e-05
5.6965e-05
0.000107552
5.37555e-05
0.000139202
4.89421e-05
0.000165782
4.26568e-05
0.000186372
3.51477e-05
0.000200437
2.67295e-05
0.000207874
1.77715e-05
0.000208984
8.66181e-06
0.000204711
-3.55628e-07
0.000194976
-8.49871e-06
0.000180831
-1.62157e-05
0.000163337
-2.28021e-05
0.000143523
-2.81808e-05
0.000122384
-3.2257e-05
0.000100852
-3.5021e-05
7.97417e-05
-3.65158e-05
5.97159e-05
-3.68409e-05
4.12614e-05
-3.61357e-05
2.46993e-05
-3.45623e-05
1.02085e-05
-3.22943e-05
-2.15582e-06
-2.95037e-05
-1.24531e-05
-2.63552e-05
-2.08413e-05
-2.29951e-05
-2.7495e-05
-1.95584e-05
-3.26526e-05
-1.61386e-05
-3.64794e-05
-1.28118e-05
-3.91567e-05
-9.63553e-06
-4.08543e-05
-6.64698e-06
-4.16985e-05
-3.8962e-06
-4.19211e-05
-1.33626e-06
-4.15637e-05
9.73897e-07
-4.06259e-05
3.06119e-06
-3.92159e-05
4.9231e-06
-3.75821e-05
6.61762e-06
-3.54235e-05
8.17853e-06
-3.26548e-05
9.66222e-06
-2.93149e-05
1.09828e-05
-2.53858e-05
1.2164e-05
-2.09224e-05
1.32003e-05
-1.59772e-05
1.40776e-05
-1.06202e-05
1.47748e-05
-4.95397e-06
1.52626e-05
1.3394e-05
2.12571e-05
2.93619e-05
4.51844e-05
3.30389e-05
6.7787e-05
3.11535e-05
8.83665e-05
2.83602e-05
0.000106293
2.47309e-05
0.000121051
2.03951e-05
0.000132274
1.55101e-05
0.000139763
1.02836e-05
0.000143572
4.85246e-06
0.000143731
-5.14983e-07
0.000140783
-5.54929e-06
0.00013481
-1.0243e-05
0.000126351
-1.43442e-05
0.000115931
-1.77623e-05
0.000104096
-2.04241e-05
9.1376e-05
-2.23038e-05
7.82643e-05
-2.34065e-05
6.51955e-05
-2.37723e-05
5.25287e-05
-2.34678e-05
4.05445e-05
-2.25787e-05
2.94491e-05
-2.12011e-05
1.93833e-05
-1.94377e-05
1.04216e-05
-1.73893e-05
2.58228e-06
-1.51526e-05
-4.16355e-06
-1.28136e-05
-9.85705e-06
-1.04453e-05
-1.45527e-05
-8.11165e-06
-1.83231e-05
-5.8608e-06
-2.12465e-05
-3.72383e-06
-2.34182e-05
-1.72437e-06
-2.48669e-05
1.165e-07
-2.56777e-05
1.78758e-06
-2.59274e-05
3.30999e-06
-2.56574e-05
4.6525e-06
-2.49044e-05
5.8657e-06
-2.36911e-05
6.96573e-06
-2.19655e-05
7.93547e-06
-1.97811e-05
8.79736e-06
-1.71693e-05
9.55193e-06
-1.41668e-05
1.0198e-05
-1.08209e-05
1.07319e-05
-7.1918e-06
1.11457e-05
-3.35519e-06
1.14255e-05
1.0037e-05
1.4847e-05
1.45139e-05
3.16774e-05
1.62104e-05
4.76949e-05
1.51363e-05
6.24699e-05
1.35836e-05
7.56762e-05
1.15267e-05
8.69964e-05
9.07843e-06
9.615e-05
6.35785e-06
0.00010304
3.39391e-06
0.000107539
3.52751e-07
0.000109646
-2.62262e-06
0.000109581
-5.48477e-06
0.00010743
-8.09363e-06
0.000103453
-1.03681e-05
9.79258e-05
-1.22372e-05
9.11571e-05
-1.3658e-05
8.34583e-05
-1.46076e-05
7.51354e-05
-1.50852e-05
6.64737e-05
-1.511e-05
5.77256e-05
-1.47179e-05
4.91056e-05
-1.39582e-05
4.0793e-05
-1.28894e-05
3.29296e-05
-1.15736e-05
2.562e-05
-1.00764e-05
1.89322e-05
-8.46232e-06
1.29078e-05
-6.78949e-06
7.57285e-06
-5.1105e-06
2.92466e-06
-3.46019e-06
-1.0672e-06
-1.86523e-06
-4.42372e-06
-3.66538e-07
-7.16435e-06
1.01657e-06
-9.29364e-06
2.24843e-06
-1.09038e-05
3.40027e-06
-1.19953e-05
4.40168e-06
-1.26321e-05
5.28841e-06
-1.28178e-05
6.05122e-06
-1.25805e-05
6.72821e-06
-1.19606e-05
7.31446e-06
-1.09813e-05
7.81629e-06
-9.67219e-06
8.24087e-06
-8.07096e-06
8.59498e-06
-6.21987e-06
8.87892e-06
-4.1673e-06
9.09104e-06
-1.97173e-06
9.22762e-06
8.06351e-06
1.0588e-05
3.92758e-06
2.25938e-05
4.20804e-06
3.40828e-05
3.6483e-06
4.47294e-05
2.93728e-06
5.43449e-05
1.91444e-06
6.28295e-05
5.96096e-07
6.99545e-05
-7.66709e-07
7.54082e-05
-2.05888e-06
7.93776e-05
-3.61633e-06
8.17848e-05
-5.03061e-06
8.26275e-05
-6.32822e-06
8.20057e-05
-7.47195e-06
8.00438e-05
-8.40607e-06
7.69043e-05
-9.09786e-06
7.27684e-05
-9.52295e-06
6.78304e-05
-9.67073e-06
6.22888e-05
-9.54376e-06
5.6337e-05
-9.1566e-06
5.0153e-05
-8.53166e-06
4.38965e-05
-7.70068e-06
3.77105e-05
-6.70381e-06
3.17207e-05
-5.58338e-06
2.6024e-05
-4.37777e-06
2.06873e-05
-3.12389e-06
1.57719e-05
-1.87437e-06
1.13554e-05
-6.94277e-07
7.41013e-06
4.87327e-07
3.94286e-06
1.60501e-06
9.38483e-07
2.63901e-06
-1.59436e-06
3.54976e-06
-3.6991e-06
4.35466e-06
-5.32103e-06
5.024e-06
-6.52995e-06
5.61096e-06
-7.33896e-06
6.0966e-06
-7.78386e-06
6.49524e-06
-7.88802e-06
6.83155e-06
-7.66278e-06
7.08794e-06
-7.14093e-06
7.29246e-06
-6.3587e-06
7.45615e-06
-5.34743e-06
7.58092e-06
-4.14444e-06
7.67294e-06
-2.79002e-06
7.7335e-06
-1.33201e-06
7.76655e-06
6.73029e-06
6.98849e-06
-3.05899e-06
1.48807e-05
-3.68188e-06
2.2458e-05
-3.9287e-06
2.96172e-05
-4.22132e-06
3.61172e-05
-4.58311e-06
4.17149e-05
-5.00156e-06
4.63774e-05
-5.42947e-06
5.01524e-05
-5.83254e-06
5.27548e-05
-6.21832e-06
5.42583e-05
-6.5347e-06
5.4688e-05
-6.75814e-06
5.40821e-05
-6.86529e-06
5.25172e-05
-6.83971e-06
5.00947e-05
-6.67424e-06
4.69383e-05
-6.36621e-06
4.3182e-05
-5.91485e-06
3.89663e-05
-5.32822e-06
3.44316e-05
-4.6211e-06
2.9711e-05
-3.80982e-06
2.49428e-05
-2.93224e-06
2.02411e-05
-2.00302e-06
1.57127e-05
-1.05557e-06
1.14425e-05
-1.06832e-07
7.47051e-06
8.48899e-07
3.84074e-06
1.75504e-06
5.50389e-07
2.59566e-06
-2.32606e-06
3.36499e-06
-4.7753e-06
4.05626e-06
-6.79172e-06
4.65631e-06
-8.40111e-06
5.15906e-06
-9.61079e-06
5.56461e-06
-1.04647e-05
5.8785e-06
-1.09628e-05
6.10902e-06
-1.11328e-05
6.26569e-06
-1.09959e-05
6.35713e-06
-1.05425e-05
6.37716e-06
-9.82788e-06
6.37229e-06
-8.87475e-06
6.33801e-06
-7.70588e-06
6.28556e-06
-6.35509e-06
6.22801e-06
-4.85382e-06
6.16922e-06
-3.23361e-06
6.1106e-06
-1.52603e-06
6.05629e-06
5.2033e-06
3.84669e-06
-6.90386e-06
8.16542e-06
-7.99837e-06
1.22982e-05
-8.0607e-06
1.61213e-05
-8.04259e-06
1.95006e-05
-7.96078e-06
2.23116e-05
-7.81364e-06
2.44779e-05
-7.59537e-06
2.59477e-05
-7.30042e-06
2.66549e-05
-6.92456e-06
2.65854e-05
-6.46489e-06
2.57506e-05
-5.92265e-06
2.41947e-05
-5.30807e-06
2.19869e-05
-4.63034e-06
1.92093e-05
-3.89535e-06
1.59532e-05
-3.10975e-06
1.23372e-05
-2.29978e-06
8.4769e-06
-1.46905e-06
4.4697e-06
-6.1444e-07
4.0992e-07
2.49918e-07
-3.54925e-06
1.02638e-06
-7.28337e-06
1.72978e-06
-1.07834e-05
2.44344e-06
-1.399e-05
3.10001e-06
-1.68313e-05
3.69077e-06
-1.92771e-05
4.20061e-06
-2.13036e-05
4.62179e-06
-2.28887e-05
4.9508e-06
-2.40215e-05
5.19038e-06
-2.47088e-05
5.34432e-06
-2.49692e-05
5.41933e-06
-2.4825e-05
5.42033e-06
-2.43032e-05
5.35692e-06
-2.34337e-05
5.23949e-06
-2.2249e-05
5.08061e-06
-2.07809e-05
4.88841e-06
-1.9076e-05
4.67166e-06
-1.71499e-05
4.44563e-06
-1.50307e-05
4.21831e-06
-1.27453e-05
3.99924e-06
-1.03149e-05
3.79636e-06
-7.76329e-06
3.61595e-06
-5.11509e-06
3.46045e-06
-2.39753e-06
3.33662e-06
2.80504e-06
1.04928e-06
-7.9515e-06
2.18406e-06
-9.13082e-06
3.21714e-06
-9.09215e-06
4.03438e-06
-8.85714e-06
4.52539e-06
-8.4509e-06
4.60014e-06
-7.8893e-06
4.19657e-06
-7.19047e-06
3.27411e-06
-6.37603e-06
1.81929e-06
-5.4689e-06
-1.55377e-07
-4.48986e-06
-2.61199e-06
-3.46588e-06
-5.50399e-06
-2.41608e-06
-8.74758e-06
-1.38662e-06
-1.22728e-05
-3.70079e-07
-1.60379e-05
6.54597e-07
-1.9906e-05
1.56648e-06
-2.37718e-05
2.39462e-06
-2.76021e-05
3.21429e-06
-3.12452e-05
3.89224e-06
-3.46609e-05
4.44134e-06
-3.78384e-05
4.90621e-06
-4.06664e-05
5.27055e-06
-4.30905e-05
5.52431e-06
-4.50616e-05
5.66256e-06
-4.65473e-05
5.68662e-06
-4.75254e-05
5.59995e-06
-4.79828e-05
5.40897e-06
-4.79158e-05
5.12472e-06
-4.73311e-05
4.76077e-06
-4.62434e-05
4.33231e-06
-4.46787e-05
3.85618e-06
-4.26678e-05
3.34686e-06
-4.02454e-05
2.81795e-06
-3.7448e-05
2.28391e-06
-3.43378e-05
1.77853e-06
-3.09827e-05
1.31667e-06
-2.74247e-05
8.87646e-07
-2.37045e-05
4.97783e-07
-1.98581e-05
1.52248e-07
-1.59148e-05
-1.4791e-07
-1.1895e-05
-4.05127e-07
-7.80941e-06
-6.26536e-07
-3.66331e-06
-8.10875e-07
-8.58509e-07
-1.48875e-06
-6.46097e-06
-3.1975e-06
-7.41941e-06
-4.95371e-06
-7.33324e-06
-6.87641e-06
-6.93121e-06
-9.058e-06
-6.26866e-06
-1.15498e-05
-5.39751e-06
-1.43684e-05
-4.3704e-06
-1.75074e-05
-3.23616e-06
-2.09211e-05
-2.05537e-06
-2.45434e-05
-8.68478e-07
-2.83448e-05
3.33907e-07
-3.2318e-05
1.55514e-06
-3.63155e-05
2.60926e-06
-4.03243e-05
3.63749e-06
-4.42598e-05
4.5886e-06
-4.81065e-05
5.4109e-06
-5.18262e-05
6.11191e-06
-5.53215e-05
6.70793e-06
-5.85552e-05
7.12518e-06
-6.15107e-05
7.39624e-06
-6.41269e-05
7.52174e-06
-6.63518e-05
7.49464e-06
-6.81398e-05
7.31235e-06
-6.94542e-05
6.97742e-06
-7.02631e-05
6.49601e-06
-7.0541e-05
5.87813e-06
-7.02682e-05
5.13684e-06
-6.94311e-05
4.28892e-06
-6.80236e-05
3.35464e-06
-6.60464e-05
2.35632e-06
-6.35085e-05
1.31941e-06
-6.043e-05
2.69673e-07
-5.68313e-05
-7.79255e-07
-5.27222e-05
-1.82382e-06
-4.81849e-05
-2.75763e-06
-4.33204e-05
-3.5471e-06
-3.81752e-05
-4.25721e-06
-3.28247e-05
-4.85275e-06
-2.73441e-05
-5.32876e-06
-2.17954e-05
-5.69722e-06
-1.6218e-05
-5.98332e-06
-1.06268e-05
-6.21821e-06
-5.01748e-06
-6.42066e-06
-5.87577e-06
-3.79888e-06
-2.6603e-06
-8.06553e-06
-3.14973e-06
-1.23552e-05
-3.0401e-06
-1.67723e-05
-2.51081e-06
-2.13335e-05
-1.70694e-06
-2.60155e-05
-7.15162e-07
-3.07595e-05
3.74197e-07
-3.55128e-05
1.51641e-06
-4.01963e-05
2.62636e-06
-4.47156e-05
3.64842e-06
-4.90801e-05
4.6954e-06
-5.32292e-05
5.70123e-06
-5.72215e-05
6.5992e-06
-6.10034e-05
7.41787e-06
-6.45508e-05
8.13433e-06
-6.78713e-05
8.72929e-06
-7.09526e-05
9.19116e-06
-7.37545e-05
9.50814e-06
-7.62898e-05
9.65985e-06
-7.85365e-05
9.64223e-06
-8.04634e-05
9.44789e-06
-8.20435e-05
9.0735e-06
-8.32474e-05
8.51591e-06
-8.40488e-05
7.77872e-06
-8.44199e-05
6.86745e-06
-8.43338e-05
5.79226e-06
-8.37635e-05
4.56697e-06
-8.2682e-05
3.20842e-06
-8.10647e-05
1.73851e-06
-7.88921e-05
1.84965e-07
-7.61323e-05
-1.43945e-06
-7.27735e-05
-3.08801e-06
-6.88155e-05
-4.73606e-06
-6.42844e-05
-6.3537e-06
-5.91816e-05
-7.8592e-06
-5.35051e-05
-9.22266e-06
-4.73479e-05
-1.04137e-05
-4.08083e-05
-1.13919e-05
-3.40054e-05
-1.21314e-05
-2.70642e-05
-1.26382e-05
-2.00943e-05
-1.2953e-05
-1.31522e-05
-1.31599e-05
-6.23719e-06
-1.33355e-05
-1.21127e-05
-5.86004e-06
3.20157e-06
-1.23789e-05
3.37212e-06
-1.88982e-05
3.48244e-06
-2.54066e-05
4e-06
-3.17842e-05
4.67075e-06
-3.79142e-05
5.41499e-06
-4.36828e-05
6.14237e-06
-4.89895e-05
6.82133e-06
-5.38091e-05
7.44357e-06
-5.81876e-05
8.02416e-06
-6.21106e-05
8.6155e-06
-6.56118e-05
9.19971e-06
-6.87654e-05
9.75058e-06
-7.1597e-05
1.0248e-05
-7.41364e-05
1.06723e-05
-7.64121e-05
1.10031e-05
-7.84423e-05
1.12194e-05
-8.02367e-05
1.13006e-05
-8.18065e-05
1.12289e-05
-8.31587e-05
1.09931e-05
-8.42821e-05
1.05707e-05
-8.517e-05
9.95962e-06
-8.58066e-05
9.15214e-06
-8.6178e-05
8.14987e-06
-8.62639e-05
6.95421e-06
-8.60431e-05
5.57225e-06
-8.54888e-05
4.0139e-06
-8.45698e-05
2.29134e-06
-8.32504e-05
4.21064e-07
-8.15029e-05
-1.56016e-06
-7.92622e-05
-3.67814e-06
-7.64932e-05
-5.85518e-06
-7.31479e-05
-8.07957e-06
-6.91895e-05
-1.03106e-05
-6.45477e-05
-1.24994e-05
-5.91796e-05
-1.45895e-05
-5.30861e-05
-1.65059e-05
-4.63129e-05
-1.81638e-05
-3.89625e-05
-1.94808e-05
-3.11894e-05
-2.041e-05
-2.31967e-05
-2.0945e-05
-1.51551e-05
-2.12006e-05
-7.19305e-06
-2.12971e-05
-1.93057e-05
-7.68522e-06
1.08884e-05
-1.61081e-05
1.17972e-05
-2.43882e-05
1.17649e-05
-3.22041e-05
1.1817e-05
-3.94212e-05
1.18877e-05
-4.58346e-05
1.18285e-05
-5.13766e-05
1.16838e-05
-5.60551e-05
1.14979e-05
-5.99472e-05
1.1334e-05
-6.31707e-05
1.12459e-05
-6.58202e-05
1.1263e-05
-6.79936e-05
1.13712e-05
-6.97829e-05
1.1538e-05
-7.12578e-05
1.17216e-05
-7.24743e-05
1.18871e-05
-7.3478e-05
1.20046e-05
-7.43025e-05
1.2042e-05
-7.49768e-05
1.19722e-05
-7.55174e-05
1.17688e-05
-7.59433e-05
1.14169e-05
-7.62576e-05
1.08847e-05
-7.64689e-05
1.01686e-05
-7.65722e-05
9.25549e-06
-7.65674e-05
8.1445e-06
-7.64447e-05
6.83252e-06
-7.61937e-05
5.32236e-06
-7.57975e-05
3.61896e-06
-7.52315e-05
1.72762e-06
-7.44696e-05
-3.38713e-07
-7.3456e-05
-2.57082e-06
-7.21668e-05
-4.96462e-06
-7.05259e-05
-7.49338e-06
-6.8465e-05
-1.01378e-05
-6.58933e-05
-1.28802e-05
-6.26945e-05
-1.56959e-05
-5.87474e-05
-1.85349e-05
-5.39384e-05
-2.13132e-05
-4.81856e-05
-2.3915e-05
-4.14683e-05
-2.61971e-05
-3.38413e-05
-2.80356e-05
-2.55168e-05
-2.92689e-05
-1.67414e-05
-2.99754e-05
-7.96574e-06
-3.00726e-05
-2.72717e-05
-9.39734e-06
2.02866e-05
-1.92953e-05
2.16963e-05
-2.85965e-05
2.10673e-05
-3.65797e-05
1.98006e-05
-4.32451e-05
1.85534e-05
-4.85501e-05
1.7134e-05
-5.2637e-05
1.57707e-05
-5.56775e-05
1.45375e-05
-5.78663e-05
1.35223e-05
-5.93866e-05
1.27657e-05
-6.03928e-05
1.22681e-05
-6.10087e-05
1.19858e-05
-6.13304e-05
1.18578e-05
-6.14306e-05
1.18201e-05
-6.13652e-05
1.18198e-05
-6.11791e-05
1.18159e-05
-6.09047e-05
1.17659e-05
-6.05744e-05
1.16387e-05
-6.02052e-05
1.13996e-05
-5.98203e-05
1.10296e-05
-5.9429e-05
1.04944e-05
-5.9051e-05
9.78874e-06
-5.86894e-05
8.89507e-06
-5.83563e-05
7.81143e-06
-5.80537e-05
6.53167e-06
-5.77842e-05
5.05473e-06
-5.75455e-05
3.38184e-06
-5.73267e-05
1.51146e-06
-5.71132e-05
-5.50232e-07
-5.68743e-05
-2.8068e-06
-5.65826e-05
-5.25367e-06
-5.6188e-05
-7.88562e-06
-5.5618e-05
-1.07049e-05
-5.47764e-05
-1.372e-05
-5.35289e-05
-1.6941e-05
-5.17062e-05
-2.0356e-05
-4.9109e-05
-2.3909e-05
-4.55169e-05
-2.75055e-05
-4.07243e-05
-3.09894e-05
-3.45341e-05
-3.42246e-05
-2.69778e-05
-3.68255e-05
-1.81047e-05
-3.88483e-05
-8.80255e-06
-3.93748e-05
-3.60748e-05
-1.12567e-05
3.15434e-05
-2.18439e-05
3.22841e-05
-3.09643e-05
3.01882e-05
-3.76082e-05
2.64448e-05
-4.23446e-05
2.32908e-05
-4.5442e-05
2.02324e-05
-4.73121e-05
1.76414e-05
-4.82567e-05
1.5482e-05
-4.85319e-05
1.37978e-05
-4.83323e-05
1.25663e-05
-4.78058e-05
1.17406e-05
-4.70564e-05
1.12352e-05
-4.61568e-05
1.09562e-05
-4.51572e-05
1.08186e-05
-4.40945e-05
1.07555e-05
-4.3001e-05
1.07195e-05
-4.18977e-05
1.06616e-05
-4.08133e-05
1.0551e-05
-3.97592e-05
1.03467e-05
-3.87619e-05
1.00299e-05
-3.78311e-05
9.56596e-06
-3.69936e-05
8.94976e-06
-3.62584e-05
8.16206e-06
-3.56473e-05
7.20086e-06
-3.51727e-05
6.05922e-06
-3.48492e-05
4.73355e-06
-3.4689e-05
3.22324e-06
-3.46965e-05
1.52187e-06
-3.48747e-05
-3.70454e-07
-3.52176e-05
-2.46146e-06
-3.57151e-05
-4.75395e-06
-3.63448e-05
-7.25434e-06
-3.70622e-05
-9.98526e-06
-3.78e-05
-1.29812e-05
-3.84478e-05
-1.62917e-05
-3.88467e-05
-1.99561e-05
-3.87824e-05
-2.3973e-05
-3.79645e-05
-2.83224e-05
-3.60485e-05
-3.29061e-05
-3.25395e-05
-3.7733e-05
-2.71302e-05
-4.22357e-05
-1.92319e-05
-4.67469e-05
-1.00159e-05
-4.8591e-05
-4.60916e-05
-1.33741e-05
4.49171e-05
-2.33006e-05
4.22113e-05
-3.06497e-05
3.75377e-05
-3.45499e-05
3.03457e-05
-3.64349e-05
2.51774e-05
-3.68718e-05
2.06703e-05
-3.64336e-05
1.7204e-05
-3.54373e-05
1.44859e-05
-3.41068e-05
1.24679e-05
-3.25828e-05
1.10425e-05
-3.09568e-05
1.01137e-05
-2.92812e-05
9.55845e-06
-2.75878e-05
9.26095e-06
-2.58952e-05
9.12422e-06
-2.42158e-05
9.07519e-06
-2.25658e-05
9.06681e-06
-2.09528e-05
9.04894e-06
-1.94002e-05
8.99497e-06
-1.79128e-05
8.86149e-06
-1.65194e-05
8.63396e-06
-1.52283e-05
8.27811e-06
-1.40709e-05
7.79101e-06
-1.30604e-05
7.1541e-06
-1.22251e-05
6.36606e-06
-1.15854e-05
5.42113e-06
-1.11643e-05
4.31453e-06
-1.09857e-05
3.0455e-06
-1.10667e-05
1.60513e-06
-1.14266e-05
-9.63634e-09
-1.20792e-05
-1.80739e-06
-1.30356e-05
-3.79615e-06
-1.43019e-05
-5.98764e-06
-1.58701e-05
-8.41562e-06
-1.77181e-05
-1.11333e-05
-1.97891e-05
-1.42202e-05
-2.19829e-05
-1.7762e-05
-2.41442e-05
-2.18124e-05
-2.60153e-05
-2.64507e-05
-2.72415e-05
-3.16814e-05
-2.71556e-05
-3.78186e-05
-2.51371e-05
-4.42555e-05
-1.96618e-05
-5.22232e-05
-1.17204e-05
-5.65327e-05
-5.78131e-05
-1.54134e-05
6.03302e-05
-2.2823e-05
4.96218e-05
-2.67948e-05
4.15099e-05
-2.7154e-05
3.07057e-05
-2.60218e-05
2.40466e-05
-2.40684e-05
1.87175e-05
-2.18116e-05
1.49478e-05
-1.94597e-05
1.21341e-05
-1.71294e-05
1.01381e-05
-1.48649e-05
8.7783e-06
-1.26814e-05
7.9293e-06
-1.05742e-05
7.45042e-06
-8.53372e-06
7.21911e-06
-6.55007e-06
7.1391e-06
-4.61531e-06
7.14036e-06
-2.73296e-06
7.18206e-06
-9.00515e-07
7.21794e-06
8.63203e-07
7.22786e-06
2.5573e-06
7.17029e-06
4.15227e-06
7.03611e-06
5.64003e-06
6.79377e-06
6.98686e-06
6.44268e-06
8.1764e-06
5.96683e-06
9.17699e-06
5.3657e-06
9.96322e-06
4.63568e-06
1.05073e-05
3.77194e-06
1.07783e-05
2.77448e-06
1.07508e-05
1.63402e-06
1.03946e-05
3.46717e-07
9.68286e-06
-1.09522e-06
8.58824e-06
-2.70081e-06
7.08221e-06
-4.48216e-06
5.14293e-06
-6.47558e-06
2.74968e-06
-8.74076e-06
-1.00345e-07
-1.13704e-05
-3.38547e-06
-1.4477e-05
-7.04812e-06
-1.81511e-05
-1.09453e-05
-2.25531e-05
-1.48424e-05
-2.77862e-05
-1.81353e-05
-3.45258e-05
-2.01092e-05
-4.22831e-05
-1.84936e-05
-5.38401e-05
-1.3525e-05
-6.15017e-05
-7.13393e-05
-1.6415e-05
7.67451e-05
-1.94184e-05
5.2626e-05
-1.89315e-05
4.1023e-05
-1.58672e-05
2.76418e-05
-1.23047e-05
2.04852e-05
-8.75006e-06
1.51631e-05
-5.47104e-06
1.16692e-05
-2.50067e-06
9.16372e-06
1.78947e-07
7.4586e-06
2.61906e-06
6.3384e-06
4.87377e-06
5.67398e-06
6.99382e-06
5.33003e-06
9.01842e-06
5.19387e-06
1.09751e-05
5.18127e-06
1.28836e-05
5.23247e-06
1.47473e-05
5.31617e-06
1.65738e-05
5.39361e-06
1.83471e-05
5.45126e-06
2.00671e-05
5.45342e-06
2.17047e-05
5.39542e-06
2.32507e-05
5.25084e-06
2.4671e-05
5.02062e-06
2.59471e-05
4.69238e-06
2.70466e-05
4.26611e-06
2.7942e-05
3.74039e-06
2.86039e-05
3.11098e-06
2.89989e-05
2.37882e-06
2.90979e-05
1.53579e-06
2.88658e-05
5.7845e-07
2.82695e-05
-4.9905e-07
2.72735e-05
-1.70443e-06
2.58374e-05
-3.04708e-06
2.39213e-05
-4.5591e-06
2.14757e-05
-6.29602e-06
1.84514e-05
-8.34662e-06
1.48013e-05
-1.08271e-05
1.04847e-05
-1.38362e-05
5.50666e-06
-1.75748e-05
-8.09319e-08
-2.22006e-05
-5.9572e-06
-2.86498e-05
-1.15893e-05
-3.66523e-05
-1.46936e-05
-5.07373e-05
-1.43829e-05
-6.18129e-05
-8.57234e-05
-1.49314e-05
9.16766e-05
-1.23809e-05
5.0076e-05
-7.34659e-06
3.59886e-05
-1.79603e-06
2.20913e-05
3.14162e-06
1.55481e-05
7.32002e-06
1.09847e-05
1.08132e-05
8.1763e-06
1.3749e-05
6.22783e-06
1.6257e-05
4.95053e-06
1.84549e-05
4.14053e-06
2.0441e-05
3.68745e-06
2.22922e-05
3.47885e-06
2.40617e-05
3.4244e-06
2.57831e-05
3.45912e-06
2.74792e-05
3.53744e-06
2.91552e-05
3.63813e-06
3.08196e-05
3.73166e-06
3.24577e-05
3.8101e-06
3.40683e-05
3.8458e-06
3.56235e-05
3.83717e-06
3.71127e-05
3.76416e-06
3.85031e-05
3.62836e-06
3.97754e-05
3.42119e-06
4.08985e-05
3.14277e-06
4.18452e-05
2.79328e-06
4.25875e-05
2.36935e-06
4.30929e-05
1.8725e-06
4.33325e-05
1.29655e-06
4.32716e-05
6.38905e-07
4.28762e-05
-1.04076e-07
4.21101e-05
-9.37997e-07
4.09307e-05
-1.86872e-06
3.92926e-05
-2.92069e-06
3.71341e-05
-4.13832e-06
3.4381e-05
-5.59411e-06
3.0942e-05
-7.38813e-06
2.67104e-05
-9.60621e-06
2.15772e-05
-1.24415e-05
1.54294e-05
-1.60546e-05
8.22363e-06
-2.14446e-05
2.10607e-07
-2.86405e-05
-7.54979e-06
-4.29785e-05
-1.28115e-05
-5.65516e-05
-9.8536e-05
-9.50601e-06
0.000101183
-1.52799e-06
4.20982e-05
6.94548e-06
2.75148e-05
1.35625e-05
1.5474e-05
1.87295e-05
1.03815e-05
2.2679e-05
7.03499e-06
2.57747e-05
5.08081e-06
2.8239e-05
3.76351e-06
3.02616e-05
2.92764e-06
3.19874e-05
2.41468e-06
3.353e-05
2.14449e-06
3.49718e-05
2.03725e-06
3.63662e-05
2.03047e-06
3.77441e-05
2.08064e-06
3.91259e-05
2.15699e-06
4.05152e-05
2.24695e-06
4.19189e-05
2.33026e-06
4.33233e-05
2.40304e-06
4.47254e-05
2.44632e-06
4.60998e-05
2.46017e-06
4.74347e-05
2.43108e-06
4.8701e-05
2.36054e-06
4.98794e-05
2.24334e-06
5.09425e-05
2.07942e-06
5.18655e-05
1.86977e-06
5.26234e-05
1.61189e-06
5.31877e-05
1.30737e-06
5.35324e-05
9.52094e-07
5.36266e-05
5.44351e-07
5.34398e-05
8.23324e-08
5.29397e-05
-4.37652e-07
5.20888e-05
-1.01861e-06
5.08451e-05
-1.67681e-06
4.91491e-05
-2.44278e-06
4.69213e-05
-3.36698e-06
4.40553e-05
-4.52204e-06
4.04179e-05
-5.97037e-06
3.58389e-05
-7.86227e-06
3.0113e-05
-1.03303e-05
2.28796e-05
-1.42118e-05
1.39362e-05
-1.96981e-05
2.96057e-06
-3.20044e-05
-7.39144e-06
-4.61999e-05
-0.000105928
6.86082e-07
0.000100497
1.2468e-05
3.03164e-05
2.24081e-05
1.75745e-05
2.86833e-05
9.19859e-06
3.3168e-05
5.89683e-06
3.634e-05
3.86271e-06
3.87055e-05
2.71544e-06
4.05046e-05
1.96432e-06
4.19326e-05
1.49934e-06
4.31259e-05
1.22126e-06
4.41891e-05
1.08104e-06
4.51942e-05
1.0323e-06
4.6186e-05
1.03929e-06
4.71882e-05
1.078e-06
4.8216e-05
1.13049e-06
4.92709e-05
1.19054e-06
5.03572e-05
1.24594e-06
5.14627e-05
1.29541e-06
5.25833e-05
1.32782e-06
5.36975e-05
1.34385e-06
5.47942e-05
1.33579e-06
5.58489e-05
1.30452e-06
5.68451e-05
1.24752e-06
5.776e-05
1.16436e-06
5.8573e-05
1.05619e-06
5.9264e-05
9.21255e-07
5.98099e-05
7.60759e-07
6.01897e-05
5.72444e-07
6.03787e-05
3.55249e-07
6.03521e-05
1.08577e-07
6.00847e-05
-1.69908e-07
5.9547e-05
-4.81572e-07
5.87061e-05
-8.35747e-07
5.75129e-05
-1.2499e-06
5.58982e-05
-1.75276e-06
5.37636e-05
-2.38732e-06
5.09838e-05
-3.19186e-06
4.73814e-05
-4.25972e-06
4.27358e-05
-5.68601e-06
3.65308e-05
-8.00733e-06
2.83343e-05
-1.15024e-05
1.63456e-05
-2.00169e-05
2.70206e-06
-3.25567e-05
-0.000103227
1.50586e-05
8.54385e-05
2.82597e-05
1.71154e-05
3.73853e-05
8.44905e-06
4.23219e-05
4.2619e-06
4.56107e-05
2.60798e-06
4.77967e-05
1.67643e-06
4.93591e-05
1.15295e-06
5.05009e-05
8.22343e-07
5.13806e-05
6.19448e-07
5.21026e-05
4.99184e-07
5.27455e-05
4.37886e-07
5.33621e-05
4.15844e-07
5.3984e-05
4.17886e-07
5.46274e-05
4.34343e-07
5.53022e-05
4.56813e-07
5.60085e-05
4.83068e-07
5.67489e-05
5.0715e-07
5.75135e-05
5.29099e-07
5.82991e-05
5.43897e-07
5.90893e-05
5.52032e-07
5.98758e-05
5.5034e-07
6.06405e-05
5.38861e-07
6.13711e-05
5.17013e-07
6.20514e-05
4.84038e-07
6.26662e-05
4.40898e-07
6.32013e-05
3.86448e-07
6.36402e-05
3.21342e-07
6.39681e-05
2.44681e-07
6.41675e-05
1.55803e-07
6.42211e-05
5.47626e-08
6.41113e-05
-5.98527e-08
6.3818e-05
-1.88649e-07
6.33183e-05
-3.35895e-07
6.25774e-05
-5.09255e-07
6.15449e-05
-7.20726e-07
6.01467e-05
-9.88986e-07
5.82868e-05
-1.3329e-06
5.58211e-05
-1.79395e-06
5.25659e-05
-2.43179e-06
4.80322e-05
-3.47414e-06
4.17252e-05
-5.19601e-06
3.11327e-05
-9.42539e-06
1.66147e-05
-1.8039e-05
-8.66127e-05
3.28412e-05
5.25973e-05
4.42447e-05
5.7121e-06
5.04751e-05
2.21892e-06
5.36017e-05
1.13529e-06
5.5551e-05
6.58551e-07
5.68021e-05
4.24939e-07
5.76668e-05
2.8803e-07
5.82834e-05
2.05769e-07
5.87482e-05
1.54472e-07
5.91239e-05
1.23532e-07
5.94554e-05
1.06191e-07
5.97729e-05
9.82449e-08
6.0095e-05
9.62236e-08
6.04309e-05
9.82822e-08
6.07867e-05
1.01872e-07
6.11623e-05
1.06704e-07
6.15596e-05
1.11041e-07
6.19723e-05
1.15101e-07
6.23995e-05
1.1784e-07
6.28314e-05
1.19055e-07
6.32639e-05
1.18515e-07
6.36866e-05
1.1554e-07
6.40929e-05
1.10736e-07
6.44737e-05
1.03212e-07
6.48206e-05
9.36993e-08
6.51257e-05
8.1576e-08
6.53797e-05
6.70457e-08
6.55744e-05
5.00343e-08
6.57001e-05
3.00926e-08
6.57471e-05
7.54467e-09
6.57058e-05
-1.82847e-08
6.55644e-05
-4.75517e-08
6.531e-05
-8.1354e-08
6.49224e-05
-1.2174e-07
6.43725e-05
-1.71183e-07
6.36177e-05
-2.34097e-07
6.26001e-05
-3.15972e-07
6.12321e-05
-4.26017e-07
5.93878e-05
-5.88122e-07
5.67553e-05
-8.42052e-07
5.289e-05
-1.33105e-06
4.58777e-05
-2.41382e-06
3.37624e-05
-5.92383e-06
-5.28506e-05
5.25974e-05
5.83097e-05
6.05288e-05
6.16639e-05
6.23222e-05
6.27469e-05
6.3035e-05
6.32409e-05
6.33953e-05
6.35187e-05
6.36248e-05
6.37231e-05
6.38197e-05
6.39178e-05
6.40201e-05
6.41263e-05
6.42379e-05
6.43525e-05
6.44708e-05
6.45894e-05
6.47081e-05
6.48235e-05
6.49341e-05
6.50374e-05
6.5131e-05
6.52126e-05
6.52796e-05
6.53296e-05
6.53598e-05
6.53672e-05
6.5349e-05
6.53014e-05
6.522e-05
6.50983e-05
6.49269e-05
6.46928e-05
6.43765e-05
6.39505e-05
6.33621e-05
6.25198e-05
6.11887e-05
5.87745e-05
5.28506e-05
)
;

boundaryField
{
    movingWall
    {
        type            calculated;
        value           uniform 0;
    }
    fixedWalls
    {
        type            calculated;
        value           uniform 0;
    }
    frontAndBack
    {
        type            empty;
        value           nonuniform 0();
    }
    defaultFaces
    {
        type            empty;
        value           nonuniform 0();
    }
}


// ************************************************************************* //
