/*--------------------------------*- C++ -*----------------------------------*\
  =========                 |
  \\      /  F ield         | OpenFOAM: The Open Source CFD Toolbox
   \\    /   O peration     | Website:  https://openfoam.org
    \\  /    A nd           | Version:  7
     \\/     M anipulation  |
\*---------------------------------------------------------------------------*/
FoamFile
{
    version     2.0;
    format      ascii;
    class       surfaceScalarField;
    location    "1.35";
    object      phi;
}
// * * * * * * * * * * * * * * * * * * * * * * * * * * * * * * * * * * * * * //

dimensions      [0 3 -1 0 0 0 0];

internalField   nonuniform List<scalar> 
3784
(
-0.0019511
0.0019511
-0.000810445
-0.00114066
0.000638694
-0.00144914
0.000785573
-0.000146877
0.00033972
0.000445852
-0.000519756
0.000859476
-0.00156501
0.00104525
-0.00194212
0.00037711
-0.00112394
-0.000818185
0.000530206
-0.00165414
0.00186576
-0.00133555
0.00187923
-1.34717e-05
0.000750315
0.00112892
-0.000554697
0.00130501
-0.00101004
0.000455343
-0.000300365
-0.000709676
0.00074253
-0.0010429
0.00100334
-0.000260808
0.000268111
0.000735227
-0.00102257
0.00129069
-0.00202789
0.00100532
-0.00196649
-6.14025e-05
-0.000688065
-0.00127843
0.00108229
-0.00177035
0.00211436
-0.00103208
0.00179885
0.000315513
0.000591497
0.00120735
-0.000643897
0.00123539
-0.00105596
0.000412058
-0.000389545
-0.000666411
0.000710218
-0.00109976
0.00106263
-0.000352409
0.000280302
0.000782326
-0.0010792
0.0013595
-0.00204814
0.000968938
-0.0017362
-0.000311941
-0.000192205
-0.001544
0.0014905
-0.00168271
0.0021799
-0.000689401
0.00155259
0.000627309
0.000234215
0.00131838
-0.000882322
0.00111654
-0.000955577
7.32547e-05
-0.000955577
-0.00293188
0.00488298
-0.00169038
-0.00238215
0.000895629
-0.00403515
0.00109357
-0.000344819
0.000345934
0.00119349
-0.000568173
0.00177359
-0.00143073
0.00190781
-0.00208737
0.00103375
-0.0015411
-0.00136446
0.000721406
-0.00391665
0.00210719
-0.00272134
0.0016908
0.000402925
0.000770423
0.00204929
-0.000426893
0.00250233
-0.00128887
0.00131732
-0.000464227
-0.00153432
0.00111386
-0.00262098
0.00121365
-0.000360605
0.000130014
0.00181887
-0.000968476
0.00238918
-0.00183113
0.00186798
-0.00225478
0.000362244
-0.000959713
-0.00257349
0.00146382
-0.00419389
0.00225214
-0.00182039
0.00160499
0.000962664
0.000670289
0.00214205
-0.000554125
0.00245981
-0.00139313
0.00125107
-0.000604091
-0.00145545
0.00104469
-0.00274854
0.00123507
-0.000542787
0.000110776
0.00190662
-0.000987081
0.00245736
-0.00190268
0.00188453
-0.00210554
-0.000109075
-0.000279511
-0.00337003
0.00196421
-0.00392642
0.00219954
-0.000924735
0.0013645
0.00146234
0.000397669
0.00228521
-0.000874199
0.00238841
-0.00138467
0.000583722
-0.00234024
-0.00281443
0.0076974
-0.00244872
-0.00274786
0.000227346
-0.00671121
0.00127516
-0.00139263
0.000943784
0.00152486
8.44408e-05
0.00263293
-0.00104492
0.00303718
-0.00209996
0.00208879
-0.00157895
-0.00188546
0.00089218
-0.00638778
0.00225408
-0.00408324
0.00147096
0.00118604
0.000201238
0.00331901
-0.00104131
0.00374487
-0.00174353
0.00201954
-0.000647166
-0.00263068
0.00131017
-0.00457832
0.00174907
-0.000799508
0.000822446
0.00274549
-0.000371047
0.00358267
-0.00163754
0.00313447
-0.00239543
0.00112014
-0.00101939
-0.00394953
0.00163571
-0.00684899
0.00236393
-0.00254861
0.00130871
0.00201788
3.49842e-05
0.00341577
-0.00120071
0.0036955
-0.00183322
0.00188358
-0.000702501
-0.00258617
0.00131028
-0.00476133
0.00176445
-0.000996956
0.000748588
0.00292248
-0.000495374
0.00370132
-0.00180931
0.00319847
-0.00228097
0.000362584
-0.000334233
-0.00531676
0.00214278
-0.00640343
0.00227803
-0.00105999
0.00101693
0.00272344
-0.000270708
0.00357286
-0.00152483
0.00364253
-0.00176863
0.000827525
-0.00410887
-0.00208623
0.00978364
-0.00272507
-0.00210902
-0.000849754
-0.00858652
0.000594876
-0.00283726
0.00083734
0.0012824
0.00042897
0.0030413
-0.000358479
0.00382462
-0.00127905
0.00300937
-0.00102318
-0.00214134
0.000637935
-0.00804889
0.00137633
-0.00482163
0.000563066
0.0019993
-0.000416266
0.00429834
-0.0011105
0.00443911
-0.00137946
0.0022885
-0.000516787
-0.00349335
0.000977599
-0.00607271
0.00150013
-0.00132203
0.00108763
0.00315799
0.000339516
0.00433078
-0.000730667
0.00420465
-0.00151584
0.00190531
-0.00066754
-0.00479783
0.00112903
-0.00864556
0.00145678
-0.00287636
0.000460693
0.00301397
-0.000543664
0.00442013
-0.00124646
0.00439829
-0.00145151
0.00208864
-0.000511389
-0.00352629
0.00100564
-0.00627836
0.00147787
-0.00146919
0.000978363
0.00342199
0.000190523
0.00448916
-0.000886383
0.00427538
-0.00144895
0.000925155
-0.000214558
-0.00655116
0.0014575
-0.0080755
0.00137918
-0.000981668
0.000253145
0.00384948
-0.000733945
0.00455995
-0.00142178
0.00433036
-0.00135407
0.00075982
-0.00546294
-0.00134428
0.0111279
-0.00283609
-0.000617212
-0.00208634
-0.00933628
-0.000485694
-0.00443791
0.00028909
0.000507613
0.000321225
0.00300916
-1.11914e-05
0.00415704
-0.000533485
0.00353166
-0.000457434
-0.00221739
0.00034478
-0.0088511
0.000505664
-0.00498252
-0.000178877
0.00268384
-0.000803864
0.00492333
-0.00105426
0.0046895
-0.000997175
0.00223141
-0.000365559
-0.00412496
0.000624853
-0.00706312
0.00121974
-0.00191692
0.00117277
0.00320496
0.000765966
0.00473758
2.22973e-05
0.00494832
-0.00062912
0.00255673
-0.000288437
-0.00513851
0.000583439
-0.00951744
0.000568251
-0.00286117
-0.000200804
0.00378303
-0.000871192
0.00509052
-0.00117016
0.00469726
-0.00103531
0.00195379
-0.000300527
-0.00426108
0.000680203
-0.00725909
0.00117185
-0.00196084
0.00104943
0.00354442
0.00062788
0.00491071
-6.35506e-05
0.00496681
-0.000592487
0.00145409
-9.06919e-05
-0.00705295
0.000726745
-0.00889293
0.000499189
-0.000754112
-0.000321321
0.00466999
-0.000981772
0.0052204
-0.00124393
0.00459252
-0.000914473
0.000430361
-0.00637742
-0.000531751
0.0116597
-0.00247673
0.00132776
-0.00305453
-0.00875847
-0.00176013
-0.00573231
-0.000644524
-0.000607995
-0.00021354
0.00257818
-2.25529e-05
0.00396605
2.54444e-05
0.00348366
5.62355e-05
-0.00224818
3.12497e-05
-0.00882611
-0.000290933
-0.00466033
-0.000657238
0.00305014
-0.000817766
0.00508386
-0.000723746
0.00459548
-0.000506298
0.00201397
-0.000191258
-0.00444
0.000261376
-0.00751575
0.000746879
-0.00240242
0.000914612
0.00303723
0.000806324
0.00484587
0.000531016
0.00522363
0.000196174
0.00289157
8.30834e-05
-0.00502542
2.54729e-05
-0.00945983
-0.000239332
-0.00259637
-0.000595306
0.004139
-0.000835322
0.00533054
-0.000774329
0.00463627
-0.000518894
0.00169835
-7.3897e-05
-0.00470608
0.000343919
-0.00767691
0.000685376
-0.0023023
0.000831566
0.00339822
0.000742409
0.00499987
0.000540013
0.0051692
0.000201699
0.0017924
3.21024e-05
-0.00688336
-8.51338e-06
-0.00885232
-0.000273783
-0.000488843
-0.000632435
0.00502864
-0.000872472
0.00546043
-0.000766488
0.00448653
-0.000425457
8.93313e-05
-0.00680287
0.000268766
0.0113909
-0.00165133
0.00324785
-0.00339994
-0.00700986
-0.00285582
-0.00627643
-0.00174572
-0.0017181
-0.000972878
0.00180534
-0.000265643
0.00325882
0.00033433
0.00288369
0.000398196
-0.00231205
-0.000335658
-0.00809226
-0.000938346
-0.00405765
-0.000898531
0.00301033
-0.000563505
0.00474884
-0.000197558
0.00422953
7.50637e-05
0.00174134
3.29282e-05
-0.00439786
-0.000117421
-0.00736541
0.000127417
-0.00264726
0.000416553
0.00274809
0.000600376
0.00466205
0.000842109
0.00498189
0.000892793
0.00284088
0.0004116
-0.00454423
-0.000477439
-0.00857079
-0.000866072
-0.00220774
-0.00076885
0.00404178
-0.000519688
0.00508138
-0.00017471
0.00429129
9.13258e-05
0.00143232
0.000164054
-0.0047788
-3.22617e-05
-0.00748059
5.32526e-05
-0.00238781
0.000375626
0.00307585
0.000627808
0.00474768
0.000931196
0.00486581
0.000885043
0.00183856
0.000149617
-0.00614793
-0.000682105
-0.00802059
-0.000879918
-0.000291032
-0.000719707
0.00486843
-0.00048821
0.00522894
-0.000102182
0.00410051
0.000116403
-0.000129253
-0.00668647
0.000953308
0.0104376
-0.000530465
0.00473162
-0.00295382
-0.00458651
-0.00335708
-0.00587317
-0.0025429
-0.00253228
-0.00154159
0.000804041
-0.000485427
0.00220265
0.000471811
0.00192646
0.000511636
-0.00235187
-0.000738999
-0.00684163
-0.00148733
-0.00330932
-0.0010345
0.00255751
-0.000267439
0.00398178
0.000331348
0.00363074
0.000700222
0.00137246
0.000287729
-0.00398537
-0.000494742
-0.00658293
-0.000577502
-0.0025645
-0.000174075
0.00234467
0.0003308
0.00415717
0.00102531
0.00428738
0.00144052
0.00242567
0.000661272
-0.00376498
-0.000899047
-0.00701047
-0.00134121
-0.00176558
-0.000816747
0.00351732
-0.000132574
0.00439721
0.000398963
0.00375976
0.000738402
0.00109288
0.000384906
-0.00442531
-0.000434788
-0.0066609
-0.000597326
-0.00222527
-0.000149411
0.00262793
0.00043355
0.00416472
0.00114997
0.00414939
0.00139677
0.00159176
0.00025306
-0.00500422
-0.00119098
-0.00657656
-0.00128645
-0.000195564
-0.000676669
0.00425865
-2.40162e-05
0.00457629
0.000500939
0.00357555
0.000640028
-0.000268342
-0.00604644
0.00144794
0.00898965
0.00070637
0.00547319
-0.00176457
-0.00211557
-0.00298643
-0.00465132
-0.00266981
-0.0028489
-0.00166985
-0.000195916
-0.000531515
0.00106432
0.000500991
0.000893947
0.000418338
-0.00226922
-0.00112987
-0.00529341
-0.00188326
-0.00255593
-0.00109947
0.00177372
-7.78244e-05
0.00296013
0.000762843
0.00279008
0.00119494
0.000940368
0.000469025
-0.00325945
-0.000796793
-0.00531712
-0.00119138
-0.00216992
-0.00067665
0.00182994
0.000145933
0.00333459
0.00109502
0.00333829
0.00176361
0.00175709
0.000779498
-0.00278087
-0.00114561
-0.00508536
-0.00163334
-0.00127785
-0.000817573
0.00270156
0.00015419
0.00342545
0.000905136
0.00300881
0.00126887
0.00072915
0.000518947
-0.00367539
-0.000773799
-0.00536815
-0.00115105
-0.00184802
-0.000581621
0.00205851
0.000288446
0.00329465
0.00122978
0.00320806
0.00169379
0.00112775
0.000325617
-0.00363605
-0.00147303
-0.00477791
-0.00153778
-0.00013081
-0.000621515
0.00334239
0.000319276
0.0036355
0.00100133
0.00289349
0.00108909
-0.0003561
-0.00495735
0.00173939
0.00725026
0.00182511
0.00538746
-0.000170652
-0.000119803
-0.00180853
-0.00301344
-0.00207258
-0.00258485
-0.00138969
-0.000878811
-0.000440356
0.000114985
0.000457178
-3.58742e-06
0.000228179
-0.00204023
-0.00132626
-0.00373897
-0.00198672
-0.00189547
-0.00112137
0.000908364
-3.11472e-05
0.0018699
0.00093157
0.00182736
0.00138118
0.000490754
0.000519126
-0.0023974
-0.000984326
-0.00381366
-0.00153671
-0.00161753
-0.000946041
0.00123927
4.85087e-05
0.00234004
0.00107742
0.00230938
0.0017403
0.00109421
0.000734213
-0.00177479
-0.0011747
-0.00317644
-0.00164732
-0.00080523
-0.000732314
0.00178655
0.000304323
0.00238881
0.00119359
0.00211953
0.00152787
0.00039487
0.000548391
-0.0026959
-0.000979285
-0.00384048
-0.00144975
-0.00137756
-0.000801149
0.00140991
0.000191945
0.00230155
0.00120846
0.00219154
0.00166953
0.000666685
0.000322999
-0.00228953
-0.00148268
-0.00297223
-0.00155461
-5.88775e-05
-0.000517896
0.00230567
0.000511312
0.00260629
0.0013247
0.00208011
0.00135171
-0.000383108
-0.00360565
0.00174906
0.0055012
0.00251278
0.00462374
0.00130195
0.00109102
-0.000247571
-0.00146391
-0.000982582
-0.00184983
-0.000799085
-0.00106231
-0.000163236
-0.000520865
0.000437402
-0.000604223
8.92979e-05
-0.00169212
-0.00122128
-0.00242839
-0.00174287
-0.00137388
-0.00102681
0.000192306
-5.66933e-05
0.000899787
0.000848003
0.000922668
0.00123288
0.000105871
0.000421446
-0.00158596
-0.00100956
-0.00238266
-0.00155323
-0.00107386
-0.000988194
0.00067423
-4.55372e-05
0.00139738
0.000886886
0.00137696
0.00139229
0.000588809
0.00055072
-0.00093322
-0.000992591
-0.00163313
-0.00138162
-0.000416194
-0.000598295
0.00100323
0.000350854
0.00143966
0.00120138
0.00126901
0.00145169
0.000144554
0.000473075
-0.00171728
-0.000993039
-0.00237436
-0.00145244
-0.000918163
-0.00083517
0.000792642
8.986e-05
0.00137652
0.00100077
0.00128063
0.00133934
0.000328113
0.000243598
-0.00119379
-0.0012261
-0.00150254
-0.00131018
2.52038e-05
-0.00038542
0.00138091
0.000584878
0.00163599
0.00139934
0.00126565
0.00135363
-0.000337392
-0.00225202
0.00152356
0.00397763
0.00257751
0.00356979
0.00213553
0.00153301
0.00104146
-0.000369848
0.000193023
-0.00100139
2.72985e-06
-0.000872013
0.000215706
-0.000733843
0.000478287
-0.000866805
8.62845e-05
-0.00130012
-0.00085475
-0.00148736
-0.00123681
-0.000991825
-0.000780131
-0.000264369
-5.32121e-05
0.00017287
0.000628494
0.000240962
0.000881067
-0.000146705
0.00024301
-0.000947905
-0.000852964
-0.00128668
-0.00128498
-0.000641847
-0.000862793
0.000252042
-0.000142391
0.00067698
0.000567213
0.000667357
0.00087883
0.000277192
0.000312032
-0.00036642
-0.000684052
-0.000637044
-0.000943209
-0.000157035
-0.000400807
0.000460824
0.000325212
0.00071364
0.000977151
0.000617066
0.00111891
2.79247e-06
0.000324462
-0.000922827
-0.000816711
-0.00123319
-0.00119773
-0.000537141
-0.000737271
0.00033218
-3.4328e-05
0.000673578
0.00064526
0.000601043
0.00083676
0.000136613
0.000114327
-0.000471358
-0.000833367
-0.000554844
-0.00089828
9.01172e-05
-0.00022611
0.000708743
0.000548952
0.000860929
0.0011938
0.000620796
0.00109363
-0.000237224
-0.00115839
0.00106325
0.00291439
0.00209458
0.00253847
0.00223468
0.00139291
0.00161106
0.000253777
0.000973563
-0.000363904
0.000669
-0.000567452
0.000612512
-0.000677352
0.000550148
-0.00080444
0.00017339
-0.000923362
-0.000399011
-0.000914956
-0.00065817
-0.000732663
-0.00045322
-0.00046932
-2.28686e-05
-0.000257485
0.000394166
-0.000176071
0.000514476
-0.000267013
9.30434e-05
-0.000526475
-0.000580375
-0.000613266
-0.000873078
-0.000349146
-0.000637379
1.63414e-05
-0.000178569
0.00021817
0.000255356
0.000233434
0.000418266
0.000114283
0.000121931
-7.00821e-05
-0.000369384
-0.000145727
-0.000502586
-2.3833e-05
-0.000200593
0.000158827
0.000256631
0.000256414
0.000654623
0.000219075
0.000696178
-3.87619e-05
0.000168892
-0.000395537
-0.000545423
-0.000518869
-0.000817493
-0.000265072
-0.000558982
7.36688e-05
-0.00011296
0.000227555
0.000286368
0.000201712
0.000369793
5.31878e-05
-1.23095e-06
-0.000100334
-0.000462207
-9.38676e-05
-0.000484315
0.000112225
-8.27882e-05
0.000307218
0.000425481
0.000352662
0.000817293
0.000228981
0.000702436
-0.000122367
-0.00045595
0.000779543
0.00213484
0.00147316
0.00184485
0.00173401
0.00113206
0.00151148
0.000476305
0.00116291
-1.53311e-05
0.000911281
-0.000315829
0.000739661
-0.000505733
0.000545237
-0.000610011
0.000261047
-0.000639172
-3.49814e-05
-0.000618933
-0.000188577
-0.000579066
-0.000139131
-0.000518764
3.85062e-05
-0.000435122
0.000211404
-0.000348968
0.000244274
-0.000299882
1.9406e-05
-0.00030161
-0.000316443
-0.000277422
-0.000481499
-0.000184091
-0.000388475
-7.66814e-05
-0.000159528
-1.07768e-05
5.30205e-05
2.08865e-05
0.000131645
3.56618e-05
3.05026e-05
3.10613e-05
-0.000136623
2.13975e-05
-0.000178885
1.8427e-05
-4.36731e-05
2.3613e-05
0.000180657
3.20836e-05
0.000364957
3.47772e-05
0.000352198
-2.60007e-05
6.91747e-05
-0.000112512
-0.000298419
-0.000151275
-0.000459375
-0.000104117
-0.000359801
-2.59055e-05
-0.000141613
9.3681e-06
4.18333e-05
1.82646e-05
7.44937e-05
2.05275e-05
-5.46591e-05
2.88171e-05
-0.000204983
5.64555e-05
-0.000185387
9.26307e-05
1.36805e-05
0.000108152
0.000273608
9.27372e-05
0.000448092
5.44976e-05
0.000356235
-3.05122e-05
-9.97157e-05
0.000591254
0.00154359
0.00103277
0.00140334
0.00122225
0.000942579
0.00118445
0.000514108
0.00101064
0.000158479
0.00082439
-0.000129573
0.000642182
-0.000323527
0.000459778
-0.000427607
0.000287139
-0.000466531
0.000150134
-0.000481931
6.81091e-05
-0.000497043
4.77536e-05
-0.000498403
7.29907e-05
-0.000460356
0.000104138
-0.000380118
8.81717e-05
-0.000283918
-9.67331e-06
-0.000203765
-0.000137185
-0.00014991
-0.000203829
-0.000117448
-0.000180552
-9.99562e-05
-0.000105671
-8.56559e-05
-3.08461e-05
-5.39385e-05
1.24515e-05
-7.63643e-06
1.14914e-05
3.20207e-05
-5.99343e-06
3.88806e-05
1.97177e-06
1.04601e-05
4.7204e-05
-2.16195e-05
0.000115904
-3.66155e-05
0.000174526
-2.38441e-05
0.000148711
-1.85839e-07
3.20467e-05
4.15192e-06
-0.000110965
-8.26205e-06
-0.000190898
-2.41831e-05
-0.000177205
-3.95983e-05
-0.000116025
-5.18111e-05
-6.12951e-05
-3.64671e-05
-4.06865e-05
-8.17646e-08
-5.4923e-05
4.3053e-05
-6.06276e-05
6.21584e-05
-2.30608e-05
5.50664e-05
5.64693e-05
2.86239e-05
0.000144542
4.66688e-06
0.000189543
9.49793e-06
0.000135206
2.38248e-05
3.54878e-05
0.000454449
0.00108914
0.00079059
0.00106721
0.000937847
0.000795326
0.000941836
0.000510117
0.000856197
0.00024412
0.00070157
2.50571e-05
0.000540825
-0.000162784
0.000394223
-0.000281009
0.000280465
-0.000352772
0.000198978
-0.000400442
0.000136479
-0.000434543
8.41395e-05
-0.000446064
4.38091e-05
-0.000420025
1.55027e-05
-0.000351813
-7.16172e-06
-0.000261254
-3.21861e-05
-0.000178738
-5.62245e-05
-0.00012587
-6.80281e-05
-0.000105645
-6.41556e-05
-0.000103829
-5.22594e-05
-9.75514e-05
-3.39494e-05
-7.225e-05
-9.48561e-06
-3.21035e-05
1.96929e-05
2.84117e-06
4.73397e-05
1.12346e-05
6.50364e-05
-7.23707e-06
7.55685e-05
-3.21533e-05
7.92067e-05
-4.02542e-05
7.53589e-05
-1.99959e-05
6.16281e-05
1.35448e-05
3.14219e-05
3.43585e-05
-8.95928e-06
3.21213e-05
-3.98554e-05
6.71423e-06
-5.37416e-05
-2.57122e-05
-6.0429e-05
-4.51244e-05
-5.828e-05
-3.86185e-05
-4.91846e-05
-9.17819e-06
-2.70842e-05
2.09551e-05
1.29692e-06
3.37772e-05
3.16797e-05
2.46848e-05
5.34289e-05
6.87749e-06
5.93632e-05
-1.26548e-06
5.24762e-05
1.63841e-05
2.93624e-05
4.69391e-05
6.485e-05
0.000336521
0.000752618
0.000620158
0.000783572
0.000774043
0.000641445
0.000816192
0.000467969
0.000773993
0.000286316
0.000683386
0.000115664
0.000546384
-2.57808e-05
0.000418667
-0.000153293
0.000309437
-0.000243542
0.000218709
-0.000309713
0.000137551
-0.000353382
6.12676e-05
-0.000369782
-5.21115e-06
-0.000353546
-5.05244e-05
-0.000306495
-6.90108e-05
-0.000242763
-6.55952e-05
-0.000182152
-5.19225e-05
-0.000139543
-3.94446e-05
-0.000118124
-3.46843e-05
-0.000108591
-3.44776e-05
-9.77604e-05
-3.03624e-05
-7.6367e-05
-1.3844e-05
-4.86226e-05
1.50931e-05
-2.60958e-05
4.3809e-05
-1.74812e-05
5.959e-05
-2.30193e-05
5.91277e-05
-3.16933e-05
4.69424e-05
-2.80701e-05
3.72966e-05
-1.0349e-05
3.65731e-05
1.42697e-05
3.90153e-05
3.19169e-05
4.00094e-05
3.11282e-05
3.24398e-05
1.42839e-05
1.5427e-05
-8.70114e-06
-6.0149e-06
-2.3683e-05
-2.14538e-05
-2.31797e-05
-2.01254e-05
-1.05077e-05
-3.81854e-06
4.65058e-06
1.75529e-05
1.24078e-05
3.10182e-05
1.12197e-05
2.99539e-05
7.94102e-06
1.68117e-05
1.18789e-05
4.18174e-06
2.90139e-05
-1.94104e-06
5.30601e-05
6.29095e-05
0.000239513
0.00051311
0.000468369
0.000554716
0.000625812
0.000484
0.000706069
0.000387711
0.000716547
0.000275838
0.000672414
0.000159796
0.000597393
4.924e-05
0.000492495
-4.83936e-05
0.000384486
-0.000135534
0.000277881
-0.000203109
0.000174889
-0.00025039
7.93879e-05
-0.000274279
-6.78593e-07
-0.000273476
-5.53915e-05
-0.000251776
-8.10076e-05
-0.000217142
-8.26564e-05
-0.000180506
-7.15254e-05
-0.000150678
-5.96777e-05
-0.000129971
-5.34985e-05
-0.00011477
-5.16887e-05
-9.95731e-05
-4.6634e-05
-8.1423e-05
-3.31131e-05
-6.21412e-05
-1.29695e-05
-4.62392e-05
6.64357e-06
-3.70977e-05
1.73545e-05
-3.37323e-05
1.63465e-05
-3.06849e-05
1.07185e-05
-2.24418e-05
8.61012e-06
-8.23955e-06
1.59163e-05
6.96481e-06
3.00169e-05
1.78157e-05
4.21327e-05
1.90117e-05
4.5642e-05
1.0775e-05
3.6886e-05
5.43089e-08
2.14837e-05
-8.28079e-06
7.29853e-06
-8.99326e-06
1.57625e-06
-4.78634e-06
4.3866e-06
1.83818e-06
9.92738e-06
6.8674e-06
1.08946e-05
1.02558e-05
4.51224e-06
1.4323e-05
-6.13101e-06
2.25225e-05
-1.29496e-05
3.58342e-05
-1.01064e-05
5.02158e-05
5.28021e-05
0.000166974
0.000346137
0.00033963
0.000382058
0.000477349
0.000346278
0.000570726
0.000294334
0.000616705
0.00022986
0.000618612
0.000157888
0.000584147
8.37031e-05
0.000524395
1.13579e-05
0.000441649
-5.27872e-05
0.000347499
-0.00010896
0.000249055
-0.000151944
0.000154293
-0.000179513
7.18793e-05
-0.000191058
8.69018e-06
-0.000188586
-3.21044e-05
-0.000176349
-5.28701e-05
-0.000159742
-6.07939e-05
-0.000142756
-6.33595e-05
-0.000127406
-6.48506e-05
-0.00011328
-6.54133e-05
-9.90117e-05
-6.27356e-05
-8.41001e-05
-5.5361e-05
-6.95146e-05
-4.46844e-05
-5.69182e-05
-3.45066e-05
-4.72793e-05
-2.84524e-05
-3.97865e-05
-2.66067e-05
-3.25289e-05
-2.5445e-05
-2.36039e-05
-2.06158e-05
-1.30691e-05
-1.06785e-05
-2.97162e-06
3.17485e-06
3.96157e-06
1.6017e-05
6.1685e-06
2.18647e-05
4.92874e-06
2.01201e-05
1.80005e-06
1.24789e-05
-6.40983e-07
4.21415e-06
-7.3088e-07
-2.04483e-06
1.47215e-06
-5.17124e-06
4.96245e-06
-7.24994e-06
8.94301e-06
-1.03779e-05
1.33882e-05
-1.51007e-05
1.90508e-05
-1.90188e-05
2.64409e-05
-1.82633e-05
3.50785e-05
-1.11099e-05
4.3062e-05
4.16915e-05
0.000115493
0.000230643
0.000240021
0.000257528
0.000347654
0.000238644
0.000431656
0.000210332
0.000487639
0.000173876
0.000514061
0.000131465
0.000512251
8.55103e-05
0.000485021
3.85864e-05
0.000436588
-4.35133e-06
0.000373808
-4.61767e-05
0.000301548
-7.96823e-05
0.000226821
-0.000104783
0.000156539
-0.000120774
9.61895e-05
-0.000128238
4.86862e-05
-0.000128848
1.36857e-05
-0.000124741
-1.11927e-05
-0.000117875
-2.90858e-05
-0.000109514
-4.22748e-05
-0.000100094
-5.15278e-05
-8.97573e-05
-5.67422e-05
-7.88831e-05
-5.81385e-05
-6.81199e-05
-5.68904e-05
-5.817e-05
-5.47932e-05
-4.93768e-05
-5.30859e-05
-4.14916e-05
-5.17431e-05
-3.38713e-05
-4.92039e-05
-2.61446e-05
-4.38984e-05
-1.83746e-05
-3.55809e-05
-1.1288e-05
-2.58369e-05
-5.78181e-06
-1.73893e-05
-2.27879e-06
-1.19844e-05
-4.75947e-07
-1.04327e-05
2.49276e-07
-1.23844e-05
1.31005e-06
-1.5957e-05
2.83636e-06
-1.95706e-05
5.08369e-06
-2.25118e-05
7.90625e-06
-2.47975e-05
1.12275e-05
-2.64947e-05
1.50852e-05
-2.69987e-05
1.95588e-05
-2.51274e-05
2.45719e-05
-1.96582e-05
2.96084e-05
-1.03755e-05
3.3778e-05
3.13157e-05
8.01411e-05
0.000150502
0.000168447
0.00016922
0.000248179
0.000158911
0.000315225
0.000143283
0.000366271
0.000122827
0.000399219
9.85134e-05
0.000413209
7.15184e-05
0.000408638
4.31578e-05
0.000389465
1.48228e-05
0.000354738
-1.14479e-05
0.000310377
-3.53218e-05
0.000260456
-5.48646e-05
0.000209373
-6.96918e-05
0.000160879
-7.97447e-05
0.000117475
-8.54448e-05
8.02388e-05
-8.75058e-05
4.90728e-05
-8.67092e-05
2.32594e-05
-8.37023e-05
2.12539e-06
-7.89615e-05
-1.46481e-05
-7.29824e-05
-2.73744e-05
-6.61566e-05
-3.65424e-05
-5.8956e-05
-4.29382e-05
-5.17766e-05
-4.74181e-05
-4.48947e-05
-5.05501e-05
-3.83593e-05
-5.23399e-05
-3.20849e-05
-5.24657e-05
-2.60193e-05
-5.06011e-05
-2.02373e-05
-4.69334e-05
-1.49562e-05
-4.22991e-05
-1.04155e-05
-3.78565e-05
-6.71889e-06
-3.45657e-05
-3.76868e-06
-3.30265e-05
-1.2924e-06
-3.2733e-05
1.01829e-06
-3.3242e-05
3.34283e-06
-3.39375e-05
5.77502e-06
-3.43574e-05
8.32847e-06
-3.41364e-05
1.1009e-05
-3.28877e-05
1.38351e-05
-3.01271e-05
1.6797e-05
-2.53165e-05
1.97614e-05
-1.8195e-05
2.2487e-05
-9.02228e-06
2.46053e-05
2.22943e-05
5.6587e-05
9.39142e-05
0.000119773
0.000106032
0.000178331
0.000100353
0.000229849
9.17642e-05
0.000272186
8.04871e-05
0.00030374
6.6957e-05
0.000323538
5.17222e-05
0.000331278
3.54209e-05
0.000327379
1.87237e-05
0.000312902
3.03084e-06
0.000290101
-1.25201e-05
0.000261001
-2.57659e-05
0.000228119
-3.68102e-05
0.000193802
-4.54256e-05
0.000159948
-5.159e-05
0.000127885
-5.54425e-05
9.83953e-05
-5.72188e-05
7.18891e-05
-5.7196e-05
4.86021e-05
-5.56738e-05
2.85591e-05
-5.29384e-05
1.17116e-05
-4.93103e-05
-2.16488e-06
-4.50822e-05
-1.33891e-05
-4.05515e-05
-2.23818e-05
-3.58991e-05
-2.94823e-05
-3.12605e-05
-3.48665e-05
-2.67039e-05
-3.85833e-05
-2.23e-05
-4.07183e-05
-1.80987e-05
-4.14976e-05
-1.41786e-05
-4.13101e-05
-1.06028e-05
-4.06284e-05
-7.39583e-06
-3.98716e-05
-4.52606e-06
-3.92357e-05
-1.93233e-06
-3.86818e-05
4.66014e-07
-3.80584e-05
2.72137e-06
-3.71749e-05
4.88907e-06
-3.5821e-05
6.97389e-06
-3.37901e-05
8.9803e-06
-3.08621e-05
1.09079e-05
-2.6804e-05
1.27381e-05
-2.14595e-05
1.44162e-05
-1.48244e-05
1.58522e-05
-7.13233e-06
1.6914e-05
1.51628e-05
3.69473e-05
5.69642e-05
7.8579e-05
6.43959e-05
0.000117758
6.1172e-05
0.000153186
5.63341e-05
0.000183665
5.00024e-05
0.000208226
4.23931e-05
0.000226171
3.3778e-05
0.000237111
2.44819e-05
0.000240979
1.48541e-05
0.000238838
5.16975e-06
0.000230218
-3.90025e-06
0.000216702
-1.22508e-05
0.000199451
-1.956e-05
0.000179659
-2.56341e-05
0.000158442
-3.03737e-05
0.000136761
-3.37628e-05
0.000115394
-3.58523e-05
9.49399e-05
-3.67425e-05
7.58359e-05
-3.657e-05
5.83917e-05
-3.54952e-05
4.27748e-05
-3.36958e-05
2.90446e-05
-3.13538e-05
1.71253e-05
-2.8631e-05
6.90789e-06
-2.56805e-05
-1.74316e-06
-2.26122e-05
-8.92852e-06
-1.9521e-05
-1.47584e-05
-1.64673e-05
-1.93337e-05
-1.35204e-05
-2.28073e-05
-1.0707e-05
-2.53436e-05
-8.06701e-06
-2.71192e-05
-5.61621e-06
-2.83229e-05
-3.32103e-06
-2.89925e-05
-1.26554e-06
-2.91672e-05
6.4066e-07
-2.88465e-05
2.40295e-06
-2.80035e-05
4.04577e-06
-2.65982e-05
5.56719e-06
-2.45855e-05
6.96782e-06
-2.1921e-05
8.2445e-06
-1.85694e-05
9.38707e-06
-1.45279e-05
1.0375e-05
-9.85281e-06
1.11773e-05
-4.68612e-06
1.17474e-05
1.04759e-05
2.3242e-05
3.37204e-05
4.95846e-05
3.80535e-05
7.46117e-05
3.61466e-05
9.7632e-05
3.33139e-05
0.00011801
2.96234e-05
0.000135214
2.519e-05
0.000148835
2.01609e-05
0.000158602
1.47165e-05
0.00016441
9.0463e-06
0.000166315
3.26421e-06
0.000164585
-2.16945e-06
0.000159618
-7.28134e-06
0.00015191
-1.18514e-05
0.000142024
-1.57476e-05
0.000130536
-1.88857e-05
0.000117999
-2.12261e-05
0.000104917
-2.27696e-05
9.17278e-05
-2.35518e-05
7.87954e-05
-2.36365e-05
6.64088e-05
-2.31089e-05
5.47802e-05
-2.20683e-05
4.40474e-05
-2.06209e-05
3.42891e-05
-1.88707e-05
2.55247e-05
-1.69149e-05
1.77498e-05
-1.48388e-05
1.09378e-05
-1.271e-05
5.06184e-06
-1.05886e-05
5.45578e-08
-8.51041e-06
-4.12927e-06
-6.52397e-06
-7.55096e-06
-4.64559e-06
-1.02827e-05
-2.88145e-06
-1.23799e-05
-1.22159e-06
-1.38868e-05
2.40595e-07
-1.48467e-05
1.60026e-06
-1.52941e-05
2.85168e-06
-1.52401e-05
3.99238e-06
-1.46997e-05
5.02624e-06
-1.36877e-05
5.95534e-06
-1.22225e-05
6.77939e-06
-1.033e-05
7.49502e-06
-8.05004e-06
8.09506e-06
-5.44175e-06
8.56858e-06
-2.59219e-06
8.89693e-06
7.88193e-06
1.59328e-05
1.77851e-05
3.4051e-05
1.99342e-05
5.13758e-05
1.88207e-05
6.74927e-05
1.71948e-05
8.202e-05
1.50942e-05
9.46305e-05
1.25802e-05
0.000105059
9.73363e-06
0.000113139
6.63607e-06
0.000118763
3.4208e-06
0.000121833
1.92933e-07
0.000122619
-2.95558e-06
0.000121218
-5.87963e-06
0.000117852
-8.48475e-06
0.000112801
-1.06974e-05
0.000106377
-1.24636e-05
9.89032e-05
-1.37532e-05
9.06937e-05
-1.45599e-05
8.20415e-05
-1.48983e-05
7.32077e-05
-1.48016e-05
6.44165e-05
-1.43178e-05
5.58527e-05
-1.35053e-05
4.76613e-05
-1.24293e-05
3.99476e-05
-1.11555e-05
3.27803e-05
-9.747e-06
2.6203e-05
-8.26292e-06
2.02548e-05
-6.763e-06
1.49402e-05
-5.2726e-06
1.02628e-05
-3.8314e-06
6.18662e-06
-2.44839e-06
2.69796e-06
-1.15764e-06
-1.96512e-07
1.45404e-08
-2.5248e-06
1.1084e-06
-4.39867e-06
2.11441e-06
-5.80133e-06
3.00253e-06
-6.74679e-06
3.7977e-06
-7.25956e-06
4.50579e-06
-7.36649e-06
5.13297e-06
-7.09658e-06
5.68458e-06
-6.48239e-06
6.16418e-06
-5.56173e-06
6.57315e-06
-4.37864e-06
6.91042e-06
-2.98445e-06
7.17243e-06
-1.44217e-06
7.3524e-06
6.43828e-06
1.11442e-05
6.64111e-06
2.37928e-05
7.28777e-06
3.59326e-05
6.68104e-06
4.73033e-05
5.8237e-06
5.76638e-05
4.73437e-06
6.67859e-05
3.46019e-06
7.44413e-05
2.07909e-06
8.06449e-05
4.32415e-07
8.50999e-05
-1.03392e-06
8.80373e-05
-2.74413e-06
8.93878e-05
-4.30562e-06
8.91965e-05
-5.68754e-06
8.75797e-05
-6.86715e-06
8.46914e-05
-7.80896e-06
8.07144e-05
-8.48692e-06
7.58494e-05
-8.8884e-06
7.03025e-05
-9.01202e-06
6.42747e-05
-8.86835e-06
5.79525e-05
-8.47745e-06
5.15066e-05
-7.87114e-06
4.50846e-05
-7.0835e-06
3.88128e-05
-6.15723e-06
3.27939e-05
-5.1355e-06
2.71048e-05
-4.05746e-06
2.18013e-05
-2.96059e-06
1.69224e-05
-1.88528e-06
1.25593e-05
-9.08858e-07
8.72157e-06
7.42644e-09
5.30404e-06
9.68711e-07
2.36517e-06
1.78037e-06
-1.351e-07
2.51526e-06
-2.18576e-06
3.16008e-06
-3.78485e-06
3.71369e-06
-4.96426e-06
4.18168e-06
-5.74243e-06
4.57603e-06
-6.14324e-06
4.90698e-06
-6.19461e-06
5.18429e-06
-5.92762e-06
5.41683e-06
-5.3766e-06
5.61178e-06
-4.58015e-06
5.77482e-06
-3.58059e-06
5.90859e-06
-2.42327e-06
6.01256e-06
-1.15885e-06
6.08544e-06
5.27864e-06
7.26018e-06
-6.1963e-07
1.54192e-05
-8.69703e-07
2.32584e-05
-1.15896e-06
3.0593e-05
-1.51141e-06
3.72667e-05
-1.93849e-06
4.31488e-05
-2.42111e-06
4.81813e-05
-2.95407e-06
5.21068e-05
-3.49337e-06
5.50597e-05
-3.98658e-06
5.67731e-05
-4.45778e-06
5.7313e-05
-4.84598e-06
5.67575e-05
-5.13185e-06
5.51894e-05
-5.29836e-06
5.27129e-05
-5.33196e-06
4.94517e-05
-5.22577e-06
4.55448e-05
-4.98165e-06
4.11365e-05
-4.60317e-06
3.63691e-05
-4.09946e-06
3.13883e-05
-3.49517e-06
2.63493e-05
-2.83184e-06
2.13649e-05
-2.09978e-06
1.65292e-05
-1.32203e-06
1.19371e-05
-5.43036e-07
7.66257e-06
2.17171e-07
3.75153e-06
9.49463e-07
2.25331e-07
1.63993e-06
-2.93104e-06
2.24779e-06
-5.69973e-06
2.77681e-06
-7.96899e-06
3.23759e-06
-9.80287e-06
3.61317e-06
-1.11931e-05
3.90493e-06
-1.21494e-05
4.11645e-06
-1.26927e-05
4.25676e-06
-1.28521e-05
4.34069e-06
-1.26505e-05
4.37418e-06
-1.21134e-05
4.3701e-06
-1.12703e-05
4.3413e-06
-1.01528e-05
4.2992e-06
-8.79434e-06
4.25259e-06
-7.23115e-06
4.21044e-06
-5.50177e-06
4.17759e-06
-3.64632e-06
4.15521e-06
-1.70629e-06
4.14348e-06
3.57192e-06
3.77375e-06
-4.39313e-06
8.04221e-06
-5.13583e-06
1.21019e-05
-5.2186e-06
1.58275e-05
-5.23641e-06
1.90971e-05
-5.20666e-06
2.18053e-05
-5.12906e-06
2.38465e-05
-4.99593e-06
2.51353e-05
-4.78169e-06
2.56611e-05
-4.51174e-06
2.53832e-05
-4.18032e-06
2.43188e-05
-3.7822e-06
2.25116e-05
-3.32435e-06
2.00307e-05
-2.81656e-06
1.69763e-05
-2.27691e-06
1.34599e-05
-1.70951e-06
9.57923e-06
-1.10156e-06
5.43744e-06
-4.61733e-07
1.12956e-06
2.08742e-07
-3.2477e-06
8.82573e-07
-7.44352e-06
1.36368e-06
-1.14434e-05
1.89904e-06
-1.51845e-05
2.41823e-06
-1.86086e-05
2.88117e-06
-2.16602e-05
3.26915e-06
-2.42857e-05
3.57491e-06
-2.64418e-05
3.79592e-06
-2.81227e-05
3.92941e-06
-2.93201e-05
3.97513e-06
-3.00253e-05
3.94293e-06
-3.02512e-05
3.83831e-06
-3.00149e-05
3.66801e-06
-2.93397e-05
3.44105e-06
-2.82543e-05
3.17117e-06
-2.67838e-05
2.86997e-06
-2.49763e-05
2.56667e-06
-2.28725e-05
2.26644e-06
-2.0509e-05
1.97822e-06
-1.79223e-05
1.71273e-06
-1.51519e-05
1.48213e-06
-1.22265e-05
1.28461e-06
-9.17516e-06
1.12544e-06
-6.02903e-06
1.00802e-06
-2.82224e-06
9.35521e-07
7.49509e-07
6.68598e-07
-5.06112e-06
1.37923e-06
-5.84437e-06
1.96998e-06
-5.80871e-06
2.33992e-06
-5.60492e-06
2.38361e-06
-5.24901e-06
2.00512e-06
-4.75079e-06
1.136e-06
-4.12687e-06
-2.34113e-07
-3.41037e-06
-2.12017e-06
-2.62522e-06
-4.4975e-06
-1.80378e-06
-7.33552e-06
-9.45006e-07
-1.0598e-05
-6.22174e-08
-1.42346e-05
8.19911e-07
-1.81291e-05
1.61732e-06
-2.2151e-05
2.31147e-06
-2.62659e-05
3.01183e-06
-3.03783e-05
3.64916e-06
-3.44707e-05
4.30027e-06
-3.82589e-05
4.67051e-06
-4.1887e-05
4.99113e-06
-4.52114e-05
5.22235e-06
-4.81433e-05
5.34938e-06
-5.06253e-05
5.36361e-06
-5.26156e-05
5.26061e-06
-5.40802e-05
5.04064e-06
-5.49931e-05
4.70996e-06
-5.53403e-05
4.27824e-06
-5.51203e-05
3.75683e-06
-5.43372e-05
3.16101e-06
-5.3003e-05
2.50465e-06
-5.11384e-05
1.80372e-06
-4.87917e-05
1.09494e-06
-4.59911e-05
3.71326e-07
-4.27488e-05
-3.71632e-07
-3.91663e-05
-1.01528e-06
-3.53014e-05
-1.59793e-06
-3.12025e-05
-2.12023e-06
-2.69124e-05
-2.57722e-06
-2.25107e-05
-2.91955e-06
-1.80118e-05
-3.21458e-06
-1.3438e-05
-3.4489e-06
-8.80819e-06
-3.62226e-06
-4.13921e-06
-3.73392e-06
-3.38956e-06
-2.01151e-06
-3.04827e-06
-4.31237e-06
-3.54159e-06
-6.6648e-06
-3.45471e-06
-9.18396e-06
-3.08362e-06
-1.19421e-05
-2.48955e-06
-1.49733e-05
-1.71958e-06
-1.83018e-05
-7.97511e-07
-2.19614e-05
2.50529e-07
-2.58558e-05
1.26898e-06
-2.99052e-05
2.24436e-06
-3.40684e-05
3.21672e-06
-3.83107e-05
4.17851e-06
-4.25636e-05
5.07135e-06
-4.68055e-05
5.85785e-06
-5.10204e-05
6.52476e-06
-5.50969e-05
7.08622e-06
-5.89798e-05
7.53002e-06
-6.25408e-05
7.86008e-06
-6.58617e-05
7.99098e-06
-6.8856e-05
7.98491e-06
-7.14658e-05
7.83141e-06
-7.36401e-05
7.52332e-06
-7.53356e-05
7.05982e-06
-7.6518e-05
6.44458e-06
-7.71595e-05
5.68399e-06
-7.7237e-05
4.78926e-06
-7.67314e-05
3.77482e-06
-7.56309e-05
2.6585e-06
-7.3931e-05
1.46304e-06
-7.16278e-05
2.0286e-07
-6.87038e-05
-1.11892e-06
-6.52473e-05
-2.36012e-06
-6.12618e-05
-3.61254e-06
-5.68244e-05
-4.8075e-06
-5.19433e-05
-5.89514e-06
-4.66839e-05
-6.85651e-06
-4.11289e-05
-7.6746e-06
-3.53682e-05
-8.33778e-06
-2.94462e-05
-8.84166e-06
-2.34498e-05
-9.21121e-06
-1.74297e-05
-9.46911e-06
-1.14095e-05
-9.64249e-06
-5.38999e-06
-9.75333e-06
-8.77936e-06
-4.18839e-06
1.14165e-06
-8.87871e-06
1.15089e-06
-1.36073e-05
1.27641e-06
-1.8467e-05
1.77875e-06
-2.34659e-05
2.51064e-06
-2.85349e-05
3.3498e-06
-3.36275e-05
4.29615e-06
-3.86395e-05
5.26293e-06
-4.35489e-05
6.17723e-06
-4.83306e-05
7.02416e-06
-5.29304e-05
7.81429e-06
-5.72989e-05
8.54444e-06
-6.14216e-05
9.19177e-06
-6.5303e-05
9.73735e-06
-6.8946e-05
1.0166e-05
-7.23283e-05
1.04665e-05
-7.54281e-05
1.06282e-05
-7.821e-05
1.06409e-05
-8.07023e-05
1.0483e-05
-8.28754e-05
1.01576e-05
-8.47007e-05
9.65624e-06
-8.6154e-05
8.97605e-06
-8.72092e-05
8.11556e-06
-8.78426e-05
7.07914e-06
-8.803e-05
5.87308e-06
-8.77482e-05
4.50892e-06
-8.69726e-05
3.00092e-06
-8.56803e-05
1.36769e-06
-8.38469e-05
-3.68853e-07
-8.14504e-05
-2.19241e-06
-7.8505e-05
-4.06309e-06
-7.49372e-05
-5.92666e-06
-7.07794e-05
-7.76901e-06
-6.60399e-05
-9.54566e-06
-6.07241e-05
-1.12098e-05
-5.48666e-05
-1.2713e-05
-4.85315e-05
-1.4009e-05
-4.18102e-05
-1.50587e-05
-3.48119e-05
-1.58399e-05
-2.76673e-05
-1.63557e-05
-2.04983e-05
-1.6638e-05
-1.33827e-05
-1.67578e-05
-6.33677e-06
-1.67991e-05
-1.51162e-05
-5.93634e-06
7.07944e-06
-1.24903e-05
7.70749e-06
-1.90683e-05
7.8573e-06
-2.56305e-05
8.34346e-06
-3.20868e-05
8.96767e-06
-3.83094e-05
9.57264e-06
-4.4136e-05
1.01233e-05
-4.94763e-05
1.06025e-05
-5.43158e-05
1.10151e-05
-5.86756e-05
1.1382e-05
-6.2583e-05
1.17193e-05
-6.60694e-05
1.20281e-05
-6.91746e-05
1.22946e-05
-7.19408e-05
1.25017e-05
-7.44047e-05
1.26285e-05
-7.65952e-05
1.26552e-05
-7.85297e-05
1.25616e-05
-8.0219e-05
1.2329e-05
-8.16823e-05
1.19463e-05
-8.29225e-05
1.13971e-05
-8.39326e-05
1.06661e-05
-8.47076e-05
9.7502e-06
-8.52352e-05
8.64353e-06
-8.55032e-05
7.34794e-06
-8.54942e-05
5.86564e-06
-8.51893e-05
4.20525e-06
-8.45638e-05
2.37701e-06
-8.35949e-05
4.00359e-07
-8.22394e-05
-1.72258e-06
-8.04669e-05
-3.96313e-06
-7.82383e-05
-6.28995e-06
-7.54891e-05
-8.6743e-06
-7.21732e-05
-1.10833e-05
-6.82404e-05
-1.34771e-05
-6.36414e-05
-1.58075e-05
-5.83402e-05
-1.80132e-05
-5.2328e-05
-2.00204e-05
-4.56376e-05
-2.17483e-05
-3.83619e-05
-2.31153e-05
-3.06548e-05
-2.40624e-05
-2.2733e-05
-2.45598e-05
-1.47977e-05
-2.4693e-05
-7.00727e-06
-2.45899e-05
-2.21238e-05
-7.399e-06
1.44798e-05
-1.55067e-05
1.58176e-05
-2.35093e-05
1.5862e-05
-3.10746e-05
1.59104e-05
-3.80186e-05
1.59117e-05
-4.41647e-05
1.57189e-05
-4.94433e-05
1.54018e-05
-5.38663e-05
1.50242e-05
-5.75094e-05
1.46569e-05
-6.04799e-05
1.43508e-05
-6.28884e-05
1.4126e-05
-6.48359e-05
1.39731e-05
-6.64071e-05
1.38639e-05
-6.76745e-05
1.37673e-05
-6.86954e-05
1.36483e-05
-6.95196e-05
1.34777e-05
-7.01819e-05
1.32231e-05
-7.07124e-05
1.28581e-05
-7.11323e-05
1.23664e-05
-7.14583e-05
1.1722e-05
-7.16968e-05
1.09046e-05
-7.18557e-05
9.90787e-06
-7.19329e-05
8.72101e-06
-7.19281e-05
7.34302e-06
-7.18326e-05
5.77116e-06
-7.16371e-05
4.01024e-06
-7.13235e-05
2.06443e-06
-7.08742e-05
-4.78791e-08
-7.02488e-05
-2.34634e-06
-6.9416e-05
-4.79394e-06
-6.83226e-05
-7.38106e-06
-6.69026e-05
-1.00922e-05
-6.50767e-05
-1.2907e-05
-6.27515e-05
-1.58003e-05
-5.98188e-05
-1.87386e-05
-5.61589e-05
-2.16717e-05
-5.16544e-05
-2.4524e-05
-4.62093e-05
-2.71926e-05
-3.97885e-05
-2.9536e-05
-3.24415e-05
-3.14092e-05
-2.43945e-05
-3.26073e-05
-1.59344e-05
-3.31535e-05
-7.55686e-06
-3.29684e-05
-2.96812e-05
-8.8651e-06
2.33459e-05
-1.82033e-05
2.51574e-05
-2.69944e-05
2.4654e-05
-3.44874e-05
2.3404e-05
-4.06538e-05
2.2078e-05
-4.54601e-05
2.05254e-05
-4.90621e-05
1.90037e-05
-5.16414e-05
1.76025e-05
-5.33943e-05
1.64093e-05
-5.45029e-05
1.54584e-05
-5.51243e-05
1.47463e-05
-5.53859e-05
1.42326e-05
-5.53833e-05
1.38597e-05
-5.5192e-05
1.3574e-05
-5.48672e-05
1.33227e-05
-5.44579e-05
1.30663e-05
-5.3997e-05
1.27618e-05
-5.3518e-05
1.23774e-05
-5.30396e-05
1.18886e-05
-5.25843e-05
1.12655e-05
-5.21633e-05
1.04842e-05
-5.17934e-05
9.5368e-06
-5.14798e-05
8.40815e-06
-5.12329e-05
7.09589e-06
-5.10539e-05
5.59336e-06
-5.09459e-05
3.90244e-06
-5.09032e-05
2.02261e-06
-5.09132e-05
-3.72531e-08
-5.0964e-05
-2.29414e-06
-5.10276e-05
-4.72861e-06
-5.10643e-05
-7.34223e-06
-5.10197e-05
-1.01347e-05
-5.08186e-05
-1.3106e-05
-5.03612e-05
-1.62559e-05
-4.95172e-05
-1.95811e-05
-4.81192e-05
-2.30685e-05
-4.59658e-05
-2.6677e-05
-4.28217e-05
-3.03362e-05
-3.84609e-05
-3.38973e-05
-3.2676e-05
-3.71944e-05
-2.55098e-05
-3.97745e-05
-1.70589e-05
-4.16052e-05
-8.2697e-06
-4.17588e-05
-3.79514e-05
-1.06195e-05
3.39656e-05
-2.05447e-05
3.50834e-05
-2.90531e-05
3.31625e-05
-3.5103e-05
2.94542e-05
-3.92421e-05
2.62175e-05
-4.17439e-05
2.30276e-05
-4.30356e-05
2.02957e-05
-4.34317e-05
1.7998e-05
-4.31933e-05
1.6171e-05
-4.25164e-05
1.47809e-05
-4.15491e-05
1.37784e-05
-4.03988e-05
1.30805e-05
-3.91374e-05
1.25972e-05
-3.78199e-05
1.22543e-05
-3.64817e-05
1.1984e-05
-3.51586e-05
1.17409e-05
-3.38715e-05
1.14749e-05
-3.26495e-05
1.11532e-05
-3.15047e-05
1.0745e-05
-3.04621e-05
1.02214e-05
-2.95333e-05
9.55686e-06
-2.8741e-05
8.74333e-06
-2.80954e-05
7.76393e-06
-2.76162e-05
6.61642e-06
-2.73136e-05
5.29214e-06
-2.72022e-05
3.79142e-06
-2.72893e-05
2.11078e-06
-2.75771e-05
2.51331e-07
-2.8073e-05
-1.79681e-06
-2.8768e-05
-4.03218e-06
-2.96455e-05
-6.46303e-06
-3.06771e-05
-9.10146e-06
-3.18156e-05
-1.1966e-05
-3.2989e-05
-1.50813e-05
-3.40908e-05
-1.84785e-05
-3.49647e-05
-2.21938e-05
-3.53954e-05
-2.62465e-05
-3.50787e-05
-3.06527e-05
-3.36465e-05
-3.53305e-05
-3.05889e-05
-4.02525e-05
-2.56037e-05
-4.47612e-05
-1.81481e-05
-4.90616e-05
-9.45976e-06
-5.04485e-05
-4.74116e-05
-1.27477e-05
4.6713e-05
-2.20264e-05
4.43626e-05
-2.87668e-05
3.99028e-05
-3.20715e-05
3.27593e-05
-3.33592e-05
2.7506e-05
-3.32022e-05
2.28712e-05
-3.21889e-05
1.92831e-05
-3.06483e-05
1.6457e-05
-2.88082e-05
1.43315e-05
-2.68163e-05
1.27885e-05
-2.47581e-05
1.172e-05
-2.2692e-05
1.10127e-05
-2.06487e-05
1.05533e-05
-1.86516e-05
1.02552e-05
-1.67115e-05
1.0044e-05
-1.48475e-05
9.87434e-06
-1.30667e-05
9.69482e-06
-1.13927e-05
9.47683e-06
-9.83017e-06
9.18404e-06
-8.40569e-06
8.79523e-06
-7.13003e-06
8.28313e-06
-6.02987e-06
7.64191e-06
-5.11937e-06
6.85498e-06
-4.42475e-06
5.92124e-06
-3.96326e-06
4.83194e-06
-3.75888e-06
3.58709e-06
-3.82903e-06
2.18189e-06
-4.19205e-06
6.1487e-07
-4.86629e-06
-1.12147e-06
-5.86443e-06
-3.03312e-06
-7.1933e-06
-5.13301e-06
-8.85358e-06
-7.44037e-06
-1.08349e-05
-9.98394e-06
-1.31093e-05
-1.28063e-05
-1.56236e-05
-1.59642e-05
-1.82797e-05
-1.95374e-05
-2.09228e-05
-2.3604e-05
-2.32849e-05
-2.82906e-05
-2.4989e-05
-3.36277e-05
-2.53507e-05
-3.98911e-05
-2.37466e-05
-4.63667e-05
-1.86861e-05
-5.41228e-05
-1.12208e-05
-5.7915e-05
-5.86329e-05
-1.48703e-05
6.1583e-05
-2.171e-05
5.12032e-05
-2.51319e-05
4.33248e-05
-2.49458e-05
3.25737e-05
-2.32684e-05
2.58296e-05
-2.07771e-05
2.03803e-05
-1.80022e-05
1.65089e-05
-1.5161e-05
1.36155e-05
-1.23734e-05
1.15446e-05
-9.68634e-06
1.01011e-05
-7.11437e-06
9.14816e-06
-4.65745e-06
8.55435e-06
-2.3041e-06
8.19992e-06
-4.96066e-08
7.99876e-06
2.11625e-06
7.87895e-06
4.18779e-06
7.80041e-06
6.16746e-06
7.71649e-06
8.03763e-06
7.60401e-06
9.79595e-06
7.42754e-06
1.14167e-05
7.17243e-06
1.28886e-05
6.81324e-06
1.41826e-05
6.34646e-06
1.52816e-05
5.75752e-06
1.61554e-05
5.0467e-06
1.67819e-05
4.20642e-06
1.71317e-05
3.23709e-06
1.718e-05
2.13417e-06
1.68991e-05
8.95907e-07
1.62623e-05
-4.83989e-07
1.52425e-05
-2.01297e-06
1.38149e-05
-3.70496e-06
1.19552e-05
-5.58047e-06
9.64272e-06
-7.67135e-06
6.86285e-06
-1.00264e-05
3.61129e-06
-1.2713e-05
-9.1161e-08
-1.58347e-05
-4.18674e-06
-1.95093e-05
-8.52874e-06
-2.39485e-05
-1.28672e-05
-2.92907e-05
-1.65821e-05
-3.61765e-05
-1.89485e-05
-4.40017e-05
-1.77069e-05
-5.5365e-05
-1.31328e-05
-6.24904e-05
-7.17661e-05
-1.59849e-05
7.75677e-05
-1.85182e-05
5.37374e-05
-1.7556e-05
4.23628e-05
-1.40111e-05
2.90293e-05
-9.97373e-06
2.17932e-05
-5.95763e-06
1.63643e-05
-2.23803e-06
1.27899e-05
1.14788e-06
1.02293e-05
4.21804e-06
8.4753e-06
7.01983e-06
7.29899e-06
9.60762e-06
6.5609e-06
1.20271e-05
6.13382e-06
1.43193e-05
5.9082e-06
1.65076e-05
5.80872e-06
1.8614e-05
5.77376e-06
2.06403e-05
5.77195e-06
2.25939e-05
5.76462e-06
2.44606e-05
5.73466e-06
2.62379e-05
5.65208e-06
2.79008e-05
5.50722e-06
2.9437e-05
5.27886e-06
3.08165e-05
4.96547e-06
3.202e-05
4.55541e-06
3.30158e-05
4.04992e-06
3.37798e-05
3.44328e-06
3.428e-05
2.73636e-06
3.44889e-05
1.92571e-06
3.43745e-05
1.01011e-06
3.39061e-05
-1.53022e-08
3.30499e-05
-1.15688e-06
3.17717e-05
-2.42659e-06
3.00335e-05
-3.84247e-06
2.77949e-05
-5.43312e-06
2.50124e-05
-7.2439e-06
2.16377e-05
-9.33899e-06
1.76267e-05
-1.18236e-05
1.29384e-05
-1.4822e-05
7.57656e-06
-1.85865e-05
1.59844e-06
-2.33139e-05
-4.66992e-06
-2.99083e-05
-1.06762e-05
-3.79967e-05
-1.41208e-05
-5.1921e-05
-1.41177e-05
-6.24947e-05
-8.58842e-05
-1.46165e-05
9.21842e-05
-1.16901e-05
5.08119e-05
-6.25305e-06
3.69259e-05
-2.88789e-07
2.30654e-05
5.05346e-06
1.64517e-05
9.61426e-06
1.18035e-05
1.34686e-05
8.93616e-06
1.67454e-05
6.95218e-06
1.95761e-05
5.64532e-06
2.20747e-05
4.80007e-06
2.43388e-05
4.29752e-06
2.64396e-05
4.03223e-06
2.84323e-05
3.91654e-06
3.03469e-05
3.89252e-06
3.2209e-05
3.91304e-06
3.40227e-05
3.95624e-06
3.57959e-05
3.99321e-06
3.75159e-05
4.01222e-06
3.91789e-05
3.9909e-06
4.07606e-05
3.92328e-06
4.22477e-05
3.79341e-06
4.36105e-05
3.60107e-06
4.48293e-05
3.33783e-06
4.5873e-05
3.0053e-06
4.67172e-05
2.5996e-06
4.73313e-05
2.12183e-06
4.76874e-05
1.56981e-06
4.77543e-05
9.42909e-07
4.75012e-05
2.37827e-07
4.6894e-05
-5.49917e-07
4.58963e-05
-1.42898e-06
4.44666e-05
-2.41309e-06
4.25572e-05
-3.52417e-06
4.01114e-05
-4.79826e-06
3.70587e-05
-6.2869e-06
3.33147e-05
-8.07938e-06
2.87742e-05
-1.02824e-05
2.33216e-05
-1.31336e-05
1.68362e-05
-1.68297e-05
9.27335e-06
-2.23455e-05
9.00887e-07
-2.96254e-05
-7.17426e-06
-4.38463e-05
-1.26688e-05
-5.70011e-05
-9.85534e-05
-9.29157e-06
0.000101476
-1.03059e-06
4.25515e-05
7.7861e-06
2.81092e-05
1.47558e-05
1.6096e-05
2.02554e-05
1.09526e-05
2.45116e-05
7.54728e-06
2.78938e-05
5.55451e-06
3.06294e-05
4.21627e-06
3.29114e-05
3.36381e-06
3.48807e-05
2.8304e-06
3.66492e-05
2.52968e-06
3.82938e-05
2.38711e-06
3.98694e-05
2.34201e-06
4.14049e-05
2.35575e-06
4.29228e-05
2.39651e-06
4.44263e-05
2.45088e-06
4.59217e-05
2.49944e-06
4.73968e-05
2.53516e-06
4.88462e-05
2.54312e-06
5.02474e-05
2.52013e-06
5.15867e-05
2.45551e-06
5.28368e-05
2.34964e-06
5.39785e-05
2.19705e-06
5.49838e-05
1.99916e-06
5.58302e-05
1.75365e-06
5.64902e-05
1.46146e-06
5.69387e-05
1.12143e-06
5.71479e-05
7.33342e-07
5.70905e-05
2.95239e-07
5.67359e-05
-1.95628e-07
5.60514e-05
-7.44624e-07
5.49989e-05
-1.36089e-06
5.35332e-05
-2.05891e-06
5.15982e-05
-2.86336e-06
4.91204e-05
-3.8096e-06
4.60029e-05
-4.9617e-06
4.21166e-05
-6.39682e-06
3.7281e-05
-8.29777e-06
3.12742e-05
-1.08239e-05
2.3725e-05
-1.47964e-05
1.4446e-05
-2.03474e-05
3.17804e-06
-3.25788e-05
-7.34439e-06
-4.64796e-05
-0.000105898
8.2796e-07
0.000100648
1.28169e-05
3.0563e-05
2.30282e-05
1.78981e-05
2.95865e-05
9.53778e-06
3.43318e-05
6.20774e-06
3.7738e-05
4.14103e-06
4.03203e-05
2.97264e-06
4.23257e-05
2.21056e-06
4.3953e-05
1.73699e-06
4.53346e-05
1.4483e-06
4.65731e-05
1.29175e-06
4.77356e-05
1.2241e-06
4.88681e-05
1.21049e-06
4.99933e-05
1.2296e-06
5.11279e-05
1.26305e-06
5.22734e-05
1.30386e-06
5.34336e-05
1.34062e-06
5.45972e-05
1.37001e-06
5.57583e-05
1.38337e-06
5.68976e-05
1.3794e-06
5.80022e-05
1.35199e-06
5.90492e-05
1.30155e-06
6.00219e-05
1.22507e-06
6.08971e-05
1.12341e-06
6.16557e-05
9.95378e-07
6.22753e-05
8.41528e-07
6.27354e-05
6.61336e-07
6.30138e-05
4.54728e-07
6.30883e-05
2.20709e-07
6.29346e-05
-4.2219e-08
6.25267e-05
-3.36889e-07
6.18341e-05
-6.68525e-07
6.082e-05
-1.0452e-06
5.94378e-05
-1.4811e-06
5.76242e-05
-1.99651e-06
5.52919e-05
-2.62922e-06
5.23205e-05
-3.42609e-06
4.85219e-05
-4.49899e-06
4.36554e-05
-5.95826e-06
3.71893e-05
-8.33035e-06
2.87022e-05
-1.18612e-05
1.64588e-05
-2.03358e-05
2.69158e-06
-3.2713e-05
-0.000103207
1.5143e-05
8.55051e-05
2.84892e-05
1.72172e-05
3.78073e-05
8.58023e-06
4.29447e-05
4.40045e-06
4.64163e-05
2.73648e-06
4.87646e-05
1.79249e-06
5.04772e-05
1.26043e-06
5.17624e-05
9.25187e-07
5.27813e-05
7.1847e-07
5.36354e-05
5.93817e-07
5.44016e-05
5.25847e-07
5.5129e-05
4.96208e-07
5.58503e-05
4.89911e-07
5.65809e-05
4.98258e-07
5.7332e-05
5.12929e-07
5.81037e-05
5.31096e-07
5.88979e-05
5.47536e-07
5.97056e-05
5.61086e-07
6.0522e-05
5.68009e-07
6.13325e-05
5.67836e-07
6.21273e-05
5.58009e-07
6.28894e-05
5.38612e-07
6.36066e-05
5.0849e-07
6.42617e-05
4.67833e-07
6.48411e-05
4.16268e-07
6.53285e-05
3.53871e-07
6.57094e-05
2.80506e-07
6.59679e-05
1.9605e-07
6.60884e-05
1.00113e-07
6.6054e-05
-8.02128e-09
6.58465e-05
-1.29576e-07
6.54448e-05
-2.66916e-07
6.48228e-05
-4.23529e-07
6.39475e-05
-6.05726e-07
6.2773e-05
-8.22455e-07
6.12343e-05
-1.09031e-06
5.92396e-05
-1.43185e-06
5.66364e-05
-1.89565e-06
5.32243e-05
-2.54685e-06
4.8502e-05
-3.60811e-06
4.19812e-05
-5.34106e-06
3.11987e-05
-9.55359e-06
1.65915e-05
-1.81064e-05
-8.66154e-05
3.28906e-05
5.26147e-05
4.43737e-05
5.73453e-06
5.0708e-05
2.24618e-06
5.39437e-05
1.16482e-06
5.59934e-05
6.86852e-07
5.73347e-05
4.51016e-07
5.82831e-05
3.12245e-07
5.89794e-05
2.28872e-07
5.95217e-05
1.76529e-07
5.99706e-05
1.44547e-07
6.03709e-05
1.25767e-07
6.07504e-05
1.16222e-07
6.11283e-05
1.12487e-07
6.15134e-05
1.12682e-07
6.19125e-05
1.146e-07
6.23253e-05
1.17519e-07
6.27534e-05
1.20222e-07
6.31912e-05
1.22387e-07
6.36366e-05
1.23372e-07
6.40809e-05
1.22787e-07
6.45192e-05
1.2034e-07
6.49416e-05
1.157e-07
6.53415e-05
1.08943e-07
6.57093e-05
9.97612e-08
6.60374e-05
8.8328e-08
6.63167e-05
7.43994e-08
6.65391e-05
5.80965e-08
6.66958e-05
3.9244e-08
6.67781e-05
1.78088e-08
6.67764e-05
-6.47504e-09
6.66806e-05
-3.38959e-08
6.64787e-05
-6.51235e-08
6.61559e-05
-1.00975e-07
6.56933e-05
-1.43084e-07
6.50642e-05
-1.93663e-07
6.42307e-05
-2.56634e-07
6.3137e-05
-3.3849e-07
6.1691e-05
-4.49535e-07
5.9758e-05
-6.14349e-07
5.70213e-05
-8.71503e-07
5.30407e-05
-1.36088e-06
4.59258e-05
-2.43895e-06
3.37582e-05
-5.9391e-06
-5.28573e-05
5.26148e-05
5.83495e-05
6.05958e-05
6.17605e-05
6.24473e-05
6.28982e-05
6.32107e-05
6.34396e-05
6.36162e-05
6.37604e-05
6.38863e-05
6.40023e-05
6.41152e-05
6.42276e-05
6.43425e-05
6.44597e-05
6.45802e-05
6.47023e-05
6.4826e-05
6.49485e-05
6.5069e-05
6.51845e-05
6.52936e-05
6.53933e-05
6.54816e-05
6.5556e-05
6.56141e-05
6.56533e-05
6.56711e-05
6.56645e-05
6.56306e-05
6.55654e-05
6.54643e-05
6.53213e-05
6.51275e-05
6.48709e-05
6.45323e-05
6.40828e-05
6.34682e-05
6.25966e-05
6.12356e-05
5.87965e-05
5.28573e-05
)
;

boundaryField
{
    movingWall
    {
        type            calculated;
        value           uniform 0;
    }
    fixedWalls
    {
        type            calculated;
        value           uniform 0;
    }
    frontAndBack
    {
        type            empty;
        value           nonuniform 0();
    }
    defaultFaces
    {
        type            empty;
        value           nonuniform 0();
    }
}


// ************************************************************************* //
