/*--------------------------------*- C++ -*----------------------------------*\
  =========                 |
  \\      /  F ield         | OpenFOAM: The Open Source CFD Toolbox
   \\    /   O peration     | Website:  https://openfoam.org
    \\  /    A nd           | Version:  7
     \\/     M anipulation  |
\*---------------------------------------------------------------------------*/
FoamFile
{
    version     2.0;
    format      ascii;
    class       surfaceScalarField;
    location    "1.13";
    object      phi;
}
// * * * * * * * * * * * * * * * * * * * * * * * * * * * * * * * * * * * * * //

dimensions      [0 3 -1 0 0 0 0];

internalField   nonuniform List<scalar> 
3784
(
-0.00240697
0.00240697
-0.00220195
-0.000205023
-0.000829082
-0.00137286
-3.7009e-05
-0.000792073
0.00030895
-0.000345959
0.000810963
-0.000502012
0.00122851
-0.000417542
0.00123157
-3.06885e-06
0.000624037
0.000607536
-0.000286922
0.000910959
-0.000925796
0.000638876
-0.000862663
-6.31334e-05
7.65694e-05
-0.000939235
0.00124961
-0.00117304
0.00133717
-8.75615e-05
5.072e-05
0.00128645
-0.00137489
0.00142561
-0.00145981
8.49217e-05
-9.4042e-05
-0.00136577
0.00129594
-0.00138998
0.00161987
-0.00032393
0.000663433
0.000956437
-0.000828731
0.00149216
-0.00149394
0.000665204
-0.00062629
-0.000867646
0.000776745
-0.00140304
0.00137176
-0.000595012
0.000622461
0.000749296
-0.000898375
0.00152084
-0.00174962
0.000851244
-0.00093107
-0.000818549
0.000596588
-0.00152766
0.00141324
-0.000816656
0.000912046
0.000501197
-0.000510601
0.00142265
-0.00158044
0.00106984
-0.00115153
-0.000428916
0.0002999
-0.00145143
0.00142061
-0.00112071
0.00122148
0.000199135
-0.000131254
0.00135273
-0.00138865
0.0012574
-0.00130196
-8.66903e-05
-0.00130196
-0.00333166
0.00573863
-0.00327115
-0.000265534
-0.000904796
-0.00373921
-0.000113055
-0.00158382
0.000125062
-0.00058408
0.000839808
-0.00121676
0.00132535
-0.000903075
0.00123058
9.1691e-05
0.000605193
0.00123293
-0.000172484
0.00168863
-0.000976342
0.00144273
-0.0012532
0.000213728
3.37153e-05
-0.00222615
0.00159933
-0.00273866
0.00130686
0.000204911
3.04152e-05
0.0025629
-0.00121675
0.00267277
-0.00177683
0.000645004
-0.000147301
-0.00299529
0.00182959
-0.00336687
0.00166249
-0.000156828
0.000548122
0.0020708
-0.000658653
0.00269894
-0.00173706
0.00174361
-0.000906748
-0.00169795
0.00118895
-0.00349874
0.00155688
-0.000962936
0.00044931
0.00185686
-0.000767602
0.00273775
-0.00188672
0.00197036
-0.00128601
-0.00141925
0.000947422
-0.00376109
0.00169744
-0.00156667
0.000728554
0.00147008
-0.000417733
0.00256893
-0.00161792
0.00227003
-0.00156587
-0.000480964
0.000488687
-0.00350598
0.00178935
-0.00242138
0.00106564
0.000922844
-8.14192e-05
0.00249979
-0.00128282
0.0024588
-0.00176031
0.000390804
-0.00306227
-0.00316231
0.00890094
-0.00362307
0.000195224
-0.00139602
-0.00596627
-0.000165394
-0.00281444
0.000220737
-0.000970206
0.000887476
-0.0018835
0.00139427
-0.00140987
0.00122943
0.000256532
0.000424046
0.00203831
-0.000539037
0.00265172
-0.00139591
0.0022996
-0.00141816
0.000235984
0.000282856
-0.00392717
0.00203847
-0.00449427
0.00170683
0.000536542
0.000235709
0.00403402
-0.00130754
0.00421602
-0.00206038
0.00139785
-0.000314058
-0.00474162
0.00201476
-0.00569569
0.0019882
-0.000130267
0.000597789
0.00346121
-0.000958919
0.00425564
-0.00213364
0.00291832
-0.00111592
-0.00271567
0.00135224
-0.00596689
0.00196588
-0.00157658
0.000742297
0.00308045
-0.000807972
0.00428802
-0.00217717
0.00333956
-0.00154286
-0.00205356
0.00101438
-0.00631834
0.00204376
-0.00259605
0.000981143
0.0025327
-0.000507673
0.00405775
-0.00193984
0.00370219
-0.00181382
-0.000606986
0.000560519
-0.00588032
0.00213054
-0.00399139
0.00136573
0.00168766
-0.000106507
0.00397202
-0.00160764
0.00395993
-0.00205948
0.000842637
-0.00512175
-0.00247103
0.011372
-0.00332471
0.0010489
-0.00190174
-0.00738923
-0.000644012
-0.00407217
-1.66774e-05
-0.00159754
0.000542024
-0.0024422
0.000873989
-0.00174183
0.000647252
0.000483268
-2.38109e-06
0.00268795
-0.000665217
0.00331455
-0.00115991
0.0027943
-0.000965168
4.12389e-05
0.000397518
-0.00528986
0.00159141
-0.00568816
0.00131822
0.000809728
0.000352096
0.00500014
-0.0006821
0.00525021
-0.00132655
0.00204231
-0.000251102
-0.00581707
0.0013902
-0.00733698
0.0013938
-0.000133869
0.000354686
0.00450032
-0.000734633
0.00534496
-0.00152819
0.00371188
-0.00082111
-0.00342275
0.00093157
-0.00771957
0.00142457
-0.00206958
0.000595829
0.00390919
-0.000442889
0.00532673
-0.00144205
0.00433872
-0.00110944
-0.00238616
0.000658204
-0.00808599
0.00142926
-0.00336711
0.000684315
0.00327765
-0.000338664
0.00508073
-0.00132409
0.00468762
-0.00125224
-0.000678831
0.000401201
-0.00753376
0.00149612
-0.00508632
0.000950069
0.00223371
-6.52788e-05
0.00498737
-0.00109329
0.00498795
-0.00141489
0.00116423
-0.00653664
-0.0017762
0.0131482
-0.00294292
0.00221563
-0.00232021
-0.00801195
-0.00119857
-0.00519381
-0.000400226
-0.00239589
1.87152e-05
-0.00286114
0.000176845
-0.00189996
-4.46603e-05
0.000704772
-0.000430909
0.00307419
-0.000755775
0.00363942
-0.000876448
0.00291497
-0.000481702
-0.000353506
0.00048527
-0.00625683
0.001071
-0.00627389
0.000830774
0.00104996
0.000387735
0.00544318
-0.000101201
0.00573915
-0.000587034
0.00252814
-0.000187278
-0.00621683
0.000718007
-0.00824227
0.000718992
-0.000134856
0.000123114
0.0050962
-0.000471422
0.0059395
-0.000879613
0.00412007
-0.000501594
-0.00380077
0.000492353
-0.00871352
0.000843235
-0.00242046
0.000401478
0.00435095
-0.000132371
0.00586058
-0.00065123
0.00485758
-0.00063109
-0.0024063
0.000290803
-0.00900788
0.000792986
-0.00386929
0.000369448
0.00370118
-0.000168123
0.0056183
-0.000621398
0.00514089
-0.000642547
-0.000657684
0.000237963
-0.00841427
0.000832914
-0.00568127
0.000483771
0.00258285
-2.9996e-05
0.00550114
-0.000524647
0.0054826
-0.000741745
0.00138133
-0.00727838
-0.000980775
0.0141289
-0.00236087
0.00359572
-0.00255067
-0.00782216
-0.00171249
-0.00603199
-0.000905547
-0.00320283
-0.000626485
-0.0031402
-0.000613274
-0.00191317
-0.000737028
0.000828526
-0.000761984
0.00309915
-0.000682733
0.00356017
-0.000467122
0.00269936
2.72312e-05
-0.000847857
0.000490172
-0.00671978
0.000466222
-0.00624994
0.000255507
0.00126067
0.000287128
0.00541156
0.000338228
0.00568805
0.000119474
0.00274689
-0.000123931
-0.00597343
2.28868e-05
-0.00838909
5.36489e-05
-0.000165617
-7.82078e-05
0.00522806
-0.000145983
0.00600728
-0.000148539
0.00412263
-0.000162239
-0.00378707
3.23084e-05
-0.00890807
0.000178884
-0.00256704
0.00014442
0.00438541
0.000135474
0.00586953
0.000106719
0.00488633
-0.000142134
-0.00215745
-7.54717e-05
-0.00907454
0.000101679
-0.00404644
5.53928e-05
0.00374747
2.97803e-05
0.00564391
7.04099e-05
0.00510026
-2.71044e-05
-0.000560171
6.28695e-05
-0.00850424
0.000135728
-0.00575412
2.52002e-05
0.00269338
-3.65317e-06
0.00552999
6.65506e-06
0.00547229
-8.25351e-05
0.00147052
-0.00736092
-7.51858e-05
0.0142041
-0.0014492
0.00496974
-0.00242177
-0.00684959
-0.00208007
-0.00637369
-0.00142764
-0.00385525
-0.00128126
-0.00328659
-0.00134885
-0.00184557
-0.00128182
0.000761495
-0.000954848
0.00277218
-0.000518622
0.00312394
-6.05059e-05
0.00224124
0.000463974
-0.00137233
0.000370409
-0.00662621
-0.000188221
-0.00569131
-0.000330983
0.00140344
9.7292e-05
0.00498328
0.000624192
0.00516115
0.000692895
0.00267819
-2.537e-05
-0.00525516
-0.000613424
-0.00780103
-0.000553209
-0.000225829
-0.000225654
0.00490051
0.000226869
0.00555475
0.000559775
0.00378972
0.000170034
-0.00339733
-0.000393307
-0.00834473
-0.000451411
-0.00250893
-0.000149232
0.00408323
0.000335882
0.00538441
0.000736539
0.00448568
0.000314522
-0.00173543
-0.000397517
-0.00836251
-0.000531187
-0.00391277
-0.000243796
0.00346008
0.000215179
0.00518494
0.00067338
0.00464206
0.000542306
-0.000429098
-0.000111979
-0.00784996
-0.000531603
-0.0053345
-0.00039703
0.00255881
8.87036e-06
0.00512409
0.000454156
0.005027
0.000540813
0.00138386
-0.0068201
0.000983157
0.013221
-9.58662e-05
0.00604876
-0.00179204
-0.00515342
-0.00211578
-0.00604995
-0.00179591
-0.00417512
-0.00180217
-0.00328033
-0.00187366
-0.00177408
-0.00160848
0.000496321
-0.00100318
0.00216687
-0.000340558
0.00246132
0.000333786
0.00156689
0.000750861
-0.00178941
0.000128189
-0.00600354
-0.000860701
-0.00470242
-0.00083919
0.00138192
-7.29074e-05
0.004217
0.000800293
0.00428795
0.00115006
0.00232843
0.000114241
-0.00421935
-0.00107977
-0.00660702
-0.000972646
-0.000332954
-0.00030672
0.00423458
0.000557993
0.00469004
0.00109235
0.00325537
0.0004561
-0.00276108
-0.00075861
-0.00713002
-0.00100525
-0.00226229
-0.000412066
0.00349005
0.00045084
0.00452151
0.00113719
0.00379933
0.000703295
-0.00130154
-0.000635039
-0.00702417
-0.00108747
-0.00346034
-0.000505665
0.00287828
0.000335151
0.00434412
0.00107313
0.00390408
0.000996929
-0.000352892
-0.000273589
-0.00657944
-0.00111723
-0.00449086
-0.000754615
0.00219619
1.22946e-05
0.00435718
0.000789175
0.00425012
0.00103586
0.00113719
-0.00578425
0.00199465
0.0112263
0.00157064
0.00647277
-0.000608395
-0.00297438
-0.00166158
-0.00499676
-0.00182235
-0.00401436
-0.00201099
-0.00309169
-0.0020783
-0.00170677
-0.00168358
0.000101603
-0.000922564
0.00140585
-0.00011536
0.00165412
0.000629023
0.000822513
0.000821053
-0.00198144
-0.000233682
-0.0049488
-0.00141033
-0.00352578
-0.00113913
0.00111073
-0.000189054
0.00326693
0.000840502
0.00325839
0.00141967
0.00174927
0.000251705
-0.00305138
-0.00132974
-0.00502558
-0.00126906
-0.000393635
-0.000356326
0.00332185
0.000703448
0.00363026
0.00142519
0.00253363
0.000699434
-0.00203533
-0.000960178
-0.00547041
-0.00138806
-0.00183441
-0.000567836
0.00266983
0.000492882
0.00346079
0.00133461
0.0029576
0.000988811
-0.00095574
-0.000727084
-0.00530828
-0.00144917
-0.00273825
-0.000659106
0.00208821
0.000359123
0.00332589
0.00127321
0.00298999
0.00127112
-0.000350799
-0.000375196
-0.00493312
-0.00150898
-0.00335708
-0.000933652
0.00162087
2.42617e-05
0.00339927
0.000965917
0.00330847
0.00136773
0.000735371
-0.00441652
0.00256114
0.00866519
0.00302844
0.00600547
0.000878939
-0.000824882
-0.000710075
-0.00340774
-0.00139374
-0.00333069
-0.00181498
-0.00267045
-0.00192463
-0.00159712
-0.00151436
-0.000308673
-0.000732894
0.00062439
7.1595e-05
0.000849627
0.000745428
0.000148679
0.000662752
-0.00189876
-0.000603288
-0.00368277
-0.00171821
-0.00241087
-0.00130317
0.000695696
-0.000270899
0.00223465
0.000769808
0.00221768
0.00141889
0.00110018
0.000342257
-0.00197474
-0.00135145
-0.00333186
-0.00138468
-0.000360415
-0.000365611
0.00230279
0.000724138
0.00254051
0.00151451
0.00174325
0.000824265
-0.00134508
-0.000968206
-0.00367794
-0.00148846
-0.00131416
-0.000585141
0.00176651
0.000463903
0.00241175
0.00139525
0.00202625
0.00111551
-0.000675992
-0.000667626
-0.00352514
-0.00149926
-0.00190662
-0.000692609
0.00128156
0.000353392
0.00227989
0.00133236
0.00201102
0.00131453
-0.000332967
-0.000395256
-0.00322334
-0.00157733
-0.002175
-0.000993624
0.00103716
4.69447e-05
0.0023587
0.00107766
0.00227775
0.00145234
0.000360693
-0.00296418
0.00246795
0.00619724
0.00358036
0.00489306
0.00212075
0.000634728
0.000454599
-0.00174159
-0.000589979
-0.00228611
-0.00123232
-0.00202811
-0.001448
-0.00138145
-0.00115248
-0.000604194
-0.000513927
-1.41577e-05
0.000187593
0.000148107
0.000681917
-0.00034565
0.000377048
-0.0015939
-0.000850572
-0.00245514
-0.00171591
-0.00154552
-0.00129369
0.000273477
-0.00033161
0.00127257
0.00059724
0.00128883
0.00114865
0.000548772
0.000305639
-0.00113173
-0.00116226
-0.00186397
-0.0012667
-0.000255972
-0.000322068
0.00135815
0.000641983
0.00157647
0.00136036
0.00102488
0.000793898
-0.000778625
-0.000797264
-0.00208678
-0.00130164
-0.000809786
-0.000522759
0.000987628
0.000413804
0.00147518
0.00126879
0.00117126
0.0010338
-0.000440997
-0.000498631
-0.00199271
-0.00125836
-0.00114689
-0.000621167
0.000644363
0.000312716
0.00134601
0.00118605
0.00113768
0.00111365
-0.000260563
-0.000338979
-0.00177071
-0.00133812
-0.00117587
-0.000875517
0.000574556
7.27332e-05
0.00141045
0.00101888
0.0013316
0.00126733
0.00011224
-0.00169685
0.00199636
0.00420088
0.00328992
0.0035995
0.00258315
0.0013415
0.00135647
-0.000514917
0.000280091
-0.00120973
-0.000450266
-0.00129775
-0.000765922
-0.00106579
-0.000657269
-0.000712849
-0.00023553
-0.0004359
0.000267126
-0.000354551
0.00053198
-0.000610505
0.000129421
-0.00119134
-0.000841301
-0.00148442
-0.00142575
-0.000961071
-0.00110751
-4.47641e-05
-0.000368044
0.000533107
0.000342946
0.000577837
0.000716846
0.000174872
0.000158145
-0.00057303
-0.000849017
-0.000856807
-0.000961252
-0.000143737
-0.00026339
0.000660296
0.000480585
0.000832494
0.00100682
0.000498643
0.000603561
-0.000375367
-0.000526502
-0.000956712
-0.000926469
-0.000409819
-0.000391675
0.000452831
0.000328207
0.000755298
0.000955715
0.000543752
0.000769023
-0.000254305
-0.000290742
-0.00093295
-0.000855496
-0.000582138
-0.000458709
0.000247573
0.000238305
0.000648994
0.000858205
0.000517785
0.000754402
-0.000156763
-0.00023719
-0.000779114
-0.000918531
-0.000494525
-0.0006279
0.000283926
7.97471e-05
0.000702807
0.000781826
0.000629527
0.00089727
-3.20354e-06
-0.000799583
0.00125617
0.00294472
0.00236743
0.00248823
0.00236902
0.00133992
0.00163177
0.000222338
0.000836755
-0.000414717
0.000227667
-0.000688667
-9.11066e-05
-0.000747018
-0.000106236
-0.000697718
8.54614e-05
-0.0006276
0.000324416
-0.000593511
0.000389654
-0.000675742
2.89417e-05
-0.000830618
-0.000611883
-0.000843594
-0.000977579
-0.000595377
-0.000811956
-0.000210386
-0.000354766
7.59208e-05
0.00010121
0.000121861
0.000303912
-2.78345e-05
-5.02845e-06
-0.000264091
-0.000535557
-0.000326276
-0.000612547
-6.67447e-05
-0.000202072
0.000249822
0.000281782
0.00034864
0.000585201
0.000195222
0.00034295
-0.000133116
-0.0002794
-0.00033436
-0.000533104
-0.000156116
-0.000243054
0.000162778
0.000216791
0.000295453
0.000576268
0.000184275
0.000447503
-0.00012554
-0.000129874
-0.000355574
-0.000468315
-0.000243697
-0.000278696
5.79538e-05
0.000144029
0.000226269
0.000488864
0.00017295
0.000395575
-6.34764e-05
-0.000137788
-0.000245752
-0.000504092
-0.000128221
-0.000355462
0.000135298
7.05615e-05
0.000276784
0.000479708
0.000220379
0.000507272
-3.07667e-05
-0.000292311
0.000804842
0.00213988
0.00147544
0.00181763
0.00169099
0.00112437
0.00139242
0.000520899
0.00096914
8.56764e-06
0.000589588
-0.000309116
0.000356402
-0.000513839
0.000280411
-0.000621731
0.000306736
-0.000653923
0.000348279
-0.000635054
0.000274367
-0.00060183
7.99877e-06
-0.000564248
-0.000338464
-0.000497127
-0.000545384
-0.000388456
-0.00050102
-0.000254751
-0.000279038
-0.000146059
-4.70168e-05
-0.00011016
3.62688e-05
-0.000111124
-9.72688e-05
-0.000130554
-0.00031044
-0.000113101
-0.000344444
-3.27414e-05
-0.000152045
5.74213e-05
0.00010076
9.58347e-05
0.000238645
5.73397e-05
0.000133299
-2.77677e-05
-0.000129026
-7.20349e-05
-0.00025367
-3.14741e-05
-0.000127164
3.62678e-05
0.000104669
6.36199e-05
0.000263759
2.51876e-05
0.000194495
-5.62756e-05
-4.95933e-05
-0.000111486
-0.000210793
-8.2497e-05
-0.000143253
-9.58734e-06
5.36793e-05
2.93365e-05
0.000201617
2.50114e-05
0.000151301
-1.31597e-05
-6.76582e-05
-2.67908e-05
-0.00021392
1.80417e-05
-0.000145337
6.67147e-05
5.45089e-05
7.69384e-05
0.000230825
4.40595e-05
0.000225418
-2.53611e-05
-6.68913e-05
0.000574244
0.00156563
0.0009689
0.00142298
0.0011239
0.000969379
0.00108141
0.000563377
0.00087306
0.000216919
0.000679774
-0.000115826
0.000523627
-0.000357693
0.000416152
-0.00051426
0.000342196
-0.000579967
0.000270045
-0.000562898
0.000162391
-0.000494175
9.5764e-06
-0.000411436
-0.000146846
-0.000340704
-0.000244456
-0.000290843
-0.000247653
-0.000251553
-0.000179354
-0.000214359
-0.000112494
-0.00017702
-8.62052e-05
-0.000137413
-0.000121607
-9.51526e-05
-0.000174422
-6.02867e-05
-0.00017653
-3.06353e-05
-0.000107466
-1.16436e-05
-1.15317e-05
-9.5518e-08
3.98228e-05
5.98893e-06
9.51002e-06
2.54387e-06
-6.3282e-05
7.53471e-07
-9.47722e-05
1.28836e-08
-5.6356e-05
-2.14941e-06
2.28904e-05
-1.56243e-05
7.42782e-05
-2.61965e-05
5.02588e-05
-3.22553e-05
-2.8782e-05
-3.24463e-05
-8.03265e-05
-3.09535e-05
-6.20334e-05
-2.78798e-05
-5.94119e-06
-2.67532e-05
3.95597e-05
-2.04883e-05
2.43791e-05
2.0198e-06
-2.98241e-05
2.74133e-05
-5.7226e-05
4.54445e-05
-2.69705e-05
3.64576e-05
3.81354e-05
1.18329e-05
8.75159e-05
-5.32004e-06
6.9667e-05
-7.51526e-06
2.77499e-06
0.000454442
0.00111119
0.000776428
0.00110099
0.000910128
0.000835681
0.000916349
0.000557158
0.000850111
0.000283152
0.000703085
3.11983e-05
0.000557931
-0.000212537
0.00041537
-0.000371698
0.000283698
-0.000448297
0.000169945
-0.000449144
7.52629e-05
-0.000399492
-1.25672e-06
-0.000334918
-5.75339e-05
-0.000284427
-9.24385e-05
-0.000255934
-0.000105258
-0.000238729
-0.000102049
-0.000217569
-9.61222e-05
-0.000182949
-9.6065e-05
-0.000137471
-9.90521e-05
-9.21676e-05
-9.99023e-05
-5.94387e-05
-8.83258e-05
-4.22111e-05
-6.61724e-05
-3.37944e-05
-4.12489e-05
-2.50154e-05
-2.33375e-05
-1.19215e-05
-2.23844e-05
1.5864e-06
-2.8833e-05
7.19692e-06
-2.8893e-05
7.28292e-08
-1.62167e-05
-1.48225e-05
-2.91651e-06
-2.89218e-05
2.89961e-06
-3.2011e-05
-3.60127e-06
-2.57542e-05
-1.60875e-05
-1.99607e-05
-2.60652e-05
-2.09748e-05
-2.49728e-05
-2.89704e-05
-1.99865e-05
-3.17367e-05
-1.8241e-05
-2.22317e-05
-1.54687e-05
-7.54999e-07
-9.54474e-06
2.14868e-05
4.55909e-06
3.13425e-05
1.94466e-05
2.15726e-05
2.71691e-05
4.10934e-06
2.53265e-05
-3.47661e-06
1.31742e-05
4.63661e-06
1.59472e-05
0.000352841
0.000758354
0.000653388
0.000800441
0.00082009
0.000668978
0.000876551
0.0005007
0.00084934
0.000310365
0.000764024
0.000116513
0.00061695
-6.54619e-05
0.000453686
-0.000208431
0.000297672
-0.000292281
0.000168511
-0.000319986
7.79244e-05
-0.000308907
2.44431e-05
-0.000281435
-4.46108e-06
-0.00025552
-2.25974e-05
-0.000237794
-3.8008e-05
-0.000223318
-5.24205e-05
-0.00020316
-6.26596e-05
-0.000172712
-6.49132e-05
-0.000135217
-5.79252e-05
-9.91571e-05
-4.5468e-05
-7.18969e-05
-3.28468e-05
-5.48285e-05
-2.29908e-05
-4.36467e-05
-1.55177e-05
-3.24899e-05
-8.18174e-06
-1.92611e-05
1.10514e-06
-7.70362e-06
1.13115e-05
-3.01111e-06
1.85853e-05
-7.19916e-06
2.02782e-05
-1.65118e-05
1.52837e-05
-2.39259e-05
8.87534e-06
-2.56026e-05
5.97265e-06
-2.28512e-05
6.35858e-06
-2.0345e-05
7.35197e-06
-2.19646e-05
2.72076e-06
-2.43377e-05
-4.07518e-06
-2.49421e-05
-9.22731e-06
-1.70792e-05
-5.96139e-06
-4.02014e-06
4.92909e-06
1.05957e-05
1.9871e-05
1.64001e-05
2.74994e-05
1.39477e-05
2.34736e-05
8.13424e-06
1.24879e-05
7.50567e-06
3.15851e-06
1.39663e-05
1.91066e-05
0.000255049
0.000503307
0.000505062
0.000550429
0.000684735
0.000489302
0.000786473
0.000398963
0.000812583
0.000284257
0.000773099
0.000155999
0.000673773
3.3865e-05
0.000542523
-7.71791e-05
0.000403734
-0.000153491
0.000281223
-0.000197477
0.000187534
-0.00021522
0.000123746
-0.000217644
8.15889e-05
-0.000213359
5.0613e-05
-0.000206818
2.4162e-05
-0.00019687
1.80415e-06
-0.000180804
-1.30831e-05
-0.000157824
-1.74705e-05
-0.000130829
-1.22022e-05
-0.000104426
-1.80339e-06
-8.22947e-05
8.54336e-06
-6.5172e-05
1.61174e-05
-5.122e-05
2.19735e-05
-3.83503e-05
2.98244e-05
-2.71163e-05
3.95465e-05
-1.74263e-05
4.96254e-05
-1.30896e-05
5.59493e-05
-1.35224e-05
5.58722e-05
-1.64334e-05
5.07551e-05
-1.88079e-05
4.4323e-05
-1.91691e-05
3.96408e-05
-1.81672e-05
3.68324e-05
-1.75358e-05
3.29835e-05
-1.81148e-05
2.68853e-05
-1.82389e-05
1.81173e-05
-1.61758e-05
1.20832e-05
-1.1046e-05
1.12017e-05
-3.13591e-06
1.64463e-05
5.35511e-06
2.24655e-05
1.03774e-05
2.37772e-05
1.26326e-05
1.79882e-05
1.39226e-05
8.92196e-06
1.65698e-05
2.12428e-06
2.0763e-05
2.12322e-05
0.000174494
0.000328812
0.000359597
0.000365325
0.000513665
0.000335234
0.000625038
0.000287592
0.000685657
0.00022364
0.000693173
0.000148484
0.00065662
7.04195e-05
0.000583017
-3.57554e-06
0.00049142
-6.18956e-05
0.000398758
-0.000104814
0.000316478
-0.00013294
0.000248234
-0.000149399
0.000193076
-0.000158201
0.000147063
-0.000160806
0.000108034
-0.000157842
7.63272e-05
-0.000149096
5.37338e-05
-0.000135229
4.1044e-05
-0.000118141
3.69806e-05
-0.000100362
3.84356e-05
-8.37463e-05
4.22169e-05
-6.89525e-05
4.6699e-05
-5.57062e-05
5.2026e-05
-4.36816e-05
5.81268e-05
-3.32186e-05
6.57942e-05
-2.50943e-05
7.31222e-05
-2.04185e-05
7.68953e-05
-1.7295e-05
7.65236e-05
-1.60607e-05
7.29581e-05
-1.52419e-05
6.78983e-05
-1.41079e-05
6.25659e-05
-1.28332e-05
5.69184e-05
-1.18887e-05
5.00112e-05
-1.12094e-05
4.17628e-05
-9.99155e-06
3.30867e-05
-7.49753e-06
2.55701e-05
-3.52821e-06
2.08624e-05
1.57043e-06
1.94596e-05
6.7608e-06
1.85196e-05
1.13169e-05
1.60241e-05
1.5122e-05
1.13725e-05
1.85713e-05
6.07827e-06
2.18651e-05
1.95242e-06
2.48902e-05
2.31849e-05
0.000117742
0.00021107
0.000247246
0.00023582
0.000363135
0.000219347
0.000457643
0.000193086
0.000523775
0.000157507
0.000557312
0.000114946
0.000558634
6.90979e-05
0.000529183
2.58765e-05
0.00048363
-1.63439e-05
0.00042847
-4.96552e-05
0.000370984
-7.54533e-05
0.000315815
-9.42311e-05
0.000264382
-0.000106769
0.000217486
-0.000113911
0.000175664
-0.000116018
0.000139963
-0.000113392
0.00011159
-0.000106857
9.09483e-05
-9.75003e-05
7.72494e-05
-8.66607e-05
6.89322e-05
-7.54257e-05
6.44052e-05
-6.4428e-05
6.26343e-05
-5.39416e-05
6.31148e-05
-4.41641e-05
6.53252e-05
-3.54284e-05
6.83603e-05
-2.81315e-05
7.0413e-05
-2.24732e-05
7.13096e-05
-1.81896e-05
7.01638e-05
-1.49126e-05
6.7144e-05
-1.22218e-05
6.31385e-05
-1.01025e-05
5.80875e-05
-7.78313e-06
5.20917e-05
-5.89319e-06
4.50889e-05
-4.20614e-06
3.7296e-05
-2.20075e-06
2.93059e-05
4.94046e-07
2.21112e-05
3.67097e-06
1.64297e-05
7.24932e-06
1.22761e-05
1.09113e-05
9.02918e-06
1.45654e-05
6.16886e-06
1.79826e-05
3.58997e-06
2.1149e-05
1.5143e-06
2.39412e-05
3.04418e-07
2.61013e-05
2.34891e-05
7.97115e-05
0.000131359
0.000168583
0.000146948
0.000250463
0.000137467
0.000320902
0.000122647
0.000375604
0.000102802
0.000411512
7.90345e-05
0.000427601
5.30089e-05
0.000426689
2.67885e-05
0.000406439
3.9056e-06
0.00037781
-2.10279e-05
0.000342982
-4.06272e-05
0.000304862
-5.61114e-05
0.00026576
-6.76667e-05
0.000227273
-7.54224e-05
0.000190821
-7.95641e-05
0.00015786
-8.0431e-05
0.000129359
-7.83579e-05
0.00010587
-7.40111e-05
8.72982e-05
-6.80872e-05
7.30957e-05
-6.12235e-05
6.25678e-05
-5.39047e-05
5.5116e-05
-4.64935e-05
5.02153e-05
-3.92632e-05
4.72614e-05
-3.24748e-05
4.54804e-05
-2.63529e-05
4.40293e-05
-2.10215e-05
4.23069e-05
-1.64645e-05
3.99614e-05
-1.25672e-05
3.69402e-05
-9.20011e-06
3.31229e-05
-6.28342e-06
2.91641e-05
-3.82693e-06
2.49339e-05
-1.66466e-06
1.99048e-05
8.27214e-07
1.4427e-05
3.27742e-06
9.22236e-06
5.69625e-06
4.55018e-06
8.3465e-06
7.6475e-07
1.10364e-05
-2.05096e-06
1.3724e-05
-3.81824e-06
1.63317e-05
-4.64508e-06
1.88115e-05
-4.55804e-06
2.10637e-05
-3.59906e-06
2.29827e-05
-1.90429e-06
2.44063e-05
2.15844e-05
5.36906e-05
7.76693e-05
0.000113688
8.69487e-05
0.000169602
8.15535e-05
0.000218923
7.33249e-05
0.000259243
6.2478e-05
0.000288751
4.95246e-05
0.000306588
3.51715e-05
0.000313088
2.02887e-05
0.000310968
6.02533e-06
0.000297774
-7.83382e-06
0.000277867
-2.07216e-05
0.000253314
-3.15579e-05
0.000225807
-4.01593e-05
0.000196894
-4.65083e-05
0.000167964
-5.06333e-05
0.000140184
-5.26513e-05
0.000114586
-5.27612e-05
9.18264e-05
-5.12503e-05
7.21919e-05
-4.84528e-05
5.56794e-05
-4.4714e-05
4.21222e-05
-4.03504e-05
3.12464e-05
-3.5617e-05
2.2731e-05
-3.07466e-05
1.61867e-05
-2.59326e-05
1.11626e-05
-2.13298e-05
7.18902e-06
-1.70433e-05
3.85291e-06
-1.31252e-05
8.73767e-07
-9.59066e-06
-1.91968e-06
-6.40663e-06
-4.62778e-06
-3.57084e-06
-7.32081e-06
-1.13504e-06
-1.00695e-05
1.08051e-06
-1.24975e-05
3.25896e-06
-1.48618e-05
5.64532e-06
-1.67684e-05
7.60092e-06
-1.79643e-05
9.54244e-06
-1.84526e-05
1.15276e-05
-1.81301e-05
1.34023e-05
-1.69457e-05
1.51462e-05
-1.48739e-05
1.67392e-05
-1.19468e-05
1.81372e-05
-8.25203e-06
1.92883e-05
-3.96436e-06
2.01187e-05
1.76203e-05
3.34742e-05
4.41943e-05
7.08627e-05
4.95578e-05
0.00010595
4.64672e-05
0.00013743
4.18433e-05
0.000164082
3.58221e-05
0.00018495
2.86555e-05
0.000199457
2.06652e-05
0.0002075
1.2246e-05
0.000209702
3.82223e-06
0.000205997
-4.1292e-06
0.000197032
-1.1757e-05
0.000184009
-1.85353e-05
0.000167946
-2.40971e-05
0.000149862
-2.84241e-05
0.000130693
-3.14644e-05
0.000111294
-3.32531e-05
9.23967e-05
-3.38642e-05
7.45705e-05
-3.34238e-05
5.82074e-05
-3.20912e-05
4.3531e-05
-3.00406e-05
3.0632e-05
-2.74518e-05
1.95093e-05
-2.44914e-05
1.0077e-05
-2.13126e-05
2.19337e-06
-1.80507e-05
-4.31937e-06
-1.48166e-05
-9.66087e-06
-1.16965e-05
-1.40336e-05
-8.74921e-06
-1.76264e-05
-6.00038e-06
-2.05492e-05
-3.48425e-06
-2.28948e-05
-1.22093e-06
-2.48936e-05
8.64479e-07
-2.65408e-05
2.72465e-06
-2.77921e-05
4.51127e-06
-2.82382e-05
6.09492e-06
-2.81193e-05
7.4824e-06
-2.74476e-05
8.87008e-06
-2.60904e-05
1.01717e-05
-2.40218e-05
1.13355e-05
-2.12618e-05
1.23866e-05
-1.78402e-05
1.33171e-05
-1.38151e-05
1.41115e-05
-9.27338e-06
1.47462e-05
-4.34588e-06
1.5191e-05
1.32744e-05
2.11826e-05
2.30104e-05
4.50026e-05
2.57375e-05
6.75225e-05
2.39493e-05
8.80394e-05
2.13253e-05
0.00010592
1.79398e-05
0.000120649
1.39286e-05
0.000131849
9.46578e-06
0.000139332
4.76264e-06
0.000143229
-7.54112e-08
0.000143801
-4.70131e-06
0.000140999
-8.95526e-06
0.000135331
-1.28678e-05
0.000127328
-1.60941e-05
0.000117516
-1.86125e-05
0.000106434
-2.03827e-05
9.45849e-05
-2.14044e-05
8.24289e-05
-2.17074e-05
7.03577e-05
-2.13519e-05
5.86866e-05
-2.04211e-05
4.76576e-05
-1.9013e-05
3.74372e-05
-1.72304e-05
2.81269e-05
-1.51774e-05
1.97717e-05
-1.2955e-05
1.23716e-05
-1.0651e-05
5.89963e-06
-8.34358e-06
3.05698e-07
-6.09822e-06
-4.47967e-06
-3.96108e-06
-8.51069e-06
-1.97077e-06
-1.18658e-05
-1.29746e-07
-1.46261e-05
1.54208e-06
-1.68124e-05
3.0519e-06
-1.84681e-05
4.37854e-06
-1.9525e-05
5.56766e-06
-2.00335e-05
6.60499e-06
-2.00787e-05
7.52836e-06
-1.95931e-05
8.38397e-06
-1.85487e-05
9.12707e-06
-1.69915e-05
9.77868e-06
-1.49524e-05
1.03479e-05
-1.24724e-05
1.08368e-05
-9.6039e-06
1.12422e-05
-6.41616e-06
1.15574e-05
-2.99714e-06
1.17708e-05
1.02757e-05
1.49546e-05
8.05499e-06
3.1889e-05
8.80416e-06
4.80124e-05
7.8275e-06
6.28513e-05
6.48482e-06
7.60628e-05
4.72796e-06
8.73597e-05
2.63368e-06
9.6361e-05
4.64902e-07
0.000103177
-2.05556e-06
0.000107503
-4.40288e-06
0.000109547
-6.74498e-06
0.000109416
-8.82466e-06
0.000107195
-1.06464e-05
0.000103212
-1.21117e-05
9.77566e-05
-1.31579e-05
9.11417e-05
-1.37679e-05
8.36767e-05
-1.39387e-05
7.56581e-05
-1.36872e-05
6.7355e-05
-1.30476e-05
5.90024e-05
-1.20687e-05
5.07995e-05
-1.08107e-05
4.29076e-05
-9.33712e-06
3.54463e-05
-7.71291e-06
2.84969e-05
-6.00358e-06
2.21167e-05
-4.2709e-06
1.63413e-05
-2.56759e-06
1.11746e-05
-9.28664e-07
6.61938e-06
5.9626e-07
2.64524e-06
2.00261e-06
-7.85681e-07
3.3005e-06
-3.67461e-06
4.43255e-06
-6.02819e-06
5.40664e-06
-7.8648e-06
6.21412e-06
-9.24969e-06
6.9514e-06
-1.01888e-05
7.54417e-06
-1.06822e-05
8.02186e-06
-1.07344e-05
8.43533e-06
-1.03934e-05
8.78489e-06
-9.6786e-06
9.06297e-06
-8.62029e-06
9.28882e-06
-7.25456e-06
9.47e-06
-5.62481e-06
9.61093e-06
-3.78202e-06
9.71259e-06
-1.78721e-06
9.77354e-06
8.48645e-06
1.0655e-05
-2.59946e-06
2.27109e-05
-3.24996e-06
3.42332e-05
-3.69445e-06
4.49797e-05
-4.2637e-06
5.46591e-05
-4.95112e-06
6.30197e-05
-5.72511e-06
6.98871e-05
-6.403e-06
7.52226e-05
-7.39267e-06
7.89508e-05
-8.13185e-06
8.10801e-05
-8.87418e-06
8.16686e-05
-9.41274e-06
8.08223e-05
-9.79937e-06
7.86676e-05
-9.95652e-06
7.53843e-05
-9.87442e-06
7.11604e-05
-9.54378e-06
6.6195e-05
-8.97232e-06
6.06859e-05
-8.17646e-06
5.482e-05
-7.18046e-06
4.87681e-05
-6.01676e-06
4.26891e-05
-4.73228e-06
3.67139e-05
-3.36128e-06
3.09583e-05
-1.95536e-06
2.55033e-05
-5.47556e-07
2.04074e-05
8.24591e-07
1.57574e-05
2.0823e-06
1.15222e-05
3.30834e-06
7.73368e-06
4.38647e-06
4.37478e-06
5.36155e-06
1.47931e-06
6.19585e-06
-9.67537e-07
6.88073e-06
-2.99099e-06
7.4316e-06
-4.62632e-06
7.84957e-06
-5.84424e-06
8.16874e-06
-6.69095e-06
8.39069e-06
-7.19568e-06
8.52652e-06
-7.35675e-06
8.59578e-06
-7.18893e-06
8.61578e-06
-6.73065e-06
8.60299e-06
-6.01195e-06
8.56816e-06
-5.06673e-06
8.52252e-06
-3.93159e-06
8.47317e-06
-2.64524e-06
8.42333e-06
-1.25454e-06
8.3799e-06
7.23081e-06
7.02687e-06
-9.62577e-06
1.49035e-05
-1.11261e-05
2.24196e-05
-1.12123e-05
2.93926e-05
-1.12394e-05
3.56623e-05
-1.12199e-05
4.10861e-05
-1.11474e-05
4.5687e-05
-1.10045e-05
4.91018e-05
-1.08081e-05
5.147e-05
-1.05e-05
5.26997e-05
-1.01038e-05
5.2877e-05
-9.58955e-06
5.20182e-05
-8.9397e-06
5.02221e-05
-8.15984e-06
4.75995e-05
-7.25167e-06
4.42823e-05
-6.22674e-06
4.0411e-05
-5.10069e-06
3.61284e-05
-3.89302e-06
3.15697e-05
-2.62134e-06
2.68703e-05
-1.31801e-06
2.21739e-05
-3.71553e-08
1.75775e-05
1.23466e-06
1.32036e-05
2.41915e-06
9.11345e-06
3.54276e-06
5.34151e-06
4.59578e-06
1.88854e-06
5.53495e-06
-1.15471e-06
6.35291e-06
-3.79774e-06
7.0314e-06
-6.02792e-06
7.59279e-06
-7.85096e-06
8.01969e-06
-9.28649e-06
8.31794e-06
-1.03511e-05
8.4982e-06
-1.10764e-05
8.57599e-06
-1.14595e-05
8.55223e-06
-1.152e-05
8.45137e-06
-1.12833e-05
8.29013e-06
-1.07709e-05
8.08318e-06
-1.0002e-05
7.84613e-06
-8.99793e-06
7.59745e-06
-7.78918e-06
7.3575e-06
-6.40642e-06
7.1375e-06
-4.88071e-06
6.94506e-06
-3.24417e-06
6.78446e-06
-1.52604e-06
6.65982e-06
5.70468e-06
3.76422e-06
-1.33903e-05
7.93888e-06
-1.5301e-05
1.19059e-05
-1.51814e-05
1.55318e-05
-1.48668e-05
1.87006e-05
-1.43865e-05
2.13047e-05
-1.37499e-05
2.32601e-05
-1.296e-05
2.44866e-05
-1.20341e-05
2.4964e-05
-1.09772e-05
2.46576e-05
-9.79758e-06
2.35788e-05
-8.51064e-06
2.17861e-05
-7.14668e-06
1.93532e-05
-5.727e-06
1.63745e-05
-4.27378e-06
1.29548e-05
-2.80815e-06
9.20475e-06
-1.3515e-06
5.22979e-06
8.14167e-08
1.1491e-06
1.45864e-06
-2.98786e-06
2.81747e-06
-6.90972e-06
3.88278e-06
-1.05748e-05
4.8985e-06
-1.39813e-05
5.82535e-06
-1.70576e-05
6.61894e-06
-1.97444e-05
7.28176e-06
-2.20132e-05
7.80331e-06
-2.38384e-05
8.17906e-06
-2.52198e-05
8.41453e-06
-2.61436e-05
8.5178e-06
-2.66218e-05
8.49882e-06
-2.66826e-05
8.38002e-06
-2.63488e-05
8.16594e-06
-2.56455e-05
7.87388e-06
-2.46109e-05
7.51818e-06
-2.32798e-05
7.12069e-06
-2.16813e-05
6.69212e-06
-1.98448e-05
6.2471e-06
-1.77993e-05
5.80068e-06
-1.55704e-05
5.36832e-06
-1.31788e-05
4.96525e-06
-1.06462e-05
4.60395e-06
-7.99755e-06
4.29548e-06
-5.26035e-06
4.04639e-06
-2.46434e-06
3.86312e-06
3.24033e-06
9.3106e-07
-1.43219e-05
1.89503e-06
-1.62642e-05
2.76011e-06
-1.60474e-05
3.41094e-06
-1.55172e-05
3.7369e-06
-1.47097e-05
3.64148e-06
-1.36534e-05
3.06142e-06
-1.23797e-05
1.95139e-06
-1.09234e-05
2.95379e-07
-9.32142e-06
-1.89129e-06
-7.61187e-06
-4.55736e-06
-5.84538e-06
-7.65074e-06
-4.05414e-06
-1.11064e-05
-2.27264e-06
-1.48438e-05
-5.38322e-07
-1.87617e-05
1.10771e-06
-2.2768e-05
2.65281e-06
-2.68093e-05
4.12115e-06
-3.07662e-05
5.41392e-06
-3.44151e-05
6.46437e-06
-3.78827e-05
7.3481e-06
-4.10511e-05
8.0654e-06
-4.38356e-05
8.60927e-06
-4.61892e-05
8.97212e-06
-4.80639e-05
9.15564e-06
-4.94279e-05
9.1666e-06
-5.0264e-05
9.0153e-06
-5.05637e-05
8.71522e-06
-5.03288e-05
8.28367e-06
-4.95718e-05
7.74229e-06
-4.83053e-05
7.11409e-06
-4.65592e-05
6.42072e-06
-4.43699e-05
5.68544e-06
-4.17847e-05
4.93366e-06
-3.88461e-05
4.18268e-06
-3.56037e-05
3.45054e-06
-3.21075e-05
2.75172e-06
-2.84035e-05
2.09748e-06
-2.45316e-05
1.49701e-06
-2.05259e-05
9.60015e-07
-1.64278e-05
5.05958e-07
-1.22622e-05
1.29924e-07
-8.04113e-06
-1.74795e-07
-3.77326e-06
-4.05151e-07
-5.33262e-07
-1.58728e-06
-1.27342e-05
-3.43216e-06
-1.44173e-05
-5.30895e-06
-1.41701e-05
-7.34613e-06
-1.34782e-05
-9.6438e-06
-1.24098e-05
-1.22634e-05
-1.10337e-05
-1.52207e-05
-9.4221e-06
-1.85019e-05
-7.64188e-06
-2.20714e-05
-5.75279e-06
-2.58765e-05
-3.80836e-06
-2.98718e-05
-1.85189e-06
-3.39987e-05
7.08049e-08
-3.81914e-05
1.91778e-06
-4.241e-05
3.67788e-06
-4.65615e-05
5.25668e-06
-5.05953e-05
6.68408e-06
-5.44155e-05
7.9392e-06
-5.80122e-05
9.00861e-06
-6.13394e-05
9.78944e-06
-6.43529e-05
1.03595e-05
-6.7e-05
1.0711e-05
-6.92271e-05
1.08358e-05
-7.09923e-05
1.07369e-05
-7.22596e-05
1.04222e-05
-7.29988e-05
9.90491e-06
-7.31849e-05
9.20116e-06
-7.28014e-05
8.33231e-06
-7.18397e-05
7.32276e-06
-7.02965e-05
6.19962e-06
-6.8174e-05
4.99229e-06
-6.54842e-05
3.73193e-06
-6.22499e-05
2.45231e-06
-5.84982e-05
1.18312e-06
-5.42706e-05
-4.37637e-08
-4.96244e-05
-1.19459e-06
-4.46217e-05
-2.24989e-06
-3.93335e-05
-3.18993e-06
-3.38324e-05
-4.00354e-06
-2.81745e-05
-4.6975e-06
-2.24557e-05
-5.21261e-06
-1.67125e-05
-5.61328e-06
-1.09512e-05
-5.93644e-06
-5.15752e-06
-6.1995e-06
-5.69113e-06
-3.91735e-06
-8.81518e-06
-8.32833e-06
-1.00037e-05
-1.27332e-05
-9.7642e-06
-1.72503e-05
-8.95923e-06
-2.19266e-05
-7.73251e-06
-2.67399e-05
-6.22104e-06
-3.16279e-05
-4.53398e-06
-3.65213e-05
-2.74848e-06
-4.1337e-05
-9.3839e-07
-4.60332e-05
8.8585e-07
-5.05802e-05
2.69287e-06
-5.49502e-05
4.43836e-06
-5.9121e-05
6.08624e-06
-6.30619e-05
7.61646e-06
-6.67873e-05
8.97971e-06
-7.02662e-05
1.01606e-05
-7.34691e-05
1.11398e-05
-7.63635e-05
1.1901e-05
-7.89837e-05
1.24076e-05
-8.12909e-05
1.2665e-05
-8.32527e-05
1.26713e-05
-8.48411e-05
1.24235e-05
-8.60296e-05
1.1925e-05
-8.67921e-05
1.1184e-05
-8.71031e-05
1.02151e-05
-8.69361e-05
9.0338e-06
-8.62671e-05
7.66371e-06
-8.5073e-05
6.12929e-06
-8.33318e-05
4.45918e-06
-8.10235e-05
2.68488e-06
-7.81316e-05
8.41176e-07
-7.46417e-05
-1.03615e-06
-7.05444e-05
-2.91265e-06
-6.58385e-05
-4.74813e-06
-6.05531e-05
-6.47875e-06
-5.47219e-05
-8.0802e-06
-4.84134e-05
-9.49782e-06
-4.17288e-05
-1.0688e-05
-3.48051e-05
-1.16213e-05
-2.77311e-05
-1.22868e-05
-2.0612e-05
-1.27327e-05
-1.3502e-05
-1.30469e-05
-6.40652e-06
-1.32955e-05
-1.20978e-05
-6.08264e-06
-2.73065e-06
-1.28595e-05
-3.22467e-06
-1.95949e-05
-3.02769e-06
-2.62811e-05
-2.27143e-06
-3.28511e-05
-1.16254e-06
-3.91739e-05
1.01013e-07
-4.51323e-05
1.42467e-06
-5.06623e-05
2.78141e-06
-5.5694e-05
4.09202e-06
-6.02551e-05
5.44496e-06
-6.43658e-05
6.80137e-06
-6.80664e-05
8.1367e-06
-7.13962e-05
9.41419e-06
-7.4381e-05
1.05996e-05
-7.70592e-05
1.1656e-05
-7.94519e-05
1.25513e-05
-8.15729e-05
1.32588e-05
-8.34255e-05
1.37522e-05
-8.50353e-05
1.40158e-05
-8.63993e-05
1.40278e-05
-8.75104e-05
1.37813e-05
-8.83583e-05
1.32713e-05
-8.89326e-05
1.24991e-05
-8.9219e-05
1.14703e-05
-8.92006e-05
1.01966e-05
-8.88575e-05
8.69103e-06
-8.81659e-05
6.97298e-06
-8.70985e-05
5.06299e-06
-8.56236e-05
2.98546e-06
-8.37056e-05
7.678e-07
-8.13051e-05
-1.55833e-06
-7.83714e-05
-3.96869e-06
-7.48579e-05
-6.42513e-06
-7.07184e-05
-8.88653e-06
-6.58937e-05
-1.13027e-05
-6.03565e-05
-1.3617e-05
-5.41053e-05
-1.57488e-05
-4.71881e-05
-1.76052e-05
-3.97098e-05
-1.90997e-05
-3.1813e-05
-2.01838e-05
-2.3689e-05
-2.0857e-05
-1.54997e-05
-2.12365e-05
-7.36827e-06
-2.14272e-05
-1.94661e-05
-8.07672e-06
5.34761e-06
-1.69556e-05
5.65579e-06
-2.56412e-05
5.6591e-06
-3.38274e-05
5.91608e-06
-4.13604e-05
6.37009e-06
-4.80737e-05
6.81396e-06
-5.3909e-05
7.26042e-06
-5.88662e-05
7.73851e-06
-6.30484e-05
8.27296e-06
-6.65249e-05
8.91978e-06
-6.94015e-05
9.67619e-06
-7.17783e-05
1.0512e-05
-7.37384e-05
1.1373e-05
-7.53471e-05
1.22073e-05
-7.66612e-05
1.2969e-05
-7.77259e-05
1.36149e-05
-7.8577e-05
1.41084e-05
-7.92386e-05
1.4413e-05
-7.97382e-05
1.45141e-05
-8.00891e-05
1.43784e-05
-8.03029e-05
1.39944e-05
-8.0384e-05
1.33526e-05
-8.03367e-05
1.2452e-05
-8.01598e-05
1.12942e-05
-7.98496e-05
9.88708e-06
-7.93978e-05
8.24035e-06
-7.87902e-05
6.3672e-06
-7.80073e-05
4.28203e-06
-7.70216e-05
2.00169e-06
-7.57977e-05
-4.54433e-07
-7.42912e-05
-3.06345e-06
-7.24382e-05
-5.82046e-06
-7.01725e-05
-8.68988e-06
-6.7401e-05
-1.16571e-05
-6.40114e-05
-1.46918e-05
-5.98854e-05
-1.77426e-05
-5.49117e-05
-2.07222e-05
-4.90107e-05
-2.35062e-05
-4.21622e-05
-2.59481e-05
-3.44191e-05
-2.7927e-05
-2.59809e-05
-2.92953e-05
-1.70757e-05
-3.0142e-05
-8.13891e-06
-3.03643e-05
-2.76053e-05
-9.97986e-06
1.53286e-05
-2.05135e-05
1.61906e-05
-3.03953e-05
1.55424e-05
-3.8914e-05
1.44359e-05
-4.60662e-05
1.35222e-05
-5.18226e-05
1.25705e-05
-5.6328e-05
1.17663e-05
-5.97528e-05
1.1163e-05
-6.22988e-05
1.08179e-05
-6.41317e-05
1.07516e-05
-6.54026e-05
1.0946e-05
-6.62295e-05
1.13381e-05
-6.6707e-05
1.18501e-05
-6.69067e-05
1.24069e-05
-6.68867e-05
1.29485e-05
-6.66926e-05
1.34207e-05
-6.63646e-05
1.37795e-05
-6.59321e-05
1.39806e-05
-6.54246e-05
1.40057e-05
-6.48619e-05
1.3816e-05
-6.42668e-05
1.33986e-05
-6.36543e-05
1.27406e-05
-6.3041e-05
1.18389e-05
-6.24383e-05
1.06922e-05
-6.18561e-05
9.30574e-06
-6.13004e-05
7.68569e-06
-6.07718e-05
5.84022e-06
-6.02657e-05
3.7776e-06
-5.97693e-05
1.50704e-06
-5.92618e-05
-9.60304e-07
-5.8706e-05
-3.61797e-06
-5.80607e-05
-6.46434e-06
-5.72563e-05
-9.49342e-06
-5.61962e-05
-1.27164e-05
-5.47484e-05
-1.6139e-05
-5.27427e-05
-1.97479e-05
-4.99799e-05
-2.34846e-05
-4.62425e-05
-2.72436e-05
-4.13255e-05
-3.08649e-05
-3.50334e-05
-3.42193e-05
-2.73852e-05
-3.69436e-05
-1.84081e-05
-3.91196e-05
-8.96504e-06
-3.98079e-05
-3.65707e-05
-1.19788e-05
2.73081e-05
-2.33401e-05
2.75528e-05
-3.31779e-05
2.5382e-05
-4.04887e-05
2.17475e-05
-4.58463e-05
1.88799e-05
-4.95187e-05
1.62432e-05
-5.19111e-05
1.41589e-05
-5.3322e-05
1.25735e-05
-5.40071e-05
1.15024e-05
-5.41535e-05
1.08974e-05
-5.39032e-05
1.06954e-05
-5.33556e-05
1.07904e-05
-5.25823e-05
1.10768e-05
-5.1635e-05
1.14603e-05
-5.05568e-05
1.18702e-05
-4.93811e-05
1.22457e-05
-4.81422e-05
1.25399e-05
-4.68659e-05
1.2705e-05
-4.5581e-05
1.272e-05
-4.43098e-05
1.25456e-05
-4.30813e-05
1.21694e-05
-4.19173e-05
1.15771e-05
-4.08435e-05
1.07652e-05
-3.98818e-05
9.73107e-06
-3.90535e-05
8.47831e-06
-3.83778e-05
7.01095e-06
-3.78699e-05
5.33366e-06
-3.75414e-05
3.45031e-06
-3.73975e-05
1.3643e-06
-3.74354e-05
-9.21028e-07
-3.76452e-05
-3.40736e-06
-3.80071e-05
-6.10143e-06
-3.84803e-05
-9.01957e-06
-3.8997e-05
-1.21991e-05
-3.94486e-05
-1.5687e-05
-3.96743e-05
-1.95222e-05
-3.94575e-05
-2.37013e-05
-3.85101e-05
-2.81914e-05
-3.64885e-05
-3.28866e-05
-3.29013e-05
-3.78072e-05
-2.743e-05
-4.24155e-05
-1.94653e-05
-4.70851e-05
-1.01477e-05
-4.91264e-05
-4.67188e-05
-1.41604e-05
4.14692e-05
-2.49293e-05
3.83225e-05
-3.30724e-05
3.35266e-05
-3.77181e-05
2.63938e-05
-4.03042e-05
2.14661e-05
-4.13882e-05
1.73276e-05
-4.15308e-05
1.43016e-05
-4.10406e-05
1.20831e-05
-4.01376e-05
1.05994e-05
-3.89623e-05
9.72223e-06
-3.75968e-05
9.33012e-06
-3.60923e-05
9.28626e-06
-3.44817e-05
9.46643e-06
-3.27868e-05
9.76639e-06
-3.10293e-05
1.01128e-05
-2.92271e-05
1.04446e-05
-2.74056e-05
1.07174e-05
-2.55852e-05
1.08856e-05
-2.37922e-05
1.09261e-05
-2.20504e-05
1.08048e-05
-2.03919e-05
1.05102e-05
-1.88431e-05
1.00288e-05
-1.74357e-05
9.35771e-06
-1.61989e-05
8.49457e-06
-1.5162e-05
7.44217e-06
-1.43541e-05
6.20367e-06
-1.38013e-05
4.7818e-06
-1.3528e-05
3.17785e-06
-1.35549e-05
1.39188e-06
-1.38975e-05
-5.77556e-07
-1.45692e-05
-2.73541e-06
-1.55759e-05
-5.09407e-06
-1.69138e-05
-7.6816e-06
-1.85584e-05
-1.05543e-05
-2.04549e-05
-1.37905e-05
-2.25016e-05
-1.74759e-05
-2.45382e-05
-2.16647e-05
-2.63088e-05
-2.64216e-05
-2.74586e-05
-3.17373e-05
-2.73261e-05
-3.79408e-05
-2.52811e-05
-4.44613e-05
-1.9785e-05
-5.25821e-05
-1.17981e-05
-5.71143e-05
-5.85173e-05
-1.61911e-05
5.76606e-05
-2.44421e-05
4.65743e-05
-2.92251e-05
3.83107e-05
-3.03559e-05
2.75249e-05
-2.99519e-05
2.10624e-05
-2.86674e-05
1.60436e-05
-2.70038e-05
1.26381e-05
-2.51585e-05
1.0238e-05
-2.32438e-05
8.68513e-06
-2.13e-05
7.77911e-06
-1.93401e-05
7.37055e-06
-1.73598e-05
7.3062e-06
-1.53526e-05
7.45917e-06
-1.33129e-05
7.72766e-06
-1.12449e-05
8.04463e-06
-9.15361e-06
8.35444e-06
-7.05721e-06
8.61984e-06
-4.97131e-06
8.80062e-06
-2.92173e-06
8.87534e-06
-9.32382e-07
8.81647e-06
9.6285e-07
8.61421e-06
2.73454e-06
8.25744e-06
4.34774e-06
7.74429e-06
5.76902e-06
7.07334e-06
6.96455e-06
6.24713e-06
7.89986e-06
5.26866e-06
8.54252e-06
4.13974e-06
8.86029e-06
2.86057e-06
8.82248e-06
1.42986e-06
8.4011e-06
-1.55685e-07
7.56638e-06
-1.90088e-06
6.29194e-06
-3.81938e-06
4.55228e-06
-5.94219e-06
2.32976e-06
-8.33197e-06
-3.79623e-07
-1.10814e-05
-3.55368e-06
-1.43026e-05
-7.12796e-06
-1.80907e-05
-1.0961e-05
-2.25896e-05
-1.4816e-05
-2.78828e-05
-1.8095e-05
-3.46629e-05
-2.00764e-05
-4.24807e-05
-1.84841e-05
-5.41752e-05
-1.35323e-05
-6.20671e-05
-7.20499e-05
-1.71293e-05
7.47899e-05
-2.09196e-05
5.03652e-05
-2.12116e-05
3.86035e-05
-1.8903e-05
2.52167e-05
-1.60538e-05
1.82137e-05
-1.31477e-05
1.31378e-05
-1.04373e-05
9.92798e-06
-7.94346e-06
7.7445e-06
-5.64263e-06
6.38502e-06
-3.48089e-06
5.61817e-06
-1.40417e-06
5.29407e-06
6.35377e-07
5.26672e-06
2.67143e-06
5.42252e-06
4.72665e-06
5.67307e-06
6.80815e-06
5.96251e-06
8.91706e-06
6.24658e-06
1.10394e-05
6.4961e-06
1.31624e-05
6.67846e-06
1.52596e-05
6.77679e-06
1.73072e-05
6.76971e-06
1.92708e-05
6.65001e-06
2.11193e-05
6.40925e-06
2.28168e-05
6.0466e-06
2.43285e-05
5.56166e-06
2.56192e-05
4.95683e-06
2.66529e-05
4.23502e-06
2.73953e-05
3.39771e-06
2.78113e-05
2.44481e-06
2.78662e-05
1.37492e-06
2.75259e-05
1.84891e-07
2.67533e-05
-1.12873e-06
2.55113e-05
-2.57727e-06
2.3757e-05
-4.18823e-06
2.14444e-05
-6.01975e-06
1.8524e-05
-8.16124e-06
1.4949e-05
-1.07284e-05
1.0684e-05
-1.3826e-05
5.73445e-06
-1.7641e-05
1.5848e-07
-2.23072e-05
-5.73151e-06
-2.87738e-05
-1.13962e-05
-3.68166e-05
-1.45562e-05
-5.1016e-05
-1.43182e-05
-6.23059e-05
-8.63684e-05
-1.55477e-05
9.03375e-05
-1.36987e-05
4.85166e-05
-9.3731e-06
3.42783e-05
-4.52354e-06
2.03676e-05
-2.4799e-07
1.39388e-05
3.33489e-06
9.55548e-06
6.31134e-06
6.95177e-06
8.82114e-06
5.23504e-06
1.09999e-05
4.20683e-06
1.29676e-05
3.65122e-06
1.48204e-05
3.44129e-06
1.66301e-05
3.45696e-06
1.84429e-05
3.60886e-06
2.02877e-05
3.82853e-06
2.21743e-05
4.07498e-06
2.41064e-05
4.3153e-06
2.60715e-05
4.52958e-06
2.80574e-05
4.69332e-06
3.00378e-05
4.79507e-06
3.1989e-05
4.81928e-06
3.38773e-05
4.76116e-06
3.56719e-05
4.61495e-06
3.73381e-05
4.38041e-06
3.88419e-05
4.05791e-06
4.01496e-05
3.64948e-06
4.1227e-05
3.15774e-06
4.2041e-05
2.58395e-06
4.2558e-05
1.92804e-06
4.27437e-05
1.18908e-06
4.25641e-05
3.64772e-07
4.19817e-05
-5.46698e-07
4.09576e-05
-1.5531e-06
3.94445e-05
-2.67532e-06
3.73842e-05
-3.95973e-06
3.47028e-05
-5.47992e-06
3.1309e-05
-7.33512e-06
2.71002e-05
-9.61722e-06
2.19674e-05
-1.25088e-05
1.58069e-05
-1.6147e-05
8.57271e-06
-2.15402e-05
5.14756e-07
-2.87592e-05
-7.31461e-06
-4.31871e-05
-1.26881e-05
-5.69331e-05
-9.90567e-05
-1.00048e-05
0.000100342
-2.60689e-06
4.11189e-05
5.24647e-06
2.64252e-05
1.12458e-05
1.43688e-05
1.58338e-05
9.35144e-06
1.92677e-05
6.12212e-06
2.19197e-05
4.30002e-06
2.40227e-05
3.13224e-06
2.57727e-05
2.45726e-06
2.73159e-05
2.10847e-06
2.87627e-05
1.99435e-06
3.01892e-05
2.03036e-06
3.16415e-05
2.15557e-06
3.31466e-05
2.32351e-06
3.4713e-05
2.50759e-06
3.63431e-05
2.68588e-06
3.8025e-05
2.84643e-06
3.97465e-05
2.97248e-06
4.14829e-05
3.05759e-06
4.32114e-05
3.0914e-06
4.49012e-05
3.07106e-06
4.65234e-05
2.99306e-06
4.80465e-05
2.85736e-06
4.94399e-05
2.66462e-06
5.06735e-05
2.41627e-06
5.1717e-05
2.11435e-06
5.25414e-05
1.75979e-06
5.31172e-05
1.35258e-06
5.34139e-05
8.9231e-07
5.34015e-05
3.77542e-07
5.30469e-05
-1.92337e-07
5.2316e-05
-8.22027e-07
5.11659e-05
-1.52528e-06
4.954e-05
-2.33395e-06
4.736e-05
-3.29973e-06
4.45187e-05
-4.49413e-06
4.0886e-05
-5.98436e-06
3.62904e-05
-7.91367e-06
3.05394e-05
-1.03959e-05
2.32737e-05
-1.42749e-05
1.4288e-05
-1.97737e-05
3.23568e-06
-3.21351e-05
-7.23666e-06
-4.64612e-05
-0.000106293
2.98749e-07
0.000100044
1.16371e-05
2.97808e-05
2.10817e-05
1.69808e-05
2.68555e-05
8.59538e-06
3.08731e-05
5.33431e-06
3.36324e-05
3.36326e-06
3.56445e-05
2.28811e-06
3.71582e-05
1.61869e-06
3.8374e-05
1.24164e-06
3.94295e-05
1.05318e-06
4.04256e-05
9.98078e-07
4.14284e-05
1.0275e-06
4.24761e-05
1.10698e-06
4.35897e-05
1.21004e-06
4.47744e-05
1.32194e-06
4.60309e-05
1.42997e-06
4.73482e-05
1.52809e-06
4.87149e-05
1.60642e-06
5.01096e-05
1.6621e-06
5.15124e-05
1.68915e-06
5.28971e-05
1.68606e-06
5.42394e-05
1.65103e-06
5.55131e-05
1.58392e-06
5.66925e-05
1.48535e-06
5.77531e-05
1.356e-06
5.86706e-05
1.19715e-06
5.94213e-05
1.00934e-06
5.99817e-05
7.92529e-07
6.03273e-05
5.46652e-07
6.04344e-05
2.70863e-07
6.0277e-05
-3.49626e-08
5.98286e-05
-3.73448e-07
5.90559e-05
-7.52424e-07
5.7912e-05
-1.19004e-06
5.63288e-05
-1.71624e-06
5.42072e-05
-2.3727e-06
5.14238e-05
-3.20072e-06
4.77993e-05
-4.28936e-06
4.31265e-05
-5.72301e-06
3.68935e-05
-8.04219e-06
2.86641e-05
-1.15445e-05
1.66184e-05
-2.00895e-05
2.85879e-06
-3.2702e-05
-0.000103435
1.47988e-05
8.52451e-05
2.76861e-05
1.68939e-05
3.64613e-05
8.2058e-06
4.10425e-05
4.01441e-06
4.40013e-05
2.37573e-06
4.58961e-05
1.46859e-06
4.72096e-05
9.74782e-07
4.81508e-05
6.7767e-07
4.88818e-05
5.10769e-07
4.95079e-05
4.27156e-07
5.01049e-05
4.00826e-07
5.07212e-05
4.11113e-07
5.1384e-05
4.43551e-07
5.21076e-05
4.86666e-07
5.28946e-05
5.34162e-07
5.37448e-05
5.80179e-07
5.46497e-05
6.2241e-07
5.56002e-05
6.56436e-07
5.65804e-05
6.81316e-07
5.75755e-05
6.9447e-07
5.85664e-05
6.95141e-07
5.95349e-05
6.82714e-07
6.04622e-05
6.56867e-07
6.13296e-05
6.1806e-07
6.21196e-05
5.6636e-07
6.28147e-05
5.02342e-07
6.3398e-05
4.26196e-07
6.38531e-05
3.37808e-07
6.41626e-05
2.37254e-07
6.43097e-05
1.24045e-07
6.42767e-05
-1.8896e-09
6.40454e-05
-1.41884e-07
6.35928e-05
-2.99594e-07
6.28856e-05
-4.82766e-07
6.1874e-05
-7.04368e-07
6.04832e-05
-9.81939e-07
5.86185e-05
-1.33576e-06
5.61342e-05
-1.80516e-06
5.28575e-05
-2.44624e-06
4.83037e-05
-3.48842e-06
4.19735e-05
-5.21453e-06
3.13409e-05
-9.45701e-06
1.67375e-05
-1.80989e-05
-8.66974e-05
3.26947e-05
5.25508e-05
4.39255e-05
5.6636e-06
4.99645e-05
2.16692e-06
5.28973e-05
1.08167e-06
5.46658e-05
6.07242e-07
5.57562e-05
3.78287e-07
5.64831e-05
2.48032e-07
5.69879e-05
1.73084e-07
5.73692e-05
1.295e-07
5.76899e-05
1.06409e-07
5.79938e-05
9.67173e-08
5.83089e-05
9.59293e-08
5.86512e-05
1.00857e-07
5.90293e-05
1.08699e-07
5.9445e-05
1.1795e-07
5.98985e-05
1.27057e-07
6.03847e-05
1.35589e-07
6.0899e-05
1.42499e-07
6.14325e-05
1.47543e-07
6.1977e-05
1.50242e-07
6.25219e-05
1.50183e-07
6.30574e-05
1.47469e-07
6.35727e-05
1.41744e-07
6.40576e-05
1.33287e-07
6.45022e-05
1.21953e-07
6.48969e-05
1.07876e-07
6.52322e-05
9.10957e-08
6.54988e-05
7.14843e-08
6.5687e-05
4.91308e-08
6.57875e-05
2.38317e-08
6.57902e-05
-4.48394e-09
6.56847e-05
-3.62187e-08
6.54578e-05
-7.24702e-08
6.50901e-05
-1.14983e-07
6.45529e-05
-1.66872e-07
6.38028e-05
-2.3184e-07
6.27831e-05
-3.15887e-07
6.14055e-05
-4.27583e-07
5.95499e-05
-5.90533e-07
5.69063e-05
-8.44861e-07
5.30269e-05
-1.33527e-06
4.59913e-05
-2.42148e-06
3.38291e-05
-5.93686e-06
-5.28683e-05
5.25511e-05
5.82147e-05
6.03814e-05
6.1463e-05
6.20703e-05
6.24488e-05
6.26969e-05
6.287e-05
6.29994e-05
6.31058e-05
6.32024e-05
6.32984e-05
6.33991e-05
6.35078e-05
6.36255e-05
6.37527e-05
6.38881e-05
6.40308e-05
6.41783e-05
6.43286e-05
6.44788e-05
6.46264e-05
6.47682e-05
6.49016e-05
6.50236e-05
6.51316e-05
6.52228e-05
6.52944e-05
6.53435e-05
6.53675e-05
6.53631e-05
6.53269e-05
6.52545e-05
6.51396e-05
6.49728e-05
6.4741e-05
6.44252e-05
6.39976e-05
6.3407e-05
6.25621e-05
6.12268e-05
5.88053e-05
5.28683e-05
)
;

boundaryField
{
    movingWall
    {
        type            calculated;
        value           uniform 0;
    }
    fixedWalls
    {
        type            calculated;
        value           uniform 0;
    }
    frontAndBack
    {
        type            empty;
        value           nonuniform 0();
    }
    defaultFaces
    {
        type            empty;
        value           nonuniform 0();
    }
}


// ************************************************************************* //
