/*--------------------------------*- C++ -*----------------------------------*\
  =========                 |
  \\      /  F ield         | OpenFOAM: The Open Source CFD Toolbox
   \\    /   O peration     | Website:  https://openfoam.org
    \\  /    A nd           | Version:  7
     \\/     M anipulation  |
\*---------------------------------------------------------------------------*/
FoamFile
{
    version     2.0;
    format      ascii;
    class       volVectorField;
    location    "1.13";
    object      U;
}
// * * * * * * * * * * * * * * * * * * * * * * * * * * * * * * * * * * * * * //

dimensions      [0 1 -1 0 0 0 0];

internalField   nonuniform List<vector> 
1936
(
(-12.3241 3.12742 0)
(-69.9838 204.561 0)
(-14.9533 437.707 0)
(8.09249 424.796 0)
(-4.193 388.323 0)
(7.61765 395.067 0)
(16.0106 373.729 0)
(21.9497 325.953 0)
(15.1519 285.01 0)
(2.36888 275.483 0)
(-8.00702 290.734 0)
(-19.1114 358.912 0)
(-18.4242 467.211 0)
(19.7047 455.507 0)
(31.9256 310.725 0)
(6.84988 231.353 0)
(-6.9005 228.854 0)
(-28.6622 285.642 0)
(-30.7993 448.639 0)
(22.0846 491.371 0)
(35.1412 336.596 0)
(13.4736 234.467 0)
(1.98852 220.736 0)
(-19.6295 251.442 0)
(-36.21 401.679 0)
(4.67849 500.896 0)
(34.3693 379.745 0)
(13.7651 247.79 0)
(-1.39632 222.883 0)
(-18.7855 240.361 0)
(-40.4326 374.91 0)
(-3.91354 504.618 0)
(34.9947 408.946 0)
(18.0231 262.658 0)
(2.22348 228.086 0)
(-12.4834 235.681 0)
(-36.8983 343.104 0)
(-15.4601 491.275 0)
(31.6662 438.274 0)
(25.7228 279.724 0)
(4.68783 227.315 0)
(-6.71344 228.401 0)
(-30.9283 304.906 0)
(-27.36 467.333 0)
(-13.1767 7.60415 0)
(-77.2423 -0.450007 0)
(-18.5232 -4.82488 0)
(6.77091 -2.21066 0)
(-6.37113 -0.856916 0)
(6.01447 -1.60454 0)
(15.0877 -1.23202 0)
(19.6583 0.0871405 0)
(12.1298 1.7164 0)
(2.65093 2.41749 0)
(-5.32954 1.94693 0)
(-19.4428 0.151416 0)
(-19.9259 -2.97561 0)
(20.2427 -3.67583 0)
(29.6312 0.116547 0)
(3.05486 3.57596 0)
(-3.31705 3.80325 0)
(-24.1867 0.697641 0)
(-31.3347 -4.08947 0)
(23.7215 -4.47321 0)
(34.6572 -0.431665 0)
(8.18712 2.8264 0)
(2.95226 3.88465 0)
(-15.1582 2.25434 0)
(-36.398 -2.39964 0)
(5.14284 -4.61086 0)
(35.1535 -1.45176 0)
(9.32397 2.44001 0)
(-1.85984 3.94705 0)
(-13.2549 2.63447 0)
(-39.449 -2.08515 0)
(-3.86746 -4.97317 0)
(36.3483 -2.22852 0)
(13.9992 1.85473 0)
(0.143624 3.70182 0)
(-7.47855 3.11088 0)
(-35.3324 -0.838646 0)
(-15.9996 -4.65825 0)
(33.0231 -3.32066 0)
(22.1999 1.06426 0)
(1.1972 3.57512 0)
(-2.06898 3.45414 0)
(-28.3409 0.30219 0)
(-28.9658 -4.11188 0)
(-3.25803 15.867 0)
(-72.9138 -0.178799 0)
(-22.9077 -10.5261 0)
(4.96097 -4.72365 0)
(-4.50719 -1.6647 0)
(5.40436 -3.35005 0)
(13.9457 -2.50485 0)
(18.2528 0.364709 0)
(9.52875 3.54077 0)
(-0.766147 4.71869 0)
(-8.81906 4.05755 0)
(-21.9475 0.488005 0)
(-18.4002 -6.63921 0)
(24.1595 -7.8349 0)
(31.7897 0.759985 0)
(4.83158 7.14001 0)
(-0.996613 7.47101 0)
(-23.4568 2.16708 0)
(-34.3251 -8.39732 0)
(22.4663 -9.79618 0)
(36.3712 -0.335529 0)
(8.27265 5.98473 0)
(1.32534 7.54584 0)
(-16.8422 5.01809 0)
(-38.8808 -4.7945 0)
(4.28638 -10.2234 0)
(37.6354 -2.76475 0)
(11.6196 5.33076 0)
(-0.35935 7.62779 0)
(-12.1419 5.72358 0)
(-41.3289 -3.79692 0)
(-5.64312 -10.8946 0)
(38.0339 -4.51534 0)
(15.8135 4.31198 0)
(0.305794 7.19476 0)
(-7.56982 6.4563 0)
(-37.0333 -1.20903 0)
(-16.9129 -10.1459 0)
(34.7933 -6.94665 0)
(23.9427 2.79451 0)
(1.51804 7.01949 0)
(-2.40303 6.95309 0)
(-30.1884 1.29976 0)
(-30.3542 -8.85847 0)
(6.23522 22.2707 0)
(-60.7441 1.23722 0)
(-21.827 -14.6906 0)
(-0.99282 -7.5036 0)
(-6.30046 -2.76305 0)
(2.14264 -4.73249 0)
(8.17097 -3.46556 0)
(10.5197 0.79138 0)
(2.83361 5.1924 0)
(-3.33199 6.58944 0)
(-6.70499 5.61772 0)
(-15.9386 0.316357 0)
(-12.8428 -10.097 0)
(20.4637 -11.1911 0)
(22.4831 1.44206 0)
(1.62222 9.94756 0)
(3.66026 10.4446 0)
(-12.0707 3.73914 0)
(-27.2907 -11.6273 0)
(16.5427 -14.3036 0)
(26.4225 -0.314302 0)
(1.87551 8.75579 0)
(0.964249 10.5957 0)
(-9.21321 7.27052 0)
(-29.8374 -6.75953 0)
(2.72136 -15.015 0)
(28.6596 -4.01901 0)
(5.71375 7.6798 0)
(0.110041 10.6198 0)
(-3.20671 8.42695 0)
(-30.6593 -4.91657 0)
(-5.41124 -15.8101 0)
(29.0533 -6.55949 0)
(8.68269 6.37199 0)
(-1.40762 10.0923 0)
(-1.12409 9.23023 0)
(-26.5976 -1.44049 0)
(-13.2486 -14.7238 0)
(27.1047 -9.97828 0)
(15.0589 4.28328 0)
(-1.6595 9.88441 0)
(1.99902 9.86319 0)
(-20.1301 2.17574 0)
(-24.1846 -12.8102 0)
(14.0663 27.1138 0)
(-49.7945 3.46267 0)
(-20.1929 -17.0607 0)
(-5.71154 -10.1821 0)
(-8.28585 -4.33945 0)
(-1.61439 -5.8444 0)
(2.07246 -4.03233 0)
(3.18849 1.29593 0)
(-2.61084 6.38952 0)
(-4.80077 7.74363 0)
(-4.91104 6.35148 0)
(-10.8329 -0.322674 0)
(-7.76279 -12.7381 0)
(16.4592 -13.2424 0)
(14.4501 2.02623 0)
(-1.37049 11.5985 0)
(6.31598 12.2262 0)
(-3.67622 5.02363 0)
(-20.6369 -13.3482 0)
(10.8145 -17.2225 0)
(18.0882 -0.321977 0)
(-3.03086 10.6401 0)
(1.06805 12.5542 0)
(-3.3363 8.66724 0)
(-21.6313 -8.00694 0)
(1.26472 -18.1616 0)
(20.8161 -4.97358 0)
(1.36729 9.14986 0)
(-0.142574 12.4541 0)
(3.37641 10.1899 0)
(-21.1781 -5.3464 0)
(-5.01048 -18.903 0)
(21.0555 -8.00681 0)
(3.58219 7.71599 0)
(-2.88204 11.9085 0)
(4.01349 10.9123 0)
(-17.6317 -1.508 0)
(-9.68239 -17.6358 0)
(19.9772 -11.9167 0)
(8.25588 5.30808 0)
(-4.44662 11.6669 0)
(5.49542 11.6405 0)
(-12.1796 2.79046 0)
(-18.3573 -15.2873 0)
(20.0149 30.2914 0)
(-38.6091 6.29523 0)
(-17.4062 -17.6279 0)
(-8.52349 -12.4031 0)
(-10.1463 -6.14372 0)
(-5.22521 -6.64587 0)
(-3.44023 -4.237 0)
(-2.93156 1.70078 0)
(-6.17911 6.89803 0)
(-4.83186 8.0648 0)
(-2.66959 6.27867 0)
(-6.39248 -1.30597 0)
(-3.69355 -14.3834 0)
(12.0705 -13.9313 0)
(7.45157 2.54253 0)
(-4.44166 12.1263 0)
(7.08438 12.7784 0)
(1.99422 5.84479 0)
(-14.5334 -13.5873 0)
(5.82019 -18.4734 0)
(11.1441 -0.352547 0)
(-6.58066 11.4976 0)
(1.35824 13.3592 0)
(1.77742 9.18209 0)
(-14.4068 -8.45337 0)
(0.0545156 -19.5713 0)
(13.963 -5.54221 0)
(-2.4777 9.72765 0)
(-0.817777 13.1232 0)
(7.85564 10.865 0)
(-13.1623 -5.11847 0)
(-4.40549 -20.0963 0)
(14.0237 -8.79131 0)
(-0.554451 8.27961 0)
(-3.7876 12.5957 0)
(7.8069 11.4358 0)
(-10.1579 -1.3825 0)
(-6.46029 -18.802 0)
(13.5136 -12.7116 0)
(2.78934 5.84884 0)
(-6.33551 12.3314 0)
(7.74894 12.2423 0)
(-5.88807 3.14728 0)
(-13.042 -16.2712 0)
(23.1411 31.5425 0)
(-26.3599 9.38598 0)
(-13.0131 -16.4031 0)
(-9.11371 -13.7685 0)
(-11.1106 -7.80296 0)
(-7.96601 -7.14008 0)
(-7.44647 -4.18092 0)
(-7.09717 1.79524 0)
(-7.74504 6.59731 0)
(-3.99525 7.50813 0)
(-0.408922 5.53784 0)
(-2.74383 -2.43328 0)
(-0.89885 -14.8451 0)
(7.42499 -13.3292 0)
(1.6429 2.95193 0)
(-6.41557 11.6572 0)
(6.19814 12.165 0)
(5.31479 6.03764 0)
(-9.01595 -12.5521 0)
(1.99956 -18.0509 0)
(5.56965 -0.441223 0)
(-8.26523 11.3013 0)
(1.53274 12.9626 0)
(5.85435 8.8552 0)
(-8.3061 -8.03531 0)
(-0.783473 -19.2344 0)
(8.08412 -5.64715 0)
(-5.47613 9.45189 0)
(-1.28078 12.62 0)
(9.88472 10.4937 0)
(-6.78802 -4.38054 0)
(-3.51469 -19.4543 0)
(8.00669 -8.85943 0)
(-3.75186 8.03692 0)
(-3.70335 12.1376 0)
(9.42573 10.9175 0)
(-4.29618 -1.12349 0)
(-3.68591 -18.2472 0)
(7.80911 -12.3668 0)
(-1.52422 5.84862 0)
(-6.66895 11.9369 0)
(8.0808 11.7633 0)
(-1.13663 3.17338 0)
(-8.31642 -15.8159 0)
(23.245 30.5825 0)
(-12.8347 12.1699 0)
(-7.07815 -13.4854 0)
(-7.46541 -13.8461 0)
(-10.4792 -8.926 0)
(-9.19822 -7.31388 0)
(-9.40603 -4.02192 0)
(-8.98186 1.4495 0)
(-7.63919 5.56517 0)
(-2.81804 6.26163 0)
(1.3112 4.27916 0)
(-0.099138 -3.47706 0)
(0.565235 -14.0878 0)
(2.9002 -11.6356 0)
(-2.77997 3.11488 0)
(-6.73094 10.337 0)
(4.62881 10.5929 0)
(6.88601 5.5935 0)
(-4.21705 -10.6149 0)
(-0.438528 -16.1143 0)
(1.32379 -0.606297 0)
(-8.31673 10.1924 0)
(1.5439 11.4766 0)
(8.1206 7.90836 0)
(-3.48867 -6.90324 0)
(-1.11636 -17.3083 0)
(3.24432 -5.30852 0)
(-7.19112 8.46287 0)
(-1.28238 11.098 0)
(9.67694 9.29466 0)
(-2.08522 -3.41502 0)
(-2.29091 -17.2232 0)
(3.15695 -8.22112 0)
(-5.79863 7.0873 0)
(-2.9807 10.6678 0)
(8.95752 9.58875 0)
(-0.0231822 -0.874052 0)
(-1.40303 -16.1548 0)
(3.08945 -10.9881 0)
(-4.61965 5.32031 0)
(-5.82954 10.615 0)
(7.04057 10.3905 0)
(2.22935 2.82666 0)
(-4.27764 -14.0938 0)
(19.8547 27.3252 0)
(-0.0988063 13.902 0)
(-0.289838 -9.18952 0)
(-3.89591 -12.3712 0)
(-8.00858 -9.14229 0)
(-8.59656 -7.11581 0)
(-9.31767 -3.86517 0)
(-8.81046 0.716507 0)
(-6.4455 4.01895 0)
(-1.67449 4.58133 0)
(2.22379 2.69206 0)
(1.43275 -4.14665 0)
(0.783574 -12.2426 0)
(-0.847362 -9.22886 0)
(-5.53742 2.83002 0)
(-5.92405 8.39259 0)
(3.18022 8.42531 0)
(7.0331 4.58671 0)
(-0.644536 -8.1607 0)
(-1.60258 -13.0445 0)
(-1.62751 -0.778945 0)
(-7.33542 8.42362 0)
(1.3674 9.27167 0)
(8.30441 6.51469 0)
(-0.0127931 -5.37112 0)
(-0.957304 -14.1324 0)
(-0.27256 -4.56089 0)
(-7.39992 6.89928 0)
(-1.01248 8.89395 0)
(8.17399 7.57323 0)
(1.17421 -2.51297 0)
(-0.921819 -13.8421 0)
(-0.241168 -6.92328 0)
(-6.48596 5.58061 0)
(-2.17287 8.53522 0)
(7.36617 7.72078 0)
(2.79719 -0.753675 0)
(0.248345 -12.928 0)
(-0.246554 -8.79904 0)
(-6.23844 4.30701 0)
(-4.54946 8.64109 0)
(5.61184 8.42883 0)
(4.30939 2.13771 0)
(-1.17375 -11.4294 0)
(13.6675 22.3327 0)
(8.40656 13.9288 0)
(5.63779 -4.3692 0)
(0.560293 -9.46978 0)
(-4.1773 -8.2395 0)
(-6.34997 -6.46279 0)
(-7.58573 -3.68028 0)
(-7.19585 -0.201266 0)
(-4.77814 2.25858 0)
(-0.804832 2.74275 0)
(2.34746 1.10637 0)
(1.9077 -4.25519 0)
(0.136713 -9.65223 0)
(-3.23965 -6.65325 0)
(-6.45072 2.08624 0)
(-4.78121 6.12895 0)
(2.00855 6.06254 0)
(5.96219 3.23578 0)
(1.32442 -5.63653 0)
(-1.82395 -9.39243 0)
(-3.24204 -0.794762 0)
(-5.8237 6.26051 0)
(1.03085 6.80546 0)
(6.9628 4.81511 0)
(2.13592 -3.7573 0)
(-0.543756 -10.2834 0)
(-2.22698 -3.49659 0)
(-6.29129 4.98585 0)
(-0.723563 6.46874 0)
(6.24014 5.56716 0)
(3.06262 -1.77646 0)
(0.141913 -9.93462 0)
(-1.95895 -5.18867 0)
(-5.7871 3.81497 0)
(-1.54319 6.17016 0)
(5.50189 5.56791 0)
(4.10701 -0.702736 0)
(1.05549 -9.18003 0)
(-1.92095 -6.20805 0)
(-6.14761 3.01466 0)
(-3.27357 6.35556 0)
(4.28007 6.17878 0)
(4.98296 1.2947 0)
(0.677217 -8.27574 0)
(7.43793 16.7821 0)
(10.6627 12.261 0)
(8.6124 -0.334936 0)
(4.30269 -5.86142 0)
(-0.22874 -6.34258 0)
(-3.22875 -5.30651 0)
(-4.88768 -3.34736 0)
(-4.86169 -1.01384 0)
(-3.05761 0.636539 0)
(-0.223133 1.04852 0)
(1.97235 -0.19526 0)
(1.64638 -3.81283 0)
(-0.634927 -6.84926 0)
(-4.03098 -4.40484 0)
(-5.7889 1.14279 0)
(-3.64554 3.85879 0)
(1.02015 3.82285 0)
(4.10497 1.89649 0)
(1.7876 -3.45668 0)
(-1.50774 -5.84335 0)
(-3.47031 -0.624712 0)
(-4.08307 4.06907 0)
(0.675905 4.46335 0)
(4.93893 3.11076 0)
(2.86447 -2.32082 0)
(-0.14875 -6.48539 0)
(-2.66642 -2.3329 0)
(-4.45944 3.10353 0)
(-0.47226 4.20599 0)
(4.26983 3.54838 0)
(3.47607 -1.17975 0)
(0.649209 -6.20474 0)
(-2.23635 -3.39038 0)
(-4.20401 2.19781 0)
(-1.0281 3.92411 0)
(3.67789 3.46749 0)
(3.89587 -0.599951 0)
(1.14827 -5.61399 0)
(-2.20716 -3.74397 0)
(-4.75934 1.83453 0)
(-2.12683 4.10089 0)
(2.99997 3.94308 0)
(4.33634 0.595239 0)
(1.34021 -5.20997 0)
(3.68459 11.754 0)
(8.5315 9.65649 0)
(8.376 2.12789 0)
(5.90154 -2.61528 0)
(2.44419 -3.98294 0)
(-0.378156 -3.79021 0)
(-2.08969 -2.78638 0)
(-2.44423 -1.50205 0)
(-1.45427 -0.526612 0)
(0.257567 -0.251759 0)
(1.52716 -1.03924 0)
(1.14487 -3.02957 0)
(-0.914404 -4.37549 0)
(-3.45038 -2.7576 0)
(-4.2579 0.298099 0)
(-2.59625 1.94272 0)
(0.241607 1.98132 0)
(2.19037 0.849678 0)
(1.27324 -1.86125 0)
(-1.08309 -3.04514 0)
(-2.6961 -0.381112 0)
(-2.47326 2.23808 0)
(0.37065 2.55288 0)
(2.93935 1.70179 0)
(2.36967 -1.22944 0)
(0.0679253 -3.40872 0)
(-2.06331 -1.31006 0)
(-2.6311 1.62256 0)
(-0.255704 2.35616 0)
(2.53456 1.88091 0)
(2.697 -0.714708 0)
(0.682609 -3.27177 0)
(-1.6411 -1.89111 0)
(-2.50451 1.02472 0)
(-0.591885 2.10992 0)
(2.12023 1.78905 0)
(2.69341 -0.42149 0)
(0.843957 -2.84287 0)
(-1.65337 -1.84095 0)
(-2.95407 0.990457 0)
(-1.20331 2.25373 0)
(1.82861 2.1058 0)
(2.93679 0.165301 0)
(1.1869 -2.76434 0)
(2.06739 7.95326 0)
(5.23058 7.01031 0)
(6.11805 2.98505 0)
(5.19768 -0.352513 0)
(3.20482 -1.86373 0)
(1.2816 -2.27845 0)
(-0.0242393 -2.0874 0)
(-0.475588 -1.63945 0)
(-0.116021 -1.2123 0)
(0.657952 -1.06785 0)
(1.1695 -1.41559 0)
(0.729423 -2.20272 0)
(-0.693979 -2.57257 0)
(-2.21994 -1.6944 0)
(-2.61691 -0.25442 0)
(-1.69125 0.621028 0)
(-0.207787 0.702773 0)
(0.816406 0.187181 0)
(0.525148 -0.894428 0)
(-0.726864 -1.30158 0)
(-1.63738 -0.190564 0)
(-1.32482 1.00328 0)
(0.117458 1.22113 0)
(1.41796 0.76389 0)
(1.35716 -0.533231 0)
(0.0881949 -1.42284 0)
(-1.16523 -0.587428 0)
(-1.30325 0.687938 0)
(-0.117311 1.08034 0)
(1.26902 0.779917 0)
(1.53067 -0.387926 0)
(0.457857 -1.41881 0)
(-0.874654 -0.882294 0)
(-1.23918 0.350638 0)
(-0.301021 0.900611 0)
(1.01175 0.722931 0)
(1.39552 -0.230248 0)
(0.453136 -1.11935 0)
(-0.905223 -0.664801 0)
(-1.47817 0.482578 0)
(-0.565291 1.0178 0)
(0.951556 0.889259 0)
(1.56564 -0.0230485 0)
(0.723895 -1.19028 0)
(1.23457 5.49593 0)
(2.72387 4.95609 0)
(3.63654 2.82656 0)
(3.48977 0.835945 0)
(2.62559 -0.439078 0)
(1.67135 -1.13109 0)
(0.93897 -1.44545 0)
(0.596313 -1.52783 0)
(0.62564 -1.48931 0)
(0.819326 -1.41521 0)
(0.849773 -1.4307 0)
(0.444888 -1.53941 0)
(-0.345713 -1.48208 0)
(-1.10506 -1.07154 0)
(-1.33842 -0.50441 0)
(-0.971101 -0.107042 0)
(-0.331433 -0.0136228 0)
(0.111848 -0.146332 0)
(0.0331554 -0.425905 0)
(-0.470085 -0.477047 0)
(-0.840525 -0.0966783 0)
(-0.66497 0.333007 0)
(-0.0583704 0.44693 0)
(0.490521 0.269226 0)
(0.525462 -0.167772 0)
(0.0154879 -0.440936 0)
(-0.520668 -0.192313 0)
(-0.555233 0.217668 0)
(-0.0682097 0.35983 0)
(0.499569 0.212181 0)
(0.635156 -0.192721 0)
(0.199453 -0.500133 0)
(-0.367544 -0.33825 0)
(-0.521086 0.0523892 0)
(-0.157279 0.260942 0)
(0.359738 0.198977 0)
(0.530068 -0.0863799 0)
(0.170927 -0.291348 0)
(-0.371244 -0.109876 0)
(-0.580162 0.227671 0)
(-0.200371 0.354088 0)
(0.419306 0.261279 0)
(0.657511 -0.0572776 0)
(0.328788 -0.389593 0)
(0.740891 3.92187 0)
(1.52103 3.63956 0)
(2.08267 2.44221 0)
(2.17939 1.2401 0)
(1.89295 0.274631 0)
(1.46586 -0.446055 0)
(1.0986 -0.965037 0)
(0.857971 -1.28388 0)
(0.735902 -1.40942 0)
(0.651806 -1.37037 0)
(0.498552 -1.24517 0)
(0.219527 -1.09921 0)
(-0.132141 -0.936662 0)
(-0.432601 -0.751319 0)
(-0.552229 -0.566304 0)
(-0.460438 -0.417148 0)
(-0.267081 -0.324984 0)
(-0.13669 -0.276745 0)
(-0.156265 -0.248615 0)
(-0.295042 -0.189322 0)
(-0.39142 -0.0667982 0)
(-0.319688 0.0450118 0)
(-0.11935 0.0878792 0)
(0.0633205 0.061785 0)
(0.090634 -0.0178096 0)
(-0.0440292 -0.0740473 0)
(-0.196885 -0.0312837 0)
(-0.203944 0.0348928 0)
(-0.0528321 0.0454336 0)
(0.12132 -0.00771809 0)
(0.167695 -0.0973121 0)
(0.0402285 -0.152513 0)
(-0.136033 -0.115068 0)
(-0.189728 -0.0443222 0)
(-0.0883437 0.000466021 0)
(0.0590808 0.00260497 0)
(0.114663 -0.0120478 0)
(0.0299155 0.00337412 0)
(-0.104774 0.0735641 0)
(-0.152476 0.113767 0)
(-0.0321976 0.0811057 0)
(0.157662 0.0271529 0)
(0.211677 -0.029263 0)
(0.108501 -0.0670126 0)
(0.471622 2.8236 0)
(1.04742 2.75279 0)
(1.44976 2.05629 0)
(1.56502 1.30698 0)
(1.49124 0.573651 0)
(1.28576 -0.0722882 0)
(1.0291 -0.598944 0)
(0.795927 -0.967018 0)
(0.594082 -1.14477 0)
(0.412315 -1.14013 0)
(0.237032 -1.0129 0)
(0.074518 -0.846567 0)
(-0.0546935 -0.705258 0)
(-0.144442 -0.612922 0)
(-0.190913 -0.553031 0)
(-0.189854 -0.494577 0)
(-0.163794 -0.414849 0)
(-0.147257 -0.312188 0)
(-0.150597 -0.2075 0)
(-0.165507 -0.128742 0)
(-0.170321 -0.076617 0)
(-0.143281 -0.0525439 0)
(-0.0898435 -0.0338044 0)
(-0.0420092 -0.0105432 0)
(-0.0262382 0.0106621 0)
(-0.0394497 0.0185494 0)
(-0.0575164 0.00697202 0)
(-0.052341 -0.0189542 0)
(-0.0234764 -0.0492927 0)
(0.00417983 -0.0645444 0)
(0.0093741 -0.0624227 0)
(-0.011192 -0.0568781 0)
(-0.0430841 -0.0550331 0)
(-0.0587681 -0.062611 0)
(-0.0441545 -0.0691449 0)
(-0.0196314 -0.0476911 0)
(-0.00616692 0.00252341 0)
(-0.00593929 0.0600796 0)
(-0.0100429 0.0907761 0)
(-0.00509399 0.0644259 0)
(0.0241393 0.0115181 0)
(0.0597651 -0.0143645 0)
(0.0586273 0.000543776 0)
(0.0289276 0.0282539 0)
(0.302122 1.99027 0)
(0.748516 2.04833 0)
(1.10337 1.66231 0)
(1.26204 1.19574 0)
(1.27118 0.686848 0)
(1.17399 0.170797 0)
(0.994987 -0.278201 0)
(0.771435 -0.615527 0)
(0.547816 -0.804658 0)
(0.34911 -0.848564 0)
(0.189145 -0.789258 0)
(0.0757845 -0.690058 0)
(0.00982543 -0.603721 0)
(-0.0254132 -0.55062 0)
(-0.0495368 -0.51664 0)
(-0.0688842 -0.474019 0)
(-0.0833708 -0.404285 0)
(-0.0910014 -0.311605 0)
(-0.087442 -0.218126 0)
(-0.0730353 -0.148424 0)
(-0.0551415 -0.108239 0)
(-0.039741 -0.0862014 0)
(-0.0274674 -0.0648339 0)
(-0.0163126 -0.0359256 0)
(-0.00450986 -0.00653793 0)
(0.00840571 0.00660625 0)
(0.0198248 -0.00522312 0)
(0.0259526 -0.0329975 0)
(0.024506 -0.0582957 0)
(0.0183151 -0.0636484 0)
(0.0122023 -0.0530901 0)
(0.00943589 -0.0426412 0)
(0.00782609 -0.0465076 0)
(0.0028961 -0.0579241 0)
(-0.00376022 -0.0619956 0)
(-0.00998645 -0.044062 0)
(-0.00936783 -0.00432209 0)
(0.00374426 0.036504 0)
(0.0210169 0.0547759 0)
(0.0314513 0.0405818 0)
(0.0336554 0.0139556 0)
(0.0278486 0.00581329 0)
(0.0158767 0.0228779 0)
(0.00546097 0.040114 0)
(0.184362 1.36123 0)
(0.490629 1.46052 0)
(0.773164 1.26141 0)
(0.950064 0.989416 0)
(1.02558 0.663069 0)
(1.0093 0.311765 0)
(0.9157 -0.0252965 0)
(0.767954 -0.297334 0)
(0.598324 -0.477391 0)
(0.434393 -0.562037 0)
(0.297138 -0.574596 0)
(0.195374 -0.549652 0)
(0.126878 -0.516795 0)
(0.0812413 -0.489867 0)
(0.0462316 -0.463616 0)
(0.0161141 -0.425865 0)
(-0.00749217 -0.369775 0)
(-0.0202711 -0.300461 0)
(-0.0195491 -0.231375 0)
(-0.00786591 -0.17504 0)
(0.00707941 -0.135055 0)
(0.0186125 -0.105672 0)
(0.0257969 -0.0787964 0)
(0.0327959 -0.0516519 0)
(0.0432836 -0.0294955 0)
(0.0566637 -0.0191815 0)
(0.0681543 -0.0226428 0)
(0.0723735 -0.0348354 0)
(0.0681853 -0.0459909 0)
(0.0595399 -0.0485704 0)
(0.0518988 -0.0449024 0)
(0.0477904 -0.0411671 0)
(0.0448046 -0.0426973 0)
(0.0390151 -0.0461869 0)
(0.029063 -0.0437573 0)
(0.0187595 -0.0301472 0)
(0.014552 -0.00662226 0)
(0.0190148 0.0171049 0)
(0.0270134 0.0305671 0)
(0.0304926 0.0309332 0)
(0.0265646 0.0262419 0)
(0.016829 0.0281557 0)
(0.00683902 0.0388576 0)
(0.00133884 0.0435442 0)
(0.107793 0.907677 0)
(0.297536 0.998934 0)
(0.490847 0.898842 0)
(0.636337 0.748963 0)
(0.729572 0.556335 0)
(0.764114 0.337487 0)
(0.745341 0.116313 0)
(0.682935 -0.0783583 0)
(0.59138 -0.227866 0)
(0.489551 -0.325572 0)
(0.392661 -0.378431 0)
(0.309517 -0.401102 0)
(0.241162 -0.406785 0)
(0.185389 -0.402623 0)
(0.13949 -0.38876 0)
(0.101175 -0.362622 0)
(0.0713078 -0.324035 0)
(0.0516149 -0.277384 0)
(0.0424988 -0.229651 0)
(0.0418677 -0.186611 0)
(0.0457625 -0.150279 0)
(0.0507784 -0.119287 0)
(0.0557545 -0.0916403 0)
(0.0611799 -0.067269 0)
(0.0682454 -0.0486662 0)
(0.0767138 -0.0377862 0)
(0.0834929 -0.0344505 0)
(0.0857479 -0.0354283 0)
(0.0832252 -0.0367996 0)
(0.0776435 -0.0362204 0)
(0.0712847 -0.034152 0)
(0.0653145 -0.0323459 0)
(0.0590514 -0.0315004 0)
(0.0512732 -0.0298162 0)
(0.0418707 -0.0248281 0)
(0.0323901 -0.0146907 0)
(0.0254297 -0.00102328 0)
(0.0225731 0.013006 0)
(0.0219367 0.0240325 0)
(0.0200906 0.0311416 0)
(0.0156885 0.0363247 0)
(0.00960135 0.0422782 0)
(0.00377524 0.0491634 0)
(0.00128922 0.047327 0)
(0.0624107 0.592104 0)
(0.175549 0.660256 0)
(0.296581 0.608069 0)
(0.396419 0.526686 0)
(0.473214 0.41853 0)
(0.519999 0.291563 0)
(0.535562 0.157957 0)
(0.52118 0.0303428 0)
(0.484529 -0.078446 0)
(0.43572 -0.163447 0)
(0.381459 -0.224214 0)
(0.327225 -0.264494 0)
(0.276009 -0.289011 0)
(0.229104 -0.300299 0)
(0.187045 -0.299786 0)
(0.150297 -0.288005 0)
(0.119807 -0.266695 0)
(0.0964005 -0.238876 0)
(0.0800739 -0.208259 0)
(0.0698404 -0.177836 0)
(0.0641117 -0.149152 0)
(0.0614072 -0.122631 0)
(0.0608262 -0.098514 0)
(0.0619226 -0.0775345 0)
(0.0642153 -0.0605445 0)
(0.066643 -0.048226 0)
(0.0682288 -0.0401737 0)
(0.0682529 -0.0347859 0)
(0.0662259 -0.0305336 0)
(0.0625893 -0.0266413 0)
(0.0579434 -0.0231095 0)
(0.0525548 -0.0200311 0)
(0.0464827 -0.0169976 0)
(0.0396326 -0.0130599 0)
(0.0321548 -0.00739573 0)
(0.0247549 0.000219625 0)
(0.0184552 0.00925713 0)
(0.01383 0.0186797 0)
(0.0105179 0.027546 0)
(0.00771409 0.0354509 0)
(0.00499949 0.0424882 0)
(0.00267147 0.0487453 0)
(0.0004655 0.053789 0)
(0.000742127 0.0493577 0)
(0.0361171 0.376035 0)
(0.103372 0.421893 0)
(0.176156 0.393182 0)
(0.238724 0.348353 0)
(0.29082 0.28847 0)
(0.328115 0.217089 0)
(0.349409 0.139524 0)
(0.355233 0.0619211 0)
(0.345987 -0.00985894 0)
(0.325317 -0.0716555 0)
(0.298577 -0.121961 0)
(0.268101 -0.160556 0)
(0.235942 -0.18811 0)
(0.203744 -0.20539 0)
(0.172919 -0.213084 0)
(0.144252 -0.212029 0)
(0.118682 -0.203569 0)
(0.0971838 -0.189538 0)
(0.0798301 -0.171954 0)
(0.0663566 -0.152565 0)
(0.0562551 -0.132612 0)
(0.0489498 -0.112947 0)
(0.0439248 -0.0942495 0)
(0.040693 -0.0772148 0)
(0.0387143 -0.062438 0)
(0.0373658 -0.050179 0)
(0.0360755 -0.0401365 0)
(0.0344294 -0.0318822 0)
(0.0321907 -0.0248774 0)
(0.0292849 -0.0187618 0)
(0.0259609 -0.0134288 0)
(0.022478 -0.00868199 0)
(0.018632 -0.00413697 0)
(0.0143209 0.000677726 0)
(0.00991597 0.00610472 0)
(0.00580417 0.0122166 0)
(0.00225772 0.018822 0)
(-0.000488743 0.0256033 0)
(-0.00235032 0.032263 0)
(-0.00338948 0.0385693 0)
(-0.00370071 0.0443085 0)
(-0.00313484 0.0491964 0)
(-0.00244322 0.0528273 0)
(-0.000254181 0.0475568 0)
(0.0206523 0.229175 0)
(0.0604894 0.257785 0)
(0.103079 0.241625 0)
(0.140527 0.216795 0)
(0.172958 0.183907 0)
(0.197965 0.144581 0)
(0.214813 0.101121 0)
(0.223427 0.0562292 0)
(0.224804 0.0123286 0)
(0.219073 -0.0277337 0)
(0.207 -0.0627607 0)
(0.190811 -0.0918345 0)
(0.171958 -0.114523 0)
(0.151596 -0.130726 0)
(0.13077 -0.140595 0)
(0.110383 -0.144607 0)
(0.0912199 -0.143332 0)
(0.0738836 -0.13777 0)
(0.0587127 -0.128968 0)
(0.0458133 -0.117926 0)
(0.03507 -0.105504 0)
(0.0263294 -0.092416 0)
(0.019418 -0.0792701 0)
(0.0140549 -0.0665964 0)
(0.00992946 -0.0548107 0)
(0.00671529 -0.0441545 0)
(0.00410256 -0.0346726 0)
(0.0018447 -0.0262755 0)
(-0.000224901 -0.0188191 0)
(-0.00220986 -0.0121697 0)
(-0.00418524 -0.00616849 0)
(-0.00617384 -0.000719988 0)
(-0.00806712 0.00429313 0)
(-0.00981465 0.009067 0)
(-0.011348 0.0138387 0)
(-0.0124655 0.0186837 0)
(-0.0130742 0.0235591 0)
(-0.013142 0.0283702 0)
(-0.012614 0.0330037 0)
(-0.0114384 0.0373329 0)
(-0.00962487 0.0412028 0)
(-0.00710494 0.0444272 0)
(-0.00439589 0.0467699 0)
(-0.00117805 0.0415856 0)
(0.0125111 0.1327 0)
(0.0378769 0.149231 0)
(0.0642414 0.140125 0)
(0.0879023 0.126388 0)
(0.108955 0.1084 0)
(0.125995 0.0869398 0)
(0.138644 0.0630332 0)
(0.146667 0.0379005 0)
(0.150269 0.0127876 0)
(0.149631 -0.0113765 0)
(0.144974 -0.0332907 0)
(0.136966 -0.052308 0)
(0.126408 -0.0679465 0)
(0.114058 -0.0799314 0)
(0.100615 -0.0881855 0)
(0.0867228 -0.0928181 0)
(0.0729479 -0.0941044 0)
(0.0597518 -0.0924653 0)
(0.0474756 -0.0884091 0)
(0.0363484 -0.082474 0)
(0.0264803 -0.0751802 0)
(0.0178901 -0.0669866 0)
(0.0105442 -0.058325 0)
(0.0043607 -0.0495641 0)
(-0.000777965 -0.0410035 0)
(-0.00501918 -0.0328597 0)
(-0.00853673 -0.025262 0)
(-0.0113806 -0.0182646 0)
(-0.0136537 -0.0118708 0)
(-0.0155062 -0.0060566 0)
(-0.017073 -0.000777794 0)
(-0.0184326 0.00403017 0)
(-0.0195003 0.00842016 0)
(-0.0201215 0.0124614 0)
(-0.0202523 0.0162461 0)
(-0.0199745 0.0198329 0)
(-0.0192506 0.0232421 0)
(-0.0180224 0.0264566 0)
(-0.0162846 0.0294388 0)
(-0.0140587 0.0321341 0)
(-0.0113714 0.0344716 0)
(-0.0081938 0.0363674 0)
(-0.00480147 0.0377141 0)
(-0.00153918 0.0332419 0)
(0.00881922 0.0725471 0)
(0.0278924 0.0813157 0)
(0.0470929 0.0761038 0)
(0.0647386 0.0683699 0)
(0.0807589 0.0583435 0)
(0.0942501 0.0464251 0)
(0.104971 0.03312 0)
(0.112676 0.0190228 0)
(0.117343 0.00476457 0)
(0.119139 -0.00909966 0)
(0.118157 -0.0219677 0)
(0.114587 -0.0333665 0)
(0.108856 -0.0429497 0)
(0.101411 -0.0504897 0)
(0.0927029 -0.0558752 0)
(0.0831652 -0.0591072 0)
(0.0731961 -0.0602887 0)
(0.0631463 -0.0596088 0)
(0.0533071 -0.0573189 0)
(0.0439076 -0.0537065 0)
(0.0351166 -0.0490706 0)
(0.0270453 -0.0437028 0)
(0.0197515 -0.037877 0)
(0.0132493 -0.0318383 0)
(0.00752576 -0.0257955 0)
(0.00254733 -0.0199153 0)
(-0.00173598 -0.0143195 0)
(-0.00537644 -0.00908643 0)
(-0.00842719 -0.0042541 0)
(-0.0109463 0.000164432 0)
(-0.0129701 0.00414817 0)
(-0.0145446 0.00772917 0)
(-0.0156903 0.0109683 0)
(-0.0163695 0.0139178 0)
(-0.01661 0.0165806 0)
(-0.0164364 0.018987 0)
(-0.0158104 0.0211656 0)
(-0.0147347 0.0231326 0)
(-0.013243 0.0248901 0)
(-0.0113685 0.0264271 0)
(-0.00914509 0.0277213 0)
(-0.00656874 0.0287416 0)
(-0.00377233 0.0294455 0)
(-0.00132133 0.0257987 0)
(0.00696682 0.0333131 0)
(0.0229606 0.0369829 0)
(0.038552 0.0340348 0)
(0.0531602 0.0297594 0)
(0.0666356 0.0242846 0)
(0.0783247 0.0178115 0)
(0.0880258 0.0106047 0)
(0.0955751 0.0029447 0)
(0.100867 -0.00479633 0)
(0.103879 -0.0122732 0)
(0.104749 -0.019223 0)
(0.103581 -0.0253429 0)
(0.100574 -0.0304252 0)
(0.096019 -0.0343242 0)
(0.0902149 -0.0369597 0)
(0.0834585 -0.0383162 0)
(0.0760394 -0.0384389 0)
(0.0682278 -0.0374253 0)
(0.0602647 -0.035414 0)
(0.0523562 -0.0325713 0)
(0.044672 -0.0290762 0)
(0.0373453 -0.0251121 0)
(0.0304759 -0.0208553 0)
(0.0241277 -0.0164676 0)
(0.0183391 -0.0120903 0)
(0.013131 -0.00783865 0)
(0.008504 -0.00380124 0)
(0.00444595 -4.49634e-05 0)
(0.000935867 0.00338546 0)
(-0.00207568 0.00647851 0)
(-0.00459399 0.00922198 0)
(-0.00660102 0.0116377 0)
(-0.00814141 0.0137479 0)
(-0.0092541 0.0155877 0)
(-0.00994463 0.0171794 0)
(-0.0102131 0.0185547 0)
(-0.0100802 0.0197426 0)
(-0.00957865 0.0207665 0)
(-0.00873473 0.0216433 0)
(-0.0075778 0.0223814 0)
(-0.00614356 0.0229817 0)
(-0.00444147 0.0234377 0)
(-0.00252512 0.0237376 0)
(-0.000962727 0.0206986 0)
(0.0056202 0.00570291 0)
(0.0190871 0.00582846 0)
(0.0317184 0.00432908 0)
(0.0437249 0.00225818 0)
(0.055036 -0.000334882 0)
(0.0649809 -0.00337243 0)
(0.0733815 -0.00672303 0)
(0.080098 -0.0101676 0)
(0.0850714 -0.013587 0)
(0.0882683 -0.0167983 0)
(0.0897354 -0.0196514 0)
(0.0895654 -0.0220017 0)
(0.0878812 -0.0237383 0)
(0.0848565 -0.0247862 0)
(0.0806944 -0.0251071 0)
(0.0756109 -0.0246993 0)
(0.0698245 -0.0235956 0)
(0.0635475 -0.021858 0)
(0.0569774 -0.0195748 0)
(0.0502952 -0.0168556 0)
(0.0436595 -0.0138095 0)
(0.0372057 -0.0105511 0)
(0.0310411 -0.00719696 0)
(0.0252452 -0.00384535 0)
(0.0198929 -0.000587906 0)
(0.0150158 0.0024964 0)
(0.0106132 0.00534714 0)
(0.00669334 0.00792896 0)
(0.00327611 0.0102121 0)
(0.00034164 0.0121816 0)
(-0.00213281 0.0138558 0)
(-0.00415848 0.0152448 0)
(-0.00572991 0.0163772 0)
(-0.00685994 0.0172757 0)
(-0.00760765 0.0179708 0)
(-0.00798154 0.0184995 0)
(-0.00798496 0.0188952 0)
(-0.00764541 0.0191882 0)
(-0.00700081 0.0194035 0)
(-0.00608734 0.0195598 0)
(-0.0049405 0.0196688 0)
(-0.00357103 0.0197348 0)
(-0.00200689 0.0197621 0)
(-0.000781174 0.0171689 0)
(0.00417994 -0.013341 0)
(0.0147879 -0.0155596 0)
(0.0240187 -0.0160961 0)
(0.0328803 -0.0167008 0)
(0.0413471 -0.0173835 0)
(0.0487975 -0.0181238 0)
(0.0551745 -0.0188636 0)
(0.0602596 -0.0194914 0)
(0.0639175 -0.0199687 0)
(0.0661807 -0.0202444 0)
(0.0670541 -0.0202396 0)
(0.0665973 -0.0199036 0)
(0.0648895 -0.0192018 0)
(0.0620582 -0.0181182 0)
(0.0582646 -0.0166551 0)
(0.0536822 -0.0148334 0)
(0.0484898 -0.0126904 0)
(0.0428655 -0.0102742 0)
(0.03698 -0.00764134 0)
(0.03101 -0.00491957 0)
(0.0251135 -0.00212378 0)
(0.0194267 0.00066428 0)
(0.0140657 0.00337775 0)
(0.00908851 0.00594717 0)
(0.00451902 0.00832236 0)
(0.000409196 0.0104601 0)
(-0.00320041 0.0123292 0)
(-0.00627912 0.0139172 0)
(-0.00882359 0.0152236 0)
(-0.0108729 0.0162428 0)
(-0.0124465 0.0170002 0)
(-0.0135618 0.0175117 0)
(-0.014251 0.0178053 0)
(-0.0145395 0.0179128 0)
(-0.0144379 0.0178688 0)
(-0.0139669 0.0177093 0)
(-0.0131559 0.0174704 0)
(-0.0120379 0.0171875 0)
(-0.0106424 0.016892 0)
(-0.00900285 0.0166088 0)
(-0.00715257 0.0163551 0)
(-0.0050939 0.0161388 0)
(-0.00286631 0.0159706 0)
(-0.00101157 0.0138349 0)
(0.00243403 -0.0249592 0)
(0.00956821 -0.0284862 0)
(0.0147669 -0.0284139 0)
(0.0199547 -0.0280549 0)
(0.0249912 -0.0274574 0)
(0.0292408 -0.0266288 0)
(0.0325855 -0.0255601 0)
(0.0349041 -0.0242925 0)
(0.0361309 -0.0227701 0)
(0.0362326 -0.0210012 0)
(0.035196 -0.018999 0)
(0.0330663 -0.016781 0)
(0.0299419 -0.014373 0)
(0.0259537 -0.011806 0)
(0.0212479 -0.0091171 0)
(0.0159813 -0.00634665 0)
(0.010312 -0.00353995 0)
(0.00439883 -0.000743105 0)
(-0.0016223 0.00194709 0)
(-0.00751938 0.00460156 0)
(-0.0130753 0.00708437 0)
(-0.0182431 0.00935811 0)
(-0.0229739 0.0113959 0)
(-0.0271765 0.0131656 0)
(-0.0307853 0.0146495 0)
(-0.033763 0.0158405 0)
(-0.0360912 0.0167392 0)
(-0.0377567 0.0173495 0)
(-0.0387611 0.0176882 0)
(-0.0391343 0.0177778 0)
(-0.0389134 0.0176463 0)
(-0.0381352 0.0173234 0)
(-0.0368464 0.0168371 0)
(-0.0350991 0.0162299 0)
(-0.0329417 0.0155384 0)
(-0.0304188 0.0147939 0)
(-0.0275725 0.0140312 0)
(-0.024442 0.0132843 0)
(-0.0210605 0.0125854 0)
(-0.0174586 0.0119623 0)
(-0.0136575 0.011433 0)
(-0.00964149 0.0110045 0)
(-0.00546848 0.010688 0)
(-0.0017831 0.00920747 0)
(0.000458108 -0.0299581 0)
(0.00348828 -0.0339145 0)
(0.00406195 -0.0335064 0)
(0.00497961 -0.0325299 0)
(0.00586406 -0.0310658 0)
(0.00607659 -0.0291621 0)
(0.005497 -0.0268647 0)
(0.00403786 -0.0242254 0)
(0.0016679 -0.0212935 0)
(-0.00159792 -0.0181277 0)
(-0.00572167 -0.014792 0)
(-0.0106403 -0.0113529 0)
(-0.0162267 -0.00787731 0)
(-0.0223371 -0.00442899 0)
(-0.0288266 -0.00106672 0)
(-0.0355387 0.00215608 0)
(-0.0423494 0.00518967 0)
(-0.0491074 0.00797684 0)
(-0.0555341 0.0105061 0)
(-0.0615395 0.0127828 0)
(-0.0671284 0.0147089 0)
(-0.0721432 0.0162746 0)
(-0.076468 0.0174691 0)
(-0.0800211 0.0182989 0)
(-0.0827351 0.0187693 0)
(-0.0845693 0.018895 0)
(-0.0855036 0.018699 0)
(-0.0855336 0.0182105 0)
(-0.0846691 0.0174666 0)
(-0.082932 0.0165086 0)
(-0.0803594 0.0153802 0)
(-0.0770073 0.0141263 0)
(-0.0729455 0.0127921 0)
(-0.0682505 0.011423 0)
(-0.0630032 0.0100603 0)
(-0.0572871 0.00873942 0)
(-0.0511843 0.00749225 0)
(-0.0447683 0.0063467 0)
(-0.0381017 0.00532637 0)
(-0.0312518 0.00444832 0)
(-0.0242651 0.0037199 0)
(-0.0170959 0.00313611 0)
(-0.0097714 0.00270187 0)
(-0.00309947 0.00217628 0)
(-0.00179801 -0.0290858 0)
(-0.00366815 -0.0327546 0)
(-0.00847264 -0.032195 0)
(-0.0126413 -0.0307998 0)
(-0.0168229 -0.0287037 0)
(-0.0216246 -0.0260215 0)
(-0.0271037 -0.0228662 0)
(-0.0332471 -0.0193448 0)
(-0.0399858 -0.015563 0)
(-0.0472306 -0.0116106 0)
(-0.0548826 -0.00757843 0)
(-0.0628378 -0.00355556 0)
(-0.0709771 0.000371686 0)
(-0.0791936 0.0041254 0)
(-0.0873631 0.00764201 0)
(-0.0953451 0.0108618 0)
(-0.102996 0.013733 0)
(-0.110216 0.0162078 0)
(-0.116945 0.0183259 0)
(-0.123106 0.0199325 0)
(-0.128606 0.0210899 0)
(-0.133336 0.0217881 0)
(-0.137207 0.0220267 0)
(-0.140142 0.0218185 0)
(-0.142074 0.0211853 0)
(-0.142953 0.0201569 0)
(-0.142738 0.0187726 0)
(-0.141404 0.0170783 0)
(-0.13894 0.0151277 0)
(-0.135344 0.0129784 0)
(-0.13063 0.0106916 0)
(-0.12483 0.00833054 0)
(-0.117993 0.0059587 0)
(-0.110185 0.00363885 0)
(-0.101501 0.00143005 0)
(-0.0920584 -0.00061526 0)
(-0.0819892 -0.00245203 0)
(-0.0714325 -0.00404624 0)
(-0.0605215 -0.00538167 0)
(-0.0494111 -0.00646434 0)
(-0.0382235 -0.0073197 0)
(-0.0269051 -0.00799345 0)
(-0.0154472 -0.00851144 0)
(-0.0048632 -0.00778525 0)
(-0.00448016 -0.0228433 0)
(-0.012395 -0.0256405 0)
(-0.0237144 -0.02505 0)
(-0.0341217 -0.0233889 0)
(-0.0444602 -0.0208969 0)
(-0.0551834 -0.0177997 0)
(-0.066177 -0.0142804 0)
(-0.0772605 -0.0104827 0)
(-0.0882458 -0.00652313 0)
(-0.0989964 -0.00248496 0)
(-0.109429 0.00155542 0)
(-0.119479 0.00551429 0)
(-0.129088 0.00930522 0)
(-0.138204 0.0128475 0)
(-0.146812 0.0160752 0)
(-0.154897 0.0189288 0)
(-0.162385 0.0213577 0)
(-0.169209 0.0233242 0)
(-0.175377 0.0247756 0)
(-0.180887 0.0256925 0)
(-0.185658 0.0260777 0)
(-0.189622 0.0259274 0)
(-0.192717 0.0252484 0)
(-0.194885 0.0240576 0)
(-0.196069 0.0223836 0)
(-0.19621 0.0202627 0)
(-0.195252 0.0177407 0)
(-0.193142 0.0148702 0)
(-0.189829 0.0117119 0)
(-0.185265 0.00833188 0)
(-0.179409 0.00480145 0)
(-0.172225 0.00119497 0)
(-0.163683 -0.00240756 0)
(-0.15377 -0.00592525 0)
(-0.142514 -0.00927613 0)
(-0.129981 -0.0123718 0)
(-0.116288 -0.0151256 0)
(-0.101625 -0.0174607 0)
(-0.0862624 -0.0193295 0)
(-0.0704626 -0.0207334 0)
(-0.0544588 -0.0217284 0)
(-0.0383093 -0.0224424 0)
(-0.0220747 -0.0229744 0)
(-0.00695347 -0.0207422 0)
(-0.00770557 -0.0116138 0)
(-0.0230753 -0.013083 0)
(-0.0422932 -0.012569 0)
(-0.0601475 -0.010927 0)
(-0.0773996 -0.00850225 0)
(-0.0942139 -0.00564343 0)
(-0.110245 -0.0025361 0)
(-0.125211 0.000710479 0)
(-0.138945 0.0040413 0)
(-0.151413 0.00741548 0)
(-0.162666 0.0107993 0)
(-0.172785 0.0141265 0)
(-0.181876 0.0173133 0)
(-0.190028 0.0202743 0)
(-0.19733 0.0229314 0)
(-0.203866 0.0252199 0)
(-0.209676 0.0270845 0)
(-0.214779 0.0284755 0)
(-0.21922 0.0293294 0)
(-0.223032 0.0296343 0)
(-0.226201 0.0293758 0)
(-0.228703 0.0285437 0)
(-0.230511 0.0271427 0)
(-0.231596 0.0251871 0)
(-0.231916 0.0227039 0)
(-0.231425 0.0197271 0)
(-0.230067 0.0162996 0)
(-0.227777 0.0124707 0)
(-0.224476 0.00829714 0)
(-0.220078 0.00384132 0)
(-0.214487 -0.000829022 0)
(-0.207583 -0.00564093 0)
(-0.19924 -0.0105158 0)
(-0.189335 -0.0153704 0)
(-0.177726 -0.0201091 0)
(-0.164296 -0.0246131 0)
(-0.149 -0.0287384 0)
(-0.131892 -0.032328 0)
(-0.113169 -0.0352407 0)
(-0.0931387 -0.0374026 0)
(-0.0722807 -0.0388166 0)
(-0.0508508 -0.0396913 0)
(-0.0293025 -0.0401671 0)
(-0.00921784 -0.0362505 0)
(-0.0116315 0.00430578 0)
(-0.0359986 0.00443999 0)
(-0.0642868 0.00460331 0)
(-0.0901249 0.00547898 0)
(-0.113679 0.00691755 0)
(-0.13506 0.00849761 0)
(-0.153872 0.0101857 0)
(-0.170007 0.0119785 0)
(-0.183641 0.0139133 0)
(-0.195066 0.0160166 0)
(-0.204532 0.0182821 0)
(-0.212338 0.0206377 0)
(-0.218764 0.0229814 0)
(-0.224037 0.0252076 0)
(-0.228343 0.02722 0)
(-0.231838 0.0289336 0)
(-0.234642 0.0302767 0)
(-0.236841 0.0311846 0)
(-0.238515 0.0315936 0)
(-0.239728 0.0314675 0)
(-0.240518 0.0307836 0)
(-0.240907 0.0295235 0)
(-0.24091 0.0276862 0)
(-0.240534 0.0252792 0)
(-0.23977 0.0223233 0)
(-0.238602 0.0188448 0)
(-0.236998 0.0148778 0)
(-0.234908 0.0104603 0)
(-0.232261 0.00563654 0)
(-0.228966 0.000454835 0)
(-0.224902 -0.00503256 0)
(-0.219909 -0.0107689 0)
(-0.213794 -0.0167011 0)
(-0.206318 -0.0227694 0)
(-0.197172 -0.0288957 0)
(-0.186005 -0.0349655 0)
(-0.172469 -0.0408018 0)
(-0.156262 -0.0461744 0)
(-0.137231 -0.0508248 0)
(-0.115349 -0.0545555 0)
(-0.0911354 -0.0571413 0)
(-0.0646838 -0.0587972 0)
(-0.0374821 -0.0593377 0)
(-0.0118327 -0.0537158 0)
(-0.016759 0.0246992 0)
(-0.0517455 0.0261403 0)
(-0.0890401 0.0251869 0)
(-0.121626 0.0237692 0)
(-0.148424 0.0228606 0)
(-0.170638 0.021951 0)
(-0.188232 0.0213076 0)
(-0.201784 0.0209981 0)
(-0.211958 0.0211132 0)
(-0.219431 0.0216976 0)
(-0.224712 0.0227224 0)
(-0.228252 0.0240691 0)
(-0.230421 0.0255905 0)
(-0.231509 0.0271407 0)
(-0.231741 0.0285984 0)
(-0.231297 0.0298538 0)
(-0.230322 0.0308176 0)
(-0.228936 0.0314073 0)
(-0.227241 0.0315538 0)
(-0.225324 0.0312063 0)
(-0.223258 0.0303342 0)
(-0.22111 0.0289112 0)
(-0.218936 0.0269315 0)
(-0.216785 0.0243955 0)
(-0.214694 0.0213178 0)
(-0.212693 0.0177162 0)
(-0.210793 0.013614 0)
(-0.20899 0.00903595 0)
(-0.207253 0.0040102 0)
(-0.205527 -0.00143385 0)
(-0.203713 -0.00726466 0)
(-0.201678 -0.0134562 0)
(-0.199235 -0.019992 0)
(-0.196099 -0.0268626 0)
(-0.191881 -0.0340497 0)
(-0.186059 -0.0414924 0)
(-0.178006 -0.049042 0)
(-0.166981 -0.0564652 0)
(-0.152288 -0.0634392 0)
(-0.133027 -0.0697165 0)
(-0.109344 -0.0746799 0)
(-0.0797865 -0.0785583 0)
(-0.0476945 -0.0798249 0)
(-0.0154774 -0.0730149 0)
(-0.0241365 0.0495291 0)
(-0.0712131 0.0504516 0)
(-0.114419 0.046862 0)
(-0.149786 0.0409285 0)
(-0.174038 0.0363193 0)
(-0.191778 0.032044 0)
(-0.203526 0.0286738 0)
(-0.210871 0.0261535 0)
(-0.214856 0.0245385 0)
(-0.21641 0.0237788 0)
(-0.216125 0.0237728 0)
(-0.214458 0.0243234 0)
(-0.211749 0.0252242 0)
(-0.208246 0.026285 0)
(-0.204138 0.0273589 0)
(-0.199576 0.0283176 0)
(-0.194693 0.0290611 0)
(-0.189608 0.0294952 0)
(-0.184431 0.0295459 0)
(-0.179264 0.0291571 0)
(-0.17421 0.0282935 0)
(-0.169374 0.0269244 0)
(-0.164849 0.0250422 0)
(-0.160733 0.0226429 0)
(-0.157112 0.0197364 0)
(-0.154068 0.0163343 0)
(-0.151672 0.012451 0)
(-0.149976 0.00809985 0)
(-0.149016 0.00329466 0)
(-0.148799 -0.00195231 0)
(-0.149299 -0.00762941 0)
(-0.150463 -0.013742 0)
(-0.152174 -0.0203105 0)
(-0.15422 -0.0273876 0)
(-0.156258 -0.0350386 0)
(-0.157763 -0.0432989 0)
(-0.158019 -0.0521116 0)
(-0.155995 -0.0613456 0)
(-0.150578 -0.0707293 0)
(-0.139646 -0.0802054 0)
(-0.122862 -0.0887593 0)
(-0.0946669 -0.0970528 0)
(-0.0614143 -0.100547 0)
(-0.0213929 -0.0946226 0)
(-0.0348438 0.0790033 0)
(-0.094497 0.0747506 0)
(-0.135307 0.0663789 0)
(-0.166792 0.0537085 0)
(-0.181223 0.0447341 0)
(-0.189378 0.0370307 0)
(-0.191689 0.0312874 0)
(-0.19067 0.027042 0)
(-0.187302 0.0242104 0)
(-0.182467 0.022582 0)
(-0.17658 0.021944 0)
(-0.169938 0.022023 0)
(-0.162727 0.0225623 0)
(-0.155074 0.0233408 0)
(-0.147083 0.0241985 0)
(-0.138841 0.0250004 0)
(-0.130447 0.0256461 0)
(-0.122006 0.0260383 0)
(-0.113627 0.0261075 0)
(-0.105427 0.0257946 0)
(-0.097534 0.0250663 0)
(-0.0900877 0.0238922 0)
(-0.0832203 0.0222652 0)
(-0.0770747 0.0201802 0)
(-0.0717855 0.0176445 0)
(-0.0674878 0.0146663 0)
(-0.06431 0.0112542 0)
(-0.062367 0.00741397 0)
(-0.0617659 0.00314949 0)
(-0.062589 -0.00153872 0)
(-0.0649044 -0.00665388 0)
(-0.0687618 -0.0122189 0)
(-0.0741668 -0.0182846 0)
(-0.0810554 -0.0249553 0)
(-0.0892584 -0.0323733 0)
(-0.098426 -0.0406808 0)
(-0.108034 -0.0499417 0)
(-0.117066 -0.0602079 0)
(-0.124486 -0.0713708 0)
(-0.127015 -0.0838894 0)
(-0.124675 -0.0965512 0)
(-0.104775 -0.111472 0)
(-0.07919 -0.119397 0)
(-0.0307171 -0.119387 0)
(-0.0483551 0.113045 0)
(-0.118836 0.0953292 0)
(-0.142914 0.080138 0)
(-0.162737 0.0596528 0)
(-0.16096 0.0468368 0)
(-0.156524 0.0366124 0)
(-0.148123 0.0294837 0)
(-0.138738 0.0243853 0)
(-0.128682 0.0210497 0)
(-0.118484 0.0191039 0)
(-0.10816 0.0182451 0)
(-0.0977193 0.0181504 0)
(-0.0871322 0.0185414 0)
(-0.076373 0.01919 0)
(-0.0654456 0.019941 0)
(-0.0543707 0.0206663 0)
(-0.0432106 0.0212761 0)
(-0.0320572 0.0216774 0)
(-0.0210199 0.0218154 0)
(-0.0102355 0.0216287 0)
(0.000144105 0.0210918 0)
(0.00994392 0.0201779 0)
(0.0189963 0.018882 0)
(0.0271154 0.0171999 0)
(0.0341231 0.0151381 0)
(0.0398385 0.0127034 0)
(0.0440816 0.00990123 0)
(0.0466846 0.00673329 0)
(0.0474763 0.00319848 0)
(0.0463034 -0.000708684 0)
(0.0430111 -0.00499764 0)
(0.0374482 -0.00969687 0)
(0.0294794 -0.0148721 0)
(0.0189954 -0.0206551 0)
(0.00592838 -0.0272365 0)
(-0.00967149 -0.0348373 0)
(-0.0277004 -0.0436258 0)
(-0.0474733 -0.0538422 0)
(-0.0686725 -0.0655795 0)
(-0.0873136 -0.0800297 0)
(-0.105673 -0.0960959 0)
(-0.101773 -0.11868 0)
(-0.0984571 -0.133144 0)
(-0.0427372 -0.147797 0)
(-0.060114 0.150114 0)
(-0.136398 0.107968 0)
(-0.125525 0.085138 0)
(-0.127483 0.057971 0)
(-0.106486 0.0430122 0)
(-0.0896767 0.0318584 0)
(-0.0719649 0.024586 0)
(-0.0562099 0.0195605 0)
(-0.0415871 0.0163795 0)
(-0.0280846 0.0145629 0)
(-0.0152199 0.0137802 0)
(-0.00268687 0.013701 0)
(0.0097593 0.0140603 0)
(0.0222808 0.0146485 0)
(0.0349521 0.0153306 0)
(0.0478027 0.0159974 0)
(0.0607929 0.0165761 0)
(0.0738369 0.0169865 0)
(0.0868156 0.0171871 0)
(0.0995669 0.0171241 0)
(0.111917 0.016779 0)
(0.123654 0.0161303 0)
(0.13458 0.0151755 0)
(0.144471 0.0139127 0)
(0.153115 0.0123474 0)
(0.160294 0.0104865 0)
(0.165791 0.00833367 0)
(0.1694 0.0058892 0)
(0.1709 0.00315034 0)
(0.170086 0.000110201 0)
(0.166737 -0.00323977 0)
(0.160628 -0.00692659 0)
(0.151519 -0.0110143 0)
(0.139155 -0.0156361 0)
(0.123238 -0.0209931 0)
(0.103493 -0.0273375 0)
(0.0795019 -0.03489 0)
(0.0514465 -0.0440192 0)
(0.0184297 -0.0549687 0)
(-0.015415 -0.0695905 0)
(-0.0568865 -0.0871815 0)
(-0.0746209 -0.116239 0)
(-0.111454 -0.138109 0)
(-0.0524817 -0.178726 0)
(-0.0593733 0.186005 0)
(-0.133237 0.109322 0)
(-0.0710244 0.0800815 0)
(-0.0530756 0.0497873 0)
(-0.0146435 0.0350083 0)
(0.0112309 0.0246433 0)
(0.0347854 0.018296 0)
(0.0537068 0.0140459 0)
(0.0700806 0.0114521 0)
(0.0844602 0.0100232 0)
(0.0977811 0.00945611 0)
(0.110608 0.00945909 0)
(0.123345 0.00980987 0)
(0.136243 0.0103366 0)
(0.149416 0.0109339 0)
(0.162916 0.0115172 0)
(0.176709 0.0120331 0)
(0.190705 0.0124196 0)
(0.204768 0.0126458 0)
(0.218711 0.0126712 0)
(0.232338 0.0124829 0)
(0.245409 0.0120654 0)
(0.257699 0.0114176 0)
(0.268958 0.0105398 0)
(0.278949 0.00943678 0)
(0.287435 0.00811486 0)
(0.294173 0.00657713 0)
(0.298938 0.00482345 0)
(0.301482 0.00285146 0)
(0.30157 0.000655371 0)
(0.298945 -0.00177005 0)
(0.293342 -0.00444572 0)
(0.284467 -0.00742385 0)
(0.271974 -0.010819 0)
(0.255397 -0.0148101 0)
(0.234197 -0.019633 0)
(0.207481 -0.0255029 0)
(0.174939 -0.0328254 0)
(0.134347 -0.0418979 0)
(0.0895652 -0.0548916 0)
(0.0278681 -0.0716801 0)
(-0.0123886 -0.103412 0)
(-0.104522 -0.131569 0)
(-0.0488658 -0.208256 0)
(-0.0287525 0.213344 0)
(-0.0904957 0.0983253 0)
(0.0296959 0.0661607 0)
(0.0642587 0.0376725 0)
(0.113886 0.0251915 0)
(0.143645 0.0169194 0)
(0.168691 0.012122 0)
(0.187391 0.00900013 0)
(0.202816 0.00716128 0)
(0.215903 0.00618938 0)
(0.227881 0.00584716 0)
(0.239461 0.00591219 0)
(0.251124 0.00622116 0)
(0.263148 0.00664916 0)
(0.275651 0.00712294 0)
(0.288683 0.00758306 0)
(0.302202 0.00799382 0)
(0.316105 0.00831418 0)
(0.330246 0.00852147 0)
(0.344415 0.00858838 0)
(0.358404 0.0085068 0)
(0.371956 0.00826668 0)
(0.384833 0.0078678 0)
(0.396775 0.00731136 0)
(0.407533 0.00660117 0)
(0.416868 0.00574237 0)
(0.424531 0.00473741 0)
(0.430296 0.00358622 0)
(0.43391 0.00228743 0)
(0.435133 0.0008371 0)
(0.433704 -0.000767041 0)
(0.429352 -0.00253871 0)
(0.421779 -0.00451494 0)
(0.410614 -0.00678081 0)
(0.395314 -0.00947277 0)
(0.375186 -0.0127765 0)
(0.349026 -0.0168648 0)
(0.316185 -0.0220914 0)
(0.273417 -0.0287296 0)
(0.224103 -0.0388046 0)
(0.150071 -0.0526632 0)
(0.0923196 -0.0820414 0)
(-0.059606 -0.11326 0)
(-0.0147911 -0.229306 0)
(0.0534555 0.222401 0)
(0.0118963 0.0770198 0)
(0.179964 0.0468194 0)
(0.223349 0.0246903 0)
(0.275391 0.0157549 0)
(0.303685 0.0101607 0)
(0.326256 0.00704747 0)
(0.342059 0.00507597 0)
(0.354588 0.00394848 0)
(0.364923 0.00337413 0)
(0.374363 0.00319502 0)
(0.383634 0.00326785 0)
(0.39321 0.00349014 0)
(0.403346 0.00378345 0)
(0.414138 0.00410341 0)
(0.42562 0.00441275 0)
(0.437738 0.00468986 0)
(0.450386 0.00491344 0)
(0.463411 0.00506633 0)
(0.476605 0.0051332 0)
(0.489762 0.00510946 0)
(0.502629 0.00498941 0)
(0.514978 0.00477284 0)
(0.526558 0.00446121 0)
(0.537133 0.00405675 0)
(0.546479 0.00356304 0)
(0.554363 0.0029817 0)
(0.560577 0.00231266 0)
(0.564887 0.00155544 0)
(0.567071 0.000707608 0)
(0.566891 -0.000231493 0)
(0.564105 -0.00126982 0)
(0.558448 -0.00243044 0)
(0.54958 -0.00376705 0)
(0.536969 -0.00536755 0)
(0.519904 -0.00735361 0)
(0.497094 -0.00984201 0)
(0.467761 -0.0130823 0)
(0.428239 -0.0172896 0)
(0.381382 -0.0239545 0)
(0.305991 -0.0336645 0)
(0.240778 -0.0562918 0)
(0.042163 -0.0858983 0)
(0.070164 -0.23244 0)
(0.208348 0.203508 0)
(0.189951 0.0499826 0)
(0.376285 0.0267636 0)
(0.418767 0.0133985 0)
(0.464535 0.00818156 0)
(0.487361 0.00512892 0)
(0.504832 0.00346318 0)
(0.516345 0.002438 0)
(0.525149 0.00186022 0)
(0.532213 0.00157026 0)
(0.538675 0.00148186 0)
(0.545152 0.00152164 0)
(0.552039 0.00163801 0)
(0.55954 0.00179082 0)
(0.567723 0.00195784 0)
(0.576608 0.00211935 0)
(0.586142 0.00226517 0)
(0.596229 0.00238452 0)
(0.606735 0.00246902 0)
(0.617481 0.00251107 0)
(0.628293 0.00250826 0)
(0.638956 0.00245806 0)
(0.649277 0.0023599 0)
(0.659047 0.00221498 0)
(0.668069 0.00202401 0)
(0.676158 0.00178895 0)
(0.683123 0.00151056 0)
(0.688793 0.00118863 0)
(0.692978 0.00082317 0)
(0.695497 0.000412741 0)
(0.696158 -4.28932e-05 0)
(0.694771 -0.000547988 0)
(0.691126 -0.0011148 0)
(0.684952 -0.00177063 0)
(0.675808 -0.00256087 0)
(0.663086 -0.00354804 0)
(0.645649 -0.00479771 0)
(0.622797 -0.00644572 0)
(0.591135 -0.00864407 0)
(0.55293 -0.0122041 0)
(0.487735 -0.0177655 0)
(0.427585 -0.0313506 0)
(0.215597 -0.0543315 0)
(0.225022 -0.208615 0)
(0.450245 0.158757 0)
(0.450859 0.0246811 0)
(0.609417 0.0111759 0)
(0.641754 0.00551381 0)
(0.674358 0.00322373 0)
(0.689658 0.00200267 0)
(0.701059 0.00132876 0)
(0.708257 0.000927409 0)
(0.713622 0.000698892 0)
(0.717815 0.000581495 0)
(0.72161 0.0005395 0)
(0.725415 0.000546232 0)
(0.729497 0.00058299 0)
(0.733994 0.000634544 0)
(0.738956 0.000692571 0)
(0.744398 0.000749088 0)
(0.750288 0.000800977 0)
(0.756565 0.000843475 0)
(0.763144 0.000873921 0)
(0.76991 0.000889763 0)
(0.776754 0.000889601 0)
(0.783537 0.000872979 0)
(0.790137 0.000839047 0)
(0.796418 0.000788649 0)
(0.802255 0.000721622 0)
(0.807529 0.000638704 0)
(0.812116 0.000540122 0)
(0.815906 0.000425559 0)
(0.818775 0.000295202 0)
(0.820609 0.000148248 0)
(0.82128 -1.55111e-05 0)
(0.820666 -0.000197993 0)
(0.818627 -0.000404408 0)
(0.814983 -0.000644826 0)
(0.809438 -0.000936401 0)
(0.801593 -0.00130164 0)
(0.790667 -0.00176913 0)
(0.776188 -0.00238997 0)
(0.755675 -0.0032533 0)
(0.730651 -0.00464148 0)
(0.685703 -0.00703875 0)
(0.642671 -0.012752 0)
(0.467407 -0.0262399 0)
(0.462493 -0.160627 0)
(0.781172 0.0411387 0)
(0.788238 0.00446886 0)
(0.863136 0.00172046 0)
(0.876781 0.000861143 0)
(0.890152 0.000485477 0)
(0.896261 0.000303622 0)
(0.900797 0.000199992 0)
(0.903646 0.000140148 0)
(0.905764 0.000105156 0)
(0.907391 8.63871e-05 0)
(0.908815 7.82213e-05 0)
(0.910181 7.71062e-05 0)
(0.91159 8.05272e-05 0)
(0.913099 8.62791e-05 0)
(0.914733 9.31747e-05 0)
(0.916503 9.9983e-05 0)
(0.918404 0.000106321 0)
(0.920418 0.000111665 0)
(0.922521 0.000115352 0)
(0.92468 0.00011726 0)
(0.92686 0.000117035 0)
(0.929019 0.000114755 0)
(0.931117 0.000110134 0)
(0.933113 0.000103391 0)
(0.934965 9.44069e-05 0)
(0.936634 8.32838e-05 0)
(0.938079 7.00506e-05 0)
(0.939263 5.46004e-05 0)
(0.940143 3.7e-05 0)
(0.940681 1.70812e-05 0)
(0.940831 -5.2195e-06 0)
(0.940548 -3.02282e-05 0)
(0.939779 -5.88176e-05 0)
(0.938454 -9.23666e-05 0)
(0.936464 -0.000133333 0)
(0.933664 -0.000184651 0)
(0.929765 -0.000251085 0)
(0.924594 -0.000339477 0)
(0.917133 -0.000468494 0)
(0.907982 -0.000670054 0)
(0.890701 -0.00105799 0)
(0.873961 -0.00191807 0)
(0.793471 -0.00468072 0)
(0.785348 -0.0414036 0)
)
;

boundaryField
{
    movingWall
    {
        type            fixedValue;
        value           uniform (1 0 0);
    }
    fixedWalls
    {
        type            noSlip;
    }
    frontAndBack
    {
        type            empty;
    }
    defaultFaces
    {
        type            empty;
    }
}


// ************************************************************************* //
