/*--------------------------------*- C++ -*----------------------------------*\
  =========                 |
  \\      /  F ield         | OpenFOAM: The Open Source CFD Toolbox
   \\    /   O peration     | Website:  https://openfoam.org
    \\  /    A nd           | Version:  7
     \\/     M anipulation  |
\*---------------------------------------------------------------------------*/
FoamFile
{
    version     2.0;
    format      ascii;
    class       surfaceScalarField;
    location    "1.21";
    object      phi;
}
// * * * * * * * * * * * * * * * * * * * * * * * * * * * * * * * * * * * * * //

dimensions      [0 3 -1 0 0 0 0];

internalField   nonuniform List<scalar> 
3784
(
-0.0025495
0.0025495
-0.00243211
-0.000117396
-0.00100473
-0.00142737
-6.54972e-05
-0.000939235
0.000403363
-0.000468859
0.000931236
-0.000527874
0.00128752
-0.000356286
0.001245
4.25237e-05
0.000660523
0.000584478
-0.000303986
0.000964507
-0.00113044
0.000826448
-0.00126235
0.000131919
-0.000467954
-0.000794398
0.000724017
-0.00119197
0.00108432
-0.000360305
5.61606e-05
0.00102816
-0.00150057
0.00155673
-0.0019005
0.000399931
-0.00056652
-0.00133398
0.000925507
-0.00149203
0.00137492
-0.000449415
0.000714121
0.0006608
-0.000639574
0.0013537
-0.00161682
0.000977246
-0.0012492
-0.000367624
7.79555e-05
-0.00132715
0.00112215
-0.0010442
0.000821107
0.000301044
-0.000570792
0.0013919
-0.00169142
0.00112063
-0.00139029
-0.000301132
1.00496e-05
-0.00140034
0.00115675
-0.0011467
0.00105201
0.000104738
-0.000228337
0.00128035
-0.00147676
0.00124843
-0.00141602
-6.07452e-05
-0.000144163
-0.00127186
0.00105792
-0.00120208
0.00105748
4.36731e-07
-0.000169001
0.00122648
-0.00140967
0.00124067
-0.00133168
-7.79884e-05
-0.00133168
-0.0033989
0.0059484
-0.00352453
8.23703e-06
-0.00114527
-0.00380664
-0.000108496
-0.001976
0.000271869
-0.000849222
0.000999713
-0.00125572
0.0014179
-0.000774477
0.00124421
0.000216216
0.000600895
0.0012278
-0.000233678
0.00179908
-0.00113387
0.00172664
-0.00165146
0.000649502
-0.000679761
-0.00176609
0.00104704
-0.00291877
0.0011335
-0.00044677
-9.79282e-05
0.00225959
-0.00141776
0.00287656
-0.0021463
0.00112846
-0.000748697
-0.00273157
0.00139442
-0.00363515
0.00154693
-0.000601919
0.000530212
0.00167752
-0.00056044
0.00244435
-0.00173421
0.00215102
-0.00166423
-0.000437605
0.000218489
-0.00320987
0.00141167
-0.00223738
0.000673316
0.0010394
-0.000529658
0.00259487
-0.00167074
0.00226171
-0.00180275
-0.000169122
8.97884e-05
-0.00329287
0.00153974
-0.00259665
0.000924478
0.000719999
-0.000239171
0.002444
-0.00142239
0.00243164
-0.00181717
0.000334036
-0.000149826
-0.0029392
0.00144951
-0.00280142
0.000979707
0.000470242
-0.000169726
0.00237591
-0.00130701
0.00237795
-0.00174608
0.000361087
-0.00307776
-0.00325165
0.00920005
-0.00387459
0.000631178
-0.00164807
-0.00603316
-0.000202361
-0.00342172
0.000351612
-0.00140319
0.00106662
-0.00197072
0.00152414
-0.001232
0.00131195
0.000428398
0.000506457
0.00203329
-0.000528862
0.0028344
-0.00154719
0.00274497
-0.00193022
0.00103253
-0.000595923
-0.00310039
0.00141946
-0.00493415
0.0015947
-0.000622007
0.000277141
0.00357714
-0.0013016
0.0044553
-0.00236565
0.00219252
-0.00105727
-0.00403995
0.0014248
-0.00611723
0.00187892
-0.00105604
0.000691055
0.00286539
-0.000772965
0.00390837
-0.00209512
0.00347317
-0.00183853
-0.000694189
0.000386664
-0.00543507
0.0017806
-0.00363132
0.00100548
0.00181452
-0.000448568
0.00404892
-0.00187857
0.00369172
-0.00204781
1.12567e-07
9.91354e-05
-0.00543982
0.00183357
-0.00433108
0.00123629
0.00131728
-0.000200199
0.00388048
-0.00166831
0.00389976
-0.00208397
0.000749693
-0.00016115
-0.00486202
0.00173368
-0.00469625
0.00133514
0.000868788
-4.87422e-05
0.00375979
-0.00149893
0.00382813
-0.00197756
0.000839721
-0.00505532
-0.00253766
0.0117377
-0.00349546
0.00158898
-0.0020778
-0.00745082
-0.000678691
-0.00482082
7.62507e-05
-0.00215814
0.000695199
-0.00258967
0.00102578
-0.00156257
0.000781715
0.000672462
8.8914e-05
0.00272609
-0.000672899
0.00359621
-0.00133956
0.00341163
-0.00145853
0.00115149
-0.000367477
-0.00419144
0.00107581
-0.00637744
0.00120083
-0.000747031
0.000384503
0.00439347
-0.000600875
0.00544068
-0.00151428
0.00310592
-0.000885803
-0.00466843
0.000862245
-0.00786527
0.00130545
-0.00149924
0.000426192
0.00374464
-0.000646032
0.00498059
-0.00153782
0.00436496
-0.00128271
-0.0009493
0.000307965
-0.00702574
0.00124141
-0.00456476
0.000724778
0.00233115
-0.000208284
0.00498199
-0.00121154
0.00469497
-0.00141459
0.000203166
3.0181e-05
-0.00688459
0.0012387
-0.0055396
0.000837314
0.00171866
-0.000122562
0.00484036
-0.0011153
0.0048925
-0.0014492
0.00108359
-0.000141891
-0.00616933
0.0011861
-0.00602424
0.000952909
0.00110198
6.12233e-05
0.00465148
-0.000914388
0.00480375
-0.0013051
0.00123044
-0.00636042
-0.00180164
0.0135393
-0.00302885
0.00281619
-0.00241403
-0.00806564
-0.00122314
-0.00601171
-0.000349417
-0.00303185
0.000136717
-0.0030758
0.000343327
-0.00176918
0.000144312
0.000871481
-0.000329721
0.00320012
-0.000780267
0.00404676
-0.00107806
0.00370943
-0.000932044
0.00100547
-0.000114943
-0.00500854
0.000692409
-0.00718479
0.000774992
-0.000829616
0.000411349
0.00475712
3.79997e-06
0.00584823
-0.00061638
0.0037261
-0.000654679
-0.00463013
0.000249037
-0.00876899
0.000657329
-0.00190754
0.000164212
0.00423776
-0.000451696
0.0055965
-0.000844371
0.00475763
-0.000665556
-0.00112811
0.0002226
-0.0079139
0.000687036
-0.0050292
0.000392549
0.00262564
-5.82255e-06
0.00538036
-0.000500333
0.00518948
-0.000726281
0.000429114
-2.82472e-05
-0.00758263
0.000625676
-0.00619353
0.000402194
0.00194215
-3.24036e-05
0.00527496
-0.000506158
0.00536625
-0.000755901
0.00133333
-0.000102738
-0.00682249
0.000613004
-0.00673998
0.000501216
0.00121377
0.000125427
0.00502727
-0.000325881
0.00525505
-0.000607405
0.00151196
-0.00696783
-0.000956396
0.0144957
-0.00237272
0.00423252
-0.00257081
-0.00786756
-0.00173774
-0.00684478
-0.000896607
-0.00387298
-0.000559121
-0.00341328
-0.00046377
-0.00186453
-0.000561373
0.000969085
-0.000694654
0.0033334
-0.000757091
0.00410919
-0.000673887
0.00362622
-0.000372812
0.000704401
9.38407e-05
-0.00547519
0.000263809
-0.00735476
0.00022234
-0.00078815
0.000296823
0.00468263
0.00042979
0.00571526
0.000216857
0.00393903
-0.000381487
-0.00403179
-0.000366385
-0.00878409
-4.16651e-05
-0.00223226
-7.89867e-05
0.00427508
-0.000146781
0.00566429
-8.94033e-05
0.00470026
-3.14245e-05
-0.00118609
0.000113154
-0.00805848
9.53183e-05
-0.00501136
4.58509e-05
0.00267511
0.000131232
0.00529498
0.000144628
0.00517609
-4.48196e-05
0.000618561
-7.49602e-05
-0.00755249
2.13391e-05
-0.00628983
-3.57993e-06
0.00196707
5.25229e-05
0.00521885
8.57319e-05
0.00533304
-4.1046e-05
0.00146011
-4.69525e-05
-0.00681658
4.59893e-05
-0.00683293
3.98409e-05
0.00121992
0.000123741
0.00494337
0.000186313
0.00519248
7.24739e-05
0.0016258
-0.00689535
-2.03539e-05
0.0145161
-0.00140212
0.00561428
-0.00239452
-0.00687516
-0.00211073
-0.00712857
-0.00146304
-0.00452067
-0.00128117
-0.00359515
-0.00126735
-0.00187835
-0.00118046
0.000882196
-0.000962948
0.00311589
-0.000628186
0.00377443
-0.000233383
0.00323142
0.000158262
0.000312753
0.00020451
-0.00552145
-0.000200492
-0.00694976
-0.000350211
-0.000638431
5.20135e-05
0.0042804
0.000645078
0.00512219
0.000840886
0.00374322
-7.19559e-05
-0.00311894
-0.000863211
-0.00799284
-0.000684628
-0.00241085
-0.000303556
0.00389401
0.000181014
0.00517972
0.000618044
0.00426322
0.000534727
-0.00110278
-3.90636e-05
-0.00748468
-0.000474138
-0.00457629
-0.000303081
0.00250405
0.00019547
0.00479643
0.000662538
0.00470902
0.000590142
0.000690958
-0.000113374
-0.00684897
-0.000560823
-0.00584238
-0.000366317
0.00177256
0.000110154
0.00474238
0.000591464
0.00485173
0.000628643
0.00142293
1.34205e-05
-0.00620136
-0.000509387
-0.00631012
-0.000387516
0.00109805
8.83283e-05
0.00446753
0.000586805
0.00469401
0.000672097
0.00154051
-0.00622326
0.00100749
0.0135086
-1.91039e-05
0.00664087
-0.0017489
-0.00514536
-0.00217103
-0.00670644
-0.00188477
-0.00480694
-0.00187476
-0.00360516
-0.00190173
-0.00185139
-0.00164016
0.000620627
-0.00110051
0.00257624
-0.000492398
0.00316632
0.000121996
0.00261703
0.000567145
-0.000132397
0.000168307
-0.00512261
-0.000730022
-0.00605143
-0.000840967
-0.000527486
-0.000233382
0.00367282
0.000672337
0.00421647
0.00120254
0.00321301
0.000236378
-0.00215278
-0.00115955
-0.00659691
-0.00123903
-0.00233136
-0.000515319
0.0031703
0.000366087
0.00429832
0.00107397
0.00355534
0.000937085
-0.000965892
-0.000239612
-0.00630799
-0.00100526
-0.00381065
-0.000620803
0.0021196
0.000199132
0.00397649
0.00100932
0.00389883
0.00106846
0.000631822
-0.00013597
-0.00564454
-0.00102962
-0.00494873
-0.000657616
0.00140056
0.000128831
0.00395593
0.000961502
0.00401906
0.00116182
0.00122262
6.31535e-05
-0.0051027
-0.00095465
-0.00529231
-0.00070121
0.000844609
4.71313e-05
0.00371919
0.000869512
0.00387163
0.00112477
0.00128525
-0.00509849
0.00198823
0.0115204
0.00167364
0.00695546
-0.000565044
-0.00290667
-0.00174894
-0.00552254
-0.00197047
-0.00458541
-0.00216397
-0.00341166
-0.00222628
-0.00178908
-0.00185766
0.000252016
-0.00112148
0.00184006
-0.000322811
0.00236765
0.000424368
0.00186985
0.000801125
-0.000509149
1.47585e-06
-0.00432296
-0.00122301
-0.00482694
-0.00126473
-0.000485768
-0.000445259
0.00285334
0.000573361
0.00319785
0.00127993
0.00250644
0.000500678
-0.00137353
-0.001222
-0.00487423
-0.00157711
-0.00197625
-0.000649469
0.00224265
0.000410697
0.00323815
0.0012872
0.00267884
0.00113049
-0.000809179
-0.000430613
-0.00474689
-0.00137503
-0.00286623
-0.000783369
0.00152794
0.000171829
0.00302129
0.00112324
0.00294742
0.00133798
0.000417077
-0.000146586
-0.00415997
-0.00133943
-0.00375589
-0.000827008
0.00088814
0.00010715
0.00302178
0.00110056
0.00302565
0.00146226
0.000860926
8.85533e-05
-0.00372899
-0.00124155
-0.0039622
-0.00088553
0.000488586
1.50791e-05
0.00281858
0.000973453
0.00291326
0.00138355
0.000875154
-0.00371494
0.00255436
0.00896602
0.00315583
0.00635399
0.000956277
-0.00070711
-0.00079772
-0.00376855
-0.0015812
-0.00380193
-0.00203085
-0.00296201
-0.00216506
-0.00165486
-0.00179413
-0.000118914
-0.00102254
0.00106848
-0.000162194
0.0015073
0.000607698
0.00109995
0.000825143
-0.000726592
-0.000215632
-0.00328219
-0.00155837
-0.00348421
-0.00155618
-0.000487964
-0.000622894
0.00192005
0.000378962
0.002196
0.00117681
0.00170859
0.00062826
-0.000824978
-0.00109263
-0.00315334
-0.00161535
-0.00145353
-0.000707915
0.00133522
0.000362583
0.00216766
0.00128177
0.00175966
0.00109671
-0.000624121
-0.000529228
-0.00312095
-0.00147722
-0.00191825
-0.000865001
0.000915722
0.000113928
0.00204236
0.00110143
0.00195992
0.00132437
0.000194129
-0.000147196
-0.0026884
-0.00139463
-0.00250846
-0.000931709
0.000425225
6.301e-05
0.00202706
0.00107955
0.00200911
0.00144585
0.000494626
9.38678e-05
-0.00237701
-0.00127442
-0.00259391
-0.00096485
0.000179019
-1.06893e-05
0.00186442
0.000970218
0.00193235
0.00136421
0.000481169
-0.00235073
0.00250914
0.00645688
0.0037364
0.00512674
0.00223197
0.000797314
0.000409392
-0.00194597
-0.000763946
-0.0026286
-0.0014696
-0.00225636
-0.00173396
-0.0013905
-0.00147765
-0.000375229
-0.00082052
0.000411351
-3.88121e-05
0.000725597
0.000635178
0.000425964
0.000679828
-0.000771242
-0.000372377
-0.00222998
-0.00161025
-0.00224634
-0.00161504
-0.000483181
-0.000740138
0.00104515
0.000148985
0.00130687
0.000896391
0.000961184
0.000549408
-0.000477995
-0.00085567
-0.00174826
-0.00138698
-0.000922222
-0.000681765
0.000630004
0.000260089
0.0012258
0.00105968
0.000960065
0.000859994
-0.00042443
-0.000509263
-0.00175169
-0.00130249
-0.00112502
-0.000813329
0.00042656
5.63463e-05
0.00117269
0.000910899
0.00110536
0.00106228
4.27503e-05
-0.000131068
-0.00149506
-0.00119389
-0.00144564
-0.000880806
0.000112146
1.3433e-05
0.00113281
0.000887127
0.00113541
0.00116022
0.000221539
8.36794e-05
-0.00130048
-0.00105828
-0.00145195
-0.000871573
-7.68687e-06
-3.07636e-05
0.00102361
0.000821424
0.00108016
0.00109856
0.000204033
-0.00125217
0.00204788
0.004409
0.00338475
0.00378988
0.00271545
0.00146661
0.00137687
-0.000607384
0.000155649
-0.00140739
-0.000675509
-0.00142521
-0.00106366
-0.00100234
-0.000990295
-0.000448599
-0.000536191
-4.27521e-05
5.40593e-05
0.000135347
0.000535032
-5.50087e-05
0.000456278
-0.000692484
-0.000418697
-0.00135501
-0.0013717
-0.00129334
-0.00142402
-0.00043086
-0.000770134
0.000391265
-6.65628e-05
0.000603303
0.000492795
0.000401828
0.000294704
-0.000279903
-0.000622217
-0.000831334
-0.00102828
-0.000516163
-0.000582919
0.000184648
0.000116337
0.000526552
0.000681424
0.000394981
0.000511758
-0.000254764
-0.000409652
-0.000830282
-0.000959573
-0.0005751
-0.000653569
0.000120557
-8.76701e-06
0.000527885
0.000601241
0.000495354
0.000673309
-2.93169e-05
-0.000113184
-0.000708564
-0.000842853
-0.000715976
-0.000683748
-4.69595e-05
-3.61267e-05
0.000485193
0.000585312
0.000513971
0.000750212
5.66423e-05
5.20121e-05
-0.000602277
-0.000712724
-0.000687214
-0.000638372
-8.20403e-05
-4.25152e-05
0.000427754
0.000563392
0.000474257
0.000712164
5.5258e-05
-0.000540005
0.00128125
0.00312775
0.00242579
0.00264533
0.00247123
0.00142116
0.00164862
0.000215223
0.000733306
-0.000492081
4.89985e-06
-0.0006968
-0.000399028
-0.000598418
-0.000444954
-0.000402679
-0.000226497
-0.000261206
0.0001298
-0.000220945
0.000383024
-0.000308233
0.000238594
-0.000548053
-0.000368507
-0.000747904
-0.000990514
-0.000671338
-0.00108978
-0.000331602
-0.00070758
9.06755e-06
-0.00024249
0.000138216
9.93158e-05
6.00237e-05
5.15395e-06
-0.000185744
-0.000458267
-0.000367915
-0.000694123
-0.000280305
-0.000463948
-4.55224e-05
-4.00665e-05
0.000102673
0.000284901
7.00144e-05
0.00017996
-0.000149823
-0.000308973
-0.00034135
-0.000616817
-0.000267256
-0.000463451
-3.28085e-05
-7.45661e-05
0.000139
0.000284924
0.000135862
0.000311369
-5.57618e-05
-0.000102551
-0.000294643
-0.000502253
-0.000316277
-0.000448181
-0.000101032
-7.74225e-05
0.000114436
0.000289322
0.000147226
0.000369557
-2.35919e-05
9.34427e-06
-0.000242066
-0.000399139
-0.000278731
-0.000383286
-9.78934e-05
-5.08072e-05
9.52766e-05
0.000295107
0.000128347
0.000361579
-1.12145e-05
-0.000178428
0.00080891
0.00231884
0.00148037
0.00197387
0.00169333
0.00120822
0.00134653
0.000562014
0.000811086
4.33577e-05
0.000321695
-0.000207408
2.37237e-05
-0.000300446
-5.57687e-05
-0.000323192
2.02439e-05
-0.000337218
0.000154806
-0.000355498
0.0002138
-0.000367221
5.56715e-05
-0.000389927
-0.000304325
-0.00038791
-0.000643581
-0.000332082
-0.000736184
-0.000238999
-0.000579831
-0.000147286
-0.000334822
-0.000106794
-0.000163456
-0.000111343
-0.000189084
-0.000160117
-0.000364569
-0.000192428
-0.000461518
-0.00018335
-0.000368416
-0.00013862
-0.000165195
-0.000100548
-1.20902e-05
-8.30917e-05
-5.28702e-05
-0.000109043
-0.00025048
-0.000143739
-0.000380077
-0.000137658
-0.000318388
-9.4497e-05
-0.000128001
-5.13857e-05
4.53934e-05
-3.75339e-05
6.01368e-05
-7.05071e-05
-0.000108455
-0.00012605
-0.00027941
-0.000145321
-0.000268589
-0.000111854
-0.000103045
-5.11065e-05
7.05553e-05
-2.63748e-05
0.000106583
-5.96207e-05
-3.44064e-05
-0.000101079
-0.000198269
-0.000114868
-0.000205872
-9.02869e-05
-6.02189e-05
-5.03758e-05
9.73919e-05
-2.92637e-05
0.000129171
-4.29926e-05
-4.92585e-05
0.00055077
0.00176807
0.000911885
0.00161275
0.00102013
0.00109997
0.000916207
0.000665934
0.000620899
0.000338656
0.000357272
5.6211e-05
0.000175727
-0.0001189
9.18314e-05
-0.000239292
7.60013e-05
-0.000321386
7.15699e-05
-0.000351064
2.78649e-05
-0.000323513
-9.539e-05
-0.000266673
-0.000270215
-0.000213088
-0.00041793
-0.000184366
-0.000473177
-0.00018375
-0.000427931
-0.000192535
-0.000341099
-0.000193629
-0.00027177
-0.000180672
-0.00026734
-0.000164543
-0.000304926
-0.000154839
-0.000326401
-0.000161872
-0.000294691
-0.00017033
-0.000232018
-0.000163222
-0.000177902
-0.000137207
-0.000176532
-0.00011041
-0.000222854
-9.74146e-05
-0.000254081
-0.00010643
-0.000230018
-0.000118563
-0.000161668
-0.000119736
-9.55204e-05
-0.00010368
-7.92173e-05
-8.68105e-05
-0.00011844
-8.6826e-05
-0.000162605
-0.000101155
-0.000163225
-0.000111235
-0.000111465
-0.000102868
-4.92564e-05
-8.8585e-05
-3.13645e-05
-7.75115e-05
-6.26242e-05
-6.98181e-05
-0.000104604
-7.28898e-05
-0.000107288
-8.76028e-05
-6.40193e-05
-9.36433e-05
-8.05721e-06
-8.5229e-05
1.31617e-05
-6.42133e-05
-3.60964e-05
0.000420889
0.00134719
0.000692105
0.00134153
0.000756285
0.00103579
0.000687778
0.000734442
0.000557805
0.00046863
0.000368811
0.000245201
0.000223366
2.65439e-05
0.000115089
-0.000131007
2.62867e-05
-0.000232579
-5.65431e-05
-0.000268236
-0.000131245
-0.000248813
-0.000200842
-0.000197076
-0.000260027
-0.000153902
-0.000299102
-0.000145293
-0.000314828
-0.000168027
-0.000308953
-0.000198411
-0.0002914
-0.000211179
-0.000273191
-0.000198878
-0.000261823
-0.000175907
-0.000253688
-0.000162974
-0.000248812
-0.000166748
-0.000242714
-0.000176427
-0.000232531
-0.000173403
-0.000218297
-0.000151439
-0.000205567
-0.000123138
-0.000195156
-0.000107824
-0.000187579
-0.000114009
-0.000177187
-0.000128956
-0.000162625
-0.000134298
-0.000143805
-0.000122498
-0.000127153
-0.000103462
-0.000119283
-9.46975e-05
-0.000118975
-0.000101464
-0.000117231
-0.000112977
-0.000104988
-0.00011511
-8.82922e-05
-0.000105283
-7.65818e-05
-8.92234e-05
-7.07831e-05
-7.56158e-05
-6.87593e-05
-7.49144e-05
-6.69778e-05
-8.93883e-05
-5.73547e-05
-0.000103267
-4.11701e-05
-0.000101414
-2.11416e-05
-8.42467e-05
-5.72403e-05
0.000324309
0.00102288
0.000579869
0.00108598
0.000686524
0.000929132
0.000679152
0.000741811
0.000601682
0.000546103
0.000492528
0.000354358
0.000344441
0.000174631
0.000199236
1.41984e-05
6.26351e-05
-9.59772e-05
-5.30721e-05
-0.000152531
-0.000139245
-0.000162642
-0.000187631
-0.000148688
-0.00020434
-0.000137193
-0.000205177
-0.00014446
-0.000203989
-0.000169217
-0.000207105
-0.000195291
-0.000210869
-0.000207409
-0.00020847
-0.000201275
-0.000197958
-0.000186421
-0.00018496
-0.000175972
-0.00017686
-0.000174847
-0.000176445
-0.000176842
-0.000178588
-0.000171257
-0.000174957
-0.000155068
-0.000161919
-0.000136177
-0.000144214
-0.000125531
-0.000130819
-0.000127404
-0.000125589
-0.000134184
-0.000124677
-0.000135209
-0.000120539
-0.000126634
-0.000108827
-0.000115175
-9.41584e-05
-0.000109367
-8.36578e-05
-0.000111965
-7.95822e-05
-0.000117052
-7.78241e-05
-0.000116865
-7.39858e-05
-0.000109122
-6.56325e-05
-9.75818e-05
-5.29708e-05
-8.82821e-05
-4.12181e-05
-8.66657e-05
-3.63607e-05
-9.42465e-05
-3.62199e-05
-0.00010341
-3.29019e-05
-0.000104733
-1.97768e-05
-9.73751e-05
-7.70209e-05
0.000239396
0.000783483
0.000462832
0.000862544
0.000606502
0.000785465
0.000668838
0.000679475
0.000662184
0.000552759
0.000602491
0.000414051
0.000502542
0.000274579
0.000371986
0.000144752
0.000236682
3.9326e-05
0.000117078
-3.29257e-05
2.84998e-05
-7.4063e-05
-2.34942e-05
-9.66948e-05
-4.64439e-05
-0.000114246
-5.50488e-05
-0.000135857
-6.31126e-05
-0.00016115
-7.53747e-05
-0.000183023
-8.82792e-05
-0.000194503
-9.51123e-05
-0.000194445
-9.35188e-05
-0.000188016
-8.76802e-05
-0.000181809
-8.40914e-05
-0.000178434
-8.54751e-05
-0.000175458
-8.80194e-05
-0.000168713
-8.58203e-05
-0.000157266
-7.70021e-05
-0.000144995
-6.5478e-05
-0.000137056
-5.77855e-05
-0.000135096
-5.63065e-05
-0.000135663
-5.79108e-05
-0.000133605
-5.68974e-05
-0.000127649
-5.07456e-05
-0.000121328
-4.22562e-05
-0.000117855
-3.58617e-05
-0.000118358
-3.36201e-05
-0.000119293
-3.36626e-05
-0.000116824
-3.22255e-05
-0.000110561
-2.69647e-05
-0.000102845
-1.84268e-05
-9.68258e-05
-1.01875e-05
-9.49061e-05
-7.17718e-06
-9.72531e-05
-9.52676e-06
-0.000101062
-1.16576e-05
-0.000102607
-8.1025e-06
-0.000100934
-8.51247e-05
0.000173354
0.00061013
0.000352221
0.00068368
0.00049492
0.000642769
0.000592423
0.000581972
0.000641513
0.000503668
0.00064333
0.000412233
0.00060404
0.000313869
0.000531911
0.000216881
0.000442618
0.000128619
0.000353728
5.59662e-05
0.000279853
-1.88535e-07
0.000224883
-4.17269e-05
0.000187092
-7.64564e-05
0.00015867
-0.000107433
0.000132507
-0.000134984
0.000106258
-0.000156773
8.21409e-05
-0.000170388
6.36867e-05
-0.000175993
5.20039e-05
-0.000176331
4.48322e-05
-0.000174635
3.88447e-05
-0.000172448
3.23711e-05
-0.000168985
2.66341e-05
-0.000162974
2.4001e-05
-0.000154632
2.50501e-05
-0.000146045
2.7568e-05
-0.000139573
2.82024e-05
-0.00013573
2.56935e-05
-0.000133156
2.19572e-05
-0.00012987
1.94299e-05
-0.000125122
1.93088e-05
-0.000121206
2.01699e-05
-0.000118714
1.96999e-05
-0.000117886
1.7363e-05
-0.000116955
1.46389e-05
-0.000114101
1.3302e-05
-0.00010923
1.4187e-05
-0.000103728
1.65289e-05
-9.91672e-05
1.81536e-05
-9.65349e-05
1.67942e-05
-9.58948e-05
1.21275e-05
-9.63957e-05
6.33671e-06
-9.68195e-05
2.00523e-06
-9.66063e-05
-8.31193e-05
0.000130822
0.00047931
0.000273153
0.000541351
0.000399517
0.000516404
0.00050304
0.000478449
0.000578325
0.000428382
0.000622243
0.000368315
0.000634751
0.000301361
0.000619811
0.000231821
0.000584028
0.000164401
0.00053781
0.000102184
0.000489568
4.8051e-05
0.000445923
1.91603e-06
0.000406463
-3.69955e-05
0.000369575
-7.05433e-05
0.000333456
-9.8864e-05
0.00029796
-0.00012128
0.000264805
-0.000137236
0.000235941
-0.000147127
0.000211952
-0.000152339
0.000191831
-0.000154516
0.000174067
-0.000154687
0.000158166
-0.000153083
0.000144764
-0.000149569
0.000134557
-0.000144426
0.000127113
-0.000138602
0.000120763
-0.000133222
0.000113914
-0.000128881
0.000106031
-0.000125275
9.79352e-05
-0.000121774
9.0968e-05
-0.000118153
8.46793e-05
-0.000114915
7.84664e-05
-0.000112499
7.14364e-05
-0.000110858
6.36799e-05
-0.000109198
5.62462e-05
-0.000106665
5.00989e-05
-0.000103086
4.54001e-05
-9.90313e-05
4.15129e-05
-9.52762e-05
3.73119e-05
-9.23344e-05
3.17434e-05
-9.03304e-05
2.44425e-05
-8.90972e-05
1.59927e-05
-8.83701e-05
7.30849e-06
-8.79222e-05
-7.58099e-05
0.000107262
0.000372051
0.000227122
0.000421491
0.000338874
0.000404652
0.000438123
0.000379202
0.000520787
0.00034572
0.000583736
0.000305368
0.000625302
0.000259796
0.000645912
0.000211211
0.000646746
0.000163566
0.000634396
0.000114533
0.0006126
6.98462e-05
0.000584984
2.95337e-05
0.000554168
-6.17819e-06
0.000520729
-3.7103e-05
0.000485214
-6.33504e-05
0.000448792
-8.48592e-05
0.00041307
-0.000101513
0.00037952
-0.000113574
0.00034888
-0.000121698
0.000321087
-0.000126725
0.000295743
-0.000129344
0.000272652
-0.000129988
0.000251977
-0.000128892
0.000233907
-0.000126357
0.000218192
-0.000122887
0.000204054
-0.000119083
0.000190573
-0.000115401
0.000177286
-0.000111988
0.000164296
-0.000108782
0.000151902
-0.00010576
0.000140086
-0.000103098
0.000128223
-0.000100632
0.000115889
-9.85246e-05
0.000103255
-9.65683e-05
9.09498e-05
-9.43559e-05
7.95809e-05
-9.17154e-05
6.93212e-05
-8.87749e-05
5.98774e-05
-8.58325e-05
5.07057e-05
-8.31605e-05
4.12855e-05
-8.09098e-05
3.13106e-05
-7.91231e-05
2.07239e-05
-7.77836e-05
9.68111e-06
-7.68789e-05
-6.61288e-05
9.33177e-05
0.000278734
0.000198722
0.000316085
0.000298839
0.000304534
0.000390814
0.000287228
0.000471888
0.000264648
0.000539704
0.000237549
0.000592597
0.0002069
0.000629943
0.000173862
0.00065369
0.000139817
0.000662308
0.000105914
0.00065982
7.23329e-05
0.0006482
4.11535e-05
0.000629412
1.26094e-05
0.000605405
-1.30975e-05
0.000577098
-3.50445e-05
0.000546018
-5.37802e-05
0.000513676
-6.91708e-05
0.000481388
-8.12852e-05
0.000450074
-9.03863e-05
0.000420196
-9.68483e-05
0.00039194
-0.000101086
0.000365389
-0.000103435
0.000340677
-0.000104182
0.000317909
-0.00010359
0.00029701
-0.000101984
0.000277645
-9.97161e-05
0.000259344
-9.71022e-05
0.000241725
-9.43679e-05
0.000224588
-9.16408e-05
0.000207825
-8.89983e-05
0.000191538
-8.68134e-05
0.000175254
-8.43438e-05
0.000158753
-8.20213e-05
0.000142142
-7.9961e-05
0.000125698
-7.79127e-05
0.000109764
-7.57782e-05
9.45462e-05
-7.3558e-05
8.00412e-05
-7.13296e-05
6.60832e-05
-6.92025e-05
5.24486e-05
-6.7274e-05
3.89384e-05
-6.56122e-05
2.5414e-05
-6.42592e-05
1.18166e-05
-6.32821e-05
-5.43135e-05
7.26634e-05
0.000206072
0.000155061
0.000233688
0.000234151
0.000225446
0.000308167
0.000213216
0.000375389
0.000197426
0.000434315
0.000178622
0.000483819
0.000157395
0.000523275
0.000134407
0.000552705
0.000110387
0.000572547
8.60728e-05
0.000582827
6.20534e-05
0.000584951
3.90305e-05
0.000580065
1.74971e-05
0.000569266
-2.29743e-06
0.000554072
-1.98495e-05
0.000535243
-3.49492e-05
0.000513914
-4.784e-05
0.000491045
-5.84159e-05
0.000467427
-6.67685e-05
0.000443646
-7.30659e-05
0.00042008
-7.7516e-05
0.000396985
-8.03387e-05
0.000374554
-8.17531e-05
0.00035295
-8.19853e-05
0.000332224
-8.12534e-05
0.000312308
-7.97979e-05
0.000293048
-7.78456e-05
0.000274273
-7.55919e-05
0.000255825
-7.31886e-05
0.000237576
-7.07487e-05
0.000219117
-6.83582e-05
0.000200827
-6.60523e-05
0.000182648
-6.38392e-05
0.000164437
-6.17518e-05
0.000146289
-5.97668e-05
0.000128358
-5.78463e-05
0.000110783
-5.59823e-05
9.36454e-05
-5.41923e-05
7.69549e-05
-5.25132e-05
6.06681e-05
-5.0988e-05
4.47106e-05
-4.96552e-05
2.89938e-05
-4.85433e-05
1.34277e-05
-4.77174e-05
-4.0887e-05
5.29468e-05
0.000153125
0.000113362
0.000173269
0.000171845
0.000166961
0.000227244
0.000157819
0.000278435
0.000146233
0.000324495
0.000132557
0.000364724
0.000117165
0.000398651
0.000100479
0.000426065
8.29725e-05
0.000446993
6.51445e-05
0.000461623
4.74236e-05
0.000470388
3.02654e-05
0.000473837
1.40484e-05
0.000472569
-1.02865e-06
0.000467233
-1.45124e-05
0.00045866
-2.63741e-05
0.000447407
-3.65868e-05
0.000434077
-4.50861e-05
0.000419208
-5.19006e-05
0.000403255
-5.71108e-05
0.000386578
-6.08356e-05
0.000369457
-6.32177e-05
0.000352117
-6.44148e-05
0.00033472
-6.45877e-05
0.000317385
-6.39142e-05
0.000300152
-6.25639e-05
0.000283019
-6.07152e-05
0.000265955
-5.85281e-05
0.000248911
-5.61419e-05
0.000231834
-5.36714e-05
0.00021467
-5.11967e-05
0.000197424
-4.88063e-05
0.000180094
-4.6508e-05
0.000162696
-4.43531e-05
0.000145278
-4.23497e-05
0.000127924
-4.04922e-05
0.000110723
-3.87804e-05
9.37503e-05
-3.722e-05
7.70597e-05
-3.58236e-05
6.06772e-05
-3.46072e-05
4.46049e-05
-3.35849e-05
2.88256e-05
-3.27659e-05
1.32818e-05
-3.21755e-05
-2.76056e-05
4.13684e-05
0.000111757
8.86853e-05
0.000125952
0.000134545
0.000121103
0.000178125
0.000114241
0.000218684
0.000105672
0.000255638
9.56019e-05
0.00028853
8.42734e-05
0.000317034
7.19747e-05
0.000340931
5.90772e-05
0.000360216
4.58607e-05
0.000374951
3.26914e-05
0.000385329
1.98886e-05
0.000391631
7.74707e-06
0.000394118
-3.51302e-06
0.000393321
-1.37137e-05
0.000389677
-2.27264e-05
0.000383563
-3.04713e-05
0.000375386
-3.69098e-05
0.000365531
-4.20457e-05
0.000354343
-4.59202e-05
0.000342116
-4.8606e-05
0.000329097
-5.01981e-05
0.000315483
-5.08013e-05
0.000301463
-5.05666e-05
0.000287144
-4.95923e-05
0.000272616
-4.80348e-05
0.000257924
-4.60245e-05
0.000243089
-4.36944e-05
0.000228117
-4.11676e-05
0.000213065
-3.86195e-05
0.000197795
-3.59283e-05
0.000182374
-3.33853e-05
0.000166771
-3.0904e-05
0.000151032
-2.86131e-05
0.000135197
-2.65142e-05
0.000119325
-2.46199e-05
0.000103483
-2.29386e-05
8.77408e-05
-2.14777e-05
7.21609e-05
-2.02444e-05
5.67969e-05
-1.92445e-05
4.16915e-05
-1.84811e-05
2.68803e-05
-1.79563e-05
1.23463e-05
-1.76429e-05
-1.52596e-05
3.26459e-05
7.91097e-05
6.98953e-05
8.86998e-05
0.000105945
8.50535e-05
0.000140218
7.99673e-05
0.000172239
7.36481e-05
0.000201615
6.62259e-05
0.00022794
5.79479e-05
0.000251076
4.88376e-05
0.000270928
3.92252e-05
0.000287273
2.95171e-05
0.000300283
1.96836e-05
0.000309959
1.02136e-05
0.000316462
1.24424e-06
0.000319981
-7.03165e-06
0.000320851
-1.45822e-05
0.000319319
-2.11925e-05
0.00031567
-2.68212e-05
0.000310194
-3.14343e-05
0.000303175
-3.50268e-05
0.000294877
-3.76218e-05
0.00028554
-3.92672e-05
0.000275373
-4.00307e-05
0.000264565
-3.99939e-05
0.000253237
-3.92392e-05
0.000241543
-3.78963e-05
0.000229565
-3.60564e-05
0.000217374
-3.38344e-05
0.000205025
-3.13472e-05
0.000192581
-2.8722e-05
0.000179905
-2.59431e-05
0.000167167
-2.31906e-05
0.000154196
-2.04149e-05
0.000141099
-1.78061e-05
0.000127876
-1.53891e-05
0.000114558
-1.3196e-05
0.000101192
-1.12529e-05
8.78308e-05
-9.57776e-06
7.45283e-05
-8.17509e-06
6.13317e-05
-7.04782e-06
4.82862e-05
-6.19945e-06
3.54419e-05
-5.6374e-06
2.28467e-05
-5.36195e-06
1.05057e-05
-5.30292e-06
-4.75432e-06
2.52845e-05
5.38243e-05
5.39224e-05
6.0061e-05
8.15313e-05
5.74453e-05
0.000107749
5.37491e-05
0.000132392
4.90033e-05
0.000155092
4.35268e-05
0.000175663
3.73774e-05
0.000193747
3.07525e-05
0.000209288
2.3684e-05
0.000222328
1.6479e-05
0.000232658
9.35458e-06
0.000240383
2.48919e-06
0.000245586
-3.95888e-06
0.000248508
-9.9539e-06
0.000249305
-1.53775e-05
0.000248159
-2.00451e-05
0.000245285
-2.39465e-05
0.000240904
-2.70545e-05
0.00023524
-2.93633e-05
0.000228506
-3.08882e-05
0.000220903
-3.16628e-05
0.000212608
-3.17361e-05
0.000203782
-3.11694e-05
0.000194575
-3.00326e-05
0.000185085
-2.84058e-05
0.000175403
-2.63741e-05
0.000165593
-2.40259e-05
0.000155865
-2.16198e-05
0.000145913
-1.87696e-05
0.000135979
-1.60074e-05
0.000125929
-1.31407e-05
0.000115886
-1.03707e-05
0.000105822
-7.74149e-06
9.57352e-05
-5.30089e-06
8.563e-05
-3.0898e-06
7.55225e-05
-1.14493e-06
6.54698e-05
4.75161e-07
5.55127e-05
1.7819e-06
4.56666e-05
2.79813e-06
3.59322e-05
3.53465e-06
2.63663e-05
3.92816e-06
1.70114e-05
3.99242e-06
7.85935e-06
3.84859e-06
3.10489e-06
1.88996e-05
3.49235e-05
4.02893e-05
3.86699e-05
6.10212e-05
3.67131e-05
8.07368e-05
3.40318e-05
9.90953e-05
3.06439e-05
0.000115985
2.66383e-05
0.000131209
2.21528e-05
0.000144642
1.73185e-05
0.000156056
1.22698e-05
0.000165374
7.16116e-06
0.000172588
2.14035e-06
0.000177728
-2.65112e-06
0.000180795
-7.02613e-06
0.000182214
-1.13734e-05
0.000181894
-1.50579e-05
0.000180041
-1.8191e-05
0.000176834
-2.0739e-05
0.00017246
-2.26821e-05
0.000167111
-2.40154e-05
0.000160971
-2.47493e-05
0.000154215
-2.49082e-05
0.000147006
-2.45283e-05
0.00013949
-2.36552e-05
0.000131796
-2.23403e-05
0.000124033
-2.06434e-05
0.000116307
-1.86478e-05
0.000108684
-1.64032e-05
0.000101071
-1.40073e-05
9.36861e-05
-1.13835e-05
8.64041e-05
-8.7239e-06
7.93179e-05
-6.05302e-06
7.23933e-05
-3.4449e-06
6.5611e-05
-9.57908e-07
5.89857e-05
1.32573e-06
5.24685e-05
3.42862e-06
4.60383e-05
5.28593e-06
3.96748e-05
6.83889e-06
3.34275e-05
8.02909e-06
2.73147e-05
8.91069e-06
2.13455e-05
9.50369e-06
1.55443e-05
9.72918e-06
9.94551e-06
9.59108e-06
4.59799e-06
9.1961e-06
7.70321e-06
1.37012e-05
2.1221e-05
2.9199e-05
2.31711e-05
4.41955e-05
2.17159e-05
5.84308e-05
1.97946e-05
7.16508e-05
1.74241e-05
8.36467e-05
1.46435e-05
9.42546e-05
1.15439e-05
0.000103338
8.23393e-06
0.000110787
4.8199e-06
0.000116552
1.39597e-06
0.000120613
-1.92061e-06
0.000123093
-5.13138e-06
0.000124121
-8.05575e-06
0.00012362
-1.08732e-05
0.000121807
-1.32452e-05
0.000118828
-1.52118e-05
0.000114838
-1.67499e-05
0.000109999
-1.78449e-05
0.000104474
-1.84931e-05
9.84259e-05
-1.87031e-05
9.20095e-05
-1.84938e-05
8.53728e-05
-1.78936e-05
7.86506e-05
-1.69353e-05
7.19628e-05
-1.56541e-05
6.53827e-05
-1.40639e-05
5.91069e-05
-1.2372e-05
5.31296e-05
-1.04262e-05
4.74611e-05
-8.33897e-06
4.22187e-05
-6.14052e-06
3.73837e-05
-3.88782e-06
3.29618e-05
-1.62992e-06
2.8934e-05
5.83894e-07
2.52762e-05
2.70071e-06
2.18761e-05
4.72685e-06
1.87738e-05
6.53188e-06
1.60516e-05
8.00887e-06
1.35264e-05
9.36458e-06
1.1045e-05
1.05108e-05
8.65613e-06
1.12999e-05
6.44754e-06
1.17126e-05
4.4361e-06
1.17411e-05
2.65143e-06
1.13763e-05
1.14968e-06
1.06984e-05
8.85332e-06
9.38867e-06
1.18312e-05
1.9971e-05
1.25884e-05
3.01893e-05
1.14966e-05
3.97921e-05
1.01902e-05
4.85624e-05
8.65441e-06
5.63079e-05
6.89852e-06
6.2891e-05
4.9596e-06
6.82226e-05
2.90139e-06
7.22624e-05
7.79542e-07
7.50006e-05
-1.34272e-06
7.64879e-05
-3.40812e-06
7.67529e-05
-5.39663e-06
7.592e-05
-7.22382e-06
7.39412e-05
-8.89585e-06
7.09817e-05
-1.0287e-05
6.71623e-05
-1.13932e-05
6.26077e-05
-1.21965e-05
5.74484e-05
-1.26877e-05
5.18187e-05
-1.28664e-05
4.58558e-05
-1.27429e-05
3.96952e-05
-1.23353e-05
3.3469e-05
-1.16692e-05
2.73057e-05
-1.07738e-05
2.1262e-05
-9.61192e-06
1.56006e-05
-8.4031e-06
1.02865e-05
-7.05809e-06
5.44446e-06
-5.58433e-06
1.13953e-06
-4.0343e-06
-2.56612e-06
-2.43481e-06
-5.6435e-06
-8.09907e-07
-8.08643e-06
8.13519e-07
-9.89491e-06
2.39287e-06
-1.11321e-05
3.9382e-06
-1.17886e-05
5.38392e-06
-1.1899e-05
6.64283e-06
-1.16193e-05
7.72996e-06
-1.09547e-05
8.7007e-06
-1.0002e-05
9.55895e-06
-8.8118e-06
1.01106e-05
-7.43099e-06
1.03326e-05
-5.86181e-06
1.01728e-05
-4.06338e-06
9.57851e-06
-1.98966e-06
8.6254e-06
6.86392e-06
5.55335e-06
6.27729e-06
1.1812e-05
6.3293e-06
1.77829e-05
5.5244e-06
2.32357e-05
4.73596e-06
2.80142e-05
3.87658e-06
3.20078e-05
2.90486e-06
3.51633e-05
1.80338e-06
3.74537e-05
6.10666e-07
3.88798e-05
-6.46841e-07
3.94494e-05
-1.91264e-06
3.91837e-05
-3.14269e-06
3.80964e-05
-4.31008e-06
3.62129e-05
-5.34168e-06
3.35496e-05
-6.2345e-06
3.01845e-05
-6.92347e-06
2.61938e-05
-7.40352e-06
2.16627e-05
-7.66666e-06
1.66873e-05
-7.71383e-06
1.13701e-05
-7.55146e-06
5.82125e-06
-7.19586e-06
1.53074e-07
-6.66847e-06
-5.51994e-06
-5.99698e-06
-1.10841e-05
-5.21052e-06
-1.64312e-05
-4.26574e-06
-2.14278e-05
-3.40681e-06
-2.60218e-05
-2.46421e-06
-3.00963e-05
-1.50983e-06
-3.35673e-05
-5.6326e-07
-3.63646e-05
3.62602e-07
-3.84333e-05
1.25942e-06
-3.97358e-05
2.11645e-06
-4.02577e-05
2.91544e-06
-3.99672e-05
3.64811e-06
-3.88674e-05
4.2846e-06
-3.70351e-05
4.81106e-06
-3.45494e-05
5.24469e-06
-3.14244e-05
5.57651e-06
-2.77214e-05
5.85641e-06
-2.36119e-05
6.00202e-06
-1.92155e-05
5.93672e-06
-1.46065e-05
5.56441e-06
-9.76976e-06
4.74213e-06
-4.68837e-06
3.54447e-06
2.17571e-06
1.87671e-06
4.40036e-06
4.02107e-06
4.18433e-06
5.93121e-06
3.61274e-06
7.49998e-06
3.16604e-06
8.70409e-06
2.67287e-06
9.55431e-06
2.05425e-06
1.00726e-05
1.28457e-06
1.02455e-05
4.37814e-07
1.00567e-05
-4.58421e-07
9.46377e-06
-1.32023e-06
8.43257e-06
-2.11205e-06
6.91474e-06
-2.79321e-06
4.89534e-06
-3.32345e-06
2.35525e-06
-3.69591e-06
-6.77107e-07
-3.89202e-06
-4.17497e-06
-3.90577e-06
-8.08486e-06
-3.75697e-06
-1.23407e-05
-3.45805e-06
-1.68689e-05
-3.02434e-06
-2.15836e-05
-2.48169e-06
-2.6396e-05
-1.85666e-06
-3.12129e-05
-1.1801e-06
-3.59409e-05
-4.82858e-07
-4.04489e-05
2.41322e-07
-4.47042e-05
8.47828e-07
-4.85924e-05
1.42335e-06
-5.20221e-05
1.91934e-06
-5.49103e-05
2.32456e-06
-5.71826e-05
2.63438e-06
-5.87718e-05
2.84882e-06
-5.96184e-05
2.96283e-06
-5.96641e-05
2.96158e-06
-5.8847e-05
2.8311e-06
-5.71207e-05
2.55856e-06
-5.44716e-05
2.16226e-06
-5.09011e-05
1.67403e-06
-4.64506e-05
1.12632e-06
-4.11599e-05
5.65401e-07
-3.51574e-05
-1.7908e-10
-2.86107e-05
-6.1027e-07
-2.16886e-05
-1.3575e-06
-1.44889e-05
-2.45761e-06
-6.97802e-06
-3.96613e-06
-4.80214e-06
-1.84466e-06
6.2449e-06
-3.72897e-06
6.06782e-06
-5.72066e-06
5.60299e-06
-7.58765e-06
5.03215e-06
-9.22617e-06
4.31119e-06
-1.05726e-05
3.39989e-06
-1.1637e-05
2.34831e-06
-1.25169e-05
1.3178e-06
-1.33133e-05
3.37296e-07
-1.41548e-05
-4.79499e-07
-1.51477e-05
-1.11955e-06
-1.63876e-05
-1.55398e-06
-1.79334e-05
-1.77765e-06
-1.98294e-05
-1.8001e-06
-2.20754e-05
-1.64561e-06
-2.4675e-05
-1.30466e-06
-2.75928e-05
-8.38371e-07
-3.07833e-05
-2.65929e-07
-3.41956e-05
3.87677e-07
-3.77641e-05
1.08723e-06
-4.1423e-05
1.80213e-06
-4.51014e-05
2.49849e-06
-4.87288e-05
3.14456e-06
-5.22043e-05
3.71599e-06
-5.55093e-05
4.1522e-06
-5.85475e-05
4.46077e-06
-6.12497e-05
4.62084e-06
-6.35488e-05
4.62348e-06
-6.53863e-05
4.47061e-06
-6.66976e-05
4.16008e-06
-6.74247e-05
3.68868e-06
-6.74915e-05
3.02813e-06
-6.68211e-05
2.15985e-06
-6.53287e-05
1.06553e-06
-6.29273e-05
-2.39544e-07
-5.95424e-05
-1.71198e-06
-5.51156e-05
-3.30055e-06
-4.96085e-05
-4.94299e-06
-4.30424e-05
-6.56621e-06
-3.55035e-05
-8.15006e-06
-2.71694e-05
-9.69145e-06
-1.81716e-05
-1.14556e-05
-8.76471e-06
-1.33727e-05
-1.35666e-05
-5.63383e-06
1.18787e-05
-1.13104e-05
1.17434e-05
-1.66381e-05
1.09295e-05
-2.09283e-05
9.32153e-06
-2.41903e-05
7.5722e-06
-2.64842e-05
5.69272e-06
-2.79985e-05
3.86165e-06
-2.89788e-05
2.29814e-06
-2.96292e-05
9.86995e-07
-3.01464e-05
3.7171e-08
-3.06765e-05
-5.89081e-07
-3.1331e-05
-8.9901e-07
-3.21842e-05
-9.23095e-07
-3.32785e-05
-7.04403e-07
-3.46381e-05
-2.84533e-07
-3.624e-05
2.9987e-07
-3.80766e-05
9.99331e-07
-4.01114e-05
1.77128e-06
-4.23084e-05
2.58439e-06
-4.46198e-05
3.39917e-06
-4.70009e-05
4.18294e-06
-4.94039e-05
4.90126e-06
-5.17806e-05
5.52113e-06
-5.40792e-05
6.01339e-06
-5.62701e-05
6.34245e-06
-5.8304e-05
6.49396e-06
-6.01384e-05
6.4544e-06
-6.17315e-05
6.21684e-06
-6.30496e-05
5.78717e-06
-6.40484e-05
5.15913e-06
-6.46914e-05
4.32991e-06
-6.49137e-05
3.24991e-06
-6.46495e-05
1.89443e-06
-6.38096e-05
2.24305e-07
-6.22805e-05
-1.76911e-06
-5.99389e-05
-4.05543e-06
-5.66398e-05
-6.59938e-06
-5.22243e-05
-9.36032e-06
-4.65477e-05
-1.22424e-05
-3.9473e-05
-1.52258e-05
-3.10094e-05
-1.81547e-05
-2.10781e-05
-2.1387e-05
-1.03438e-05
-2.41069e-05
-2.39102e-05
-9.52648e-06
2.14052e-05
-1.81291e-05
2.03448e-05
-2.55097e-05
1.83093e-05
-3.06258e-05
1.44368e-05
-3.40222e-05
1.0967e-05
-3.60443e-05
7.71379e-06
-3.71217e-05
4.93813e-06
-3.7612e-05
2.78851e-06
-3.77688e-05
1.14368e-06
-3.77933e-05
6.1584e-08
-3.78169e-05
-5.6389e-07
-3.79296e-05
-7.85004e-07
-3.81828e-05
-6.6748e-07
-3.86013e-05
-2.83626e-07
-3.91932e-05
3.0885e-07
-3.99384e-05
1.04824e-06
-4.08247e-05
1.88622e-06
-4.18217e-05
2.77077e-06
-4.29066e-05
3.6685e-06
-4.40465e-05
4.53927e-06
-4.52158e-05
5.35148e-06
-4.63885e-05
6.07314e-06
-4.75403e-05
6.67262e-06
-4.8651e-05
7.12272e-06
-4.97056e-05
7.39625e-06
-5.06876e-05
7.4755e-06
-5.15845e-05
7.34994e-06
-5.2381e-05
7.01414e-06
-5.30733e-05
6.47768e-06
-5.36456e-05
5.7321e-06
-5.40823e-05
4.76479e-06
-5.43619e-05
3.52913e-06
-5.44416e-05
1.97318e-06
-5.42653e-05
4.6614e-08
-5.37388e-05
-2.29535e-06
-5.27435e-05
-5.05267e-06
-5.11125e-05
-8.22943e-06
-4.86188e-05
-1.18558e-05
-4.49857e-05
-1.58745e-05
-3.98066e-05
-2.04059e-05
-3.27803e-05
-2.51804e-05
-2.32059e-05
-3.09613e-05
-1.20264e-05
-3.52865e-05
-3.59363e-05
-1.33511e-05
3.47566e-05
-2.32045e-05
3.01968e-05
-3.06885e-05
2.57927e-05
-3.48535e-05
1.86011e-05
-3.70991e-05
1.32111e-05
-3.80438e-05
8.65799e-06
-3.82661e-05
5.15994e-06
-3.81126e-05
2.63544e-06
-3.77982e-05
8.29672e-07
-3.74594e-05
-2.76827e-07
-3.7169e-05
-8.52151e-07
-3.69654e-05
-9.86877e-07
-3.68611e-05
-7.69273e-07
-3.68546e-05
-2.87606e-07
-3.69314e-05
3.86433e-07
-3.70667e-05
1.18658e-06
-3.72466e-05
2.06578e-06
-3.74446e-05
2.97111e-06
-3.76485e-05
3.87131e-06
-3.78388e-05
4.72959e-06
-3.80059e-05
5.51784e-06
-3.81428e-05
6.20896e-06
-3.82449e-05
6.77476e-06
-3.83154e-05
7.19216e-06
-3.83585e-05
7.43879e-06
-3.83808e-05
7.49799e-06
-3.83953e-05
7.36314e-06
-3.84097e-05
7.02993e-06
-3.84451e-05
6.51128e-06
-3.85095e-05
5.79769e-06
-3.86193e-05
4.87312e-06
-3.87784e-05
3.68823e-06
-3.89897e-05
2.18424e-06
-3.92428e-05
2.98431e-07
-3.94937e-05
-2.04329e-06
-3.96735e-05
-4.8747e-06
-3.96617e-05
-8.2394e-06
-3.92594e-05
-1.22598e-05
-3.81722e-05
-1.69603e-05
-3.58364e-05
-2.27426e-05
-3.16736e-05
-2.93425e-05
-2.41027e-05
-3.85322e-05
-1.39173e-05
-4.5472e-05
-4.98532e-05
-1.66051e-05
5.1362e-05
-2.53376e-05
3.89282e-05
-3.07749e-05
3.123e-05
-3.26445e-05
2.04703e-05
-3.30662e-05
1.36315e-05
-3.27196e-05
8.31166e-06
-3.21325e-05
4.57267e-06
-3.15069e-05
2.01053e-06
-3.09611e-05
2.84694e-07
-3.05155e-05
-7.21985e-07
-3.01712e-05
-1.19438e-06
-2.99106e-05
-1.24598e-06
-2.97052e-05
-9.72785e-07
-2.9524e-05
-4.66534e-07
-2.93424e-05
2.04745e-07
-2.91291e-05
9.76133e-07
-2.88709e-05
1.80651e-06
-2.85457e-05
2.64804e-06
-2.81498e-05
3.47446e-06
-2.76754e-05
4.25528e-06
-2.71251e-05
4.96729e-06
-2.65065e-05
5.58943e-06
-2.58297e-05
6.09824e-06
-2.51132e-05
6.47524e-06
-2.43774e-05
6.70268e-06
-2.3644e-05
6.76561e-06
-2.29439e-05
6.66181e-06
-2.23e-05
6.38814e-06
-2.17502e-05
5.95974e-06
-2.13186e-05
5.36782e-06
-2.10428e-05
4.59621e-06
-2.09514e-05
3.59703e-06
-2.10794e-05
2.31271e-06
-2.14635e-05
6.81294e-07
-2.21171e-05
-1.38778e-06
-2.30398e-05
-3.95394e-06
-2.41943e-05
-7.0826e-06
-2.54862e-05
-1.09696e-05
-2.67246e-05
-1.57202e-05
-2.74026e-05
-2.20654e-05
-2.68787e-05
-2.98658e-05
-2.29213e-05
-4.24894e-05
-1.56446e-05
-5.2749e-05
-6.54974e-05
-1.82906e-05
6.96528e-05
-2.34289e-05
4.40658e-05
-2.51535e-05
3.2955e-05
-2.42569e-05
1.95739e-05
-2.28768e-05
1.22505e-05
-2.15524e-05
6.98784e-06
-2.04896e-05
3.50988e-06
-1.97141e-05
1.23564e-06
-1.92005e-05
-2.27776e-07
-1.8881e-05
-1.0413e-06
-1.86873e-05
-1.38643e-06
-1.8557e-05
-1.3753e-06
-1.84334e-05
-1.09545e-06
-1.82685e-05
-6.2941e-07
-1.80302e-05
-3.41876e-08
-1.76861e-05
6.34532e-07
-1.72253e-05
1.34432e-06
-1.66314e-05
2.05614e-06
-1.59076e-05
2.74992e-06
-1.50547e-05
3.40272e-06
-1.40838e-05
3.99671e-06
-1.30117e-05
4.5168e-06
-1.18577e-05
4.94483e-06
-1.06492e-05
5.26678e-06
-9.41622e-06
5.46956e-06
-8.18867e-06
5.53958e-06
-7.00744e-06
5.47939e-06
-5.903e-06
5.28606e-06
-4.92007e-06
4.97526e-06
-4.09072e-06
4.54012e-06
-3.46157e-06
3.96631e-06
-3.07636e-06
3.21189e-06
-2.98943e-06
2.22663e-06
-3.26872e-06
9.59257e-07
-3.97427e-06
-6.80084e-07
-5.1669e-06
-2.76323e-06
-6.89143e-06
-5.35572e-06
-9.18045e-06
-8.68219e-06
-1.20065e-05
-1.28926e-05
-1.51177e-05
-1.89549e-05
-1.80666e-05
-2.69164e-05
-1.87357e-05
-4.18201e-05
-1.62285e-05
-5.52565e-05
-8.17256e-05
-1.70207e-05
8.66735e-05
-1.68531e-05
4.38982e-05
-1.41624e-05
3.02651e-05
-1.10383e-05
1.64506e-05
-8.48502e-06
9.6969e-06
-6.666e-06
5.16943e-06
-5.51793e-06
2.3619e-06
-4.86641e-06
5.84535e-07
-4.57605e-06
-5.17091e-07
-4.51083e-06
-1.1064e-06
-4.56287e-06
-1.33324e-06
-4.64598e-06
-1.2917e-06
-4.69073e-06
-1.05057e-06
-4.64351e-06
-6.7497e-07
-4.47159e-06
-2.07137e-07
-4.14519e-06
3.1042e-07
-3.65699e-06
8.54796e-07
-2.99645e-06
1.39731e-06
-2.17097e-06
1.92403e-06
-1.18717e-06
2.41936e-06
-6.03969e-08
2.87058e-06
1.18832e-06
3.26782e-06
2.5358e-06
3.59808e-06
3.95162e-06
3.85134e-06
5.40244e-06
4.01855e-06
6.8546e-06
4.08908e-06
8.266e-06
4.06679e-06
9.60446e-06
3.94979e-06
1.08263e-05
3.75196e-06
1.18992e-05
3.46859e-06
1.27767e-05
3.08825e-06
1.34104e-05
2.57795e-06
1.37395e-05
1.89841e-06
1.36837e-05
1.01364e-06
1.31573e-05
-1.51669e-07
1.20591e-05
-1.6669e-06
1.02903e-05
-3.58483e-06
7.71779e-06
-6.11112e-06
4.22414e-06
-9.39755e-06
-2.7717e-07
-1.44541e-05
-5.68343e-06
-2.15098e-05
-1.09782e-05
-3.6525e-05
-1.42644e-05
-5.19705e-05
-9.59897e-05
-1.146e-05
9.81335e-05
-5.77222e-06
3.82108e-05
5.59544e-07
2.39341e-05
5.04198e-06
1.19691e-05
8.02165e-06
6.71711e-06
9.80673e-06
3.3849e-06
1.07534e-05
1.41534e-06
1.11381e-05
1.99966e-07
1.11546e-05
-5.32615e-07
1.09634e-05
-9.15122e-07
1.06835e-05
-1.05261e-06
1.04044e-05
-1.01236e-06
1.01943e-05
-8.40848e-07
1.01033e-05
-5.827e-07
1.01602e-05
-2.6513e-07
1.03893e-05
8.32203e-08
1.07948e-05
4.48161e-07
1.13824e-05
8.11067e-07
1.21431e-05
1.16323e-06
1.30675e-05
1.49527e-06
1.414e-05
1.79886e-06
1.53395e-05
2.06825e-06
1.66432e-05
2.29497e-06
1.80225e-05
2.47247e-06
1.94456e-05
2.5952e-06
2.08806e-05
2.65554e-06
2.22889e-05
2.65726e-06
2.36415e-05
2.59899e-06
2.49009e-05
2.4912e-06
2.60395e-05
2.33091e-06
2.70174e-05
2.10989e-06
2.77896e-05
1.80534e-06
2.82987e-05
1.39009e-06
2.84676e-05
8.4332e-07
2.82066e-05
1.11064e-07
2.74e-05
-8.62035e-07
2.59293e-05
-2.11235e-06
2.36117e-05
-3.79485e-06
2.02517e-05
-6.03643e-06
1.54777e-05
-9.68046e-06
9.01633e-06
-1.50482e-05
2.7384e-07
-2.77821e-05
-8.43014e-06
-4.32667e-05
-0.00010442
-7.88491e-07
9.89222e-05
9.11842e-06
2.83043e-05
1.73442e-05
1.57089e-05
2.19405e-05
7.37358e-06
2.46826e-05
3.97507e-06
2.61265e-05
1.94153e-06
2.67674e-05
7.7456e-07
2.68988e-05
6.87133e-08
2.67172e-05
-3.50309e-07
2.63714e-05
-5.69196e-07
2.59676e-05
-6.48298e-07
2.55833e-05
-6.27905e-07
2.52758e-05
-5.34002e-07
2.50862e-05
-3.92155e-07
2.50369e-05
-2.16896e-07
2.51463e-05
-2.46907e-08
2.54163e-05
1.77231e-07
2.58499e-05
3.7857e-07
2.64385e-05
5.74535e-07
2.71736e-05
7.60459e-07
2.80417e-05
9.31412e-07
2.90253e-05
1.08462e-06
3.01054e-05
1.21533e-06
3.12585e-05
1.31973e-06
3.24583e-05
1.39511e-06
3.36784e-05
1.43662e-06
3.48874e-05
1.44711e-06
3.60624e-05
1.42534e-06
3.71748e-05
1.37765e-06
3.8204e-05
1.30227e-06
3.91196e-05
1.19387e-06
3.9885e-05
1.0394e-06
4.04528e-05
8.22911e-07
4.07596e-05
5.35204e-07
4.07277e-05
1.44372e-07
4.02499e-05
-3.8567e-07
3.92163e-05
-1.0774e-06
3.7445e-05
-2.02452e-06
3.47309e-05
-3.32152e-06
3.05628e-05
-5.51257e-06
2.44577e-05
-8.94293e-06
1.43585e-05
-1.76826e-05
2.0198e-06
-3.09281e-05
-0.000102399
1.41103e-05
8.48121e-05
2.60826e-05
1.63323e-05
3.40939e-05
7.69792e-06
3.79372e-05
3.53075e-06
4.00705e-05
1.84181e-06
4.11065e-05
9.0605e-07
4.15073e-05
3.73979e-07
4.15203e-05
5.57957e-08
4.13017e-05
-1.31108e-07
4.09647e-05
-2.32174e-07
4.05883e-05
-2.71595e-07
4.0229e-05
-2.68417e-07
3.99281e-05
-2.33628e-07
3.97149e-05
-1.78366e-07
3.96054e-05
-1.08327e-07
3.96127e-05
-3.08915e-08
3.9738e-05
5.11865e-08
3.99837e-05
1.33663e-07
4.0344e-05
2.14197e-07
4.08133e-05
2.91295e-07
4.13828e-05
3.62456e-07
4.20406e-05
4.2681e-07
4.27739e-05
4.82313e-07
4.35669e-05
5.27121e-07
4.4401e-05
5.60573e-07
4.52584e-05
5.80101e-07
4.61171e-05
5.87454e-07
4.69618e-05
5.81604e-07
4.77733e-05
5.65189e-07
4.85386e-05
5.37308e-07
4.92372e-05
4.94975e-07
4.9843e-05
4.33031e-07
5.03222e-05
3.44186e-07
5.06305e-05
2.25874e-07
5.07118e-05
6.40786e-08
5.04835e-05
-1.58515e-07
4.9862e-05
-4.54854e-07
4.87009e-05
-8.64156e-07
4.68287e-05
-1.44872e-06
4.37609e-05
-2.44488e-06
3.89709e-05
-4.15284e-06
2.97657e-05
-8.47719e-06
1.61873e-05
-1.73498e-05
-8.6212e-05
3.23781e-05
5.24341e-05
4.31607e-05
5.54991e-06
4.88185e-05
2.04005e-06
5.13871e-05
9.62405e-07
5.27445e-05
4.8459e-07
5.34026e-05
2.48483e-07
5.36634e-05
1.13423e-07
5.36869e-05
3.23339e-08
5.35701e-05
-1.39863e-08
5.33787e-05
-4.07695e-08
5.31593e-05
-5.19127e-08
5.2944e-05
-5.30289e-08
5.27566e-05
-4.66213e-08
5.26142e-05
-3.55427e-08
5.25259e-05
-2.078e-08
5.24999e-05
-4.20902e-09
5.25372e-05
1.34366e-08
5.26399e-05
3.14569e-08
5.28053e-05
4.8775e-08
5.30311e-05
6.56119e-08
5.3313e-05
8.09667e-08
5.36449e-05
9.48741e-08
5.40205e-05
1.06887e-07
5.44315e-05
1.16337e-07
5.48682e-05
1.23511e-07
5.53215e-05
1.27463e-07
5.57793e-05
1.28947e-07
5.6234e-05
1.27536e-07
5.66749e-05
1.23554e-07
5.70954e-05
1.16957e-07
5.74838e-05
1.06392e-07
5.7825e-05
9.13862e-08
5.80998e-05
6.97349e-08
5.82836e-05
4.13217e-08
5.83455e-05
2.88766e-09
5.8236e-05
-4.98855e-08
5.7904e-05
-1.22076e-07
5.72602e-05
-2.20908e-07
5.61839e-05
-3.71942e-07
5.43589e-05
-6.19973e-07
5.13197e-05
-1.1136e-06
4.50654e-05
-2.22265e-06
3.34851e-05
-5.76952e-06
-5.27268e-05
5.24343e-05
5.79841e-05
6.0024e-05
6.09867e-05
6.14716e-05
6.17202e-05
6.18337e-05
6.18659e-05
6.18521e-05
6.18114e-05
6.17595e-05
6.17066e-05
6.16596e-05
6.16243e-05
6.16032e-05
6.15993e-05
6.16126e-05
6.16442e-05
6.16931e-05
6.17587e-05
6.18398e-05
6.19347e-05
6.20415e-05
6.21581e-05
6.22813e-05
6.24091e-05
6.25377e-05
6.26655e-05
6.27888e-05
6.29057e-05
6.30121e-05
6.31032e-05
6.31732e-05
6.32141e-05
6.32173e-05
6.31672e-05
6.30453e-05
6.28243e-05
6.24524e-05
6.18325e-05
6.07189e-05
5.84964e-05
5.27268e-05
)
;

boundaryField
{
    movingWall
    {
        type            calculated;
        value           uniform 0;
    }
    fixedWalls
    {
        type            calculated;
        value           uniform 0;
    }
    frontAndBack
    {
        type            empty;
        value           nonuniform 0();
    }
    defaultFaces
    {
        type            empty;
        value           nonuniform 0();
    }
}


// ************************************************************************* //
