/*--------------------------------*- C++ -*----------------------------------*\
  =========                 |
  \\      /  F ield         | OpenFOAM: The Open Source CFD Toolbox
   \\    /   O peration     | Website:  https://openfoam.org
    \\  /    A nd           | Version:  7
     \\/     M anipulation  |
\*---------------------------------------------------------------------------*/
FoamFile
{
    version     2.0;
    format      ascii;
    class       volVectorField;
    location    "1.21";
    object      U;
}
// * * * * * * * * * * * * * * * * * * * * * * * * * * * * * * * * * * * * * //

dimensions      [0 1 -1 0 0 0 0];

internalField   nonuniform List<vector> 
1936
(
(-12.4894 3.31295 0)
(-72.1085 200.085 0)
(-20.6573 447.467 0)
(7.04513 451.895 0)
(-2.964 414.067 0)
(9.70103 412.278 0)
(17.6691 382.919 0)
(21.8367 331.954 0)
(15.2137 290.318 0)
(3.37845 276.575 0)
(-9.86255 285.27 0)
(-20.9821 342.706 0)
(-26.7547 462.361 0)
(6.80454 498.818 0)
(28.8988 370.95 0)
(7.11048 265.192 0)
(-8.90806 250.316 0)
(-29.8015 288.199 0)
(-38.3279 438.563 0)
(10.9356 523.302 0)
(32.4613 401.683 0)
(13.5994 283.974 0)
(1.98139 259.446 0)
(-15.4849 271.374 0)
(-36.3828 381.03 0)
(-16.076 511.372 0)
(25.9316 455.454 0)
(20.7799 310.197 0)
(-1.11579 261.379 0)
(-13.1173 265.685 0)
(-36.2733 351.855 0)
(-22.6737 503.369 0)
(26.435 480.106 0)
(24.3583 326.283 0)
(2.80757 264.25 0)
(-8.43297 262.984 0)
(-32.921 335.072 0)
(-26.239 488.46 0)
(22.2617 488.991 0)
(26.387 338.996 0)
(2.40975 268.778 0)
(-7.19847 266.079 0)
(-30.8666 333.097 0)
(-27.3903 485.216 0)
(-12.5801 7.92827 0)
(-78.3125 -0.108389 0)
(-24.567 -4.93656 0)
(5.70246 -2.71704 0)
(-4.57283 -1.22105 0)
(8.26089 -1.66665 0)
(17.0145 -1.05539 0)
(19.938 0.246696 0)
(11.932 1.69161 0)
(2.66806 2.56912 0)
(-7.08871 2.38025 0)
(-20.2113 0.741543 0)
(-28.2802 -2.40259 0)
(7.23604 -3.86728 0)
(28.3542 -0.750917 0)
(3.00386 3.06386 0)
(-7.73801 4.11024 0)
(-24.3534 1.43464 0)
(-37.727 -3.80246 0)
(11.8812 -4.82061 0)
(33.5452 -0.972799 0)
(9.36975 2.19577 0)
(0.536914 3.52409 0)
(-11.1957 2.91668 0)
(-35.5014 -0.743226 0)
(-16.5319 -4.26143 0)
(26.8673 -3.0771 0)
(17.5741 1.26242 0)
(-3.44492 3.69929 0)
(-8.30989 3.14758 0)
(-33.7071 -0.424023 0)
(-23.3795 -4.40758 0)
(27.8113 -3.51364 0)
(21.8035 0.786041 0)
(-0.819255 3.46012 0)
(-4.54083 3.41982 0)
(-30.027 0.269462 0)
(-27.0738 -3.95257 0)
(23.409 -3.75925 0)
(24.3735 0.452892 0)
(-1.06152 3.34735 0)
(-3.12226 3.36262 0)
(-27.6727 0.282485 0)
(-28.729 -4.15077 0)
(-2.92558 16.4214 0)
(-73.7697 0.589342 0)
(-28.394 -10.6746 0)
(3.70781 -5.80704 0)
(-3.33598 -2.42499 0)
(7.52446 -3.48731 0)
(15.9028 -2.17132 0)
(18.987 0.686961 0)
(10.3348 3.52699 0)
(0.0545013 5.03288 0)
(-9.7341 4.84684 0)
(-22.5061 1.81295 0)
(-28.0031 -5.25372 0)
(10.4361 -8.49018 0)
(31.6375 -1.18911 0)
(6.25801 6.31042 0)
(-3.29859 7.9567 0)
(-20.5352 3.55057 0)
(-40.3836 -7.3766 0)
(8.39339 -10.5406 0)
(34.942 -1.79956 0)
(11.1111 4.90913 0)
(-0.394666 6.89663 0)
(-12.3651 6.07961 0)
(-36.8644 -1.23834 0)
(-15.4766 -9.3373 0)
(29.8167 -6.3655 0)
(19.5924 3.06057 0)
(-1.33184 7.20879 0)
(-6.50417 6.44345 0)
(-34.2401 -0.220811 0)
(-24.5388 -9.44976 0)
(29.2068 -7.49769 0)
(23.8559 2.17715 0)
(0.170263 6.85935 0)
(-3.79699 6.85957 0)
(-30.9117 1.13972 0)
(-28.1946 -8.44206 0)
(24.7602 -8.1087 0)
(26.6067 1.42325 0)
(0.697022 6.65191 0)
(-1.69735 6.72767 0)
(-28.2762 1.26469 0)
(-29.7929 -8.81011 0)
(6.65185 23.0023 0)
(-60.8598 2.30888 0)
(-25.8773 -14.8338 0)
(-1.71311 -8.99354 0)
(-5.47958 -3.85826 0)
(3.58798 -4.98809 0)
(9.80266 -3.06894 0)
(11.6136 1.18852 0)
(4.05608 5.21798 0)
(-2.86862 7.0913 0)
(-7.6958 6.78351 0)
(-16.1452 2.40219 0)
(-21.0374 -7.99109 0)
(9.3771 -12.4143 0)
(23.484 -1.53147 0)
(2.59771 8.76873 0)
(1.03016 10.9297 0)
(-7.50458 5.78251 0)
(-31.2075 -9.62315 0)
(3.88129 -15.3423 0)
(25.665 -2.81039 0)
(5.34064 7.25864 0)
(-1.98645 9.81061 0)
(-6.2171 8.61896 0)
(-26.9622 -1.81467 0)
(-10.9695 -13.6703 0)
(23.5204 -9.01807 0)
(11.7274 4.53635 0)
(-2.0463 9.9693 0)
(0.301096 9.23593 0)
(-23.149 0.18612 0)
(-19.4724 -13.5405 0)
(22.6868 -10.8443 0)
(15.4649 3.31367 0)
(-2.6636 9.62165 0)
(1.09062 9.69409 0)
(-20.6198 1.98399 0)
(-22.1022 -12.1204 0)
(19.4078 -11.7722 0)
(18.2026 2.14663 0)
(-1.95574 9.27981 0)
(3.18914 9.52431 0)
(-17.7616 2.24255 0)
(-23.6369 -12.5527 0)
(14.9115 27.9524 0)
(-49.4078 4.72147 0)
(-22.9522 -17.1901 0)
(-6.04211 -11.9145 0)
(-7.71911 -5.6636 0)
(-0.778287 -6.24087 0)
(3.3514 -3.68228 0)
(4.51919 1.69245 0)
(-1.13848 6.55473 0)
(-4.74539 8.49494 0)
(-5.71847 7.90992 0)
(-10.8421 2.40078 0)
(-14.6423 -10.1512 0)
(8.11344 -14.9937 0)
(16.3559 -1.76229 0)
(-0.079298 10.1527 0)
(3.17631 12.5717 0)
(2.10528 7.5371 0)
(-22.3209 -10.3592 0)
(-0.107097 -18.392 0)
(17.4635 -3.76374 0)
(1.06828 8.83302 0)
(-2.79142 11.7658 0)
(-0.625168 10.1218 0)
(-18.1717 -2.31005 0)
(-6.83006 -16.5145 0)
(17.63 -10.6268 0)
(5.81213 5.47429 0)
(-3.00505 11.5358 0)
(5.22003 10.9802 0)
(-13.9002 0.661762 0)
(-14.5388 -16.0135 0)
(16.5969 -12.9814 0)
(9.09683 4.03295 0)
(-4.84456 11.2543 0)
(4.975 11.4068 0)
(-12.0972 2.64656 0)
(-16.2232 -14.3795 0)
(14.3876 -14.1186 0)
(11.4722 2.54737 0)
(-4.35405 10.7696 0)
(6.50221 11.1927 0)
(-9.51217 3.00604 0)
(-17.8104 -14.7613 0)
(21.3122 31.1331 0)
(-37.92 7.66408 0)
(-19.2005 -17.7401 0)
(-8.63837 -14.2149 0)
(-9.72366 -7.59266 0)
(-4.89345 -7.18241 0)
(-2.61791 -4.02918 0)
(-1.70514 2.04377 0)
(-4.957 7.28056 0)
(-5.3123 9.117 0)
(-3.22678 8.19407 0)
(-6.18589 1.91575 0)
(-9.21616 -11.6195 0)
(6.40557 -16.1495 0)
(10.1005 -1.81244 0)
(-2.93399 10.5398 0)
(3.2905 12.9463 0)
(7.93664 8.52252 0)
(-14.3082 -9.70848 0)
(-2.96904 -19.5114 0)
(10.3131 -4.58371 0)
(-2.51444 9.4629 0)
(-2.85576 12.5892 0)
(4.45333 10.5555 0)
(-10.6431 -2.58768 0)
(-3.54993 -17.7469 0)
(12.141 -11.1707 0)
(1.15093 5.89141 0)
(-4.00828 11.9458 0)
(8.09427 11.5766 0)
(-6.4862 1.13013 0)
(-9.99259 -16.8338 0)
(11.0855 -13.8734 0)
(4.12167 4.33274 0)
(-6.20152 11.7324 0)
(7.43796 11.96 0)
(-5.10768 3.08178 0)
(-10.8214 -15.1695 0)
(9.83298 -15.0843 0)
(5.95988 2.69343 0)
(-6.26131 11.1509 0)
(8.03788 11.6843 0)
(-3.19505 3.46624 0)
(-12.5009 -15.4257 0)
(24.3789 32.3034 0)
(-25.4562 10.8021 0)
(-14.2062 -16.4867 0)
(-9.22198 -15.515 0)
(-10.8319 -9.28577 0)
(-8.02386 -7.78215 0)
(-7.1754 -4.1557 0)
(-6.35752 2.08592 0)
(-7.22408 7.22733 0)
(-4.96088 8.84161 0)
(-0.881629 7.6864 0)
(-2.31385 1.15193 0)
(-4.99041 -12.231 0)
(4.13887 -15.9406 0)
(4.81647 -1.5968 0)
(-5.42842 10.0429 0)
(2.27735 12.1718 0)
(10.2403 8.5852 0)
(-7.6892 -8.048 0)
(-4.29359 -18.7274 0)
(4.43349 -5.14604 0)
(-5.13758 9.1037 0)
(-2.30074 12.1503 0)
(7.68988 10.0463 0)
(-4.65674 -2.56574 0)
(-1.30299 -17.3421 0)
(7.08427 -10.6979 0)
(-2.44659 5.77992 0)
(-4.31033 11.3213 0)
(8.6557 11.0733 0)
(-0.976851 1.43929 0)
(-5.98868 -16.0802 0)
(6.26504 -13.5312 0)
(0.309769 4.16956 0)
(-6.23059 11.1615 0)
(7.88732 11.4172 0)
(0.270137 3.20284 0)
(-6.11364 -14.5346 0)
(5.80868 -14.6638 0)
(1.57506 2.58521 0)
(-6.78555 10.5531 0)
(7.699 11.0808 0)
(1.31605 3.52162 0)
(-7.80828 -14.6487 0)
(23.6537 31.2649 0)
(-11.8882 13.5339 0)
(-7.94463 -13.5103 0)
(-7.73486 -15.4237 0)
(-10.4329 -10.3659 0)
(-9.54691 -8.01408 0)
(-9.66119 -4.14081 0)
(-8.92869 1.71987 0)
(-7.98522 6.40371 0)
(-4.12579 7.77736 0)
(0.767887 6.56094 0)
(0.49821 0.23355 0)
(-2.08563 -11.8712 0)
(1.45518 -14.5272 0)
(0.545674 -1.28592 0)
(-6.87839 8.91917 0)
(0.968069 10.4876 0)
(9.88161 7.80112 0)
(-2.79518 -5.95005 0)
(-4.08454 -16.3424 0)
(0.0562108 -5.26284 0)
(-6.59988 7.89009 0)
(-1.67791 10.6025 0)
(8.40008 8.78456 0)
(-0.322027 -2.30888 0)
(-0.00292089 -15.4454 0)
(2.64612 -9.37924 0)
(-4.92675 5.18312 0)
(-3.91743 9.83777 0)
(7.55621 9.64778 0)
(2.67828 1.47525 0)
(-2.68619 -13.9934 0)
(2.30893 -12.0681 0)
(-2.42895 3.5611 0)
(-5.34953 9.73945 0)
(6.80376 9.94541 0)
(3.9364 2.96327 0)
(-2.33362 -12.6629 0)
(2.443 -12.9853 0)
(-1.67801 2.19067 0)
(-6.06047 9.17733 0)
(6.28874 9.59125 0)
(4.15545 3.16342 0)
(-3.85919 -12.6758 0)
(19.2641 27.997 0)
(1.04712 15.1026 0)
(-0.891755 -9.11821 0)
(-4.31969 -13.6982 0)
(-8.24297 -10.4776 0)
(-9.14952 -7.82872 0)
(-9.94433 -4.04242 0)
(-9.3751 1.02243 0)
(-7.48808 4.97012 0)
(-3.11664 6.16981 0)
(1.64527 5.02288 0)
(2.15266 -0.665238 0)
(-0.419081 -10.5508 0)
(-1.08637 -12.1804 0)
(-2.66443 -1.0916 0)
(-7.16454 7.31921 0)
(-0.131683 8.28419 0)
(8.00079 6.42005 0)
(0.383423 -3.97036 0)
(-2.90494 -12.8859 0)
(-2.64512 -4.78825 0)
(-6.82078 6.06978 0)
(-1.33322 8.37761 0)
(7.2295 7.00156 0)
(2.42174 -1.9568 0)
(0.552489 -12.4202 0)
(-0.650223 -7.47901 0)
(-6.02522 4.12269 0)
(-3.22524 7.80681 0)
(5.84597 7.64924 0)
(4.5955 1.20448 0)
(-0.337332 -11.013 0)
(-0.483142 -9.75587 0)
(-4.08753 2.60568 0)
(-4.25397 7.77558 0)
(5.14875 7.86801 0)
(5.72806 2.36984 0)
(0.227292 -9.92359 0)
(0.019244 -10.3845 0)
(-3.69315 1.5399 0)
(-4.82345 7.29625 0)
(4.70806 7.55836 0)
(5.44748 2.45065 0)
(-0.915204 -9.88815 0)
(12.5876 23.0159 0)
(9.61462 14.8809 0)
(5.3948 -4.17014 0)
(0.204862 -10.4761 0)
(-4.59309 -9.39947 0)
(-6.97711 -7.13766 0)
(-8.36918 -3.83572 0)
(-8.12404 0.183255 0)
(-6.13897 3.25388 0)
(-2.15821 4.27431 0)
(1.8947 3.30699 0)
(2.73043 -1.30967 0)
(0.242521 -8.48829 0)
(-2.8075 -9.31162 0)
(-4.65097 -1.02813 0)
(-6.55501 5.34828 0)
(-0.852971 5.95937 0)
(5.57925 4.72569 0)
(1.96484 -2.44234 0)
(-1.64036 -9.03838 0)
(-3.69007 -3.80867 0)
(-5.92708 4.03575 0)
(-1.1592 5.94223 0)
(5.33386 4.9601 0)
(3.57711 -1.54743 0)
(0.576206 -8.85839 0)
(-2.42952 -5.35511 0)
(-5.70041 2.78926 0)
(-2.49189 5.59035 0)
(4.13421 5.44663 0)
(4.83963 0.740813 0)
(0.85049 -7.70525 0)
(-1.84587 -7.02683 0)
(-4.51518 1.53497 0)
(-3.21583 5.57871 0)
(3.56086 5.57476 0)
(5.62897 1.57191 0)
(1.46954 -6.86947 0)
(-1.1914 -7.3651 0)
(-4.27247 0.811356 0)
(-3.56142 5.17848 0)
(3.31438 5.34758 0)
(5.23775 1.57252 0)
(0.733784 -6.80949 0)
(6.71843 17.4043 0)
(11.6258 12.9477 0)
(8.75135 -0.0178791 0)
(4.13948 -6.51459 0)
(-0.596583 -7.25214 0)
(-3.76056 -5.87928 0)
(-5.63752 -3.41868 0)
(-5.87815 -0.543797 0)
(-4.39683 1.61972 0)
(-1.36392 2.41365 0)
(1.68287 1.68311 0)
(2.48511 -1.59482 0)
(0.31906 -6.12125 0)
(-3.2669 -6.4081 0)
(-5.13386 -1.01291 0)
(-5.34583 3.3139 0)
(-1.20695 3.79587 0)
(3.23371 2.98049 0)
(2.12529 -1.40656 0)
(-0.838002 -5.51892 0)
(-3.45577 -2.61828 0)
(-4.40617 2.23059 0)
(-0.972694 3.66976 0)
(3.39767 3.0049 0)
(3.2622 -1.10838 0)
(0.367353 -5.47459 0)
(-2.75817 -3.38668 0)
(-4.41341 1.54765 0)
(-1.79017 3.49141 0)
(2.59654 3.35979 0)
(3.82702 0.322708 0)
(1.08286 -4.6911 0)
(-2.01785 -4.42142 0)
(-3.83498 0.659583 0)
(-2.2285 3.44794 0)
(2.20015 3.42658 0)
(4.22064 0.834236 0)
(1.6526 -4.11784 0)
(-1.38265 -4.53152 0)
(-3.60435 0.243042 0)
(-2.37721 3.14661 0)
(2.1034 3.27539 0)
(3.96549 0.815865 0)
(1.23526 -4.02872 0)
(3.42674 12.2559 0)
(9.00857 10.1619 0)
(8.70459 2.45839 0)
(5.9706 -2.95968 0)
(2.2538 -4.59343 0)
(-0.74825 -4.18237 0)
(-2.73033 -2.72089 0)
(-3.39766 -0.951229 0)
(-2.63046 0.392605 0)
(-0.692924 0.887881 0)
(1.28386 0.396942 0)
(1.81886 -1.56151 0)
(0.173643 -3.94494 0)
(-2.73944 -3.93534 0)
(-4.32236 -0.952375 0)
(-3.93284 1.58834 0)
(-1.31709 2.01063 0)
(1.34183 1.50547 0)
(1.33139 -0.786147 0)
(-0.583174 -2.8838 0)
(-2.5954 -1.56389 0)
(-2.88878 0.927251 0)
(-0.78662 1.85275 0)
(1.76139 1.46698 0)
(2.07214 -0.70738 0)
(0.0948785 -2.87071 0)
(-2.17465 -1.86884 0)
(-2.89 0.634286 0)
(-1.19093 1.80194 0)
(1.35369 1.71714 0)
(2.31777 0.0558081 0)
(0.75347 -2.44067 0)
(-1.53807 -2.39428 0)
(-2.591 0.107963 0)
(-1.37228 1.73185 0)
(1.13458 1.75039 0)
(2.47018 0.32458 0)
(1.19743 -2.09959 0)
(-1.03648 -2.37387 0)
(-2.35958 -0.0791456 0)
(-1.38383 1.54464 0)
(1.13442 1.65125 0)
(2.37749 0.315204 0)
(1.0117 -1.98071 0)
(2.00601 8.37054 0)
(5.34163 7.41359 0)
(6.35757 3.24405 0)
(5.31611 -0.472296 0)
(3.11038 -2.17779 0)
(0.969977 -2.42761 0)
(-0.61739 -1.84872 0)
(-1.35107 -1.01589 0)
(-1.12782 -0.3677 0)
(-0.131231 -0.147272 0)
(0.921265 -0.420126 0)
(1.1096 -1.32756 0)
(-0.00666888 -2.29074 0)
(-1.87396 -2.16619 0)
(-2.96863 -0.804207 0)
(-2.65686 0.438592 0)
(-1.24488 0.74625 0)
(0.141362 0.498168 0)
(0.357665 -0.469855 0)
(-0.600002 -1.31361 0)
(-1.70227 -0.852717 0)
(-1.75994 0.159951 0)
(-0.665274 0.640779 0)
(0.605377 0.484584 0)
(0.852833 -0.421089 0)
(-0.163764 -1.27541 0)
(-1.39594 -0.909542 0)
(-1.67152 0.103095 0)
(-0.763845 0.675422 0)
(0.50698 0.651314 0)
(1.03346 -0.0772864 0)
(0.29042 -1.08611 0)
(-0.947252 -1.12467 0)
(-1.44554 -0.153576 0)
(-0.775527 0.615927 0)
(0.423061 0.6714 0)
(1.10337 0.0504026 0)
(0.582309 -0.912778 0)
(-0.613776 -1.05813 0)
(-1.25447 -0.191455 0)
(-0.711725 0.529495 0)
(0.481514 0.613924 0)
(1.11289 0.0571876 0)
(0.569098 -0.777142 0)
(1.19198 5.88947 0)
(2.65992 5.30759 0)
(3.62981 3.03837 0)
(3.44357 0.868439 0)
(2.42656 -0.488289 0)
(1.27241 -1.02688 0)
(0.314195 -1.0448 0)
(-0.204234 -0.872548 0)
(-0.2015 -0.737972 0)
(0.18771 -0.691682 0)
(0.574252 -0.776917 0)
(0.511871 -1.01828 0)
(-0.17156 -1.23255 0)
(-1.15624 -1.10027 0)
(-1.76116 -0.616798 0)
(-1.65141 -0.15885 0)
(-1.02779 -0.000690983 0)
(-0.406305 -0.0695203 0)
(-0.2562 -0.35327 0)
(-0.623926 -0.596391 0)
(-1.06664 -0.492754 0)
(-1.06205 -0.203035 0)
(-0.585015 -0.0133628 0)
(-0.0498295 -0.0244905 0)
(0.0664007 -0.27448 0)
(-0.338192 -0.516676 0)
(-0.838868 -0.431501 0)
(-0.922881 -0.141372 0)
(-0.51559 0.0657685 0)
(0.0257735 0.0840391 0)
(0.247055 -0.137083 0)
(-0.0430157 -0.448023 0)
(-0.541306 -0.498246 0)
(-0.72166 -0.232689 0)
(-0.437033 0.0415107 0)
(0.0320739 0.100141 0)
(0.308371 -0.0862267 0)
(0.139924 -0.365816 0)
(-0.330437 -0.424031 0)
(-0.584218 -0.197805 0)
(-0.358358 0.020195 0)
(0.118316 0.0800599 0)
(0.376153 -0.0551807 0)
(0.228679 -0.243399 0)
(0.681402 4.33897 0)
(1.38476 4.0175 0)
(1.8804 2.69088 0)
(1.92179 1.40232 0)
(1.52137 0.447065 0)
(0.952283 -0.141882 0)
(0.455486 -0.467799 0)
(0.156382 -0.653596 0)
(0.0839451 -0.776681 0)
(0.151203 -0.828258 0)
(0.190445 -0.796043 0)
(0.0452627 -0.735191 0)
(-0.30867 -0.663725 0)
(-0.730859 -0.570928 0)
(-0.989456 -0.470954 0)
(-0.965876 -0.396359 0)
(-0.743898 -0.35535 0)
(-0.520258 -0.336417 0)
(-0.457254 -0.345982 0)
(-0.562916 -0.368702 0)
(-0.687142 -0.370567 0)
(-0.666654 -0.342348 0)
(-0.497918 -0.293076 0)
(-0.321653 -0.243751 0)
(-0.281819 -0.236855 0)
(-0.396812 -0.260194 0)
(-0.533392 -0.263738 0)
(-0.534798 -0.236989 0)
(-0.379345 -0.195618 0)
(-0.191769 -0.161788 0)
(-0.119341 -0.172151 0)
(-0.199573 -0.228207 0)
(-0.330733 -0.267253 0)
(-0.366982 -0.243307 0)
(-0.27004 -0.183613 0)
(-0.125915 -0.141903 0)
(-0.037537 -0.149517 0)
(-0.0688368 -0.179488 0)
(-0.195971 -0.197678 0)
(-0.273259 -0.192849 0)
(-0.198333 -0.172708 0)
(-0.0378718 -0.139557 0)
(0.0527153 -0.115903 0)
(0.0568397 -0.0915881 0)
(0.408866 3.29941 0)
(0.920794 3.2184 0)
(1.20513 2.42247 0)
(1.23398 1.62176 0)
(1.07362 0.913534 0)
(0.779072 0.35522 0)
(0.460758 -0.0736616 0)
(0.224393 -0.398448 0)
(0.0769022 -0.618873 0)
(-0.0104694 -0.70353 0)
(-0.0982877 -0.65355 0)
(-0.224818 -0.530477 0)
(-0.374196 -0.417187 0)
(-0.508983 -0.371762 0)
(-0.579677 -0.397722 0)
(-0.565789 -0.446822 0)
(-0.499268 -0.465029 0)
(-0.437162 -0.430333 0)
(-0.417825 -0.376231 0)
(-0.437485 -0.346862 0)
(-0.455733 -0.359689 0)
(-0.437682 -0.384004 0)
(-0.387979 -0.376216 0)
(-0.342218 -0.320799 0)
(-0.331474 -0.254345 0)
(-0.347261 -0.225362 0)
(-0.355464 -0.241963 0)
(-0.33108 -0.27442 0)
(-0.279159 -0.281142 0)
(-0.231287 -0.249376 0)
(-0.213212 -0.207341 0)
(-0.22055 -0.19537 0)
(-0.22642 -0.219159 0)
(-0.21076 -0.246733 0)
(-0.178934 -0.245231 0)
(-0.148804 -0.218631 0)
(-0.126166 -0.182716 0)
(-0.11875 -0.155193 0)
(-0.130773 -0.159122 0)
(-0.138772 -0.194293 0)
(-0.116609 -0.220471 0)
(-0.0705917 -0.208468 0)
(-0.0346266 -0.161296 0)
(0.00166387 -0.0978782 0)
(0.247039 2.53223 0)
(0.666507 2.61672 0)
(0.921622 2.16314 0)
(1.0081 1.65593 0)
(0.954174 1.15241 0)
(0.80261 0.670409 0)
(0.588683 0.246836 0)
(0.360525 -0.101894 0)
(0.162105 -0.346156 0)
(0.00266828 -0.460691 0)
(-0.123379 -0.45973 0)
(-0.220947 -0.390204 0)
(-0.28752 -0.328985 0)
(-0.322271 -0.325283 0)
(-0.329004 -0.3773 0)
(-0.316349 -0.441115 0)
(-0.298463 -0.469606 0)
(-0.288001 -0.448219 0)
(-0.286167 -0.404237 0)
(-0.285698 -0.376632 0)
(-0.278456 -0.378769 0)
(-0.264468 -0.391671 0)
(-0.249463 -0.381959 0)
(-0.238811 -0.338423 0)
(-0.234738 -0.28461 0)
(-0.229425 -0.255841 0)
(-0.215558 -0.265098 0)
(-0.195801 -0.290268 0)
(-0.177841 -0.29803 0)
(-0.167774 -0.274596 0)
(-0.163936 -0.239235 0)
(-0.158164 -0.222589 0)
(-0.142733 -0.233762 0)
(-0.121376 -0.25304 0)
(-0.107031 -0.255423 0)
(-0.103311 -0.235727 0)
(-0.0980672 -0.204667 0)
(-0.086291 -0.179485 0)
(-0.0740421 -0.177719 0)
(-0.0652477 -0.201481 0)
(-0.0579792 -0.225502 0)
(-0.0468264 -0.223607 0)
(-0.0318973 -0.195463 0)
(-0.00746894 -0.144634 0)
(0.142904 1.9521 0)
(0.456412 2.1071 0)
(0.677884 1.8647 0)
(0.816282 1.5579 0)
(0.856722 1.21579 0)
(0.807419 0.858547 0)
(0.691245 0.505104 0)
(0.534236 0.193404 0)
(0.367015 -0.0460199 0)
(0.216164 -0.193585 0)
(0.0940037 -0.256768 0)
(0.00520974 -0.269723 0)
(-0.0499711 -0.277293 0)
(-0.0778417 -0.308743 0)
(-0.0888908 -0.363272 0)
(-0.0932998 -0.416402 0)
(-0.0984455 -0.443191 0)
(-0.106724 -0.437349 0)
(-0.114902 -0.414813 0)
(-0.118038 -0.397112 0)
(-0.114348 -0.392236 0)
(-0.107075 -0.390529 0)
(-0.101087 -0.375609 0)
(-0.0983593 -0.343964 0)
(-0.0970845 -0.309313 0)
(-0.0930604 -0.289072 0)
(-0.0844362 -0.288908 0)
(-0.0743705 -0.29679 0)
(-0.0679295 -0.295601 0)
(-0.0672708 -0.279559 0)
(-0.0688287 -0.259193 0)
(-0.0662813 -0.249299 0)
(-0.0566699 -0.25307 0)
(-0.0443792 -0.259339 0)
(-0.0373165 -0.255605 0)
(-0.0371935 -0.239992 0)
(-0.0362683 -0.219478 0)
(-0.0293343 -0.203668 0)
(-0.0198485 -0.20012 0)
(-0.0136435 -0.209746 0)
(-0.0125567 -0.221861 0)
(-0.0129036 -0.223525 0)
(-0.00997426 -0.213156 0)
(-0.00400032 -0.175303 0)
(0.0794513 1.51884 0)
(0.299504 1.68303 0)
(0.464731 1.55441 0)
(0.601233 1.37446 0)
(0.685541 1.15497 0)
(0.710847 0.908764 0)
(0.682945 0.6516 0)
(0.61521 0.405103 0)
(0.525233 0.193919 0)
(0.431151 0.0336706 0)
(0.346172 -0.0754714 0)
(0.276222 -0.148642 0)
(0.222432 -0.206991 0)
(0.183005 -0.264862 0)
(0.153711 -0.322767 0)
(0.129447 -0.370697 0)
(0.106871 -0.398731 0)
(0.0854907 -0.405815 0)
(0.0667463 -0.400443 0)
(0.0528077 -0.392989 0)
(0.0440481 -0.387502 0)
(0.038977 -0.380294 0)
(0.035777 -0.365605 0)
(0.033179 -0.343295 0)
(0.0309201 -0.320292 0)
(0.0292877 -0.304633 0)
(0.0289163 -0.29828 0)
(0.0293531 -0.295622 0)
(0.0286028 -0.289382 0)
(0.0253327 -0.277835 0)
(0.0207575 -0.266024 0)
(0.0177987 -0.259932 0)
(0.0180983 -0.259621 0)
(0.0200959 -0.259078 0)
(0.0204805 -0.252616 0)
(0.018235 -0.240325 0)
(0.016104 -0.226434 0)
(0.0165296 -0.215668 0)
(0.0183734 -0.21084 0)
(0.018546 -0.21191 0)
(0.0153095 -0.215225 0)
(0.0097964 -0.216219 0)
(0.00561431 -0.213644 0)
(2.18926e-05 -0.182825 0)
(0.0449726 1.19242 0)
(0.201552 1.33948 0)
(0.318513 1.26609 0)
(0.430814 1.15766 0)
(0.518014 1.01854 0)
(0.574202 0.855407 0)
(0.598278 0.677353 0)
(0.594167 0.496597 0)
(0.568901 0.327119 0)
(0.530897 0.179711 0)
(0.487784 0.0587006 0)
(0.444759 -0.0392016 0)
(0.404436 -0.121104 0)
(0.367174 -0.192529 0)
(0.332836 -0.254157 0)
(0.300757 -0.302846 0)
(0.270487 -0.335669 0)
(0.242178 -0.353367 0)
(0.216332 -0.360418 0)
(0.193838 -0.361924 0)
(0.175248 -0.360351 0)
(0.160334 -0.355006 0)
(0.148218 -0.34448 0)
(0.137859 -0.32956 0)
(0.128524 -0.313721 0)
(0.119976 -0.300708 0)
(0.1123 -0.29164 0)
(0.105347 -0.284551 0)
(0.0985129 -0.276771 0)
(0.0912976 -0.267788 0)
(0.0836318 -0.259621 0)
(0.0761272 -0.254368 0)
(0.0695891 -0.251603 0)
(0.0638964 -0.248418 0)
(0.0582249 -0.242183 0)
(0.0521992 -0.232932 0)
(0.0464509 -0.222847 0)
(0.041665 -0.214264 0)
(0.0375089 -0.208415 0)
(0.0328305 -0.205288 0)
(0.0267547 -0.203881 0)
(0.0193233 -0.202911 0)
(0.0121004 -0.201758 0)
(0.00224178 -0.174056 0)
(0.0284476 0.933931 0)
(0.145231 1.05602 0)
(0.231449 1.00951 0)
(0.320912 0.93978 0)
(0.39689 0.848854 0)
(0.456948 0.740239 0)
(0.499307 0.618696 0)
(0.523977 0.490547 0)
(0.532356 0.363063 0)
(0.52793 0.243123 0)
(0.514528 0.134948 0)
(0.494691 0.0398458 0)
(0.470622 -0.0429876 0)
(0.443945 -0.114698 0)
(0.415691 -0.175409 0)
(0.386769 -0.224297 0)
(0.358018 -0.260736 0)
(0.330101 -0.285563 0)
(0.303575 -0.301043 0)
(0.27899 -0.309796 0)
(0.256769 -0.313538 0)
(0.23704 -0.312816 0)
(0.219583 -0.307781 0)
(0.203962 -0.299255 0)
(0.189738 -0.289003 0)
(0.176615 -0.27894 0)
(0.164423 -0.27007 0)
(0.152996 -0.26218 0)
(0.142085 -0.25458 0)
(0.13143 -0.247121 0)
(0.120896 -0.240462 0)
(0.110463 -0.23519 0)
(0.100203 -0.231075 0)
(0.0902065 -0.226915 0)
(0.0804738 -0.221524 0)
(0.0710379 -0.214703 0)
(0.0620707 -0.207248 0)
(0.0537165 -0.200219 0)
(0.0458544 -0.194316 0)
(0.0381045 -0.189738 0)
(0.0300798 -0.186342 0)
(0.0216581 -0.183866 0)
(0.0134111 -0.182156 0)
(0.00295213 -0.156746 0)
(0.021018 0.715673 0)
(0.109361 0.811836 0)
(0.176077 0.78036 0)
(0.247113 0.733338 0)
(0.309452 0.672122 0)
(0.362685 0.59879 0)
(0.405718 0.515994 0)
(0.437889 0.427021 0)
(0.459701 0.335645 0)
(0.47146 0.245858 0)
(0.474033 0.160604 0)
(0.469274 0.0819782 0)
(0.458612 0.0110666 0)
(0.443408 -0.0516176 0)
(0.424822 -0.105688 0)
(0.40385 -0.150769 0)
(0.3815 -0.186737 0)
(0.358629 -0.214033 0)
(0.33591 -0.233684 0)
(0.313925 -0.24698 0)
(0.293043 -0.255045 0)
(0.273432 -0.258654 0)
(0.255186 -0.258398 0)
(0.238258 -0.254971 0)
(0.222513 -0.249367 0)
(0.207785 -0.242658 0)
(0.193904 -0.235668 0)
(0.180706 -0.228788 0)
(0.168011 -0.222106 0)
(0.15564 -0.215699 0)
(0.143525 -0.209773 0)
(0.131557 -0.204553 0)
(0.119613 -0.1999 0)
(0.107735 -0.195413 0)
(0.0960065 -0.190627 0)
(0.0845311 -0.185348 0)
(0.073419 -0.179753 0)
(0.0627435 -0.174224 0)
(0.0524947 -0.169122 0)
(0.0425736 -0.164672 0)
(0.0328302 -0.160968 0)
(0.0231631 -0.158033 0)
(0.0140617 -0.155948 0)
(0.00320668 -0.133719 0)
(0.0171989 0.533339 0)
(0.0840077 0.60551 0)
(0.137564 0.583591 0)
(0.194879 0.551069 0)
(0.245649 0.509018 0)
(0.290618 0.458848 0)
(0.329408 0.402177 0)
(0.361312 0.340884 0)
(0.386116 0.277059 0)
(0.403939 0.212701 0)
(0.414971 0.149926 0)
(0.41966 0.0903616 0)
(0.418834 0.0352086 0)
(0.413348 -0.0146957 0)
(0.40414 -0.0587819 0)
(0.392068 -0.0966872 0)
(0.377815 -0.128268 0)
(0.362085 -0.153654 0)
(0.345474 -0.173249 0)
(0.328468 -0.187638 0)
(0.311429 -0.19747 0)
(0.294624 -0.203335 0)
(0.278294 -0.205792 0)
(0.262522 -0.205404 0)
(0.24728 -0.202806 0)
(0.232562 -0.198666 0)
(0.218315 -0.193587 0)
(0.204463 -0.188026 0)
(0.190922 -0.182293 0)
(0.177575 -0.176599 0)
(0.164217 -0.171108 0)
(0.150856 -0.165957 0)
(0.137623 -0.161136 0)
(0.124485 -0.156553 0)
(0.11143 -0.152065 0)
(0.0985067 -0.147575 0)
(0.0857898 -0.143096 0)
(0.0733457 -0.138734 0)
(0.0612109 -0.134637 0)
(0.0493868 -0.130939 0)
(0.0378174 -0.12774 0)
(0.0263371 -0.125107 0)
(0.0157818 -0.123177 0)
(0.003582 -0.105478 0)
(0.0158972 0.394457 0)
(0.0693632 0.447127 0)
(0.116403 0.431103 0)
(0.166193 0.40764 0)
(0.210212 0.377656 0)
(0.250046 0.342118 0)
(0.285684 0.302057 0)
(0.316451 0.258635 0)
(0.34195 0.213132 0)
(0.362093 0.166846 0)
(0.376965 0.121082 0)
(0.3868 0.0769808 0)
(0.391983 0.0354895 0)
(0.392981 -0.00265635 0)
(0.390315 -0.0369204 0)
(0.384611 -0.0669448 0)
(0.376449 -0.0925392 0)
(0.366307 -0.113683 0)
(0.354641 -0.130514 0)
(0.34186 -0.143303 0)
(0.328302 -0.152402 0)
(0.31423 -0.158203 0)
(0.299894 -0.161118 0)
(0.285481 -0.161573 0)
(0.271058 -0.160018 0)
(0.256662 -0.156914 0)
(0.242317 -0.152708 0)
(0.228024 -0.147791 0)
(0.213764 -0.142483 0)
(0.199502 -0.137039 0)
(0.185193 -0.131636 0)
(0.17082 -0.126388 0)
(0.156395 -0.12141 0)
(0.141935 -0.116719 0)
(0.127471 -0.112295 0)
(0.113052 -0.108112 0)
(0.0987392 -0.10417 0)
(0.0845927 -0.100499 0)
(0.0706651 -0.0971504 0)
(0.0569972 -0.0941864 0)
(0.0435614 -0.091659 0)
(0.030046 -0.0896047 0)
(0.017833 -0.0881079 0)
(0.00391186 -0.0755037 0)
(0.0161928 0.290784 0)
(0.0615347 0.328585 0)
(0.105692 0.316383 0)
(0.150814 0.298884 0)
(0.190683 0.276847 0)
(0.22725 0.250871 0)
(0.260568 0.221623 0)
(0.289985 0.189874 0)
(0.315119 0.156515 0)
(0.335847 0.122464 0)
(0.352198 0.0885985 0)
(0.364291 0.0557343 0)
(0.372328 0.0245816 0)
(0.376573 -0.00427877 0)
(0.3774 -0.0304032 0)
(0.375279 -0.0534769 0)
(0.370612 -0.0733087 0)
(0.363765 -0.0898236 0)
(0.355113 -0.103056 0)
(0.345008 -0.113137 0)
(0.333753 -0.120273 0)
(0.321592 -0.124721 0)
(0.308782 -0.126769 0)
(0.295529 -0.126758 0)
(0.281943 -0.124992 0)
(0.268105 -0.12183 0)
(0.254066 -0.117614 0)
(0.239864 -0.112663 0)
(0.225528 -0.10726 0)
(0.211089 -0.101635 0)
(0.196515 -0.0960138 0)
(0.181769 -0.0905339 0)
(0.166868 -0.0853065 0)
(0.151831 -0.0804052 0)
(0.136698 -0.0758699 0)
(0.12152 -0.0717214 0)
(0.106356 -0.0679745 0)
(0.0912642 -0.0646466 0)
(0.0763116 -0.0617602 0)
(0.061564 -0.0593401 0)
(0.0470084 -0.057407 0)
(0.032256 -0.0559733 0)
(0.019013 -0.055023 0)
(0.00407939 -0.0472834 0)
(0.0163268 0.20983 0)
(0.0553763 0.236177 0)
(0.0967264 0.226906 0)
(0.137299 0.213849 0)
(0.173393 0.197556 0)
(0.206835 0.178374 0)
(0.237538 0.156749 0)
(0.264897 0.13329 0)
(0.288668 0.108628 0)
(0.308695 0.0834157 0)
(0.324945 0.0582896 0)
(0.337495 0.0338571 0)
(0.346441 0.0106527 0)
(0.351968 -0.0108799 0)
(0.354371 -0.0303883 0)
(0.353975 -0.0476132 0)
(0.351077 -0.0623845 0)
(0.34599 -0.0746166 0)
(0.339035 -0.0843046 0)
(0.330515 -0.0915168 0)
(0.320713 -0.0963826 0)
(0.30987 -0.0990785 0)
(0.298187 -0.0998061 0)
(0.285914 -0.0988221 0)
(0.273193 -0.0963761 0)
(0.260083 -0.0927305 0)
(0.246693 -0.0881543 0)
(0.233101 -0.0829124 0)
(0.219368 -0.0772019 0)
(0.205463 -0.0712994 0)
(0.191398 -0.0653968 0)
(0.17717 -0.059623 0)
(0.162754 -0.0541099 0)
(0.1482 -0.0489598 0)
(0.133538 -0.0442477 0)
(0.11881 -0.0400245 0)
(0.104069 -0.0363247 0)
(0.0893764 -0.0331708 0)
(0.074788 -0.0305758 0)
(0.0603668 -0.0285504 0)
(0.046105 -0.0271053 0)
(0.0316596 -0.0262445 0)
(0.0186189 -0.0258496 0)
(0.00402737 -0.0223845 0)
(0.0156708 0.146413 0)
(0.049064 0.163961 0)
(0.0865269 0.156968 0)
(0.121903 0.147338 0)
(0.153787 0.135435 0)
(0.183615 0.121358 0)
(0.211184 0.105429 0)
(0.235849 0.0881283 0)
(0.257311 0.0699364 0)
(0.275542 0.0513442 0)
(0.290442 0.0328429 0)
(0.301941 0.0148878 0)
(0.310144 -0.0021245 0)
(0.315279 -0.0178607 0)
(0.317602 -0.0320496 0)
(0.317326 -0.0444846 0)
(0.3147 -0.0550258 0)
(0.310005 -0.0635964 0)
(0.303528 -0.0701805 0)
(0.29555 -0.0748178 0)
(0.286338 -0.0775956 0)
(0.276134 -0.0786408 0)
(0.265157 -0.0781084 0)
(0.253607 -0.0761644 0)
(0.24164 -0.0730383 0)
(0.229376 -0.0689154 0)
(0.216931 -0.0639967 0)
(0.204454 -0.058479 0)
(0.1919 -0.0526363 0)
(0.179217 -0.0466136 0)
(0.166465 -0.0405465 0)
(0.153658 -0.0346098 0)
(0.140839 -0.0289422 0)
(0.128007 -0.023653 0)
(0.115159 -0.0188455 0)
(0.102304 -0.0145887 0)
(0.0894902 -0.0109292 0)
(0.0767812 -0.00790025 0)
(0.0642146 -0.00552023 0)
(0.0518122 -0.00380035 0)
(0.0395689 -0.00275336 0)
(0.0272903 -0.00238082 0)
(0.0161383 -0.00248331 0)
(0.00353664 -0.00238751 0)
(0.0140795 0.0979738 0)
(0.0422034 0.109053 0)
(0.0750499 0.103909 0)
(0.105346 0.0969043 0)
(0.132892 0.0882353 0)
(0.158594 0.0779587 0)
(0.182237 0.0663347 0)
(0.203345 0.0537009 0)
(0.22163 0.040455 0)
(0.236887 0.0269832 0)
(0.249025 0.0136449 0)
(0.258057 0.000762918 0)
(0.264043 -0.0113813 0)
(0.267279 -0.0225343 0)
(0.268017 -0.0324956 0)
(0.266352 -0.041106 0)
(0.262546 -0.0482553 0)
(0.256884 -0.0538832 0)
(0.249646 -0.0579749 0)
(0.241109 -0.0605565 0)
(0.231543 -0.0616909 0)
(0.221197 -0.0614711 0)
(0.210299 -0.060014 0)
(0.199055 -0.0574532 0)
(0.187638 -0.0539422 0)
(0.176213 -0.049661 0)
(0.164898 -0.0447294 0)
(0.153682 -0.0393159 0)
(0.142644 -0.0336264 0)
(0.131852 -0.027753 0)
(0.121289 -0.0218465 0)
(0.110992 -0.0160628 0)
(0.100955 -0.0105298 0)
(0.0911361 -0.00536536 0)
(0.0814945 -0.000666981 0)
(0.0720139 0.00348156 0)
(0.062661 0.0070117 0)
(0.0534408 0.00987089 0)
(0.0444 0.0120196 0)
(0.0355798 0.0134376 0)
(0.0270135 0.0141103 0)
(0.0186986 0.0140362 0)
(0.0112811 0.0134504 0)
(0.00237982 0.0112579 0)
(0.0119641 0.062224 0)
(0.0353251 0.0687133 0)
(0.0629671 0.0649953 0)
(0.087997 0.0599669 0)
(0.110966 0.0536951 0)
(0.132258 0.0463018 0)
(0.151478 0.0379991 0)
(0.168203 0.0290598 0)
(0.182229 0.0197664 0)
(0.193417 0.0103783 0)
(0.201712 0.00113714 0)
(0.207209 -0.00773683 0)
(0.210124 -0.0160436 0)
(0.21051 -0.0236005 0)
(0.208472 -0.0302579 0)
(0.204315 -0.0358967 0)
(0.198311 -0.0404346 0)
(0.19073 -0.0438283 0)
(0.181845 -0.0460671 0)
(0.171935 -0.0471716 0)
(0.161274 -0.0471903 0)
(0.150121 -0.0461953 0)
(0.13872 -0.0442742 0)
(0.127278 -0.041528 0)
(0.115971 -0.0381219 0)
(0.10503 -0.0340755 0)
(0.0946048 -0.0295754 0)
(0.0847078 -0.0247398 0)
(0.0754403 -0.0196102 0)
(0.0668843 -0.0143508 0)
(0.0590376 -0.00907851 0)
(0.0518974 -0.00389933 0)
(0.0454082 0.00107764 0)
(0.0394503 0.00574203 0)
(0.033985 0.0100061 0)
(0.0291044 0.0137756 0)
(0.0247219 0.0169558 0)
(0.0205497 0.0194744 0)
(0.01648 0.0212784 0)
(0.0126378 0.0223299 0)
(0.00912615 0.022598 0)
(0.00608135 0.0220687 0)
(0.00393805 0.0209534 0)
(0.00039792 0.0175693 0)
(0.00945301 0.0368765 0)
(0.0280265 0.0401304 0)
(0.049844 0.0373683 0)
(0.0692839 0.0338565 0)
(0.0870631 0.0295911 0)
(0.103205 0.0246152 0)
(0.11726 0.0190647 0)
(0.128917 0.0131318 0)
(0.138062 0.00699459 0)
(0.144666 0.000825206 0)
(0.148754 -0.00522099 0)
(0.150417 -0.0109916 0)
(0.14982 -0.0163384 0)
(0.147009 -0.0211423 0)
(0.142097 -0.0252855 0)
(0.135375 -0.0286813 0)
(0.127096 -0.0312745 0)
(0.117503 -0.0330374 0)
(0.106856 -0.0339665 0)
(0.0954233 -0.0340841 0)
(0.0834753 -0.0334336 0)
(0.0712783 -0.0320772 0)
(0.0590818 -0.0300897 0)
(0.0470755 -0.027555 0)
(0.035569 -0.0245533 0)
(0.0247846 -0.0211449 0)
(0.0148162 -0.0174583 0)
(0.00583597 -0.013557 0)
(-0.00202507 -0.00950225 0)
(-0.00867356 -0.00537017 0)
(-0.0140711 -0.00123614 0)
(-0.0182173 0.0028241 0)
(-0.0211629 0.00673064 0)
(-0.0229725 0.010402 0)
(-0.0236901 0.0137594 0)
(-0.023468 0.0167229 0)
(-0.0224638 0.0192115 0)
(-0.020797 0.0211491 0)
(-0.0186239 0.022468 0)
(-0.01604 0.0230904 0)
(-0.0130797 0.0229296 0)
(-0.00951736 0.0219125 0)
(-0.00502601 0.020207 0)
(-0.00211273 0.0165921 0)
(0.00642248 0.0205705 0)
(0.0193304 0.0217737 0)
(0.0341445 0.019727 0)
(0.0469941 0.0174283 0)
(0.0583974 0.0147604 0)
(0.068313 0.011685 0)
(0.0763778 0.00824103 0)
(0.0825156 0.00455314 0)
(0.0866738 0.000722689 0)
(0.0889082 -0.00311579 0)
(0.0892274 -0.0068565 0)
(0.087669 -0.0103794 0)
(0.084292 -0.0135764 0)
(0.0791167 -0.0163615 0)
(0.0722468 -0.0186513 0)
(0.0638742 -0.0203898 0)
(0.0541843 -0.0215509 0)
(0.0433786 -0.0221266 0)
(0.0316814 -0.0221265 0)
(0.0193366 -0.0215823 0)
(0.00659868 -0.0205405 0)
(-0.00627454 -0.019063 0)
(-0.0190244 -0.0172227 0)
(-0.0313983 -0.0151021 0)
(-0.0431226 -0.0126708 0)
(-0.0539916 -0.0101391 0)
(-0.0638162 -0.00750206 0)
(-0.0723711 -0.00481013 0)
(-0.0794792 -0.00210242 0)
(-0.0849962 0.000583454 0)
(-0.0888192 0.00320881 0)
(-0.0908861 0.00572636 0)
(-0.0911426 0.00808495 0)
(-0.0895549 0.0102314 0)
(-0.0862093 0.0121286 0)
(-0.081288 0.0137548 0)
(-0.0748937 0.0150952 0)
(-0.0671029 0.0160969 0)
(-0.0581882 0.0166769 0)
(-0.0484936 0.0167213 0)
(-0.0382364 0.0160734 0)
(-0.0271837 0.0145261 0)
(-0.015098 0.0121607 0)
(-0.00499208 0.00903856 0)
(0.00263005 0.0126396 0)
(0.00785841 0.0127869 0)
(0.0135675 0.0112863 0)
(0.018 0.00983646 0)
(0.0214408 0.00820061 0)
(0.0241713 0.00625855 0)
(0.0259038 0.00400431 0)
(0.0268439 0.00158107 0)
(0.0267997 -0.000938748 0)
(0.0258096 -0.00339658 0)
(0.0237128 -0.00571069 0)
(0.0203954 -0.00777859 0)
(0.015792 -0.00952573 0)
(0.00983522 -0.0108954 0)
(0.00253716 -0.011849 0)
(-0.00601383 -0.0123707 0)
(-0.015713 -0.0124636 0)
(-0.0264065 -0.0121484 0)
(-0.0379102 -0.0114531 0)
(-0.0500128 -0.0104257 0)
(-0.0624831 -0.00912121 0)
(-0.075084 -0.00760648 0)
(-0.087569 -0.00595229 0)
(-0.0996436 -0.00423641 0)
(-0.111093 -0.00247747 0)
(-0.121735 -0.000789677 0)
(-0.131302 0.000803065 0)
(-0.139566 0.0022736 0)
(-0.146324 0.00360647 0)
(-0.15139 0.00478622 0)
(-0.154598 0.00579513 0)
(-0.155794 0.00659588 0)
(-0.154815 0.00715215 0)
(-0.151515 0.00743282 0)
(-0.145817 0.00744175 0)
(-0.137718 0.00722821 0)
(-0.127261 0.00684695 0)
(-0.114524 0.00631753 0)
(-0.0997357 0.00561043 0)
(-0.0832974 0.00463538 0)
(-0.0656741 0.00322305 0)
(-0.0467425 0.000998354 0)
(-0.0263905 -0.00205907 0)
(-0.00830656 -0.00415415 0)
(-0.00227138 0.0129726 0)
(-0.00786598 0.0128413 0)
(-0.0139496 0.0116183 0)
(-0.019871 0.0102309 0)
(-0.0253463 0.00860309 0)
(-0.0296223 0.00661828 0)
(-0.0333207 0.00436014 0)
(-0.0360601 0.00209574 0)
(-0.0385712 -0.000111622 0)
(-0.040933 -0.00205051 0)
(-0.0436236 -0.00367771 0)
(-0.0469433 -0.00491946 0)
(-0.0511014 -0.00574387 0)
(-0.0562725 -0.00614727 0)
(-0.0625213 -0.0061402 0)
(-0.0698335 -0.0057615 0)
(-0.0781606 -0.00504319 0)
(-0.0873852 -0.00403954 0)
(-0.0973579 -0.00279939 0)
(-0.107899 -0.00138933 0)
(-0.118807 0.000126347 0)
(-0.129876 0.0016746 0)
(-0.140894 0.00318538 0)
(-0.151597 0.00459643 0)
(-0.161807 0.00580716 0)
(-0.171362 0.00679869 0)
(-0.180012 0.00753083 0)
(-0.187553 0.00798175 0)
(-0.193801 0.00815063 0)
(-0.198572 0.00802971 0)
(-0.201681 0.00760684 0)
(-0.202922 0.00683873 0)
(-0.20206 0.00567908 0)
(-0.198852 0.00409726 0)
(-0.193054 0.00211228 0)
(-0.184425 -0.000192228 0)
(-0.172752 -0.00272655 0)
(-0.157866 -0.00539394 0)
(-0.139743 -0.00810515 0)
(-0.118514 -0.010871 0)
(-0.0947027 -0.0137334 0)
(-0.0679013 -0.017213 0)
(-0.0386895 -0.0211181 0)
(-0.0119716 -0.0218989 0)
(-0.00887342 0.021722 0)
(-0.029138 0.0215018 0)
(-0.0488762 0.0198373 0)
(-0.0656399 0.0169419 0)
(-0.0788698 0.0138123 0)
(-0.0879457 0.010387 0)
(-0.094644 0.00696457 0)
(-0.0985643 0.00394254 0)
(-0.101371 0.00131839 0)
(-0.103232 -0.000678261 0)
(-0.104955 -0.00208935 0)
(-0.106965 -0.00290135 0)
(-0.109544 -0.00314839 0)
(-0.112913 -0.00289348 0)
(-0.117189 -0.00220182 0)
(-0.122349 -0.00115862 0)
(-0.128341 0.00016641 0)
(-0.135091 0.00168796 0)
(-0.142468 0.00334167 0)
(-0.150325 0.00504638 0)
(-0.158495 0.00673169 0)
(-0.166818 0.00832153 0)
(-0.175129 0.00974423 0)
(-0.183248 0.0109416 0)
(-0.191037 0.011804 0)
(-0.198368 0.012327 0)
(-0.20508 0.0124729 0)
(-0.211032 0.0122229 0)
(-0.216098 0.011586 0)
(-0.220147 0.0105516 0)
(-0.223033 0.00910131 0)
(-0.224576 0.00717591 0)
(-0.224545 0.0047009 0)
(-0.222682 0.00161783 0)
(-0.218659 -0.00207997 0)
(-0.212071 -0.0063171 0)
(-0.202435 -0.011012 0)
(-0.189215 -0.0160696 0)
(-0.171928 -0.021319 0)
(-0.149923 -0.0267468 0)
(-0.123436 -0.0321324 0)
(-0.0904584 -0.0382086 0)
(-0.0530153 -0.0436167 0)
(-0.0166537 -0.0434552 0)
(-0.018056 0.0390805 0)
(-0.0566032 0.0374346 0)
(-0.088608 0.0338269 0)
(-0.113606 0.0270891 0)
(-0.130448 0.0208919 0)
(-0.140237 0.0149127 0)
(-0.1466 0.00964593 0)
(-0.1491 0.00544674 0)
(-0.150419 0.00213611 0)
(-0.150593 -0.000119519 0)
(-0.150608 -0.00149233 0)
(-0.150857 -0.00205607 0)
(-0.15157 -0.00192198 0)
(-0.152918 -0.00122089 0)
(-0.15497 -6.36296e-05 0)
(-0.157675 0.0014296 0)
(-0.160968 0.003159 0)
(-0.164771 0.00501762 0)
(-0.16897 0.00693379 0)
(-0.173452 0.00881996 0)
(-0.178094 0.0106052 0)
(-0.182796 0.0122163 0)
(-0.187455 0.013582 0)
(-0.191981 0.0146425 0)
(-0.196304 0.0153206 0)
(-0.200366 0.0155865 0)
(-0.204112 0.0154164 0)
(-0.20749 0.0147944 0)
(-0.21047 0.0137379 0)
(-0.213016 0.0122305 0)
(-0.215056 0.0102451 0)
(-0.21651 0.00769659 0)
(-0.217245 0.00448529 0)
(-0.217076 0.000510071 0)
(-0.215745 -0.0042957 0)
(-0.212841 -0.00990276 0)
(-0.207765 -0.0162877 0)
(-0.199736 -0.0234606 0)
(-0.187931 -0.0312753 0)
(-0.170527 -0.039905 0)
(-0.147426 -0.0488703 0)
(-0.112562 -0.0595778 0)
(-0.0706249 -0.0678759 0)
(-0.0235397 -0.0687149 0)
(-0.0306182 0.0650142 0)
(-0.0893064 0.0577539 0)
(-0.126213 0.0499912 0)
(-0.153291 0.0370051 0)
(-0.167275 0.0268505 0)
(-0.173162 0.0180063 0)
(-0.176185 0.0109754 0)
(-0.175562 0.00577079 0)
(-0.174623 0.00195078 0)
(-0.172961 -0.000455906 0)
(-0.171476 -0.00176149 0)
(-0.170361 -0.00212862 0)
(-0.169672 -0.00173019 0)
(-0.16944 -0.00074584 0)
(-0.169642 0.000679673 0)
(-0.170168 0.00240511 0)
(-0.170927 0.00432433 0)
(-0.171833 0.00632147 0)
(-0.172791 0.00832552 0)
(-0.173727 0.0102517 0)
(-0.174567 0.0120345 0)
(-0.175277 0.0136088 0)
(-0.175829 0.0149089 0)
(-0.176218 0.0158815 0)
(-0.176463 0.0164663 0)
(-0.176589 0.0166264 0)
(-0.176647 0.0163493 0)
(-0.17669 0.0156215 0)
(-0.176792 0.0144682 0)
(-0.177021 0.0128697 0)
(-0.177423 0.0107928 0)
(-0.178035 0.00813184 0)
(-0.178867 0.00476886 0)
(-0.179911 0.000572195 0)
(-0.181095 -0.00459327 0)
(-0.182192 -0.0107672 0)
(-0.182723 -0.0180077 0)
(-0.181935 -0.026501 0)
(-0.179161 -0.0362299 0)
(-0.171398 -0.0478431 0)
(-0.159048 -0.0607725 0)
(-0.129102 -0.0781185 0)
(-0.091672 -0.0912711 0)
(-0.0336405 -0.0979534 0)
(-0.0457803 0.0986939 0)
(-0.123015 0.0779404 0)
(-0.150324 0.0638344 0)
(-0.171208 0.0433164 0)
(-0.175656 0.0295674 0)
(-0.174306 0.018548 0)
(-0.172414 0.0105256 0)
(-0.168424 0.0049095 0)
(-0.165608 0.00102651 0)
(-0.162884 -0.00128523 0)
(-0.160818 -0.00241846 0)
(-0.159285 -0.00260097 0)
(-0.158098 -0.00203722 0)
(-0.157119 -0.000926988 0)
(-0.156211 0.000575385 0)
(-0.155205 0.00232527 0)
(-0.153985 0.00422555 0)
(-0.152466 0.00616514 0)
(-0.150572 0.00808099 0)
(-0.148276 0.00989918 0)
(-0.145559 0.0115634 0)
(-0.14245 0.0130209 0)
(-0.138996 0.014215 0)
(-0.135272 0.0151011 0)
(-0.131382 0.0156322 0)
(-0.127439 0.0157727 0)
(-0.123588 0.0155183 0)
(-0.119978 0.0148589 0)
(-0.116778 0.0138262 0)
(-0.114153 0.0124 0)
(-0.112251 0.0105451 0)
(-0.111234 0.0081528 0)
(-0.11127 0.00509628 0)
(-0.112545 0.00123729 0)
(-0.115245 -0.00360863 0)
(-0.119465 -0.00954588 0)
(-0.12505 -0.0166953 0)
(-0.131532 -0.0254187 0)
(-0.139059 -0.0358707 0)
(-0.14381 -0.0493649 0)
(-0.148501 -0.0654906 0)
(-0.131144 -0.0902883 0)
(-0.113151 -0.11007 0)
(-0.0460922 -0.131086 0)
(-0.0588379 0.137567 0)
(-0.148468 0.0926707 0)
(-0.146713 0.0712089 0)
(-0.153897 0.0440712 0)
(-0.144474 0.0283356 0)
(-0.135073 0.0166441 0)
(-0.128555 0.00870081 0)
(-0.122295 0.00339417 0)
(-0.118801 -9.52176e-05 0)
(-0.116279 -0.00207774 0)
(-0.114811 -0.0029582 0)
(-0.113944 -0.00298547 0)
(-0.11325 -0.00236158 0)
(-0.112431 -0.00127872 0)
(-0.111259 0.000125902 0)
(-0.109517 0.00171972 0)
(-0.107079 0.00342218 0)
(-0.10387 0.00513786 0)
(-0.0998452 0.00681621 0)
(-0.0950192 0.0083988 0)
(-0.0894251 0.00984072 0)
(-0.0831511 0.0111025 0)
(-0.076307 0.0121386 0)
(-0.0690346 0.0129137 0)
(-0.0615103 0.0133928 0)
(-0.0539201 0.0135444 0)
(-0.0464864 0.0133712 0)
(-0.0394344 0.0128659 0)
(-0.0330021 0.0120631 0)
(-0.0274197 0.0109458 0)
(-0.0229104 0.00948041 0)
(-0.0197341 0.00756794 0)
(-0.0181933 0.00508951 0)
(-0.0186463 0.00192156 0)
(-0.021519 -0.00213621 0)
(-0.0272714 -0.00722859 0)
(-0.0361835 -0.0134981 0)
(-0.0481822 -0.0214119 0)
(-0.0647071 -0.0312554 0)
(-0.0816396 -0.0449429 0)
(-0.10615 -0.062414 0)
(-0.107185 -0.0932747 0)
(-0.126989 -0.120153 0)
(-0.0558163 -0.166488 0)
(-0.0589847 0.17641 0)
(-0.150654 0.0974128 0)
(-0.101384 0.0695714 0)
(-0.0910657 0.0393981 0)
(-0.067522 0.0238946 0)
(-0.0518392 0.0131612 0)
(-0.0424711 0.00629108 0)
(-0.0357403 0.00187162 0)
(-0.032984 -0.000920402 0)
(-0.0318607 -0.00244202 0)
(-0.0319732 -0.00305552 0)
(-0.032613 -0.00298709 0)
(-0.0331691 -0.0024076 0)
(-0.033234 -0.00147874 0)
(-0.0325225 -0.000308773 0)
(-0.0308 0.000994843 0)
(-0.0279434 0.00237206 0)
(-0.0238973 0.00374864 0)
(-0.0186492 0.00508778 0)
(-0.0122512 0.00634757 0)
(-0.00477873 0.00749471 0)
(0.00363832 0.00850211 0)
(0.012843 0.00933569 0)
(0.0226484 0.0099693 0)
(0.0328281 0.0103784 0)
(0.043144 0.0105367 0)
(0.0533224 0.0104516 0)
(0.0630911 0.010118 0)
(0.0721767 0.00956886 0)
(0.0803184 0.00879161 0)
(0.0872593 0.00775805 0)
(0.0926858 0.0063859 0)
(0.096202 0.00457706 0)
(0.0973341 0.00223731 0)
(0.0954926 -0.00081639 0)
(0.0899109 -0.00473737 0)
(0.0798795 -0.00965403 0)
(0.0651303 -0.016038 0)
(0.0428671 -0.0242208 0)
(0.0170787 -0.0363949 0)
(-0.025177 -0.0528988 0)
(-0.0460563 -0.0860548 0)
(-0.119475 -0.118456 0)
(-0.051726 -0.199873 0)
(-0.0287818 0.206999 0)
(-0.110096 0.0901864 0)
(-0.0041739 0.0591389 0)
(0.0222399 0.0308557 0)
(0.0559734 0.0177607 0)
(0.0745888 0.00921627 0)
(0.0844832 0.00403256 0)
(0.0900206 0.000789844 0)
(0.0910382 -0.0011948 0)
(0.0901218 -0.00224433 0)
(0.0880165 -0.00263396 0)
(0.0855619 -0.00254029 0)
(0.0834587 -0.00208802 0)
(0.082159 -0.00139635 0)
(0.0819633 -0.000540467 0)
(0.0830975 0.000402168 0)
(0.0856699 0.00139199 0)
(0.0897126 0.00237715 0)
(0.0952115 0.00333338 0)
(0.10209 0.00423374 0)
(0.110248 0.00505539 0)
(0.119534 0.0057815 0)
(0.129769 0.00638873 0)
(0.140747 0.00685886 0)
(0.152221 0.00717669 0)
(0.163927 0.00732171 0)
(0.175574 0.00730264 0)
(0.186874 0.00711601 0)
(0.197553 0.00678861 0)
(0.207355 0.00631219 0)
(0.216029 0.00566529 0)
(0.223254 0.00478713 0)
(0.228594 0.00360536 0)
(0.231528 0.00205939 0)
(0.231407 7.0696e-06 0)
(0.227287 -0.00268621 0)
(0.21814 -0.00611667 0)
(0.203508 -0.0106756 0)
(0.1796 -0.0166667 0)
(0.150042 -0.0261171 0)
(0.0965547 -0.0396513 0)
(0.0596961 -0.0700674 0)
(-0.0727893 -0.104408 0)
(-0.0168608 -0.223965 0)
(0.053631 0.218838 0)
(-0.00641665 0.072338 0)
(0.148499 0.0428011 0)
(0.184991 0.0208222 0)
(0.222432 0.0114853 0)
(0.240544 0.00571196 0)
(0.249116 0.00233936 0)
(0.252675 0.000275538 0)
(0.251851 -0.000961001 0)
(0.249145 -0.00160705 0)
(0.24544 -0.00183896 0)
(0.241568 -0.00177361 0)
(0.238216 -0.0014884 0)
(0.235816 -0.00105877 0)
(0.234647 -0.000529413 0)
(0.234906 5.0992e-05 0)
(0.236682 0.000659939 0)
(0.23999 0.00126611 0)
(0.244802 0.00185501 0)
(0.251038 0.00241169 0)
(0.258593 0.00292186 0)
(0.267323 0.00337643 0)
(0.277055 0.00376118 0)
(0.287593 0.00406439 0)
(0.298701 0.00427894 0)
(0.310129 0.00438966 0)
(0.321599 0.00440431 0)
(0.332845 0.00432001 0)
(0.343622 0.00415499 0)
(0.35371 0.00390415 0)
(0.362892 0.00355278 0)
(0.370881 0.00306232 0)
(0.377257 0.00238631 0)
(0.38152 0.00149306 0)
(0.383065 0.000289774 0)
(0.38093 -0.001322 0)
(0.373956 -0.00340546 0)
(0.361657 -0.00622735 0)
(0.339881 -0.0100282 0)
(0.311783 -0.0163029 0)
(0.256111 -0.0257943 0)
(0.211364 -0.0490297 0)
(0.031433 -0.0805591 0)
(0.0689372 -0.229317 0)
(0.20958 0.201868 0)
(0.176508 0.0478382 0)
(0.352879 0.0248848 0)
(0.391177 0.011599 0)
(0.425691 0.00618632 0)
(0.441162 0.00303779 0)
(0.447835 0.00123565 0)
(0.449961 0.000149412 0)
(0.448348 -0.000493478 0)
(0.445136 -0.000834229 0)
(0.441121 -0.000961449 0)
(0.436994 -0.000938567 0)
(0.433334 -0.000804513 0)
(0.430497 -0.000598113 0)
(0.428712 -0.000340651 0)
(0.428141 -5.74378e-05 0)
(0.428856 0.000241083 0)
(0.430869 0.00053966 0)
(0.434161 0.000830534 0)
(0.43867 0.00110732 0)
(0.444317 0.0013621 0)
(0.450991 0.00159108 0)
(0.458558 0.00178705 0)
(0.466864 0.00194372 0)
(0.475724 0.00205858 0)
(0.484937 0.00212272 0)
(0.494282 0.00214139 0)
(0.503546 0.00211208 0)
(0.51254 0.00204425 0)
(0.521101 0.00193504 0)
(0.529067 0.00177553 0)
(0.536211 0.00154656 0)
(0.542182 0.00122352 0)
(0.546566 0.000794217 0)
(0.548892 0.000210023 0)
(0.548336 -0.000585883 0)
(0.543824 -0.00163157 0)
(0.534977 -0.00306716 0)
(0.517951 -0.00506225 0)
(0.495302 -0.00844047 0)
(0.446465 -0.0139095 0)
(0.40355 -0.0277858 0)
(0.2074 -0.0516696 0)
(0.224349 -0.207 0)
(0.451998 0.158162 0)
(0.44339 0.0239637 0)
(0.596083 0.0104912 0)
(0.626665 0.00486438 0)
(0.652367 0.00252156 0)
(0.663704 0.00126325 0)
(0.668626 0.000546229 0)
(0.670323 0.000116428 0)
(0.6694 -0.000134506 0)
(0.667339 -0.000273232 0)
(0.664674 -0.000329004 0)
(0.661865 -0.000328652 0)
(0.659294 -0.000286536 0)
(0.657199 -0.000217656 0)
(0.655732 -0.000129005 0)
(0.655006 -3.04962e-05 0)
(0.655074 7.40891e-05 0)
(0.655949 0.00017968 0)
(0.657629 0.000282349 0)
(0.660081 0.000380971 0)
(0.663264 0.000471651 0)
(0.667114 0.000553585 0)
(0.671553 0.000624118 0)
(0.676492 0.000680462 0)
(0.681818 0.000723169 0)
(0.68741 0.00074738 0)
(0.693133 0.000755654 0)
(0.698857 0.00074701 0)
(0.704465 0.000724329 0)
(0.709857 0.000686642 0)
(0.714934 0.00062906 0)
(0.719545 0.000545891 0)
(0.723454 0.000426845 0)
(0.72639 0.000269237 0)
(0.72807 5.46544e-05 0)
(0.727946 -0.000240143 0)
(0.725236 -0.000635305 0)
(0.719722 -0.0011798 0)
(0.708564 -0.00197165 0)
(0.693476 -0.00330657 0)
(0.658822 -0.00569145 0)
(0.626675 -0.0115171 0)
(0.461767 -0.0252727 0)
(0.46194 -0.159949 0)
(0.781774 0.0410457 0)
(0.785449 0.00437773 0)
(0.858364 0.00161917 0)
(0.871362 0.000765949 0)
(0.882191 0.000387785 0)
(0.886991 0.000200541 0)
(0.889288 9.33632e-05 0)
(0.89031 2.89412e-05 0)
(0.890316 -7.95626e-06 0)
(0.889875 -2.93712e-05 0)
(0.889173 -3.84197e-05 0)
(0.888383 -3.95409e-05 0)
(0.887643 -3.47226e-05 0)
(0.887037 -2.62149e-05 0)
(0.886622 -1.48023e-05 0)
(0.886438 -1.96033e-06 0)
(0.886505 1.17276e-05 0)
(0.886828 2.57137e-05 0)
(0.887409 3.91454e-05 0)
(0.888237 5.21938e-05 0)
(0.889298 6.40695e-05 0)
(0.890572 7.47955e-05 0)
(0.892032 8.40085e-05 0)
(0.89365 9.11722e-05 0)
(0.895389 9.69133e-05 0)
(0.89721 9.99775e-05 0)
(0.899068 0.000100826 0)
(0.900924 9.94741e-05 0)
(0.902737 9.61079e-05 0)
(0.904471 9.06789e-05 0)
(0.906088 8.21183e-05 0)
(0.907531 7.005e-05 0)
(0.908714 5.27419e-05 0)
(0.909538 3.00927e-05 0)
(0.909909 -4.7337e-07 0)
(0.909636 -4.23844e-05 0)
(0.908411 -9.9681e-05 0)
(0.90616 -0.000178148 0)
(0.901726 -0.000297984 0)
(0.89576 -0.000494706 0)
(0.881658 -0.000885263 0)
(0.868236 -0.0017632 0)
(0.791112 -0.00455042 0)
(0.784939 -0.0412922 0)
)
;

boundaryField
{
    movingWall
    {
        type            fixedValue;
        value           uniform (1 0 0);
    }
    fixedWalls
    {
        type            noSlip;
    }
    frontAndBack
    {
        type            empty;
    }
    defaultFaces
    {
        type            empty;
    }
}


// ************************************************************************* //
