/*--------------------------------*- C++ -*----------------------------------*\
  =========                 |
  \\      /  F ield         | OpenFOAM: The Open Source CFD Toolbox
   \\    /   O peration     | Website:  https://openfoam.org
    \\  /    A nd           | Version:  7
     \\/     M anipulation  |
\*---------------------------------------------------------------------------*/
FoamFile
{
    version     2.0;
    format      ascii;
    class       volVectorField;
    location    "1.18";
    object      U;
}
// * * * * * * * * * * * * * * * * * * * * * * * * * * * * * * * * * * * * * //

dimensions      [0 1 -1 0 0 0 0];

internalField   nonuniform List<vector> 
1936
(
(-1.53826 2.50283 0)
(-56.2874 159.955 0)
(-45.2224 424.925 0)
(12.4597 440.302 0)
(8.41743 326.664 0)
(6.71227 288.641 0)
(1.37472 276.653 0)
(-4.40212 274.222 0)
(-11.3129 288.216 0)
(-14.0658 329.952 0)
(-14.4138 407.703 0)
(7.79561 453.633 0)
(35.7872 374.979 0)
(34.7569 248.752 0)
(16.4544 199.893 0)
(-0.351575 203.554 0)
(-16.6775 245.484 0)
(-30.7573 371.23 0)
(-9.1087 463.415 0)
(29.037 370.739 0)
(19.2084 229.788 0)
(-5.13464 194.846 0)
(-16.6979 203.952 0)
(-38.1362 294.93 0)
(-20.0611 450.136 0)
(25.495 440.787 0)
(26.0676 289.585 0)
(5.9927 204.843 0)
(-10.0203 192.107 0)
(-30.0601 231.545 0)
(-38.3767 392.693 0)
(12.313 483.325 0)
(37.211 350.738 0)
(17.7624 219.451 0)
(3.83996 193.617 0)
(-13.0481 204.686 0)
(-36.6932 321.357 0)
(-12.9178 466.618 0)
(31.2047 406.135 0)
(23.0104 247.285 0)
(0.79249 195.84 0)
(-10.6587 196.386 0)
(-34.4584 275.173 0)
(-30.168 449.899 0)
(-5.91278 6.15116 0)
(-63.2939 2.10893 0)
(-48.9037 -3.95996 0)
(11.9053 -4.94818 0)
(4.59384 -1.04845 0)
(3.71406 0.838541 0)
(0.749442 1.15783 0)
(-3.74986 1.26038 0)
(-9.76964 0.965939 0)
(-13.1773 -0.139446 0)
(-14.9441 -2.38702 0)
(7.5542 -3.96788 0)
(35.6712 -2.31134 0)
(30.827 1.0645 0)
(11.916 3.44323 0)
(2.35566 3.6168 0)
(-14.4094 2.09489 0)
(-32.6618 -0.940176 0)
(-9.46195 -4.20012 0)
(29.1334 -2.70018 0)
(15.566 2.01443 0)
(-5.70414 4.01404 0)
(-10.5026 2.91607 0)
(-35.3061 -0.918079 0)
(-20.8478 -4.73594 0)
(27.112 -3.42617 0)
(25.5468 0.705668 0)
(2.21581 3.40195 0)
(-7.01503 3.96414 0)
(-24.0628 1.24166 0)
(-38.3021 -3.92769 0)
(13.1534 -5.13791 0)
(38.0686 -1.25385 0)
(13.0209 2.31293 0)
(2.33558 3.78652 0)
(-8.04815 3.07799 0)
(-35.6719 -0.986094 0)
(-13.4349 -4.58556 0)
(32.7535 -2.9193 0)
(19.9266 1.41342 0)
(-2.27064 3.73785 0)
(-5.05549 3.42692 0)
(-31.2841 0.037203 0)
(-31.9332 -4.59886 0)
(-4.27454 13.2824 0)
(-61.4663 4.58273 0)
(-45.1759 -9.1577 0)
(16.5838 -10.24 0)
(6.11633 -1.58656 0)
(4.67017 1.63169 0)
(0.414375 2.25318 0)
(-4.60223 2.52541 0)
(-10.944 2.01484 0)
(-14.5769 -0.103576 0)
(-15.7977 -4.91285 0)
(7.71892 -8.48739 0)
(36.3329 -4.5818 0)
(29.947 2.80713 0)
(7.61922 6.94615 0)
(-1.78892 7.07853 0)
(-18.7291 4.58864 0)
(-33.4163 -2.14407 0)
(-4.56935 -9.33754 0)
(33.5445 -5.35823 0)
(18.1051 4.43502 0)
(-1.17919 7.67901 0)
(-6.65144 6.12183 0)
(-35.2993 -0.990329 0)
(-24.0634 -9.97783 0)
(26.3619 -7.59415 0)
(29.0985 1.73379 0)
(6.88797 6.80094 0)
(-1.92128 7.74768 0)
(-20.8581 3.32781 0)
(-41.2464 -7.63112 0)
(10.029 -11.2532 0)
(39.4279 -2.33492 0)
(14.4551 5.17568 0)
(1.13812 7.35554 0)
(-9.32053 6.44566 0)
(-37.9497 -1.5811 0)
(-14.6248 -10.0769 0)
(34.6717 -6.19571 0)
(23.0889 3.39063 0)
(0.745848 7.25785 0)
(-2.69017 6.96609 0)
(-32 0.949 0)
(-33.2083 -9.80185 0)
(1.69793 19.4477 0)
(-51.9396 6.54584 0)
(-33.6374 -13.6294 0)
(13.1925 -14.4642 0)
(-1.22123 -1.95375 0)
(1.36355 2.24264 0)
(-1.0634 3.22376 0)
(-4.34454 3.60933 0)
(-8.35686 2.85893 0)
(-9.81167 -0.197721 0)
(-11.2483 -7.19271 0)
(5.99693 -12.3067 0)
(27.0078 -6.25128 0)
(19.4955 4.70333 0)
(0.369533 10.0778 0)
(-1.5348 9.8773 0)
(-13.7541 6.3275 0)
(-24.5178 -3.79956 0)
(-0.0268074 -13.8611 0)
(26.6069 -7.32196 0)
(11.126 6.31193 0)
(1.02082 10.4749 0)
(1.90101 9.03596 0)
(-23.1077 -0.426155 0)
(-20.13 -14.0389 0)
(18.866 -11.447 0)
(21.6069 2.0855 0)
(4.8116 9.3473 0)
(3.48471 10.866 0)
(-7.89688 5.63075 0)
(-31.9238 -10.0319 0)
(5.46245 -16.3982 0)
(29.156 -3.51392 0)
(7.62626 7.65492 0)
(-0.97074 10.4179 0)
(-3.30134 9.19479 0)
(-27.8411 -2.06649 0)
(-11.7731 -14.7364 0)
(26.9814 -9.10437 0)
(15.5539 4.86314 0)
(-0.485649 10.075 0)
(3.84226 10.0424 0)
(-20.5103 1.97494 0)
(-26.4743 -14.0023 0)
(10.2897 24.3173 0)
(-43.5251 8.14147 0)
(-21.7939 -16.7921 0)
(9.59119 -17.1525 0)
(-6.57095 -2.46959 0)
(-1.88752 2.36686 0)
(-2.73282 3.89628 0)
(-4.32414 4.36443 0)
(-6.30518 3.28048 0)
(-5.93495 -0.58713 0)
(-7.29032 -9.01908 0)
(3.98503 -14.914 0)
(17.9001 -7.15025 0)
(10.8219 6.40347 0)
(-4.44463 12.3544 0)
(0.144539 11.6902 0)
(-9.46142 7.22277 0)
(-16.1756 -5.50596 0)
(3.82471 -16.9582 0)
(19.8196 -8.36983 0)
(5.48017 7.42726 0)
(1.00643 12.0902 0)
(6.75734 11.0648 0)
(-13.1567 0.4365 0)
(-15.8008 -16.332 0)
(12.0904 -14.2812 0)
(15.1427 1.85568 0)
(1.79256 10.7652 0)
(5.93394 12.7834 0)
(1.23424 7.5337 0)
(-23.0776 -10.9417 0)
(1.44866 -19.6968 0)
(20.074 -4.56537 0)
(2.29726 9.32449 0)
(-2.36474 12.4738 0)
(1.70205 10.869 0)
(-19.0253 -2.36732 0)
(-8.96727 -17.7771 0)
(19.8746 -11.138 0)
(9.70661 5.70871 0)
(-2.76507 11.769 0)
(8.11057 12.0142 0)
(-11.6795 2.85707 0)
(-20.1117 -16.529 0)
(17.1165 27.4873 0)
(-35.3174 9.35953 0)
(-10.8404 -18.4053 0)
(5.77369 -18.1351 0)
(-10.0203 -3.01862 0)
(-5.26494 2.09704 0)
(-4.51024 4.15377 0)
(-4.21805 4.67729 0)
(-4.38415 3.22673 0)
(-2.87041 -1.24041 0)
(-4.18794 -10.253 0)
(1.76863 -16.1539 0)
(9.49934 -7.31184 0)
(3.61962 7.6189 0)
(-6.76948 13.5114 0)
(2.5711 12.4783 0)
(-4.85707 7.35464 0)
(-8.71986 -7.09791 0)
(6.19379 -18.3949 0)
(13.3793 -8.44054 0)
(0.270656 7.92536 0)
(-0.509181 12.6228 0)
(8.76248 11.959 0)
(-5.66039 1.33328 0)
(-11.1736 -16.8928 0)
(6.66703 -15.893 0)
(9.32047 1.32006 0)
(-2.34865 11.1525 0)
(5.98947 13.4185 0)
(6.69782 8.70074 0)
(-15.1762 -10.5027 0)
(-1.32914 -20.9986 0)
(12.3194 -5.37872 0)
(-2.25962 10.026 0)
(-2.85273 13.369 0)
(6.10647 11.4336 0)
(-11.5079 -2.38336 0)
(-6.3198 -19.1044 0)
(13.4203 -12.2122 0)
(4.56821 6.03721 0)
(-5.17335 12.3912 0)
(9.99262 12.7489 0)
(-5.05161 3.47598 0)
(-14.3267 -17.4051 0)
(20.8 28.8199 0)
(-27.1228 10.1316 0)
(-2.38361 -18.3059 0)
(1.92114 -17.4365 0)
(-11.9055 -3.45531 0)
(-8.11606 1.5405 0)
(-6.02111 3.86133 0)
(-3.92967 4.39844 0)
(-2.59734 2.70832 0)
(-0.649006 -2.02507 0)
(-2.05442 -10.7755 0)
(-0.513214 -15.9812 0)
(2.28941 -6.83068 0)
(-2.04387 8.02493 0)
(-6.84819 13.3961 0)
(4.32663 12.2473 0)
(-0.19531 6.80651 0)
(-2.67755 -8.21562 0)
(6.7338 -18.1224 0)
(7.73046 -7.51424 0)
(-4.18553 7.87373 0)
(-1.90473 12.1425 0)
(8.69858 11.6579 0)
(-0.535227 1.97847 0)
(-6.45749 -15.9659 0)
(2.82256 -16.0839 0)
(4.40403 0.759721 0)
(-5.7189 10.6686 0)
(4.55528 12.7997 0)
(9.14232 8.89282 0)
(-8.50079 -9.07135 0)
(-2.51212 -20.3545 0)
(6.1465 -5.78629 0)
(-5.5971 9.71726 0)
(-2.44244 12.9861 0)
(8.79294 10.9988 0)
(-5.44278 -2.08339 0)
(-3.82922 -18.7191 0)
(7.73251 -12.2323 0)
(-0.0243661 5.88769 0)
(-6.2761 12.0352 0)
(9.4386 12.2984 0)
(-0.352387 3.65037 0)
(-9.19733 -16.7471 0)
(21.8029 28.3021 0)
(-18.125 10.5578 0)
(2.42471 -16.4296 0)
(-1.39723 -15.335 0)
(-12.3596 -3.72489 0)
(-9.47685 0.761251 0)
(-6.6349 3.00357 0)
(-3.35335 3.51586 0)
(-1.11473 1.80756 0)
(0.688082 -2.78792 0)
(-0.856781 -10.5182 0)
(-2.57779 -14.5183 0)
(-3.19053 -5.88749 0)
(-5.96298 7.47417 0)
(-5.69688 12.0382 0)
(4.95438 11.0817 0)
(3.81462 5.68554 0)
(1.4511 -8.49368 0)
(5.5657 -16.3135 0)
(3.16908 -5.87628 0)
(-6.97203 7.36585 0)
(-2.32636 10.7922 0)
(7.65857 10.3631 0)
(2.67738 2.12289 0)
(-2.06436 -13.9093 0)
(0.381269 -14.8238 0)
(0.584867 0.29598 0)
(-7.08095 9.50948 0)
(2.7788 11.186 0)
(9.59458 8.16533 0)
(-3.12064 -7.19422 0)
(-2.26633 -18.025 0)
(1.68745 -5.66225 0)
(-7.36249 8.55897 0)
(-1.67538 11.4553 0)
(9.2247 9.79157 0)
(-0.90722 -1.65436 0)
(-1.52765 -16.7582 0)
(3.09534 -11.1703 0)
(-3.79524 5.29126 0)
(-5.93118 10.8018 0)
(7.61187 10.8694 0)
(2.75237 3.30963 0)
(-4.80879 -14.7893 0)
(20.0333 25.8516 0)
(-7.64493 10.8215 0)
(4.56799 -12.8206 0)
(-2.9039 -12.2979 0)
(-10.943 -3.83827 0)
(-8.85639 -0.184741 0)
(-5.97351 1.74317 0)
(-2.44534 2.22635 0)
(-0.059323 0.688443 0)
(1.22875 -3.36664 0)
(-0.436508 -9.50049 0)
(-4.05663 -12.1023 0)
(-6.50094 -4.73581 0)
(-7.95134 6.0433 0)
(-4.46042 9.73402 0)
(4.57137 9.14797 0)
(6.25603 4.1773 0)
(3.46149 -7.74439 0)
(3.40937 -13.3134 0)
(-0.209454 -4.06313 0)
(-7.61944 6.40653 0)
(-1.84056 8.83704 0)
(6.46908 8.46559 0)
(4.46273 1.74434 0)
(1.24588 -11.135 0)
(-0.988732 -12.3321 0)
(-2.17411 -0.0690344 0)
(-6.67353 7.85084 0)
(1.54035 8.9718 0)
(8.73986 6.7529 0)
(0.692872 -5.29113 0)
(-1.30444 -14.4877 0)
(-1.1248 -4.95376 0)
(-7.53939 6.81427 0)
(-1.07658 9.18051 0)
(8.11651 8.03287 0)
(2.23375 -1.30993 0)
(0.33447 -13.5856 0)
(-0.0824184 -9.15138 0)
(-6.08513 4.2639 0)
(-4.78685 8.89474 0)
(5.75763 8.81774 0)
(4.54559 2.53931 0)
(-1.41562 -11.9125 0)
(15.1896 21.6322 0)
(2.01093 10.7325 0)
(6.08353 -7.98301 0)
(-1.71303 -8.77581 0)
(-7.56365 -3.67872 0)
(-6.61096 -1.098 0)
(-4.31016 0.384685 0)
(-1.3604 0.819149 0)
(0.602933 -0.398777 0)
(1.26133 -3.60503 0)
(-0.488758 -7.90193 0)
(-4.64176 -9.23085 0)
(-7.57626 -3.63669 0)
(-8.04492 4.07849 0)
(-3.58664 6.95797 0)
(3.48384 6.67354 0)
(6.51445 2.62036 0)
(3.72408 -6.13938 0)
(1.2177 -9.68402 0)
(-2.41341 -2.48902 0)
(-6.63214 5.0208 0)
(-1.17527 6.6125 0)
(5.19129 6.30061 0)
(5.03913 1.09282 0)
(2.83885 -8.07229 0)
(-1.49984 -9.08894 0)
(-3.72273 -0.286446 0)
(-5.4052 5.86375 0)
(0.937173 6.5464 0)
(7.0131 4.9455 0)
(2.72447 -3.5859 0)
(-0.408815 -10.3889 0)
(-2.50066 -3.80681 0)
(-6.39698 4.81577 0)
(-0.717781 6.65938 0)
(6.36892 5.91697 0)
(3.92266 -1.04728 0)
(1.32789 -9.80172 0)
(-1.67384 -6.5706 0)
(-6.34201 3.01124 0)
(-3.48815 6.61029 0)
(4.27233 6.49488 0)
(5.07944 1.57817 0)
(0.638067 -8.59126 0)
(8.94894 16.4868 0)
(7.06238 9.85234 0)
(7.25936 -3.14732 0)
(1.20472 -5.18744 0)
(-3.16015 -3.04299 0)
(-3.52003 -1.6378 0)
(-2.22566 -0.726036 0)
(-0.240855 -0.403723 0)
(1.07268 -1.24549 0)
(1.17485 -3.45438 0)
(-0.581161 -6.03861 0)
(-4.25615 -6.45917 0)
(-6.81252 -2.74364 0)
(-6.68736 2.11792 0)
(-2.8387 4.20127 0)
(2.17947 4.11957 0)
(4.98209 1.32639 0)
(2.91015 -4.1708 0)
(-0.253232 -6.12626 0)
(-3.27004 -1.33511 0)
(-4.88451 3.44839 0)
(-0.735625 4.4504 0)
(3.73555 4.12343 0)
(4.47552 0.499709 0)
(2.80578 -5.15417 0)
(-1.44698 -5.77523 0)
(-3.85692 -0.326949 0)
(-3.86204 3.82911 0)
(0.600302 4.27976 0)
(4.86288 3.11395 0)
(3.11617 -2.20539 0)
(0.0767168 -6.48001 0)
(-2.68122 -2.52024 0)
(-4.53398 2.94306 0)
(-0.447206 4.2871 0)
(4.43843 3.77313 0)
(4.0433 -0.786681 0)
(1.43904 -6.10499 0)
(-2.02578 -4.01408 0)
(-4.97607 1.88391 0)
(-2.28567 4.30842 0)
(2.97887 4.20846 0)
(4.40537 0.768601 0)
(1.36257 -5.39603 0)
(4.42256 11.5643 0)
(7.12367 8.20409 0)
(7.01029 0.365511 0)
(3.54774 -2.09909 0)
(0.636733 -1.97297 0)
(-0.458013 -1.65643 0)
(-0.166982 -1.34619 0)
(0.831559 -1.21746 0)
(1.48399 -1.7291 0)
(1.18464 -2.98243 0)
(-0.423831 -4.24668 0)
(-3.1396 -4.19702 0)
(-4.96536 -2.09762 0)
(-4.69512 0.563693 0)
(-2.10153 1.91431 0)
(1.03667 1.98154 0)
(2.87956 0.445793 0)
(1.68985 -2.4007 0)
(-0.843061 -3.26092 0)
(-2.88204 -0.609553 0)
(-3.10555 2.01686 0)
(-0.484799 2.62063 0)
(2.27537 2.28961 0)
(3.11124 0.134178 0)
(1.89593 -2.79166 0)
(-1.10916 -3.06369 0)
(-2.90806 -0.240727 0)
(-2.41156 2.11951 0)
(0.313063 2.42597 0)
(2.84182 1.63061 0)
(2.38189 -1.20111 0)
(0.175613 -3.39932 0)
(-2.05282 -1.40574 0)
(-2.6927 1.50779 0)
(-0.245618 2.36156 0)
(2.63614 2.00285 0)
(2.94921 -0.503984 0)
(1.02395 -3.14415 0)
(-1.61428 -1.99082 0)
(-3.10738 1.05994 0)
(-1.32784 2.41637 0)
(1.79993 2.30664 0)
(3.00356 0.268148 0)
(1.21081 -2.85388 0)
(2.15918 7.73609 0)
(4.71662 6.27204 0)
(5.32158 2.10791 0)
(4.03917 -0.0387581 0)
(2.50507 -0.86793 0)
(1.57302 -1.31002 0)
(1.3823 -1.49097 0)
(1.63212 -1.56857 0)
(1.72146 -1.82498 0)
(1.20897 -2.342 0)
(-0.0485748 -2.77535 0)
(-1.76521 -2.60711 0)
(-2.91146 -1.64243 0)
(-2.79557 -0.420989 0)
(-1.41741 0.365614 0)
(0.257969 0.528194 0)
(1.22416 -0.066699 0)
(0.661691 -1.17994 0)
(-0.811435 -1.41261 0)
(-1.89793 -0.229094 0)
(-1.73027 0.973533 0)
(-0.324866 1.29278 0)
(1.13408 1.0402 0)
(1.66227 -0.00598844 0)
(0.922899 -1.21527 0)
(-0.717401 -1.29333 0)
(-1.70177 -0.114744 0)
(-1.30617 0.967447 0)
(0.0999893 1.13521 0)
(1.36851 0.675422 0)
(1.30828 -0.558271 0)
(0.0790786 -1.43894 0)
(-1.20241 -0.643779 0)
(-1.3679 0.611773 0)
(-0.150025 1.05774 0)
(1.2711 0.846237 0)
(1.56173 -0.245611 0)
(0.496858 -1.24505 0)
(-0.971252 -0.715027 0)
(-1.59456 0.559002 0)
(-0.664792 1.14876 0)
(0.915269 1.01877 0)
(1.60581 0.0446987 0)
(0.737372 -1.21553 0)
(1.12539 5.25785 0)
(2.5175 4.58609 0)
(3.28933 2.49232 0)
(3.12045 0.918905 0)
(2.57832 -0.110124 0)
(2.11324 -0.861384 0)
(1.88161 -1.32859 0)
(1.78444 -1.52907 0)
(1.57207 -1.61735 0)
(1.06779 -1.70947 0)
(0.2666 -1.74834 0)
(-0.651378 -1.62737 0)
(-1.28766 -1.30592 0)
(-1.33252 -0.877582 0)
(-0.800508 -0.492698 0)
(-0.0936503 -0.27559 0)
(0.313078 -0.317348 0)
(0.082217 -0.534005 0)
(-0.557008 -0.491334 0)
(-0.992932 -0.0592419 0)
(-0.837857 0.368587 0)
(-0.202624 0.4923 0)
(0.440729 0.362613 0)
(0.667348 -0.0142598 0)
(0.310149 -0.381153 0)
(-0.392656 -0.383855 0)
(-0.804411 -0.00584485 0)
(-0.608563 0.350144 0)
(-0.00885059 0.402535 0)
(0.514526 0.199806 0)
(0.507935 -0.207051 0)
(-0.0175347 -0.461243 0)
(-0.56363 -0.229427 0)
(-0.610809 0.171819 0)
(-0.120133 0.343772 0)
(0.452732 0.264185 0)
(0.581603 -0.0658301 0)
(0.139527 -0.304431 0)
(-0.458668 -0.0944265 0)
(-0.670073 0.300195 0)
(-0.271735 0.450145 0)
(0.388743 0.342463 0)
(0.669037 -0.0123555 0)
(0.331813 -0.380168 0)
(0.63224 3.73367 0)
(1.40688 3.40747 0)
(1.93727 2.2442 0)
(2.07528 1.16003 0)
(1.94654 0.242772 0)
(1.73376 -0.506677 0)
(1.54699 -1.01414 0)
(1.35507 -1.24356 0)
(1.09519 -1.27126 0)
(0.74955 -1.2134 0)
(0.346399 -1.14507 0)
(-0.0543722 -1.09881 0)
(-0.353961 -1.06038 0)
(-0.454617 -0.980601 0)
(-0.342919 -0.82979 0)
(-0.15025 -0.609956 0)
(-0.0515695 -0.413984 0)
(-0.132816 -0.277479 0)
(-0.317292 -0.150954 0)
(-0.426972 -0.00760415 0)
(-0.341354 0.0877359 0)
(-0.103521 0.112039 0)
(0.120031 0.080173 0)
(0.18362 0.0202041 0)
(0.0525951 -0.0271794 0)
(-0.170273 -0.0144598 0)
(-0.301647 0.0519788 0)
(-0.232546 0.0965233 0)
(-0.0322645 0.0826536 0)
(0.127123 0.0221365 0)
(0.117096 -0.0550602 0)
(-0.050938 -0.0949962 0)
(-0.222908 -0.0563771 0)
(-0.23999 0.0128311 0)
(-0.0924933 0.0494264 0)
(0.0783522 0.0491225 0)
(0.113428 0.0278495 0)
(-0.00958428 0.0447648 0)
(-0.165906 0.122069 0)
(-0.20549 0.179005 0)
(-0.0673358 0.147419 0)
(0.139862 0.0759793 0)
(0.211664 -0.00759351 0)
(0.112634 -0.0598933 0)
(0.389273 2.69667 0)
(0.943077 2.58455 0)
(1.30249 1.8768 0)
(1.43581 1.12023 0)
(1.40215 0.390288 0)
(1.25715 -0.234358 0)
(1.06284 -0.674298 0)
(0.856729 -0.89466 0)
(0.644766 -0.933635 0)
(0.443143 -0.885118 0)
(0.265704 -0.839106 0)
(0.114749 -0.844306 0)
(-0.00946717 -0.888731 0)
(-0.0975648 -0.907182 0)
(-0.136515 -0.835681 0)
(-0.14383 -0.658665 0)
(-0.152867 -0.43105 0)
(-0.172789 -0.226289 0)
(-0.186681 -0.0946087 0)
(-0.17258 -0.0390057 0)
(-0.120405 -0.028479 0)
(-0.0481428 -0.024343 0)
(0.0105893 -0.00248846 0)
(0.0262347 0.0399583 0)
(-0.00548832 0.0807505 0)
(-0.0512376 0.0897359 0)
(-0.0710523 0.0623573 0)
(-0.0498261 0.0230362 0)
(-0.0118652 -0.0115117 0)
(0.0105121 -0.0202303 0)
(0.000386676 -0.00783883 0)
(-0.0356125 0.00082865 0)
(-0.069343 -0.00519555 0)
(-0.0756387 -0.0218807 0)
(-0.0530956 -0.0268692 0)
(-0.026923 -0.00132843 0)
(-0.0210377 0.0564531 0)
(-0.0319882 0.120585 0)
(-0.0381617 0.148732 0)
(-0.0236467 0.119864 0)
(0.013078 0.0554603 0)
(0.0505596 0.0107744 0)
(0.0512526 0.0105983 0)
(0.0285263 0.02822 0)
(0.246087 1.92915 0)
(0.658242 1.9416 0)
(0.949784 1.51379 0)
(1.08015 1.00471 0)
(1.07451 0.477853 0)
(0.970393 -0.00125835 0)
(0.804668 -0.357606 0)
(0.617581 -0.566896 0)
(0.444516 -0.649601 0)
(0.303771 -0.664631 0)
(0.197872 -0.672598 0)
(0.114794 -0.705839 0)
(0.0409262 -0.754889 0)
(-0.0343339 -0.777181 0)
(-0.10495 -0.728885 0)
(-0.156391 -0.5992 0)
(-0.182342 -0.423439 0)
(-0.17897 -0.258706 0)
(-0.150316 -0.148448 0)
(-0.109738 -0.0999172 0)
(-0.0714185 -0.0843341 0)
(-0.0443317 -0.0660269 0)
(-0.0293324 -0.0233857 0)
(-0.0197008 0.0297922 0)
(-0.0102092 0.070593 0)
(-0.000545786 0.0780372 0)
(0.0109445 0.0517362 0)
(0.020494 0.0124251 0)
(0.0197002 -0.0139134 0)
(0.01154 -0.0120654 0)
(0.00272659 0.00409212 0)
(-0.002887 0.0142128 0)
(-0.00630391 0.003953 0)
(-0.0108945 -0.0159055 0)
(-0.0170564 -0.0220725 0)
(-0.0224549 0.0023403 0)
(-0.0220791 0.0505914 0)
(-0.0122023 0.0957956 0)
(0.00683958 0.110496 0)
(0.0252061 0.0863086 0)
(0.0326891 0.0451936 0)
(0.0283698 0.0229307 0)
(0.0162213 0.0324282 0)
(0.00844698 0.0466206 0)
(0.153575 1.35395 0)
(0.436689 1.41672 0)
(0.667143 1.1707 0)
(0.801464 0.852431 0)
(0.839425 0.503097 0)
(0.795874 0.169177 0)
(0.694731 -0.106399 0)
(0.564406 -0.296884 0)
(0.433183 -0.412703 0)
(0.316885 -0.480659 0)
(0.219594 -0.531154 0)
(0.13569 -0.579868 0)
(0.057316 -0.620836 0)
(-0.0196527 -0.634233 0)
(-0.0904203 -0.59996 0)
(-0.143913 -0.515912 0)
(-0.171502 -0.402721 0)
(-0.171079 -0.292079 0)
(-0.149443 -0.208318 0)
(-0.119454 -0.156007 0)
(-0.0926649 -0.121361 0)
(-0.0737113 -0.0865195 0)
(-0.059824 -0.0431386 0)
(-0.0446599 0.00181816 0)
(-0.023816 0.0338673 0)
(-0.000462786 0.042801 0)
(0.0183532 0.0323067 0)
(0.027718 0.0132906 0)
(0.0269068 0.00100378 0)
(0.0211108 0.0013702 0)
(0.0163817 0.00777863 0)
(0.0148783 0.0108006 0)
(0.0141272 0.0055313 0)
(0.0103432 -0.00177936 0)
(0.00260367 -0.000706382 0)
(-0.00491744 0.0153007 0)
(-0.00603326 0.0416632 0)
(0.00209766 0.065813 0)
(0.0155541 0.07619 0)
(0.0256356 0.0685464 0)
(0.0265175 0.0533462 0)
(0.0194793 0.0455 0)
(0.00934641 0.0498954 0)
(0.00420936 0.0499619 0)
(0.0951856 0.930266 0)
(0.278837 1.00008 0)
(0.443776 0.864397 0)
(0.559233 0.678563 0)
(0.619558 0.46419 0)
(0.624966 0.247369 0)
(0.588445 0.0516002 0)
(0.522085 -0.105499 0)
(0.440193 -0.22338 0)
(0.356035 -0.311612 0)
(0.273717 -0.380717 0)
(0.193915 -0.436062 0)
(0.116231 -0.474764 0)
(0.0419926 -0.488999 0)
(-0.0243067 -0.472581 0)
(-0.0767115 -0.427201 0)
(-0.110625 -0.363269 0)
(-0.125177 -0.29611 0)
(-0.124375 -0.236854 0)
(-0.114996 -0.188759 0)
(-0.10288 -0.14785 0)
(-0.0905397 -0.108581 0)
(-0.0772214 -0.0693173 0)
(-0.061163 -0.0337678 0)
(-0.0425916 -0.00762965 0)
(-0.0240316 0.0054544 0)
(-0.00855984 0.0077928 0)
(0.0016751 0.00523601 0)
(0.00626356 0.00379371 0)
(0.00707193 0.00550738 0)
(0.0069206 0.00849202 0)
(0.00699727 0.00985722 0)
(0.00644738 0.00899985 0)
(0.00406106 0.00863214 0)
(0.000133507 0.0125103 0)
(-0.00350291 0.0224832 0)
(-0.00429337 0.0362488 0)
(-0.000729558 0.0492529 0)
(0.00541228 0.0572518 0)
(0.0101741 0.0590861 0)
(0.0108918 0.0576814 0)
(0.00827377 0.057475 0)
(0.00364804 0.0596773 0)
(0.0024353 0.0541712 0)
(0.0584473 0.624333 0)
(0.174423 0.683698 0)
(0.284071 0.610614 0)
(0.369243 0.507021 0)
(0.426686 0.382734 0)
(0.452903 0.250559 0)
(0.451188 0.122796 0)
(0.428391 0.00650889 0)
(0.389922 -0.0915602 0)
(0.340811 -0.173227 0)
(0.285935 -0.240417 0)
(0.227511 -0.293683 0)
(0.16752 -0.331416 0)
(0.108603 -0.35094 0)
(0.0541401 -0.350934 0)
(0.008121 -0.333285 0)
(-0.0278907 -0.302881 0)
(-0.0531456 -0.266233 0)
(-0.0679113 -0.228378 0)
(-0.0751499 -0.19202 0)
(-0.0771957 -0.157158 0)
(-0.0753886 -0.123373 0)
(-0.0701852 -0.0913672 0)
(-0.0619021 -0.063182 0)
(-0.0514862 -0.0409828 0)
(-0.0405378 -0.0253718 0)
(-0.0307302 -0.0152713 0)
(-0.0231852 -0.00844361 0)
(-0.0181402 -0.0030306 0)
(-0.0150296 0.00183342 0)
(-0.0130518 0.00591769 0)
(-0.0118177 0.00890254 0)
(-0.0114512 0.0111872 0)
(-0.0121456 0.014016 0)
(-0.0134508 0.0185992 0)
(-0.0143668 0.0252496 0)
(-0.0140096 0.0332427 0)
(-0.0120374 0.0411634 0)
(-0.0089612 0.0477468 0)
(-0.0058819 0.0525208 0)
(-0.00366508 0.055954 0)
(-0.00213375 0.0588184 0)
(-0.00184125 0.0612827 0)
(0.000665177 0.0546841 0)
(0.0351269 0.407445 0)
(0.107034 0.45193 0)
(0.176643 0.413122 0)
(0.234419 0.356863 0)
(0.278687 0.287285 0)
(0.306735 0.210055 0)
(0.318914 0.130898 0)
(0.316869 0.0545947 0)
(0.303079 -0.0164432 0)
(0.27988 -0.0793009 0)
(0.249574 -0.133466 0)
(0.214267 -0.177925 0)
(0.1758 -0.211537 0)
(0.136236 -0.233268 0)
(0.0977838 -0.242845 0)
(0.0625446 -0.241243 0)
(0.032089 -0.230872 0)
(0.00729964 -0.213925 0)
(-0.0123242 -0.193072 0)
(-0.0269922 -0.170062 0)
(-0.0368241 -0.145947 0)
(-0.0428335 -0.121551 0)
(-0.0454943 -0.0979923 0)
(-0.0453104 -0.0764123 0)
(-0.0430596 -0.057771 0)
(-0.0396579 -0.0424163 0)
(-0.0359642 -0.03003 0)
(-0.0325817 -0.0199297 0)
(-0.0297702 -0.0114938 0)
(-0.0275346 -0.00438417 0)
(-0.0257978 0.00152088 0)
(-0.0245189 0.00639635 0)
(-0.0236854 0.0106634 0)
(-0.0232227 0.0148738 0)
(-0.0228997 0.0194975 0)
(-0.022353 0.0246774 0)
(-0.021252 0.0302331 0)
(-0.0194519 0.0358056 0)
(-0.0170239 0.0410535 0)
(-0.0141811 0.0457506 0)
(-0.0111223 0.0498007 0)
(-0.00774445 0.0531502 0)
(-0.00487305 0.0556275 0)
(-0.000668613 0.0494784 0)
(0.0208254 0.255857 0)
(0.0651019 0.286172 0)
(0.108309 0.265754 0)
(0.146004 0.235731 0)
(0.177247 0.197768 0)
(0.200206 0.154274 0)
(0.214602 0.107794 0)
(0.220634 0.0607263 0)
(0.218963 0.0150672 0)
(0.210261 -0.0275662 0)
(0.195833 -0.065643 0)
(0.177135 -0.0982816 0)
(0.155168 -0.12459 0)
(0.131208 -0.143936 0)
(0.106601 -0.156119 0)
(0.0825846 -0.161458 0)
(0.0601698 -0.160747 0)
(0.0400476 -0.155046 0)
(0.0225735 -0.145606 0)
(0.0079366 -0.133254 0)
(-0.00379142 -0.119001 0)
(-0.0130327 -0.103668 0)
(-0.0198435 -0.0880582 0)
(-0.0243001 -0.0729097 0)
(-0.0270435 -0.0588006 0)
(-0.0284652 -0.0460655 0)
(-0.0289603 -0.0347797 0)
(-0.0288941 -0.0248569 0)
(-0.0284898 -0.0161683 0)
(-0.0278814 -0.00860645 0)
(-0.0271692 -0.00207217 0)
(-0.026431 0.00358202 0)
(-0.0256939 0.00857788 0)
(-0.0249212 0.0131711 0)
(-0.0240573 0.017575 0)
(-0.0230041 0.0219166 0)
(-0.0216277 0.0262035 0)
(-0.0198471 0.0303731 0)
(-0.0176402 0.0343361 0)
(-0.0150264 0.0379889 0)
(-0.0120305 0.0412149 0)
(-0.00858557 0.0438883 0)
(-0.00521337 0.0458332 0)
(-0.00120995 0.0406128 0)
(0.0130062 0.15394 0)
(0.0418494 0.172877 0)
(0.0698598 0.162056 0)
(0.0951906 0.146048 0)
(0.117278 0.125543 0)
(0.134892 0.101579 0)
(0.14768 0.0753016 0)
(0.155478 0.0478993 0)
(0.158453 0.0204965 0)
(0.15721 -0.00594277 0)
(0.151863 -0.0303096 0)
(0.142698 -0.0519507 0)
(0.130729 -0.0702384 0)
(0.116741 -0.0847223 0)
(0.10149 -0.0951775 0)
(0.0857197 -0.10162 0)
(0.0700921 -0.104288 0)
(0.0551504 -0.103592 0)
(0.0413014 -0.100039 0)
(0.0288179 -0.0941642 0)
(0.0178604 -0.0865194 0)
(0.008488 -0.077685 0)
(0.000700207 -0.0680923 0)
(-0.00558 -0.0582455 0)
(-0.0105252 -0.0485324 0)
(-0.0143118 -0.039233 0)
(-0.0171127 -0.0305253 0)
(-0.0191096 -0.0225082 0)
(-0.0204585 -0.0152202 0)
(-0.0212858 -0.00866813 0)
(-0.0216949 -0.00282974 0)
(-0.0217767 0.00235335 0)
(-0.0215916 0.00697408 0)
(-0.0211675 0.011142 0)
(-0.0204884 0.014954 0)
(-0.0195313 0.0184927 0)
(-0.0182867 0.0218 0)
(-0.0167304 0.0248838 0)
(-0.0148489 0.0277267 0)
(-0.012645 0.0302889 0)
(-0.0101245 0.032511 0)
(-0.0072646 0.0343199 0)
(-0.00433303 0.0356128 0)
(-0.00120844 0.0314148 0)
(0.00907493 0.0898658 0)
(0.0300959 0.100944 0)
(0.0502256 0.0949593 0)
(0.0689106 0.0861124 0)
(0.0857623 0.0747214 0)
(0.0999081 0.0612698 0)
(0.111064 0.0463175 0)
(0.119034 0.0304787 0)
(0.12378 0.0143868 0)
(0.1254 -0.00134548 0)
(0.124074 -0.0163261 0)
(0.120069 -0.0298982 0)
(0.113765 -0.0416658 0)
(0.105605 -0.0513308 0)
(0.0960606 -0.0587061 0)
(0.085601 -0.0637288 0)
(0.0746725 -0.0664539 0)
(0.0636743 -0.0670371 0)
(0.0529432 -0.0657094 0)
(0.0427475 -0.0627514 0)
(0.0332884 -0.0584707 0)
(0.0247032 -0.0531867 0)
(0.0170722 -0.0472088 0)
(0.010427 -0.0408295 0)
(0.0047276 -0.0343086 0)
(-8.01729e-05 -0.0278494 0)
(-0.00406357 -0.0216114 0)
(-0.00728162 -0.015713 0)
(-0.00981184 -0.0102298 0)
(-0.0117605 -0.00520292 0)
(-0.0131859 -0.000646849 0)
(-0.0141479 0.00344881 0)
(-0.014709 0.00711572 0)
(-0.0149132 0.0104082 0)
(-0.0147796 0.0133718 0)
(-0.0143242 0.0160451 0)
(-0.0135626 0.0184635 0)
(-0.0125015 0.0206471 0)
(-0.0111491 0.0225998 0)
(-0.0095213 0.0243117 0)
(-0.00763491 0.0257601 0)
(-0.00549752 0.0269128 0)
(-0.0032499 0.0277205 0)
(-0.00099266 0.0243676 0)
(0.00695528 0.0488477 0)
(0.0237395 0.0546856 0)
(0.0394789 0.0512761 0)
(0.0543794 0.0462783 0)
(0.0681485 0.0398465 0)
(0.0800798 0.0322139 0)
(0.0899401 0.0236727 0)
(0.0975591 0.0145598 0)
(0.102861 0.00523254 0)
(0.105803 -0.00395972 0)
(0.106485 -0.0127438 0)
(0.10512 -0.0207687 0)
(0.101902 -0.0277786 0)
(0.0970709 -0.0335766 0)
(0.090914 -0.0380309 0)
(0.0837417 -0.0410792 0)
(0.075864 -0.0427266 0)
(0.0675748 -0.0430393 0)
(0.0591396 -0.0421332 0)
(0.050789 -0.0401625 0)
(0.0427158 -0.037305 0)
(0.0350735 -0.0337524 0)
(0.0279733 -0.0296981 0)
(0.0214893 -0.0253271 0)
(0.0156614 -0.0208081 0)
(0.0105081 -0.0162883 0)
(0.0060243 -0.0118888 0)
(0.00217365 -0.00767394 0)
(-0.00107602 -0.00375557 0)
(-0.00374482 -0.000147936 0)
(-0.00586903 0.00313976 0)
(-0.00750398 0.00610509 0)
(-0.00868244 0.00874947 0)
(-0.00945009 0.011083 0)
(-0.00984789 0.0131507 0)
(-0.00989117 0.0149792 0)
(-0.00961102 0.0165957 0)
(-0.00902813 0.0180205 0)
(-0.00816072 0.0192645 0)
(-0.00703451 0.0203305 0)
(-0.00567649 0.0212147 0)
(-0.00411281 0.0219073 0)
(-0.00242322 0.0223874 0)
(-0.000779836 0.0196285 0)
(0.00547536 0.0207661 0)
(0.0192022 0.0229963 0)
(0.0316493 0.0211316 0)
(0.0435996 0.0184571 0)
(0.0548503 0.0150388 0)
(0.0647506 0.0109653 0)
(0.0730851 0.00639866 0)
(0.0797784 0.00151677 0)
(0.0847801 -0.00346457 0)
(0.0879155 -0.0083576 0)
(0.0892861 -0.0129164 0)
(0.0890545 -0.0170331 0)
(0.087263 -0.0205528 0)
(0.0840709 -0.0233599 0)
(0.0796779 -0.025377 0)
(0.0743031 -0.0265659 0)
(0.0681754 -0.0269271 0)
(0.0615209 -0.0264971 0)
(0.0545543 -0.025348 0)
(0.0474742 -0.0235722 0)
(0.0404601 -0.0212723 0)
(0.0336636 -0.0185666 0)
(0.0272018 -0.0155755 0)
(0.0211604 -0.0124228 0)
(0.0155996 -0.0092081 0)
(0.0105796 -0.0060258 0)
(0.00617027 -0.00295625 0)
(0.00226571 -5.57187e-05 0)
(-0.00115768 0.00263602 0)
(-0.00391961 0.00508273 0)
(-0.00607661 0.00725295 0)
(-0.00778173 0.00914618 0)
(-0.00907422 0.0107927 0)
(-0.00993243 0.0122052 0)
(-0.0103704 0.0134364 0)
(-0.0104252 0.0144747 0)
(-0.0101066 0.0153651 0)
(-0.00944931 0.0161286 0)
(-0.00849417 0.0167786 0)
(-0.00727966 0.0173207 0)
(-0.00583943 0.0177633 0)
(-0.00420517 0.0181081 0)
(-0.00244224 0.0183516 0)
(-0.000783437 0.0160633 0)
(0.00397842 0.00177012 0)
(0.0145777 0.001603 0)
(0.0235786 0.000685966 0)
(0.0323409 -0.000560095 0)
(0.0406138 -0.0021209 0)
(0.0478316 -0.00390944 0)
(0.0539413 -0.0058509 0)
(0.0587897 -0.00783904 0)
(0.0622589 -0.00981264 0)
(0.0644197 -0.0116727 0)
(0.0652094 -0.0132893 0)
(0.0645306 -0.0146274 0)
(0.0625168 -0.0156132 0)
(0.0593333 -0.0161949 0)
(0.0551453 -0.0163425 0)
(0.0501285 -0.0160459 0)
(0.0444701 -0.015312 0)
(0.0383555 -0.0141597 0)
(0.0319783 -0.0126692 0)
(0.0255364 -0.0109116 0)
(0.0191962 -0.00891126 0)
(0.0130932 -0.00674693 0)
(0.00732849 -0.00449668 0)
(0.00198629 -0.00222253 0)
(-0.00285719 3.05522e-07 0)
(-0.00715775 0.00211975 0)
(-0.0109037 0.00409368 0)
(-0.0140588 0.00586512 0)
(-0.0166181 0.00746216 0)
(-0.018634 0.00884337 0)
(-0.0201127 0.00999423 0)
(-0.0210193 0.0109243 0)
(-0.0213607 0.0116648 0)
(-0.0211781 0.0122532 0)
(-0.020579 0.0127044 0)
(-0.0195914 0.0130495 0)
(-0.0181896 0.013313 0)
(-0.0164385 0.01352 0)
(-0.0143864 0.0136913 0)
(-0.0120731 0.0138442 0)
(-0.00952916 0.0139784 0)
(-0.00677986 0.0140849 0)
(-0.0039071 0.0141567 0)
(-0.00122841 0.0123747 0)
(0.00209724 -0.0093224 0)
(0.00874066 -0.0107866 0)
(0.0134385 -0.0110924 0)
(0.0182324 -0.0113752 0)
(0.0228565 -0.011654 0)
(0.0267095 -0.011886 0)
(0.0296424 -0.0120425 0)
(0.0314828 -0.0120784 0)
(0.0321331 -0.0119934 0)
(0.0316453 -0.0117527 0)
(0.0300235 -0.011395 0)
(0.0272925 -0.0108516 0)
(0.0235691 -0.0101222 0)
(0.0189988 -0.00920664 0)
(0.0137198 -0.00811218 0)
(0.00788103 -0.00685378 0)
(0.00166245 -0.00545486 0)
(-0.00482084 -0.00395334 0)
(-0.0113584 -0.00239292 0)
(-0.0176533 -0.0007324 0)
(-0.023615 0.000907265 0)
(-0.0292053 0.00249065 0)
(-0.0343082 0.00398276 0)
(-0.0388199 0.00535757 0)
(-0.0426637 0.0065784 0)
(-0.0457855 0.007623 0)
(-0.0481615 0.00847684 0)
(-0.0497789 0.00912933 0)
(-0.050646 0.00958599 0)
(-0.0507928 0.00985944 0)
(-0.0502456 0.00998313 0)
(-0.0490249 0.00997837 0)
(-0.0471689 0.0098559 0)
(-0.044746 0.0096453 0)
(-0.0418389 0.0093551 0)
(-0.0385072 0.00905341 0)
(-0.0347928 0.00874323 0)
(-0.0307405 0.00844647 0)
(-0.0263897 0.00818479 0)
(-0.0217921 0.00797799 0)
(-0.0170011 0.00782526 0)
(-0.0120355 0.00772053 0)
(-0.00696025 0.00765845 0)
(-0.00218428 0.00668919 0)
(-4.88771e-05 -0.0132479 0)
(0.00191555 -0.0150436 0)
(0.00155379 -0.0149654 0)
(0.00155174 -0.0145775 0)
(0.00144972 -0.01393 0)
(0.000672853 -0.0130705 0)
(-0.000867819 -0.0120076 0)
(-0.00332658 -0.0107755 0)
(-0.0067158 -0.00937131 0)
(-0.0109037 -0.00783039 0)
(-0.0158904 -0.0061898 0)
(-0.0216389 -0.00447847 0)
(-0.0279927 -0.00273488 0)
(-0.0347578 -0.000991916 0)
(-0.0418007 0.000723266 0)
(-0.0490041 0.00238108 0)
(-0.0562303 0.00394468 0)
(-0.0633573 0.00537254 0)
(-0.0701652 0.0067206 0)
(-0.0765456 0.00793227 0)
(-0.0824411 0.00893811 0)
(-0.0876679 0.00972536 0)
(-0.0921107 0.010284 0)
(-0.0956865 0.0105981 0)
(-0.0983356 0.0106771 0)
(-0.100016 0.0105244 0)
(-0.100702 0.0101507 0)
(-0.100389 0.00957329 0)
(-0.099087 0.00881972 0)
(-0.0968165 0.00792199 0)
(-0.093625 0.00691974 0)
(-0.0895659 0.00584971 0)
(-0.084668 0.00474834 0)
(-0.0790181 0.00365461 0)
(-0.0727423 0.00259857 0)
(-0.0659695 0.00161847 0)
(-0.0588148 0.000735418 0)
(-0.051353 -3.60596e-05 0)
(-0.0436537 -0.000688804 0)
(-0.0357748 -0.00122379 0)
(-0.0277567 -0.00163695 0)
(-0.0195901 -0.00192896 0)
(-0.0113329 -0.00210018 0)
(-0.00355691 -0.00188911 0)
(-0.0024166 -0.0111276 0)
(-0.00575301 -0.0125515 0)
(-0.0118395 -0.0122871 0)
(-0.0173736 -0.0114793 0)
(-0.0229566 -0.0102305 0)
(-0.0290978 -0.00862836 0)
(-0.0358464 -0.00675436 0)
(-0.0432224 -0.0046888 0)
(-0.0511287 -0.00248942 0)
(-0.0593852 -0.000226811 0)
(-0.0678626 0.00203452 0)
(-0.0764724 0.00424338 0)
(-0.0851727 0.00634742 0)
(-0.09391 0.00830297 0)
(-0.102536 0.010076 0)
(-0.110887 0.0116361 0)
(-0.118836 0.0129512 0)
(-0.126263 0.0139962 0)
(-0.13312 0.0148162 0)
(-0.139359 0.0152683 0)
(-0.144842 0.0154143 0)
(-0.149455 0.0152424 0)
(-0.153111 0.0147465 0)
(-0.155742 0.0139295 0)
(-0.157292 0.0128064 0)
(-0.157717 0.0113988 0)
(-0.15698 0.0097357 0)
(-0.15506 0.007852 0)
(-0.151943 0.00579208 0)
(-0.147603 0.00360659 0)
(-0.142072 0.00134419 0)
(-0.135432 -0.00093261 0)
(-0.12777 -0.0031669 0)
(-0.119145 -0.00530013 0)
(-0.109621 -0.00727783 0)
(-0.0992885 -0.00904887 0)
(-0.0882761 -0.010577 0)
(-0.0767672 -0.0118411 0)
(-0.0649331 -0.0128398 0)
(-0.0529278 -0.0135921 0)
(-0.0408659 -0.0141226 0)
(-0.0287524 -0.0144714 0)
(-0.0166291 -0.0146754 0)
(-0.00522688 -0.0130423 0)
(-0.00497455 -0.00384264 0)
(-0.0141062 -0.00435393 0)
(-0.0263572 -0.00398458 0)
(-0.0379035 -0.00287274 0)
(-0.049428 -0.00122502 0)
(-0.0612532 0.000762555 0)
(-0.0731978 0.00294252 0)
(-0.0850582 0.00521048 0)
(-0.0967064 0.0074918 0)
(-0.10808 0.00973517 0)
(-0.119055 0.011896 0)
(-0.129504 0.0139287 0)
(-0.139402 0.0157844 0)
(-0.148757 0.0174228 0)
(-0.157535 0.0188089 0)
(-0.165687 0.0199132 0)
(-0.173164 0.0207088 0)
(-0.179897 0.0211723 0)
(-0.185919 0.0212469 0)
(-0.191237 0.0209409 0)
(-0.195744 0.0202495 0)
(-0.199385 0.0191662 0)
(-0.202108 0.0176926 0)
(-0.20386 0.0158369 0)
(-0.204593 0.0136199 0)
(-0.204257 0.0110679 0)
(-0.202801 0.00821713 0)
(-0.200182 0.00510854 0)
(-0.196346 0.00179045 0)
(-0.191272 -0.00167613 0)
(-0.184906 -0.00523028 0)
(-0.177196 -0.00879892 0)
(-0.16816 -0.0123074 0)
(-0.157797 -0.0156714 0)
(-0.146111 -0.0188108 0)
(-0.133143 -0.0216424 0)
(-0.118999 -0.0240917 0)
(-0.103865 -0.026097 0)
(-0.087987 -0.0276232 0)
(-0.0716509 -0.0286758 0)
(-0.0551652 -0.0292959 0)
(-0.0386788 -0.0295931 0)
(-0.0223264 -0.0296913 0)
(-0.00702283 -0.0264503 0)
(-0.0077423 0.00786416 0)
(-0.0232064 0.00867834 0)
(-0.0420849 0.00908581 0)
(-0.0599281 0.0102268 0)
(-0.0772827 0.0117934 0)
(-0.0942371 0.013491 0)
(-0.110324 0.0151922 0)
(-0.125234 0.0168324 0)
(-0.138839 0.0183879 0)
(-0.151153 0.0198717 0)
(-0.162228 0.021291 0)
(-0.172128 0.0226181 0)
(-0.180957 0.0238071 0)
(-0.188833 0.0248119 0)
(-0.195852 0.0255873 0)
(-0.202087 0.0260951 0)
(-0.207591 0.0262988 0)
(-0.212388 0.0261716 0)
(-0.216539 0.0256296 0)
(-0.22008 0.0246956 0)
(-0.22299 0.0233471 0)
(-0.225253 0.0215729 0)
(-0.22685 0.0193725 0)
(-0.227752 0.0167509 0)
(-0.227924 0.0137271 0)
(-0.22732 0.010323 0)
(-0.225889 0.00657221 0)
(-0.223583 0.00251031 0)
(-0.220313 -0.00181654 0)
(-0.21599 -0.00635535 0)
(-0.210518 -0.0110402 0)
(-0.203762 -0.0158055 0)
(-0.195602 -0.0205782 0)
(-0.185904 -0.0252668 0)
(-0.174532 -0.0297765 0)
(-0.161369 -0.0339926 0)
(-0.146352 -0.0377903 0)
(-0.129505 -0.0410352 0)
(-0.110987 -0.0435995 0)
(-0.0911024 -0.0453995 0)
(-0.0704013 -0.0463877 0)
(-0.0492847 -0.0467178 0)
(-0.028352 -0.0465723 0)
(-0.00890937 -0.0415934 0)
(-0.0109322 0.0232556 0)
(-0.0336522 0.0256012 0)
(-0.0598343 0.0258135 0)
(-0.0840911 0.0262545 0)
(-0.10621 0.0268251 0)
(-0.126254 0.0272006 0)
(-0.143721 0.0274404 0)
(-0.15856 0.027596 0)
(-0.170918 0.0277471 0)
(-0.18109 0.0279632 0)
(-0.189394 0.0282717 0)
(-0.196139 0.0286453 0)
(-0.201605 0.0290223 0)
(-0.206029 0.0293339 0)
(-0.209607 0.0295094 0)
(-0.212496 0.0294925 0)
(-0.214815 0.0292255 0)
(-0.216653 0.0286614 0)
(-0.218093 0.0277344 0)
(-0.219196 0.0264239 0)
(-0.219996 0.0247043 0)
(-0.220513 0.0225562 0)
(-0.22076 0.0199741 0)
(-0.220735 0.0169541 0)
(-0.220428 0.01351 0)
(-0.219815 0.00965418 0)
(-0.218859 0.00541182 0)
(-0.21751 0.000807158 0)
(-0.215684 -0.00412389 0)
(-0.213286 -0.00934598 0)
(-0.210183 -0.014815 0)
(-0.206198 -0.0204789 0)
(-0.201119 -0.0262885 0)
(-0.194691 -0.0321724 0)
(-0.186613 -0.0380506 0)
(-0.176541 -0.0438102 0)
(-0.164119 -0.0493044 0)
(-0.149004 -0.0543449 0)
(-0.130986 -0.058688 0)
(-0.109996 -0.0620972 0)
(-0.08661 -0.0642399 0)
(-0.061137 -0.0652087 0)
(-0.0352882 -0.0648693 0)
(-0.0111278 -0.0581111 0)
(-0.0152818 0.0419463 0)
(-0.0467471 0.0454549 0)
(-0.0801178 0.0447544 0)
(-0.109479 0.043026 0)
(-0.133168 0.0413058 0)
(-0.152444 0.0392228 0)
(-0.167165 0.0371706 0)
(-0.178034 0.0352819 0)
(-0.185692 0.0337039 0)
(-0.190817 0.0325046 0)
(-0.193976 0.03168 0)
(-0.195649 0.0311607 0)
(-0.19622 0.0308377 0)
(-0.195983 0.0306041 0)
(-0.195164 0.0303557 0)
(-0.193943 0.0300132 0)
(-0.192458 0.0294951 0)
(-0.19082 0.0287406 0)
(-0.189119 0.0276739 0)
(-0.187428 0.0262606 0)
(-0.185813 0.0244654 0)
(-0.184324 0.0222599 0)
(-0.183002 0.0196351 0)
(-0.181878 0.0165776 0)
(-0.180974 0.0130966 0)
(-0.180301 0.00919444 0)
(-0.179858 0.00488738 0)
(-0.179611 0.000187763 0)
(-0.179523 -0.00489037 0)
(-0.179542 -0.0103251 0)
(-0.179541 -0.0161054 0)
(-0.179359 -0.0222038 0)
(-0.178777 -0.0286111 0)
(-0.177497 -0.0352959 0)
(-0.17513 -0.0422286 0)
(-0.171167 -0.049348 0)
(-0.164983 -0.0565509 0)
(-0.155795 -0.0636763 0)
(-0.142823 -0.0704257 0)
(-0.125092 -0.0764761 0)
(-0.102773 -0.0810302 0)
(-0.0747114 -0.0840892 0)
(-0.044512 -0.0841625 0)
(-0.0144464 -0.07609 0)
(-0.0220375 0.064262 0)
(-0.0639739 0.0670947 0)
(-0.101685 0.063987 0)
(-0.132407 0.0579006 0)
(-0.152088 0.0525727 0)
(-0.16551 0.0472063 0)
(-0.173067 0.0425381 0)
(-0.17654 0.0385757 0)
(-0.176965 0.0354211 0)
(-0.175279 0.0330483 0)
(-0.172128 0.0313736 0)
(-0.168003 0.0302504 0)
(-0.163256 0.0295043 0)
(-0.158142 0.0289841 0)
(-0.152841 0.0285523 0)
(-0.147495 0.0281107 0)
(-0.142221 0.0275602 0)
(-0.137119 0.026835 0)
(-0.132274 0.0258384 0)
(-0.127756 0.0245425 0)
(-0.123654 0.0229031 0)
(-0.12004 0.0208852 0)
(-0.116984 0.0184798 0)
(-0.114551 0.0156667 0)
(-0.1128 0.0124527 0)
(-0.111787 0.00883299 0)
(-0.111558 0.00481613 0)
(-0.112124 0.000406492 0)
(-0.113513 -0.00440333 0)
(-0.115736 -0.00960107 0)
(-0.118729 -0.0152036 0)
(-0.122405 -0.0212123 0)
(-0.126616 -0.0276606 0)
(-0.131129 -0.0345673 0)
(-0.135602 -0.0419727 0)
(-0.139523 -0.049907 0)
(-0.142186 -0.058374 0)
(-0.142521 -0.0673509 0)
(-0.139324 -0.0766143 0)
(-0.130366 -0.0859999 0)
(-0.115275 -0.0942329 0)
(-0.0888854 -0.101616 0)
(-0.0577703 -0.103593 0)
(-0.0202026 -0.0962317 0)
(-0.0323721 0.0909073 0)
(-0.0857632 0.0884177 0)
(-0.119949 0.0807319 0)
(-0.145723 0.06805 0)
(-0.154462 0.0584411 0)
(-0.157275 0.0497452 0)
(-0.154425 0.042854 0)
(-0.14868 0.0373536 0)
(-0.141027 0.0331864 0)
(-0.132367 0.0301604 0)
(-0.123163 0.0280845 0)
(-0.113742 0.0267309 0)
(-0.104299 0.0258681 0)
(-0.0949619 0.0253118 0)
(-0.0858171 0.0249029 0)
(-0.0769348 0.0245361 0)
(-0.0683826 0.0241045 0)
(-0.0602416 0.023536 0)
(-0.0525791 0.0227535 0)
(-0.0454648 0.0217069 0)
(-0.0390064 0.0203596 0)
(-0.0332948 0.018675 0)
(-0.0284292 0.0166469 0)
(-0.0245093 0.0142526 0)
(-0.0216343 0.0114982 0)
(-0.0199064 0.0083759 0)
(-0.0194212 0.00488845 0)
(-0.0202483 0.00103782 0)
(-0.0224803 -0.00319729 0)
(-0.0262054 -0.00780988 0)
(-0.0314471 -0.0128382 0)
(-0.0382252 -0.0183016 0)
(-0.0465176 -0.0242669 0)
(-0.0562365 -0.0307956 0)
(-0.0672112 -0.0379917 0)
(-0.0791004 -0.0459837 0)
(-0.0913899 -0.0549057 0)
(-0.103039 -0.0649534 0)
(-0.112928 -0.0761027 0)
(-0.117683 -0.0886845 0)
(-0.117189 -0.101154 0)
(-0.0992417 -0.11514 0)
(-0.0757721 -0.121279 0)
(-0.0296062 -0.119644 0)
(-0.0457724 0.122168 0)
(-0.109426 0.106051 0)
(-0.126192 0.091681 0)
(-0.139549 0.0712872 0)
(-0.131279 0.0579138 0)
(-0.120814 0.0468106 0)
(-0.106628 0.0387101 0)
(-0.0919986 0.0325711 0)
(-0.0772467 0.0281343 0)
(-0.062927 0.0250341 0)
(-0.0491012 0.0229926 0)
(-0.0358003 0.021728 0)
(-0.022995 0.0209798 0)
(-0.0106528 0.0205538 0)
(0.00125088 0.0202879 0)
(0.0127211 0.0200825 0)
(0.0237366 0.0198354 0)
(0.034246 0.0194761 0)
(0.0441861 0.0189516 0)
(0.0534777 0.0181977 0)
(0.0620032 0.0171891 0)
(0.0696474 0.0158909 0)
(0.0762821 0.0143016 0)
(0.0817728 0.0123991 0)
(0.0859829 0.0101901 0)
(0.0887688 0.00766726 0)
(0.0899889 0.00482964 0)
(0.089515 0.00168045 0)
(0.087199 -0.00180685 0)
(0.0828887 -0.00562744 0)
(0.0764663 -0.00982969 0)
(0.0678044 -0.0144398 0)
(0.056787 -0.0195405 0)
(0.0433253 -0.0252173 0)
(0.0273574 -0.0316114 0)
(0.00893998 -0.038922 0)
(-0.0118213 -0.0473868 0)
(-0.0342315 -0.0574177 0)
(-0.05793 -0.0692281 0)
(-0.0789072 -0.0838788 0)
(-0.0991865 -0.0998936 0)
(-0.0973392 -0.121592 0)
(-0.095969 -0.134124 0)
(-0.0419749 -0.147025 0)
(-0.0576415 0.156741 0)
(-0.127033 0.115982 0)
(-0.108511 0.0940157 0)
(-0.103469 0.0669919 0)
(-0.0754312 0.051556 0)
(-0.0521856 0.0396596 0)
(-0.0283565 0.0316066 0)
(-0.00711256 0.0257641 0)
(0.0123707 0.0217227 0)
(0.0300719 0.0190042 0)
(0.0464301 0.0172974 0)
(0.0617398 0.0163105 0)
(0.0762585 0.0157896 0)
(0.0901622 0.0155549 0)
(0.103566 0.0154599 0)
(0.116533 0.0154208 0)
(0.129073 0.0153497 0)
(0.141151 0.0151902 0)
(0.152701 0.0148932 0)
(0.163625 0.0144096 0)
(0.173795 0.01372 0)
(0.183068 0.0127935 0)
(0.191287 0.0116324 0)
(0.198289 0.010218 0)
(0.203902 0.00855736 0)
(0.207952 0.00664565 0)
(0.210259 0.00447997 0)
(0.210652 0.00206558 0)
(0.20894 -0.000621696 0)
(0.204924 -0.00357871 0)
(0.198414 -0.00685219 0)
(0.189196 -0.0104682 0)
(0.177038 -0.0145074 0)
(0.161696 -0.0190586 0)
(0.142882 -0.0242683 0)
(0.120355 -0.0303618 0)
(0.0937273 -0.0376207 0)
(0.0631795 -0.0465929 0)
(0.0277962 -0.0576685 0)
(-0.00841453 -0.0725766 0)
(-0.051901 -0.0902353 0)
(-0.0718562 -0.118524 0)
(-0.110461 -0.138497 0)
(-0.0523096 -0.177364 0)
(-0.0571701 0.190548 0)
(-0.124477 0.114975 0)
(-0.05457 0.0865443 0)
(-0.0292756 0.0563957 0)
(0.0165035 0.0412269 0)
(0.0489665 0.0302779 0)
(0.0787109 0.0233444 0)
(0.103137 0.0184946 0)
(0.124345 0.0152715 0)
(0.142842 0.013182 0)
(0.159525 0.0119377 0)
(0.174956 0.0112792 0)
(0.189564 0.0109899 0)
(0.203619 0.0109227 0)
(0.217288 0.0109599 0)
(0.230661 0.0110375 0)
(0.243759 0.0110869 0)
(0.256548 0.0110682 0)
(0.26895 0.0109409 0)
(0.280849 0.0106694 0)
(0.292099 0.0102408 0)
(0.302532 0.00963057 0)
(0.31197 0.0088431 0)
(0.320224 0.00786422 0)
(0.327099 0.00670048 0)
(0.332399 0.00534991 0)
(0.335921 0.00380896 0)
(0.33747 0.00208452 0)
(0.336828 0.000157237 0)
(0.333774 -0.00196972 0)
(0.328075 -0.00433521 0)
(0.319466 -0.00695996 0)
(0.307645 -0.00991091 0)
(0.29226 -0.013265 0)
(0.272864 -0.0171488 0)
(0.248985 -0.0217707 0)
(0.219802 -0.0273951 0)
(0.185004 -0.0345891 0)
(0.142279 -0.0438011 0)
(0.095149 -0.0571001 0)
(0.0312762 -0.0740248 0)
(-0.0114776 -0.10515 0)
(-0.105299 -0.131642 0)
(-0.049425 -0.20675 0)
(-0.0269178 0.216252 0)
(-0.0827494 0.10202 0)
(0.0448801 0.0705082 0)
(0.0868436 0.0421405 0)
(0.143799 0.0293704 0)
(0.180003 0.0206844 0)
(0.211032 0.0154857 0)
(0.235021 0.0119605 0)
(0.255067 0.00969939 0)
(0.272053 0.00828362 0)
(0.287169 0.00748573 0)
(0.30113 0.00710726 0)
(0.314452 0.00698687 0)
(0.327438 0.00701886 0)
(0.340262 0.00711883 0)
(0.353012 0.00724331 0)
(0.365705 0.00734459 0)
(0.378296 0.00739593 0)
(0.390694 0.00736924 0)
(0.402765 0.0072398 0)
(0.414349 0.00700084 0)
(0.425263 0.00663433 0)
(0.435315 0.00614521 0)
(0.444303 0.00552384 0)
(0.452022 0.00477528 0)
(0.458271 0.00389975 0)
(0.462835 0.00289373 0)
(0.465518 0.00176456 0)
(0.466096 0.000497713 0)
(0.464348 -0.000902823 0)
(0.460029 -0.00246564 0)
(0.452864 -0.00420462 0)
(0.442529 -0.00616806 0)
(0.42863 -0.00841314 0)
(0.410648 -0.0110335 0)
(0.38799 -0.0141921 0)
(0.359574 -0.0180969 0)
(0.324753 -0.0232273 0)
(0.280132 -0.0299845 0)
(0.228545 -0.0403204 0)
(0.152167 -0.0543209 0)
(0.0916145 -0.0832813 0)
(-0.0620136 -0.113213 0)
(-0.0160485 -0.228018 0)
(0.0548902 0.224082 0)
(0.0183423 0.079197 0)
(0.193178 0.0494083 0)
(0.243535 0.0273614 0)
(0.302382 0.0182466 0)
(0.33657 0.0124015 0)
(0.364565 0.00904774 0)
(0.38515 0.00683676 0)
(0.401851 0.00545864 0)
(0.415692 0.00462088 0)
(0.427933 0.00417085 0)
(0.439309 0.00398037 0)
(0.450327 0.00394675 0)
(0.461269 0.00400503 0)
(0.472287 0.00410243 0)
(0.48345 0.00421289 0)
(0.494759 0.00430799 0)
(0.506159 0.00436997 0)
(0.517553 0.00438375 0)
(0.528798 0.00433337 0)
(0.539735 0.00421618 0)
(0.550179 0.0040204 0)
(0.559942 0.00375005 0)
(0.56883 0.00339943 0)
(0.576641 0.0029715 0)
(0.583189 0.00246763 0)
(0.588269 0.00188457 0)
(0.5917 0.00122866 0)
(0.593275 0.000489993 0)
(0.592792 -0.000327535 0)
(0.590029 -0.00124238 0)
(0.584731 -0.00226246 0)
(0.576597 -0.0034177 0)
(0.565255 -0.00474463 0)
(0.5502 -0.00630224 0)
(0.530839 -0.00819794 0)
(0.506034 -0.01057 0)
(0.47502 -0.0137495 0)
(0.433948 -0.0180367 0)
(0.384995 -0.0248746 0)
(0.307233 -0.0346826 0)
(0.239101 -0.0570647 0)
(0.0387694 -0.0858485 0)
(0.0684747 -0.231579 0)
(0.209406 0.204334 0)
(0.194925 0.0510538 0)
(0.386768 0.0280255 0)
(0.435005 0.0147043 0)
(0.486331 0.00940374 0)
(0.513944 0.00623221 0)
(0.535818 0.00444901 0)
(0.551213 0.00330691 0)
(0.56341 0.00260657 0)
(0.573331 0.00218832 0)
(0.582079 0.0019677 0)
(0.590279 0.00187891 0)
(0.59835 0.00186932 0)
(0.606519 0.00190683 0)
(0.614901 0.00196408 0)
(0.623541 0.0020279 0)
(0.632435 0.00208424 0)
(0.641524 0.0021233 0)
(0.650721 0.00213896 0)
(0.659899 0.00212225 0)
(0.668922 0.00207285 0)
(0.677629 0.00198419 0)
(0.68586 0.00185866 0)
(0.693452 0.00169359 0)
(0.700236 0.00148988 0)
(0.706056 0.00124918 0)
(0.710744 0.000968638 0)
(0.714151 0.000652715 0)
(0.716109 0.000295503 0)
(0.716458 -0.000100323 0)
(0.715017 -0.000544608 0)
(0.711582 -0.00104134 0)
(0.705912 -0.00160551 0)
(0.697704 -0.0022566 0)
(0.686539 -0.00302488 0)
(0.671921 -0.00396737 0)
(0.652858 -0.00515979 0)
(0.628663 -0.00677899 0)
(0.59578 -0.00901714 0)
(0.555832 -0.0126591 0)
(0.488622 -0.0182604 0)
(0.425939 -0.0317248 0)
(0.2124 -0.0543123 0)
(0.223436 -0.208201 0)
(0.450941 0.159072 0)
(0.454081 0.0250637 0)
(0.616154 0.0116186 0)
(0.652132 0.00597531 0)
(0.688245 0.00366089 0)
(0.706595 0.00240129 0)
(0.720822 0.00168542 0)
(0.730521 0.00124225 0)
(0.73808 0.000969901 0)
(0.74413 0.000807069 0)
(0.749423 0.000718081 0)
(0.754371 0.000679027 0)
(0.759254 0.000670361 0)
(0.764222 0.000680578 0)
(0.769354 0.000699015 0)
(0.774681 0.000720269 0)
(0.780201 0.000739698 0)
(0.785877 0.00075264 0)
(0.791651 0.00075823 0)
(0.797444 0.000752089 0)
(0.803165 0.000734799 0)
(0.808715 0.000703532 0)
(0.813989 0.000659086 0)
(0.818882 0.000600948 0)
(0.823287 0.000528483 0)
(0.827103 0.000443324 0)
(0.830221 0.000343177 0)
(0.832546 0.00023061 0)
(0.833971 0.000102756 0)
(0.834391 -3.92727e-05 0)
(0.83369 -0.000199147 0)
(0.831735 -0.000378963 0)
(0.82837 -0.000583741 0)
(0.823394 -0.000821944 0)
(0.816528 -0.00110473 0)
(0.807441 -0.00145454 0)
(0.795445 -0.00190308 0)
(0.780072 -0.0025155 0)
(0.758752 -0.00339189 0)
(0.732584 -0.00480416 0)
(0.686392 -0.0072062 0)
(0.641792 -0.0128729 0)
(0.465476 -0.026236 0)
(0.461524 -0.160502 0)
(0.781439 0.0411847 0)
(0.789382 0.0045197 0)
(0.865421 0.00177774 0)
(0.880227 0.000921771 0)
(0.894729 0.000543992 0)
(0.901841 0.000357663 0)
(0.907325 0.000248351 0)
(0.911014 0.000182878 0)
(0.913874 0.000142021 0)
(0.916133 0.000117251 0)
(0.918072 0.000102841 0)
(0.919839 9.5624e-05 0)
(0.921538 9.29041e-05 0)
(0.923227 9.31244e-05 0)
(0.924942 9.47048e-05 0)
(0.926697 9.67299e-05 0)
(0.928497 9.87623e-05 0)
(0.930332 9.9855e-05 0)
(0.932187 0.000100231 0)
(0.934037 9.90185e-05 0)
(0.935857 9.64485e-05 0)
(0.937615 9.20589e-05 0)
(0.939278 8.59056e-05 0)
(0.940814 7.80655e-05 0)
(0.942188 6.81893e-05 0)
(0.943367 5.67667e-05 0)
(0.944317 4.31828e-05 0)
(0.945004 2.7995e-05 0)
(0.945392 1.067e-05 0)
(0.945446 -8.65252e-06 0)
(0.945124 -3.04314e-05 0)
(0.944379 -5.51605e-05 0)
(0.943154 -8.33558e-05 0)
(0.941374 -0.000116514 0)
(0.938934 -0.000156105 0)
(0.935711 -0.000205507 0)
(0.931438 -0.000269759 0)
(0.925942 -0.000357432 0)
(0.91819 -0.000487937 0)
(0.908646 -0.000691805 0)
(0.890983 -0.00107862 0)
(0.873776 -0.00193143 0)
(0.792938 -0.0046804 0)
(0.785076 -0.0413917 0)
)
;

boundaryField
{
    movingWall
    {
        type            fixedValue;
        value           uniform (1 0 0);
    }
    fixedWalls
    {
        type            noSlip;
    }
    frontAndBack
    {
        type            empty;
    }
    defaultFaces
    {
        type            empty;
    }
}


// ************************************************************************* //
