/*--------------------------------*- C++ -*----------------------------------*\
  =========                 |
  \\      /  F ield         | OpenFOAM: The Open Source CFD Toolbox
   \\    /   O peration     | Website:  https://openfoam.org
    \\  /    A nd           | Version:  7
     \\/     M anipulation  |
\*---------------------------------------------------------------------------*/
FoamFile
{
    version     2.0;
    format      ascii;
    class       volVectorField;
    location    "0.21";
    object      U;
}
// * * * * * * * * * * * * * * * * * * * * * * * * * * * * * * * * * * * * * //

dimensions      [0 1 -1 0 0 0 0];

internalField   nonuniform List<vector> 
1936
(
(-14.0814 3.4252 0)
(-72.0697 190.551 0)
(-30.3481 430.471 0)
(-3.516 455.728 0)
(-9.22899 432.629 0)
(-0.659416 444.796 0)
(12.5946 430.614 0)
(22.1402 372.325 0)
(17.3068 310.369 0)
(1.72383 287.766 0)
(-10.2854 292.834 0)
(-25.4471 356.123 0)
(-20.8467 488.066 0)
(23.7087 500.53 0)
(35.0495 355.054 0)
(16.2275 260.276 0)
(2.2854 248.449 0)
(-16.7363 278.382 0)
(-33.3999 420.492 0)
(6.07191 523.271 0)
(38.9353 406.697 0)
(19.9321 268.544 0)
(3.73723 242.562 0)
(-11.6776 257.626 0)
(-36.2908 380.262 0)
(-9.02887 517.339 0)
(33.4448 435.563 0)
(17.187 284.27 0)
(-2.44249 246.393 0)
(-16.8149 257.996 0)
(-39.6289 378.624 0)
(-5.07608 519.662 0)
(35.5982 444.995 0)
(21.2756 291.986 0)
(2.62492 248.404 0)
(-9.95055 252.854 0)
(-31.3202 331.368 0)
(-30.8079 489.441 0)
(20.5999 485.725 0)
(32.2369 320.186 0)
(4.33987 245.974 0)
(-5.48262 247.972 0)
(-29.7497 320.152 0)
(-28.8094 485.403 0)
(-15.8143 8.27061 0)
(-79.3569 0.743174 0)
(-33.9609 -4.25482 0)
(-5.47561 -2.79242 0)
(-10.9865 -1.31206 0)
(-1.47859 -1.9922 0)
(12.3616 -1.91478 0)
(20.9811 -0.384657 0)
(14.3689 1.69246 0)
(0.482476 2.89215 0)
(-6.73977 2.54269 0)
(-23.0233 -0.17241 0)
(-21.5715 -3.96521 0)
(24.899 -3.98627 0)
(34.0237 -0.297962 0)
(11.032 2.82201 0)
(2.92266 3.82823 0)
(-12.5036 2.14957 0)
(-33.7045 -2.44448 0)
(6.1566 -4.78738 0)
(39.341 -1.74402 0)
(14.9863 2.26276 0)
(2.4463 3.86304 0)
(-6.91844 2.9548 0)
(-35.9557 -1.12949 0)
(-9.60919 -4.48927 0)
(34.4826 -2.39013 0)
(13.5357 2.02076 0)
(-3.58146 3.99773 0)
(-10.7657 2.72121 0)
(-37.8891 -2.06185 0)
(-5.32373 -5.09034 0)
(37.2289 -2.26927 0)
(18.2485 1.76347 0)
(-0.222579 3.55641 0)
(-4.96521 3.23221 0)
(-29.9237 0.587996 0)
(-32.5393 -3.60349 0)
(21.4491 -4.65649 0)
(28.7304 -0.0693011 0)
(0.660054 3.64406 0)
(-0.780614 3.55965 0)
(-26.8487 0.430339 0)
(-30.6076 -4.06552 0)
(-5.76088 17.1561 0)
(-73.0432 2.18191 0)
(-35.9641 -9.16556 0)
(-7.21306 -5.91037 0)
(-9.83667 -2.68864 0)
(-1.43148 -4.20221 0)
(12.1743 -4.01317 0)
(21.0906 -0.670747 0)
(14.5531 3.55189 0)
(0.855336 5.60212 0)
(-6.3015 5.15111 0)
(-23.6724 0.20989 0)
(-23.9043 -8.30489 0)
(24.1652 -8.64334 0)
(35.271 -0.078618 0)
(10.4045 5.95308 0)
(0.931298 7.42379 0)
(-14.2933 4.77835 0)
(-36.7179 -4.79802 0)
(4.07067 -10.5394 0)
(40.5621 -3.35432 0)
(15.2606 5.09097 0)
(0.707188 7.50209 0)
(-8.8085 6.23477 0)
(-38.5041 -1.95212 0)
(-10.3065 -9.96444 0)
(36.9105 -4.97529 0)
(16.5628 4.50193 0)
(-0.296847 7.6885 0)
(-7.47825 5.87776 0)
(-39.6914 -3.47569 0)
(-9.18382 -11.0274 0)
(37.4664 -4.86969 0)
(21.1457 4.11091 0)
(0.608731 7.01798 0)
(-5.00301 6.61691 0)
(-31.9801 1.74115 0)
(-30.2535 -7.97662 0)
(26.5381 -9.80404 0)
(30.2812 0.58377 0)
(0.857717 7.23813 0)
(-1.02566 7.09029 0)
(-28.5377 1.60772 0)
(-32.1531 -8.76431 0)
(3.55369 24.0468 0)
(-60.3845 4.42635 0)
(-31.132 -12.5661 0)
(-10.4792 -8.96451 0)
(-10.5294 -4.36865 0)
(-2.55489 -6.18687 0)
(7.93332 -5.78314 0)
(14.0776 -0.859725 0)
(8.5072 5.07668 0)
(-0.471993 7.7242 0)
(-1.9006 7.25352 0)
(-14.5103 0.688618 0)
(-19.1473 -11.7689 0)
(17.6942 -12.5902 0)
(25.3758 0.136117 0)
(3.53687 8.71913 0)
(0.321791 10.3782 0)
(-7.21441 6.92975 0)
(-28.2549 -6.6428 0)
(1.49497 -15.3905 0)
(30.3189 -4.76959 0)
(7.18955 7.57263 0)
(-1.45996 10.5652 0)
(-3.17981 8.88394 0)
(-28.8991 -2.68699 0)
(-8.45215 -14.6335 0)
(28.7761 -7.30187 0)
(9.99332 6.35154 0)
(0.347049 10.535 0)
(2.02067 8.76083 0)
(-28.5906 -3.99733 0)
(-9.53552 -15.8391 0)
(27.8385 -7.41366 0)
(14.2767 5.93548 0)
(-1.60757 9.984 0)
(0.549558 9.51601 0)
(-22.7928 2.51541 0)
(-21.2402 -11.9301 0)
(23.214 -13.8019 0)
(19.4842 1.45924 0)
(-2.74083 10.1728 0)
(3.03774 9.98832 0)
(-18.4318 2.64095 0)
(-25.8876 -12.6492 0)
(11.9343 29.3727 0)
(-48.9513 7.1766 0)
(-25.8264 -14.3938 0)
(-12.24 -11.6646 0)
(-11.1265 -6.48387 0)
(-4.2991 -8.00346 0)
(3.02629 -7.08429 0)
(7.01714 -0.935573 0)
(3.02471 6.10374 0)
(-1.7728 8.97568 0)
(1.04013 8.44284 0)
(-7.31648 1.02193 0)
(-14.5669 -13.8781 0)
(11.4743 -15.2006 0)
(16.941 0.316026 0)
(-1.725 10.6427 0)
(0.510461 12.2487 0)
(-1.88189 8.27383 0)
(-20.5592 -7.72995 0)
(-0.755329 -18.5106 0)
(21.2554 -5.75834 0)
(1.13404 9.26266 0)
(-2.66491 12.5606 0)
(1.35703 10.481 0)
(-20.538 -3.17754 0)
(-6.54834 -17.68 0)
(21.4664 -8.95436 0)
(4.97633 7.37063 0)
(-0.571313 12.1157 0)
(7.88757 10.6896 0)
(-18.8386 -3.7432 0)
(-9.38679 -18.7142 0)
(19.0446 -9.40752 0)
(8.82112 7.00587 0)
(-3.77939 11.9259 0)
(5.25965 11.3874 0)
(-15.1502 2.89553 0)
(-12.7775 -14.7133 0)
(19.5268 -16.0321 0)
(10.5608 2.3075 0)
(-5.63265 11.8888 0)
(5.99504 11.7091 0)
(-10.7739 3.35761 0)
(-20.0048 -15.0454 0)
(18.8337 32.8941 0)
(-37.0156 10.2485 0)
(-19.8136 -14.6722 0)
(-12.0017 -13.7012 0)
(-11.3813 -8.68985 0)
(-6.36553 -9.48581 0)
(-2.0227 -7.87738 0)
(0.389802 -1.00078 0)
(-1.88479 6.50088 0)
(-2.94904 9.28118 0)
(2.78434 8.65718 0)
(-2.11077 1.16968 0)
(-10.3138 -14.5988 0)
(6.08644 -16.3837 0)
(9.80283 0.435613 0)
(-5.55673 11.5323 0)
(1.22288 12.9846 0)
(2.69579 8.81881 0)
(-13.6785 -7.98005 0)
(-2.20724 -19.7982 0)
(13.5357 -6.27797 0)
(-3.57911 9.99632 0)
(-2.85987 13.3961 0)
(5.44025 11.0228 0)
(-13.3573 -3.3328 0)
(-4.65516 -19.0326 0)
(14.9429 -9.81846 0)
(0.413678 7.66901 0)
(-2.15974 12.5616 0)
(10.5023 11.4435 0)
(-10.797 -2.9294 0)
(-8.44012 -19.5764 0)
(11.4857 -10.7164 0)
(3.80192 7.29342 0)
(-5.1878 12.7382 0)
(8.42114 12.0995 0)
(-8.69819 2.87368 0)
(-5.72994 -16.1537 0)
(15.3307 -16.4532 0)
(3.41592 3.0884 0)
(-7.59348 12.3985 0)
(7.67497 12.2294 0)
(-4.98834 3.73948 0)
(-14.6202 -15.9789 0)
(22.8583 34.1888 0)
(-23.485 13.3062 0)
(-12.8009 -13.3857 0)
(-9.80405 -14.7252 0)
(-10.7665 -10.5171 0)
(-8.04721 -10.4677 0)
(-6.2795 -8.16366 0)
(-5.00938 -1.11439 0)
(-5.68758 6.14601 0)
(-3.71619 8.62637 0)
(3.31999 7.96217 0)
(1.18187 1.08614 0)
(-6.48045 -14.0503 0)
(1.90119 -16.1268 0)
(4.00684 0.447906 0)
(-7.55513 11.3138 0)
(1.76789 12.5553 0)
(6.23765 8.61004 0)
(-7.72651 -7.39352 0)
(-2.60962 -19.2877 0)
(7.31101 -6.27268 0)
(-6.70095 9.73203 0)
(-2.28153 12.9892 0)
(8.12918 10.6219 0)
(-7.41974 -3.11589 0)
(-2.80104 -18.7003 0)
(9.25391 -9.78708 0)
(-3.51357 7.34221 0)
(-3.07027 11.9835 0)
(10.4559 11.0482 0)
(-4.73998 -1.8905 0)
(-6.58636 -18.6031 0)
(5.53747 -11.1158 0)
(-0.675035 6.82257 0)
(-5.31145 12.3856 0)
(9.23137 11.6836 0)
(-3.49858 2.43051 0)
(-0.646724 -16.1101 0)
(10.7375 -15.2282 0)
(-1.83211 3.65472 0)
(-7.81655 11.8317 0)
(7.6494 11.6728 0)
(-0.802981 3.71168 0)
(-9.7491 -15.538 0)
(23.167 32.885 0)
(-8.78519 15.7505 0)
(-4.99091 -10.5461 0)
(-5.97145 -14.3789 0)
(-8.78738 -11.5049 0)
(-8.50427 -10.7773 0)
(-8.77258 -7.98568 0)
(-8.36695 -1.36445 0)
(-7.78214 5.05964 0)
(-3.90149 7.17146 0)
(3.049 6.60376 0)
(2.89215 0.679209 0)
(-3.17372 -12.5143 0)
(-0.974291 -14.5484 0)
(-0.357865 0.308541 0)
(-7.86813 10.1184 0)
(1.80613 11.0784 0)
(8.1216 7.78777 0)
(-2.83595 -6.23563 0)
(-2.09327 -17.1691 0)
(2.63433 -5.74261 0)
(-8.09999 8.64014 0)
(-1.54801 11.4736 0)
(8.81792 9.49607 0)
(-2.74141 -2.6865 0)
(-1.09397 -16.8386 0)
(4.51358 -8.87255 0)
(-6.24766 6.52666 0)
(-3.0719 10.5252 0)
(8.87113 9.73854 0)
(-0.599816 -0.999856 0)
(-4.00189 -16.1702 0)
(1.41106 -10.4482 0)
(-4.10489 5.75479 0)
(-4.52256 10.9779 0)
(8.29018 10.334 0)
(0.387046 1.64231 0)
(2.30181 -14.6506 0)
(6.10328 -12.7327 0)
(-5.22424 3.84569 0)
(-6.5671 10.3953 0)
(6.57038 10.2568 0)
(2.08965 3.27169 0)
(-5.44235 -13.9015 0)
(19.2133 29.0366 0)
(4.11836 16.8343 0)
(2.71413 -6.47053 0)
(-1.11126 -12.4867 0)
(-5.44748 -11.3153 0)
(-7.34738 -10.2906 0)
(-9.09345 -7.41131 0)
(-9.317 -1.77858 0)
(-7.99534 3.44844 0)
(-3.53696 5.24718 0)
(2.47639 4.83629 0)
(3.40971 -0.0130285 0)
(-0.729371 -10.3323 0)
(-2.66871 -11.954 0)
(-3.32974 0.0278885 0)
(-7.16965 8.24255 0)
(1.32372 8.8958 0)
(8.06612 6.41882 0)
(0.683302 -4.82385 0)
(-1.18879 -13.8418 0)
(-0.526843 -4.74362 0)
(-7.90779 7.00635 0)
(-1.01377 9.21159 0)
(7.97092 7.83192 0)
(0.732241 -2.23429 0)
(0.240793 -13.7784 0)
(1.0375 -7.23282 0)
(-7.20367 5.29961 0)
(-2.52078 8.4644 0)
(6.96017 7.87678 0)
(2.06028 -0.513422 0)
(-1.34019 -12.8058 0)
(-0.969213 -8.76501 0)
(-5.91706 4.31577 0)
(-3.44144 8.8185 0)
(6.69702 8.34427 0)
(2.95864 0.708136 0)
(3.34762 -12.0371 0)
(2.19283 -9.5216 0)
(-6.70331 3.53779 0)
(-4.7932 8.38076 0)
(5.28536 8.31677 0)
(3.91916 2.48135 0)
(-1.97093 -11.3658 0)
(12.553 23.4935 0)
(11.3352 16.0074 0)
(8.49903 -2.10214 0)
(3.66161 -9.29283 0)
(-1.48068 -9.84558 0)
(-4.90925 -9.01907 0)
(-7.5362 -6.51441 0)
(-8.19355 -2.21097 0)
(-6.77917 1.66924 0)
(-2.85315 3.17676 0)
(1.81208 2.9125 0)
(3.07147 -0.749155 0)
(0.473653 -7.85156 0)
(-3.33713 -8.8616 0)
(-4.89164 -0.271359 0)
(-5.97014 5.99384 0)
(0.684789 6.43888 0)
(6.52761 4.65156 0)
(2.54443 -3.40016 0)
(-0.527155 -9.92505 0)
(-2.31918 -3.45503 0)
(-6.55389 5.10466 0)
(-0.6797 6.69986 0)
(6.31668 5.78418 0)
(2.84576 -1.76246 0)
(0.91644 -10.067 0)
(-1.0741 -5.22514 0)
(-6.42995 3.81569 0)
(-1.83871 6.16412 0)
(5.15709 5.79162 0)
(3.42363 -0.37995 0)
(0.49015 -9.11496 0)
(-1.93105 -6.44752 0)
(-5.85537 2.79208 0)
(-2.45989 6.32754 0)
(5.00668 6.00397 0)
(4.09178 -0.044732 0)
(3.00612 -8.74834 0)
(-0.34418 -6.24587 0)
(-6.33171 2.81674 0)
(-3.20702 6.14607 0)
(4.12046 6.15143 0)
(4.61994 1.53053 0)
(0.257275 -8.32849 0)
(6.69464 17.5797 0)
(12.0869 13.5347 0)
(10.7635 1.27506 0)
(6.79225 -5.58936 0)
(1.92573 -7.38046 0)
(-1.9901 -7.11356 0)
(-4.86965 -5.36858 0)
(-5.84782 -2.49423 0)
(-4.88601 0.107662 0)
(-2.08965 1.28187 0)
(1.1246 1.15019 0)
(2.24536 -1.28972 0)
(0.561755 -5.45905 0)
(-3.18779 -5.86715 0)
(-4.96165 -0.500197 0)
(-4.52693 3.70992 0)
(0.143537 4.09259 0)
(4.30269 2.86535 0)
(2.76731 -2.16241 0)
(-0.280646 -6.15921 0)
(-2.84837 -2.15838 0)
(-4.65725 3.24212 0)
(-0.450294 4.36048 0)
(4.35228 3.68794 0)
(3.34719 -1.27124 0)
(0.949298 -6.38763 0)
(-1.89347 -3.27936 0)
(-4.68079 2.38595 0)
(-1.23772 3.98294 0)
(3.46 3.71889 0)
(3.466 -0.364671 0)
(1.12704 -5.68799 0)
(-1.97976 -4.08545 0)
(-4.47432 1.52596 0)
(-1.64217 3.94334 0)
(3.32861 3.69521 0)
(3.73986 -0.41246 0)
(1.99483 -5.45467 0)
(-1.42805 -3.49013 0)
(-4.76328 1.96182 0)
(-1.98273 4.03165 0)
(2.96818 3.99702 0)
(4.13907 0.735321 0)
(1.16976 -5.31855 0)
(3.49715 12.3235 0)
(9.08659 10.3973 0)
(9.70477 3.05973 0)
(7.47016 -2.38074 0)
(3.80326 -4.58277 0)
(0.438543 -4.92343 0)
(-2.09638 -4.07578 0)
(-3.22115 -2.48924 0)
(-2.88122 -0.962423 0)
(-1.27548 -0.154996 0)
(0.631232 -0.192139 0)
(1.36315 -1.527 0)
(0.186953 -3.49827 0)
(-2.5033 -3.48955 0)
(-3.87857 -0.628923 0)
(-3.10263 1.80104 0)
(-0.267181 2.16344 0)
(2.20316 1.41609 0)
(1.87925 -1.22182 0)
(-0.305547 -3.20193 0)
(-2.38772 -1.12159 0)
(-2.85827 1.74774 0)
(-0.325768 2.45144 0)
(2.48649 1.94936 0)
(2.5342 -0.805141 0)
(0.618203 -3.39673 0)
(-1.72788 -1.74108 0)
(-2.87005 1.26926 0)
(-0.788123 2.2327 0)
(1.95753 1.9791 0)
(2.50126 -0.333273 0)
(0.91486 -3.02633 0)
(-1.51268 -2.18873 0)
(-2.77363 0.678903 0)
(-1.01139 2.05927 0)
(1.83256 1.84572 0)
(2.48305 -0.439748 0)
(1.01948 -2.80135 0)
(-1.41927 -1.57614 0)
(-2.94367 1.20506 0)
(-1.10309 2.31018 0)
(1.85395 2.20046 0)
(2.8853 0.238235 0)
(1.13981 -2.86735 0)
(2.14162 8.37089 0)
(5.50031 7.45259 0)
(6.79686 3.4461 0)
(5.98261 -0.199476 0)
(3.8982 -2.17715 0)
(1.70484 -2.91292 0)
(-0.0931217 -2.81513 0)
(-1.06667 -2.20728 0)
(-1.12357 -1.50276 0)
(-0.42507 -1.04986 0)
(0.454503 -1.00377 0)
(0.734337 -1.49902 0)
(-0.0607735 -2.14163 0)
(-1.59425 -1.93824 0)
(-2.4162 -0.652462 0)
(-1.93027 0.532287 0)
(-0.488234 0.820431 0)
(0.767184 0.473299 0)
(0.803902 -0.625898 0)
(-0.35923 -1.3592 0)
(-1.52524 -0.479498 0)
(-1.54981 0.766646 0)
(-0.283437 1.134 0)
(1.10057 0.806894 0)
(1.31314 -0.442694 0)
(0.223507 -1.45978 0)
(-1.13481 -0.750349 0)
(-1.52843 0.561175 0)
(-0.490194 1.03733 0)
(0.875085 0.817193 0)
(1.30857 -0.259452 0)
(0.460358 -1.34301 0)
(-0.902475 -0.97699 0)
(-1.45076 0.211614 0)
(-0.587819 0.838492 0)
(0.76766 0.682249 0)
(1.18594 -0.30612 0)
(0.365561 -1.11945 0)
(-0.931482 -0.486392 0)
(-1.51877 0.677095 0)
(-0.532704 1.13279 0)
(0.983435 0.987432 0)
(1.57788 0.0148736 0)
(0.723215 -1.25923 0)
(1.33779 5.7889 0)
(2.92164 5.23507 0)
(3.96041 3.059 0)
(3.85779 0.915232 0)
(2.95666 -0.580431 0)
(1.84787 -1.43789 0)
(0.836097 -1.79197 0)
(0.196055 -1.79895 0)
(0.0126998 -1.63432 0)
(0.185556 -1.45085 0)
(0.421873 -1.32877 0)
(0.384335 -1.32847 0)
(-0.083373 -1.34143 0)
(-0.792155 -1.10402 0)
(-1.20769 -0.603606 0)
(-1.04602 -0.122858 0)
(-0.457888 0.065191 0)
(0.0801452 -0.0139312 0)
(0.153564 -0.313203 0)
(-0.305942 -0.475267 0)
(-0.775969 -0.165003 0)
(-0.739832 0.252848 0)
(-0.232673 0.386059 0)
(0.319555 0.227648 0)
(0.440753 -0.2034 0)
(-0.0122396 -0.491234 0)
(-0.588725 -0.241309 0)
(-0.713526 0.197503 0)
(-0.290216 0.357034 0)
(0.272697 0.215813 0)
(0.479074 -0.175934 0)
(0.13448 -0.496579 0)
(-0.432498 -0.367093 0)
(-0.651093 0.00205265 0)
(-0.326035 0.203539 0)
(0.18946 0.124512 0)
(0.363807 -0.164964 0)
(0.042369 -0.304584 0)
(-0.461325 -0.0143627 0)
(-0.643975 0.363777 0)
(-0.203203 0.466756 0)
(0.445905 0.343652 0)
(0.684183 -0.0279651 0)
(0.339329 -0.416158 0)
(0.819888 4.09652 0)
(1.67802 3.82093 0)
(2.30723 2.57641 0)
(2.41406 1.29239 0)
(2.08859 0.23205 0)
(1.56714 -0.555901 0)
(1.05602 -1.08841 0)
(0.673824 -1.3896 0)
(0.466776 -1.49795 0)
(0.387367 -1.4582 0)
(0.327579 -1.31477 0)
(0.188302 -1.12894 0)
(-0.0373289 -0.93694 0)
(-0.290032 -0.740872 0)
(-0.453127 -0.546571 0)
(-0.432535 -0.377585 0)
(-0.267167 -0.264002 0)
(-0.0973585 -0.208826 0)
(-0.0594124 -0.188874 0)
(-0.183543 -0.157719 0)
(-0.309021 -0.0480208 0)
(-0.289982 0.0425907 0)
(-0.135386 0.0584165 0)
(0.029979 0.0127436 0)
(0.0618166 -0.0695075 0)
(-0.0713632 -0.112153 0)
(-0.237636 -0.0387116 0)
(-0.270648 0.0468746 0)
(-0.135875 0.052962 0)
(0.0414247 -0.0185527 0)
(0.107504 -0.118246 0)
(0.00858 -0.170138 0)
(-0.163966 -0.136163 0)
(-0.237099 -0.0739162 0)
(-0.156178 -0.0519683 0)
(-0.0245395 -0.0711326 0)
(0.0201808 -0.0832786 0)
(-0.0594111 -0.0228887 0)
(-0.176188 0.110761 0)
(-0.198436 0.192459 0)
(-0.0357872 0.163914 0)
(0.182477 0.0904016 0)
(0.240804 0.00263818 0)
(0.121768 -0.0603982 0)
(0.524048 2.90725 0)
(1.15677 2.85254 0)
(1.62953 2.13849 0)
(1.76155 1.35649 0)
(1.66779 0.590071 0)
(1.41752 -0.0763525 0)
(1.1001 -0.615864 0)
(0.809809 -1.00134 0)
(0.57309 -1.21194 0)
(0.386903 -1.24719 0)
(0.23253 -1.13935 0)
(0.0985194 -0.953835 0)
(-0.000993858 -0.762081 0)
(-0.0667406 -0.613454 0)
(-0.108118 -0.51401 0)
(-0.116618 -0.439118 0)
(-0.0961011 -0.362352 0)
(-0.0684039 -0.26642 0)
(-0.0543836 -0.172497 0)
(-0.0605735 -0.0931375 0)
(-0.06958 -0.0417559 0)
(-0.059453 -0.0292174 0)
(-0.024912 -0.0356666 0)
(0.00671306 -0.0370224 0)
(0.00630111 -0.0240076 0)
(-0.0201686 -0.00213167 0)
(-0.0467632 0.00881906 0)
(-0.0450362 -0.00697491 0)
(-0.0159488 -0.0443135 0)
(0.0123166 -0.079832 0)
(0.020821 -0.0905294 0)
(0.00337379 -0.0817736 0)
(-0.0317321 -0.0761513 0)
(-0.0546441 -0.0875499 0)
(-0.0509188 -0.107965 0)
(-0.040265 -0.101207 0)
(-0.0432889 -0.050574 0)
(-0.0470781 0.0308558 0)
(-0.040673 0.0985994 0)
(-0.022827 0.102335 0)
(0.0236118 0.061948 0)
(0.0741316 0.0328431 0)
(0.0775338 0.0367689 0)
(0.0372579 0.0516668 0)
(0.33252 2.01235 0)
(0.807569 2.0835 0)
(1.21504 1.7008 0)
(1.39965 1.2338 0)
(1.41429 0.723616 0)
(1.3093 0.203175 0)
(1.11603 -0.259983 0)
(0.877774 -0.626314 0)
(0.639473 -0.857862 0)
(0.426729 -0.943536 0)
(0.253322 -0.906079 0)
(0.128131 -0.795823 0)
(0.0557327 -0.669629 0)
(0.0240622 -0.566475 0)
(0.00941359 -0.493329 0)
(-0.00323686 -0.432609 0)
(-0.0140536 -0.362329 0)
(-0.0178802 -0.275079 0)
(-0.0103917 -0.184416 0)
(0.00807101 -0.112247 0)
(0.0291307 -0.0711676 0)
(0.0426863 -0.0568575 0)
(0.0476768 -0.0506898 0)
(0.0482057 -0.038747 0)
(0.0485942 -0.0173057 0)
(0.050316 0.000390368 0)
(0.0552725 -0.00226586 0)
(0.0630252 -0.0262489 0)
(0.0640058 -0.0582158 0)
(0.0567528 -0.0761678 0)
(0.0479679 -0.0744429 0)
(0.0419784 -0.0654269 0)
(0.0353314 -0.0657017 0)
(0.0258027 -0.0773251 0)
(0.0113994 -0.0869869 0)
(-0.00767117 -0.0749337 0)
(-0.0191936 -0.0343293 0)
(-0.0122909 0.0202277 0)
(0.00499589 0.0559956 0)
(0.017894 0.0585012 0)
(0.0260934 0.0433634 0)
(0.0274045 0.0415802 0)
(0.0189032 0.0606623 0)
(0.00601882 0.0728716 0)
(0.19795 1.35102 0)
(0.509707 1.4575 0)
(0.816058 1.26817 0)
(1.00795 1.00657 0)
(1.09371 0.68862 0)
(1.08598 0.338499 0)
(0.998507 -0.00861849 0)
(0.852066 -0.304389 0)
(0.677465 -0.516547 0)
(0.501872 -0.630919 0)
(0.347914 -0.658441 0)
(0.228651 -0.62728 0)
(0.147527 -0.570452 0)
(0.0981046 -0.511131 0)
(0.0665936 -0.456726 0)
(0.04214 -0.402135 0)
(0.0234773 -0.339936 0)
(0.014529 -0.269763 0)
(0.0182181 -0.200066 0)
(0.0327526 -0.141827 0)
(0.0501059 -0.101595 0)
(0.0624917 -0.0766642 0)
(0.0682329 -0.0582921 0)
(0.0713667 -0.0405716 0)
(0.0773144 -0.0243234 0)
(0.0870943 -0.0154989 0)
(0.0967725 -0.0180265 0)
(0.101123 -0.0314436 0)
(0.0967795 -0.047848 0)
(0.0864387 -0.0571332 0)
(0.0761395 -0.0583211 0)
(0.0690384 -0.0559942 0)
(0.0628746 -0.0565727 0)
(0.0521501 -0.0589648 0)
(0.0346651 -0.058528 0)
(0.0162572 -0.0460222 0)
(0.00510151 -0.0207214 0)
(0.00452201 0.00910411 0)
(0.00962109 0.0317661 0)
(0.0121205 0.0422765 0)
(0.00996242 0.046771 0)
(0.00438805 0.0557457 0)
(-1.58027e-05 0.0711063 0)
(-0.00160999 0.0740573 0)
(0.111313 0.890004 0)
(0.294226 0.984179 0)
(0.491893 0.89177 0)
(0.639878 0.750708 0)
(0.736414 0.565208 0)
(0.776425 0.348193 0)
(0.763275 0.12088 0)
(0.70337 -0.0879286 0)
(0.609759 -0.255907 0)
(0.500589 -0.369972 0)
(0.392584 -0.431054 0)
(0.297529 -0.450755 0)
(0.220577 -0.443675 0)
(0.161389 -0.421495 0)
(0.116179 -0.390373 0)
(0.0811289 -0.351438 0)
(0.0551679 -0.305178 0)
(0.0392625 -0.254382 0)
(0.0338556 -0.204144 0)
(0.0370067 -0.159536 0)
(0.0444977 -0.12312 0)
(0.0521717 -0.0941071 0)
(0.0580849 -0.0706237 0)
(0.0633941 -0.0514447 0)
(0.0706797 -0.0371794 0)
(0.0796632 -0.0296232 0)
(0.0869042 -0.0289077 0)
(0.0892742 -0.0328621 0)
(0.0859736 -0.0379536 0)
(0.07888 -0.0410167 0)
(0.0707998 -0.0415354 0)
(0.0629823 -0.0405778 0)
(0.0545619 -0.039299 0)
(0.0442384 -0.0371469 0)
(0.0317049 -0.0317007 0)
(0.0186404 -0.0209204 0)
(0.00856783 -0.00580562 0)
(0.00334935 0.0112984 0)
(0.00119831 0.0269958 0)
(-0.000742943 0.0397225 0)
(-0.00332342 0.0505641 0)
(-0.00554187 0.0614128 0)
(-0.00537308 0.0718933 0)
(-0.00217335 0.0687984 0)
(0.0622485 0.580994 0)
(0.166363 0.650051 0)
(0.284356 0.601663 0)
(0.380885 0.524507 0)
(0.455336 0.4194 0)
(0.501314 0.29258 0)
(0.516749 0.155136 0)
(0.501055 0.0203192 0)
(0.460912 -0.0973752 0)
(0.406548 -0.190009 0)
(0.345227 -0.254587 0)
(0.283923 -0.293548 0)
(0.22771 -0.311793 0)
(0.178175 -0.314101 0)
(0.135698 -0.304042 0)
(0.100693 -0.284023 0)
(0.0730163 -0.256432 0)
(0.0529473 -0.224225 0)
(0.040374 -0.190675 0)
(0.0341773 -0.158525 0)
(0.0324691 -0.129374 0)
(0.0333773 -0.103733 0)
(0.0357253 -0.0817086 0)
(0.0390345 -0.0634545 0)
(0.0427172 -0.0495227 0)
(0.0463013 -0.0403228 0)
(0.0491642 -0.0351356 0)
(0.0500465 -0.0325279 0)
(0.0482881 -0.0309387 0)
(0.0443888 -0.0292894 0)
(0.0393327 -0.0272251 0)
(0.0336284 -0.0246907 0)
(0.0271974 -0.0214347 0)
(0.0199245 -0.0168997 0)
(0.0120075 -0.0106049 0)
(0.00419174 -0.00230284 0)
(-0.00230646 0.00778475 0)
(-0.00675077 0.0188269 0)
(-0.00928488 0.0299403 0)
(-0.0105151 0.0405446 0)
(-0.010704 0.0503832 0)
(-0.00941135 0.0591385 0)
(-0.00677848 0.0660257 0)
(-0.00174669 0.0607793 0)
(0.0355356 0.375089 0)
(0.0962193 0.421574 0)
(0.16539 0.393973 0)
(0.224097 0.350202 0)
(0.27257 0.290677 0)
(0.306648 0.218351 0)
(0.324996 0.138257 0)
(0.32814 0.0567732 0)
(0.31613 -0.019117 0)
(0.291588 -0.0845692 0)
(0.259836 -0.136818 0)
(0.224449 -0.175111 0)
(0.188361 -0.200206 0)
(0.153654 -0.213626 0)
(0.121726 -0.216703 0)
(0.093439 -0.211167 0)
(0.0693194 -0.198835 0)
(0.0498281 -0.18174 0)
(0.0350461 -0.161938 0)
(0.0245137 -0.141101 0)
(0.0174866 -0.120635 0)
(0.0131789 -0.101284 0)
(0.0108668 -0.0836512 0)
(0.01006 -0.0682641 0)
(0.0102263 -0.0555094 0)
(0.0107124 -0.0452937 0)
(0.010946 -0.0373675 0)
(0.0104848 -0.0311539 0)
(0.0091286 -0.0259996 0)
(0.00689288 -0.0214121 0)
(0.00401181 -0.0171188 0)
(0.000794014 -0.0129055 0)
(-0.00264848 -0.00845684 0)
(-0.00638299 -0.00343858 0)
(-0.0102333 0.002358 0)
(-0.0136492 0.00894864 0)
(-0.0161487 0.0161648 0)
(-0.0175029 0.0237323 0)
(-0.017663 0.0313706 0)
(-0.0166963 0.0387972 0)
(-0.0146073 0.0456763 0)
(-0.0112037 0.0515633 0)
(-0.00721155 0.0559145 0)
(-0.00171501 0.0505195 0)
(0.0207375 0.23583 0)
(0.0575916 0.265508 0)
(0.0988356 0.249302 0)
(0.134644 0.224211 0)
(0.16532 0.190666 0)
(0.188572 0.150141 0)
(0.203617 0.104921 0)
(0.21025 0.0578677 0)
(0.208697 0.0116357 0)
(0.199607 -0.0304721 0)
(0.184625 -0.066839 0)
(0.165655 -0.0963466 0)
(0.144336 -0.118559 0)
(0.122093 -0.133562 0)
(0.100101 -0.141782 0)
(0.0792771 -0.143942 0)
(0.0603083 -0.140958 0)
(0.0437203 -0.133937 0)
(0.0299265 -0.124031 0)
(0.0184996 -0.112302 0)
(0.00918462 -0.0996508 0)
(0.00214923 -0.0867886 0)
(-0.00305364 -0.0742868 0)
(-0.00684422 -0.0626035 0)
(-0.00954941 -0.0520642 0)
(-0.0115155 -0.0427942 0)
(-0.0130695 -0.0347478 0)
(-0.0144667 -0.0277486 0)
(-0.0158543 -0.021574 0)
(-0.0172918 -0.0160211 0)
(-0.0187992 -0.0109134 0)
(-0.0203117 -0.00611009 0)
(-0.0217497 -0.00145435 0)
(-0.0229931 0.0032335 0)
(-0.0238745 0.0080562 0)
(-0.0242654 0.0130345 0)
(-0.0240337 0.0181125 0)
(-0.0230764 0.0231949 0)
(-0.021345 0.0281632 0)
(-0.0188386 0.0328685 0)
(-0.0155422 0.0371152 0)
(-0.011378 0.0406627 0)
(-0.0069154 0.0432319 0)
(-0.00181381 0.0386075 0)
(0.0130918 0.142612 0)
(0.0378279 0.160572 0)
(0.0646823 0.15117 0)
(0.0885132 0.136923 0)
(0.109476 0.118181 0)
(0.126236 0.0957122 0)
(0.138313 0.0705706 0)
(0.145473 0.0440443 0)
(0.148088 0.0174802 0)
(0.146201 -0.00790122 0)
(0.139985 -0.0308489 0)
(0.130403 -0.0505734 0)
(0.118391 -0.0665657 0)
(0.104793 -0.0785895 0)
(0.0903811 -0.0866496 0)
(0.0758337 -0.0909556 0)
(0.0617197 -0.0918863 0)
(0.0484825 -0.0899439 0)
(0.0364343 -0.085704 0)
(0.0257225 -0.0798227 0)
(0.0163971 -0.072704 0)
(0.00845585 -0.0649073 0)
(0.00181796 -0.0568483 0)
(-0.00369013 -0.0488577 0)
(-0.0082355 -0.0412063 0)
(-0.0119402 -0.0340559 0)
(-0.0149612 -0.0274841 0)
(-0.0174416 -0.0214974 0)
(-0.0194839 -0.0160569 0)
(-0.0211527 -0.0111025 0)
(-0.0225064 -0.00656534 0)
(-0.0235864 -0.00236276 0)
(-0.0243132 0.00157205 0)
(-0.0246038 0.00530661 0)
(-0.024463 0.00890198 0)
(-0.0238714 0.0123872 0)
(-0.0227881 0.0157584 0)
(-0.0211806 0.0189869 0)
(-0.0190409 0.0220252 0)
(-0.0163857 0.0248074 0)
(-0.0132188 0.0272462 0)
(-0.00952074 0.029238 0)
(-0.00563324 0.0306573 0)
(-0.00160161 0.0271676 0)
(0.00934538 0.082949 0)
(0.0283186 0.0932428 0)
(0.0482398 0.0877999 0)
(0.06637 0.0796764 0)
(0.082666 0.0691053 0)
(0.0963039 0.0564982 0)
(0.106989 0.042385 0)
(0.114467 0.0274044 0)
(0.118711 0.0122378 0)
(0.119821 -0.00254233 0)
(0.117986 -0.0162462 0)
(0.113563 -0.0283735 0)
(0.107015 -0.0385635 0)
(0.0988259 -0.0465932 0)
(0.0894818 -0.0523735 0)
(0.0794427 -0.0559385 0)
(0.0691242 -0.0574296 0)
(0.0588808 -0.0570725 0)
(0.0489969 -0.0551507 0)
(0.0396839 -0.0519771 0)
(0.031085 -0.047862 0)
(0.023287 -0.0431059 0)
(0.0163388 -0.0379827 0)
(0.0101877 -0.0327235 0)
(0.00476107 -0.027511 0)
(9.18098e-05 -0.022492 0)
(-0.00387592 -0.0177607 0)
(-0.00725506 -0.0133691 0)
(-0.0100887 -0.00933599 0)
(-0.0124237 -0.00565625 0)
(-0.0143049 -0.00230918 0)
(-0.0157139 0.000738894 0)
(-0.0166602 0.00352883 0)
(-0.0171906 0.00609309 0)
(-0.0173019 0.0084681 0)
(-0.0169893 0.0106806 0)
(-0.0162523 0.0127427 0)
(-0.0150967 0.0146533 0)
(-0.0135398 0.0164 0)
(-0.0116134 0.0179598 0)
(-0.00933651 0.0193005 0)
(-0.00671988 0.020381 0)
(-0.00395894 0.0211444 0)
(-0.00118135 0.0186472 0)
(0.00727974 0.0435869 0)
(0.0230159 0.0487723 0)
(0.0389863 0.0456653 0)
(0.0538294 0.0411144 0)
(0.0674008 0.0352576 0)
(0.0791116 0.0283075 0)
(0.0887599 0.0205418 0)
(0.0961302 0.0122901 0)
(0.101117 0.00389673 0)
(0.103739 -0.00429406 0)
(0.104129 -0.0119417 0)
(0.10248 -0.0187499 0)
(0.0990287 -0.0244974 0)
(0.0940603 -0.029034 0)
(0.0878866 -0.0322833 0)
(0.0808233 -0.0342412 0)
(0.0731733 -0.0349673 0)
(0.0652134 -0.0345735 0)
(0.0571846 -0.0332101 0)
(0.0492881 -0.0310519 0)
(0.0416853 -0.0282845 0)
(0.0345038 -0.0250905 0)
(0.0278407 -0.0216413 0)
(0.0217027 -0.0180972 0)
(0.01611 -0.0145734 0)
(0.011117 -0.011181 0)
(0.00669902 -0.00797924 0)
(0.0028209 -0.00502284 0)
(-0.000512997 -0.00233698 0)
(-0.00331326 7.02237e-05 0)
(-0.00560389 0.00220851 0)
(-0.0074286 0.00409997 0)
(-0.00883202 0.00577246 0)
(-0.00981505 0.00725494 0)
(-0.0103843 0.00857682 0)
(-0.0105549 0.00976377 0)
(-0.0103444 0.0108347 0)
(-0.00977311 0.0118015 0)
(-0.00886874 0.0126688 0)
(-0.00766962 0.0134345 0)
(-0.00620395 0.0140912 0)
(-0.00450094 0.0146253 0)
(-0.00266959 0.0150095 0)
(-0.000819 0.0131873 0)
(0.00584106 0.0159424 0)
(0.0189894 0.0175797 0)
(0.031822 0.0159758 0)
(0.0438456 0.0137033 0)
(0.0550015 0.0108215 0)
(0.0647754 0.00743828 0)
(0.0730458 0.00368372 0)
(0.079603 -0.000278786 0)
(0.0843236 -0.00424864 0)
(0.0872524 -0.00803634 0)
(0.0884357 -0.0114993 0)
(0.0879347 -0.0144883 0)
(0.0858958 -0.0168864 0)
(0.082513 -0.0186149 0)
(0.0780052 -0.0196345 0)
(0.0726033 -0.0199458 0)
(0.0665387 -0.0195872 0)
(0.0600328 -0.0186277 0)
(0.0532879 -0.0171525 0)
(0.0464854 -0.0152599 0)
(0.0397891 -0.0130786 0)
(0.0333303 -0.0107099 0)
(0.0272079 -0.00825416 0)
(0.021497 -0.00581004 0)
(0.0162315 -0.00345089 0)
(0.0114719 -0.00124044 0)
(0.00722711 0.000752738 0)
(0.00345424 0.00251682 0)
(0.000166407 0.00405105 0)
(-0.00261834 0.00534059 0)
(-0.00490397 0.00640657 0)
(-0.00672102 0.00727214 0)
(-0.00809229 0.0079637 0)
(-0.00903246 0.0085108 0)
(-0.00956022 0.00894425 0)
(-0.00969942 0.00929306 0)
(-0.00947558 0.00958045 0)
(-0.00891588 0.00982547 0)
(-0.0080529 0.0100419 0)
(-0.00692833 0.0102382 0)
(-0.00557571 0.0104191 0)
(-0.00403391 0.0105889 0)
(-0.00238309 0.0107323 0)
(-0.000724128 0.00940247 0)
(0.0042938 -0.00322594 0)
(0.0144314 -0.00397545 0)
(0.0236618 -0.00456922 0)
(0.0324219 -0.00528734 0)
(0.0408165 -0.006125 0)
(0.0482579 -0.00708781 0)
(0.0544242 -0.00812336 0)
(0.0592043 -0.00915282 0)
(0.0625902 -0.0100816 0)
(0.064481 -0.0108331 0)
(0.0648792 -0.0113636 0)
(0.0638972 -0.0116198 0)
(0.06165 -0.0115644 0)
(0.0582753 -0.0111791 0)
(0.0539554 -0.0104567 0)
(0.0488892 -0.00941236 0)
(0.0432558 -0.00809312 0)
(0.037251 -0.00658232 0)
(0.0310665 -0.00490137 0)
(0.0248529 -0.00311232 0)
(0.0187831 -0.0012637 0)
(0.0130035 0.000559459 0)
(0.00757453 0.0022886 0)
(0.00252937 0.00387582 0)
(-0.00205399 0.00528563 0)
(-0.0061444 0.00649052 0)
(-0.00969717 0.00745686 0)
(-0.0126458 0.00818947 0)
(-0.0150574 0.00869719 0)
(-0.0169487 0.00899888 0)
(-0.0182957 0.00911634 0)
(-0.0191344 0.00907732 0)
(-0.0194936 0.00891405 0)
(-0.0193979 0.00866012 0)
(-0.0188726 0.00835066 0)
(-0.0179464 0.0080207 0)
(-0.0166583 0.00769552 0)
(-0.01505 0.00740143 0)
(-0.0131599 0.00715649 0)
(-0.0110288 0.00697184 0)
(-0.00868568 0.00684901 0)
(-0.00617278 0.00678302 0)
(-0.00358239 0.00677326 0)
(-0.00107274 0.00592067 0)
(0.00238649 -0.0144442 0)
(0.00887456 -0.0164634 0)
(0.013958 -0.016416 0)
(0.018883 -0.0161343 0)
(0.0235119 -0.015651 0)
(0.0272955 -0.015001 0)
(0.0300948 -0.0141791 0)
(0.0317955 -0.0131746 0)
(0.0323526 -0.0120063 0)
(0.0317336 -0.0106878 0)
(0.0299412 -0.00920919 0)
(0.0270623 -0.00758794 0)
(0.0232203 -0.00584902 0)
(0.0185233 -0.0040216 0)
(0.0131481 -0.00214576 0)
(0.00728653 -0.000257464 0)
(0.00103297 0.00161241 0)
(-0.00536726 0.00345161 0)
(-0.011622 0.00519844 0)
(-0.0176336 0.00678582 0)
(-0.0233615 0.00819777 0)
(-0.028718 0.00939315 0)
(-0.033565 0.0103413 0)
(-0.0378047 0.0110286 0)
(-0.0413784 0.0114481 0)
(-0.0442519 0.0115988 0)
(-0.0464014 0.0115127 0)
(-0.0478147 0.0111951 0)
(-0.0485157 0.010663 0)
(-0.0485295 0.00996659 0)
(-0.0478764 0.00913293 0)
(-0.0465868 0.00820174 0)
(-0.044713 0.00721351 0)
(-0.0423318 0.00620702 0)
(-0.0394979 0.0052179 0)
(-0.0362345 0.00427944 0)
(-0.0326007 0.00343195 0)
(-0.0286776 0.00269621 0)
(-0.0245171 0.00208703 0)
(-0.0201737 0.00161486 0)
(-0.0157028 0.00129065 0)
(-0.0111148 0.00109791 0)
(-0.00645786 0.00101699 0)
(-0.00197067 0.000884793 0)
(0.00017599 -0.0184201 0)
(0.00212947 -0.0207391 0)
(0.00207677 -0.0203213 0)
(0.00218065 -0.0194166 0)
(0.00212949 -0.0180909 0)
(0.00139268 -0.016371 0)
(-0.000152598 -0.0143094 0)
(-0.00263886 -0.011962 0)
(-0.00606358 -0.00939964 0)
(-0.0103365 -0.00669421 0)
(-0.0154501 -0.00390892 0)
(-0.0212958 -0.00110966 0)
(-0.0276483 0.00163757 0)
(-0.034359 0.00427234 0)
(-0.0413758 0.00673018 0)
(-0.0486164 0.00896131 0)
(-0.0558573 0.0109623 0)
(-0.0629016 0.0127336 0)
(-0.069644 0.014183 0)
(-0.0759449 0.0152806 0)
(-0.0816592 0.015996 0)
(-0.0866793 0.0163406 0)
(-0.0909026 0.0163245 0)
(-0.0942507 0.0159546 0)
(-0.0966716 0.0152487 0)
(-0.0981323 0.0142341 0)
(-0.0986147 0.0129484 0)
(-0.0981187 0.0114322 0)
(-0.0966612 0.00973145 0)
(-0.0942683 0.0078977 0)
(-0.0909753 0.00598367 0)
(-0.0868019 0.00404318 0)
(-0.0818127 0.00212961 0)
(-0.0761707 0.000292836 0)
(-0.0700222 -0.00142407 0)
(-0.0634622 -0.0029856 0)
(-0.0565436 -0.00435629 0)
(-0.0493127 -0.00552018 0)
(-0.0418469 -0.00647122 0)
(-0.0342249 -0.00720918 0)
(-0.0265065 -0.00773041 0)
(-0.0187056 -0.00804033 0)
(-0.0108789 -0.00816991 0)
(-0.00337329 -0.00718638 0)
(-0.00225075 -0.0165187 0)
(-0.00547562 -0.0184643 0)
(-0.0112586 -0.0178548 0)
(-0.0166317 -0.0164992 0)
(-0.0221086 -0.0145115 0)
(-0.028169 -0.0120033 0)
(-0.0348395 -0.00909215 0)
(-0.0421474 -0.00589068 0)
(-0.0500433 -0.00250827 0)
(-0.0583051 0.00094902 0)
(-0.0667451 0.00437881 0)
(-0.0753712 0.00769047 0)
(-0.0841738 0.0108035 0)
(-0.0929845 0.013647 0)
(-0.101637 0.0161655 0)
(-0.109988 0.0183083 0)
(-0.117898 0.0200286 0)
(-0.125334 0.021322 0)
(-0.132227 0.0221242 0)
(-0.138424 0.0224495 0)
(-0.143808 0.0222934 0)
(-0.148293 0.0216636 0)
(-0.151804 0.0205782 0)
(-0.154277 0.0190633 0)
(-0.155661 0.0171533 0)
(-0.155918 0.0148923 0)
(-0.155018 0.0123317 0)
(-0.152945 0.00952934 0)
(-0.149692 0.0065483 0)
(-0.145248 0.00345483 0)
(-0.139651 0.00031631 0)
(-0.133017 -0.00279373 0)
(-0.125406 -0.005801 0)
(-0.11681 -0.0086357 0)
(-0.107295 -0.0112349 0)
(-0.0970258 -0.0135442 0)
(-0.0861575 -0.0155284 0)
(-0.0748349 -0.0171602 0)
(-0.063212 -0.0184359 0)
(-0.0514428 -0.0193724 0)
(-0.0396576 -0.0200009 0)
(-0.0278916 -0.0203522 0)
(-0.0161907 -0.020471 0)
(-0.00505364 -0.0180828 0)
(-0.00486874 -0.00939637 0)
(-0.0138619 -0.0104228 0)
(-0.0258646 -0.0097278 0)
(-0.0372255 -0.008079 0)
(-0.0486103 -0.00569219 0)
(-0.0603342 -0.00277959 0)
(-0.0722116 0.000479532 0)
(-0.0839876 0.00392608 0)
(-0.0955379 0.00743555 0)
(-0.106858 0.0109132 0)
(-0.117826 0.0142743 0)
(-0.128309 0.017433 0)
(-0.138298 0.0203128 0)
(-0.147746 0.022847 0)
(-0.156596 0.0249791 0)
(-0.16479 0.026659 0)
(-0.17223 0.0278229 0)
(-0.178976 0.0284465 0)
(-0.185059 0.0285249 0)
(-0.190351 0.0280516 0)
(-0.194794 0.0270262 0)
(-0.198342 0.0254605 0)
(-0.200949 0.0233775 0)
(-0.20257 0.02081 0)
(-0.203162 0.0177993 0)
(-0.20268 0.0143955 0)
(-0.20108 0.0106553 0)
(-0.198322 0.00664234 0)
(-0.194371 0.00242491 0)
(-0.189196 -0.00192094 0)
(-0.182759 -0.00631935 0)
(-0.175044 -0.0106862 0)
(-0.166043 -0.0149301 0)
(-0.155709 -0.0189601 0)
(-0.144044 -0.0226888 0)
(-0.131125 -0.0260312 0)
(-0.11708 -0.028909 0)
(-0.102083 -0.0312571 0)
(-0.0863679 -0.0330368 0)
(-0.0702222 -0.0342498 0)
(-0.0539738 -0.0349317 0)
(-0.0378111 -0.0351786 0)
(-0.0218842 -0.0351233 0)
(-0.00685743 -0.0311497 0)
(-0.00771501 0.002176 0)
(-0.0231962 0.00246738 0)
(-0.0420697 0.00317072 0)
(-0.0598809 0.00484031 0)
(-0.0771126 0.00715978 0)
(-0.0938134 0.00980516 0)
(-0.109773 0.0126088 0)
(-0.124641 0.0154643 0)
(-0.138191 0.018292 0)
(-0.150489 0.0210437 0)
(-0.161586 0.0236883 0)
(-0.171524 0.0261605 0)
(-0.180404 0.0283826 0)
(-0.188328 0.0302809 0)
(-0.195376 0.0317904 0)
(-0.20161 0.032855 0)
(-0.207059 0.0334257 0)
(-0.211804 0.0334177 0)
(-0.215908 0.0328586 0)
(-0.219349 0.0317268 0)
(-0.222125 0.0300172 0)
(-0.224228 0.027739 0)
(-0.225645 0.0249121 0)
(-0.226356 0.0215681 0)
(-0.226332 0.0177459 0)
(-0.225538 0.0134937 0)
(-0.223927 0.00886418 0)
(-0.22145 0.00391664 0)
(-0.218033 -0.00128639 0)
(-0.213599 -0.00667455 0)
(-0.208054 -0.0121718 0)
(-0.201271 -0.0177016 0)
(-0.193125 -0.0231767 0)
(-0.18347 -0.0285024 0)
(-0.172165 -0.0335724 0)
(-0.1591 -0.0382715 0)
(-0.144213 -0.0424718 0)
(-0.127526 -0.0460372 0)
(-0.109186 -0.0488351 0)
(-0.0894983 -0.0507729 0)
(-0.0690419 -0.0517885 0)
(-0.0482696 -0.0520105 0)
(-0.0278211 -0.051628 0)
(-0.00872973 -0.0459267 0)
(-0.0110027 0.0175816 0)
(-0.0340066 0.0194006 0)
(-0.0604367 0.0198653 0)
(-0.0848184 0.0208123 0)
(-0.107012 0.0221422 0)
(-0.126955 0.0234804 0)
(-0.144404 0.024825 0)
(-0.159254 0.0262045 0)
(-0.171608 0.0276387 0)
(-0.181788 0.029132 0)
(-0.190102 0.0306705 0)
(-0.196835 0.0321884 0)
(-0.202256 0.0335894 0)
(-0.206598 0.0347754 0)
(-0.210051 0.0356597 0)
(-0.212767 0.0361677 0)
(-0.214862 0.0362336 0)
(-0.216447 0.0357904 0)
(-0.21761 0.0348126 0)
(-0.218401 0.0332793 0)
(-0.218862 0.0311791 0)
(-0.219026 0.0285146 0)
(-0.218913 0.0252985 0)
(-0.218535 0.021557 0)
(-0.21789 0.0173209 0)
(-0.216965 0.0126322 0)
(-0.215732 0.00753254 0)
(-0.214147 0.0020704 0)
(-0.212136 -0.00370389 0)
(-0.209605 -0.00974055 0)
(-0.206432 -0.0159811 0)
(-0.202435 -0.0223702 0)
(-0.197405 -0.0288449 0)
(-0.191082 -0.0353332 0)
(-0.183161 -0.0417401 0)
(-0.173294 -0.047953 0)
(-0.161114 -0.053824 0)
(-0.146274 -0.0591646 0)
(-0.128543 -0.063726 0)
(-0.10785 -0.0672556 0)
(-0.0848032 -0.0693955 0)
(-0.0597723 -0.0701945 0)
(-0.0345479 -0.0695197 0)
(-0.0109009 -0.0620323 0)
(-0.015461 0.0365383 0)
(-0.0476181 0.0395353 0)
(-0.0816138 0.0390224 0)
(-0.111359 0.0377321 0)
(-0.135457 0.0367188 0)
(-0.154891 0.0355721 0)
(-0.169806 0.0346093 0)
(-0.180799 0.0339265 0)
(-0.188511 0.0336086 0)
(-0.193646 0.0336622 0)
(-0.196754 0.03404 0)
(-0.198293 0.0346294 0)
(-0.198635 0.0352903 0)
(-0.198077 0.0358885 0)
(-0.196851 0.0363065 0)
(-0.195142 0.0364466 0)
(-0.193102 0.036225 0)
(-0.190859 0.0355691 0)
(-0.188516 0.0344301 0)
(-0.186161 0.0327778 0)
(-0.183871 0.0305933 0)
(-0.181716 0.0278738 0)
(-0.179749 0.0246237 0)
(-0.178019 0.0208644 0)
(-0.176562 0.0166169 0)
(-0.175401 0.0119166 0)
(-0.174545 0.00679229 0)
(-0.173976 0.00127924 0)
(-0.17366 -0.00459012 0)
(-0.173534 -0.0107884 0)
(-0.173489 -0.017285 0)
(-0.173357 -0.0240579 0)
(-0.172917 -0.0310784 0)
(-0.171866 -0.0383211 0)
(-0.169808 -0.0457386 0)
(-0.166226 -0.0532739 0)
(-0.160478 -0.0608236 0)
(-0.151771 -0.0682286 0)
(-0.139297 -0.0751853 0)
(-0.122061 -0.0813468 0)
(-0.100271 -0.0858784 0)
(-0.0728298 -0.088711 0)
(-0.0434678 -0.0883441 0)
(-0.0141483 -0.0795233 0)
(-0.0223411 0.0593331 0)
(-0.0654865 0.0616806 0)
(-0.104309 0.0586868 0)
(-0.135775 0.052949 0)
(-0.156292 0.0482479 0)
(-0.170196 0.043757 0)
(-0.178224 0.0401245 0)
(-0.18198 0.0373108 0)
(-0.18253 0.0353553 0)
(-0.180837 0.0341705 0)
(-0.177524 0.0336304 0)
(-0.173069 0.0335428 0)
(-0.167821 0.0337066 0)
(-0.162042 0.0339472 0)
(-0.155935 0.034119 0)
(-0.149664 0.0341056 0)
(-0.143373 0.033809 0)
(-0.137188 0.0331495 0)
(-0.131219 0.0320696 0)
(-0.125575 0.0305299 0)
(-0.120362 0.0285071 0)
(-0.11568 0.0259965 0)
(-0.111619 0.0229955 0)
(-0.108268 0.0195235 0)
(-0.105706 0.0155924 0)
(-0.104 0.0112329 0)
(-0.10321 0.00646282 0)
(-0.103362 0.0013066 0)
(-0.104483 -0.0042216 0)
(-0.106573 -0.0101117 0)
(-0.109581 -0.0163585 0)
(-0.113411 -0.0229753 0)
(-0.117907 -0.0299709 0)
(-0.12283 -0.0373766 0)
(-0.127821 -0.0452124 0)
(-0.13236 -0.0535157 0)
(-0.135721 -0.062292 0)
(-0.136818 -0.0715239 0)
(-0.13441 -0.0809849 0)
(-0.12623 -0.0904791 0)
(-0.111943 -0.0986837 0)
(-0.0864188 -0.105799 0)
(-0.0563983 -0.107238 0)
(-0.0198326 -0.0991053 0)
(-0.0328126 0.0866159 0)
(-0.0879598 0.083683 0)
(-0.123787 0.0760395 0)
(-0.150733 0.0636121 0)
(-0.160794 0.0545448 0)
(-0.16445 0.0466398 0)
(-0.162382 0.0406875 0)
(-0.157107 0.0362324 0)
(-0.149657 0.0331573 0)
(-0.140949 0.0312137 0)
(-0.131431 0.030163 0)
(-0.121427 0.0297348 0)
(-0.111139 0.0296765 0)
(-0.100721 0.0297849 0)
(-0.0902938 0.0298995 0)
(-0.0799678 0.0298967 0)
(-0.0698604 0.0296785 0)
(-0.0600824 0.0291516 0)
(-0.05075 0.0282687 0)
(-0.0419914 0.0269859 0)
(-0.0339339 0.0252779 0)
(-0.0267129 0.023142 0)
(-0.0204534 0.0205705 0)
(-0.0152866 0.0175835 0)
(-0.011333 0.0141855 0)
(-0.00870772 0.0104047 0)
(-0.00752124 0.00625123 0)
(-0.00785648 0.00174194 0)
(-0.0098043 -0.00311909 0)
(-0.0134317 -0.00833749 0)
(-0.0187782 -0.0139213 0)
(-0.0258458 -0.0199122 0)
(-0.034602 -0.0263475 0)
(-0.0449466 -0.0333065 0)
(-0.0566873 -0.0408709 0)
(-0.0694704 -0.049177 0)
(-0.0827572 -0.0583638 0)
(-0.0954899 -0.0686364 0)
(-0.10651 -0.0799718 0)
(-0.112381 -0.092663 0)
(-0.113025 -0.105113 0)
(-0.0962392 -0.118812 0)
(-0.0741355 -0.12434 0)
(-0.0291917 -0.121922 0)
(-0.0463524 0.118621 0)
(-0.112248 0.102121 0)
(-0.131141 0.0877327 0)
(-0.14612 0.0675026 0)
(-0.139661 0.0545786 0)
(-0.130409 0.0441603 0)
(-0.117316 0.0368699 0)
(-0.103342 0.0316343 0)
(-0.088861 0.0281423 0)
(-0.0744314 0.0259801 0)
(-0.0601085 0.0248194 0)
(-0.0459385 0.0243404 0)
(-0.0319153 0.0242683 0)
(-0.0180481 0.024394 0)
(-0.00436399 0.02456 0)
(0.00908569 0.024649 0)
(0.0222095 0.0245682 0)
(0.0349088 0.024237 0)
(0.0470611 0.0236049 0)
(0.0585126 0.0226359 0)
(0.0691124 0.0213055 0)
(0.0786899 0.0196151 0)
(0.0870851 0.0175543 0)
(0.0941273 0.0151444 0)
(0.0996551 0.0123855 0)
(0.103513 0.00930354 0)
(0.105542 0.00590458 0)
(0.105611 0.00220021 0)
(0.103572 -0.00180756 0)
(0.0992955 -0.0061352 0)
(0.0926575 -0.0107947 0)
(0.0835516 -0.0158424 0)
(0.0718772 -0.0213293 0)
(0.057562 -0.0273614 0)
(0.0405713 -0.0340577 0)
(0.0209782 -0.0416239 0)
(-0.00108249 -0.0503041 0)
(-0.0248974 -0.0605243 0)
(-0.0500752 -0.0725045 0)
(-0.0725268 -0.0872635 0)
(-0.0943031 -0.103276 0)
(-0.0939471 -0.124696 0)
(-0.0942044 -0.136589 0)
(-0.0415666 -0.148724 0)
(-0.0583468 0.153977 0)
(-0.130322 0.112911 0)
(-0.114292 0.0908816 0)
(-0.111288 0.0639464 0)
(-0.0854883 0.0488672 0)
(-0.0637898 0.0375321 0)
(-0.0413172 0.0301391 0)
(-0.0208822 0.0250319 0)
(-0.0017133 0.0217608 0)
(0.0161781 0.0198065 0)
(0.0332263 0.0188129 0)
(0.0496903 0.0184548 0)
(0.0657837 0.01847 0)
(0.0816251 0.0186675 0)
(0.0972627 0.0189095 0)
(0.112689 0.0190955 0)
(0.127829 0.019144 0)
(0.142584 0.0189985 0)
(0.156813 0.0186051 0)
(0.170338 0.0179395 0)
(0.182981 0.0169803 0)
(0.194535 0.0157327 0)
(0.20481 0.014186 0)
(0.213601 0.0123617 0)
(0.22071 0.0102574 0)
(0.225951 0.00789664 0)
(0.229129 0.00528364 0)
(0.230078 0.00242648 0)
(0.228606 -0.000671765 0)
(0.224542 -0.00403058 0)
(0.217695 -0.00766175 0)
(0.207879 -0.0116221 0)
(0.19488 -0.0159626 0)
(0.178472 -0.0207927 0)
(0.1584 -0.0262384 0)
(0.134444 -0.0325292 0)
(0.10625 -0.0399534 0)
(0.0740178 -0.0490756 0)
(0.0368471 -0.060296 0)
(-0.00116827 -0.0753094 0)
(-0.0464968 -0.0929812 0)
(-0.0682778 -0.121029 0)
(-0.10874 -0.140389 0)
(-0.0519676 -0.17855 0)
(-0.0579649 0.188536 0)
(-0.128 0.11274 0)
(-0.0607698 0.0842244 0)
(-0.0378281 0.0541124 0)
(0.00541188 0.0392119 0)
(0.0360858 0.0286907 0)
(0.0643003 0.0222581 0)
(0.0878265 0.0179648 0)
(0.10871 0.0153252 0)
(0.127487 0.0138146 0)
(0.145035 0.0131071 0)
(0.161859 0.0129171 0)
(0.178327 0.0130245 0)
(0.194638 0.013274 0)
(0.210879 0.0135571 0)
(0.227062 0.013796 0)
(0.243116 0.0139298 0)
(0.258926 0.0139133 0)
(0.274332 0.0137068 0)
(0.289129 0.0132934 0)
(0.303113 0.0126556 0)
(0.31605 0.0118013 0)
(0.327722 0.0107203 0)
(0.337899 0.00943256 0)
(0.346359 0.00793512 0)
(0.352899 0.00624753 0)
(0.357299 0.00437361 0)
(0.359376 0.00231873 0)
(0.358914 8.75513e-05 0)
(0.355722 -0.00233801 0)
(0.349574 -0.00496585 0)
(0.340234 -0.00784485 0)
(0.327422 -0.0110167 0)
(0.310806 -0.0145762 0)
(0.289974 -0.0186335 0)
(0.264475 -0.0233981 0)
(0.233532 -0.0291413 0)
(0.196855 -0.0364456 0)
(0.152122 -0.0457715 0)
(0.102936 -0.0591634 0)
(0.0369447 -0.0761125 0)
(-0.00792722 -0.107049 0)
(-0.103779 -0.133012 0)
(-0.0491989 -0.207526 0)
(-0.0277412 0.214908 0)
(-0.0862244 0.100534 0)
(0.0387514 0.0689389 0)
(0.0782232 0.0405802 0)
(0.132531 0.027996 0)
(0.166849 0.0196059 0)
(0.196305 0.0147534 0)
(0.219384 0.0116114 0)
(0.239134 0.00975231 0)
(0.256477 0.0087353 0)
(0.272576 0.00830537 0)
(0.288074 0.00824554 0)
(0.303406 0.00839404 0)
(0.318801 0.0086389 0)
(0.334349 0.0089039 0)
(0.350059 0.00913267 0)
(0.36585 0.00929099 0)
(0.381591 0.00934018 0)
(0.397104 0.00925526 0)
(0.412165 0.00902636 0)
(0.426554 0.00864022 0)
(0.440018 0.00810507 0)
(0.452328 0.00741249 0)
(0.463242 0.0065787 0)
(0.47253 0.00560099 0)
(0.479983 0.00449401 0)
(0.485375 0.00326119 0)
(0.488524 0.00190568 0)
(0.489212 0.000432846 0)
(0.487247 -0.00117166 0)
(0.482398 -0.00291145 0)
(0.474419 -0.00482316 0)
(0.463008 -0.00693578 0)
(0.447795 -0.00932013 0)
(0.42829 -0.012058 0)
(0.403928 -0.0153118 0)
(0.373672 -0.0192951 0)
(0.336901 -0.0244998 0)
(0.290189 -0.0313384 0)
(0.236433 -0.0417435 0)
(0.15779 -0.0557705 0)
(0.0949409 -0.0845973 0)
(-0.0607913 -0.114135 0)
(-0.0159584 -0.228496 0)
(0.0541177 0.223285 0)
(0.0152188 0.078321 0)
(0.187648 0.0484738 0)
(0.235616 0.0264271 0)
(0.291967 0.0174248 0)
(0.324368 0.0117574 0)
(0.350904 0.00861341 0)
(0.370661 0.00663342 0)
(0.387124 0.00549772 0)
(0.40136 0.00490029 0)
(0.414597 0.00467142 0)
(0.427492 0.00467177 0)
(0.440471 0.00479941 0)
(0.453742 0.00498457 0)
(0.467376 0.00518042 0)
(0.481368 0.0053521 0)
(0.49563 0.00548039 0)
(0.510021 0.00554051 0)
(0.52436 0.00551767 0)
(0.538421 0.00540715 0)
(0.551987 0.0051997 0)
(0.564812 0.00490224 0)
(0.57667 0.00450832 0)
(0.587331 0.00402941 0)
(0.596574 0.00346327 0)
(0.604204 0.00281927 0)
(0.610009 0.00210018 0)
(0.613823 0.00130714 0)
(0.615444 0.000445143 0)
(0.614702 -0.00049595 0)
(0.611387 -0.00151671 0)
(0.605273 -0.00264099 0)
(0.596083 -0.00388584 0)
(0.583462 -0.00529647 0)
(0.566935 -0.00692491 0)
(0.545934 -0.00887713 0)
(0.519367 -0.0112957 0)
(0.486499 -0.0145193 0)
(0.443437 -0.0188568 0)
(0.392399 -0.0257371 0)
(0.312438 -0.0355626 0)
(0.242041 -0.0578637 0)
(0.039682 -0.086407 0)
(0.0684538 -0.231857 0)
(0.208783 0.203941 0)
(0.192451 0.0506265 0)
(0.382365 0.0275692 0)
(0.428636 0.0142485 0)
(0.477934 0.00900256 0)
(0.504096 0.00591627 0)
(0.524798 0.00423683 0)
(0.539542 0.00320797 0)
(0.551574 0.00262651 0)
(0.561852 0.00232604 0)
(0.571453 0.00221389 0)
(0.580933 0.00221892 0)
(0.590645 0.00228921 0)
(0.600755 0.0023892 0)
(0.611309 0.00249518 0)
(0.622297 0.00259025 0)
(0.633635 0.00266161 0)
(0.645195 0.00270028 0)
(0.656822 0.00269762 0)
(0.66832 0.00265208 0)
(0.679504 0.0025579 0)
(0.690164 0.00241974 0)
(0.70011 0.00223324 0)
(0.709148 0.00200498 0)
(0.717094 0.00173344 0)
(0.723786 0.00142315 0)
(0.729048 0.00107608 0)
(0.732748 0.000691777 0)
(0.73472 0.000274016 0)
(0.734829 -0.000183573 0)
(0.732906 -0.000680171 0)
(0.728773 -0.00122876 0)
(0.722205 -0.00183754 0)
(0.712916 -0.00253002 0)
(0.700511 -0.00333375 0)
(0.684515 -0.00430401 0)
(0.663976 -0.0055198 0)
(0.638236 -0.00716054 0)
(0.603692 -0.00942345 0)
(0.562002 -0.0130848 0)
(0.492952 -0.0186924 0)
(0.428353 -0.0321173 0)
(0.213089 -0.0545925 0)
(0.223379 -0.208349 0)
(0.450542 0.158926 0)
(0.452509 0.0249113 0)
(0.613363 0.0114562 0)
(0.648098 0.00581375 0)
(0.682943 0.00351798 0)
(0.700385 0.00228709 0)
(0.713875 0.00160874 0)
(0.723166 0.0012058 0)
(0.730622 0.000975421 0)
(0.736897 0.000854326 0)
(0.742728 0.000804043 0)
(0.748485 0.000798793 0)
(0.754407 0.000819295 0)
(0.760606 0.000851991 0)
(0.76712 0.000888073 0)
(0.773941 0.000921046 0)
(0.781018 0.000945581 0)
(0.788269 0.00095922 0)
(0.795596 0.000958184 0)
(0.802871 0.000942565 0)
(0.809978 0.000909281 0)
(0.81678 0.000860827 0)
(0.823157 0.000794877 0)
(0.828983 0.000714057 0)
(0.834138 0.000617895 0)
(0.838521 0.000507347 0)
(0.842015 0.000383985 0)
(0.844536 0.000246382 0)
(0.845975 9.70328e-05 0)
(0.846247 -6.75366e-05 0)
(0.845241 -0.00024641 0)
(0.84284 -0.000444884 0)
(0.838899 -0.000666203 0)
(0.833228 -0.000919068 0)
(0.825564 -0.00121513 0)
(0.815588 -0.00157485 0)
(0.802641 -0.00203236 0)
(0.786273 -0.00265249 0)
(0.763883 -0.00353749 0)
(0.736598 -0.00495547 0)
(0.689244 -0.00735693 0)
(0.643436 -0.0130085 0)
(0.465989 -0.026338 0)
(0.461509 -0.160568 0)
(0.781293 0.0411639 0)
(0.788834 0.00449935 0)
(0.864474 0.00175614 0)
(0.878872 0.000900301 0)
(0.892961 0.000524811 0)
(0.899774 0.000342014 0)
(0.905008 0.000237824 0)
(0.908554 0.000177698 0)
(0.911367 0.000142324 0)
(0.913686 0.00012307 0)
(0.915787 0.000113837 0)
(0.917805 0.000111209 0)
(0.91983 0.000112507 0)
(0.921911 0.000115735 0)
(0.924068 0.000119682 0)
(0.926305 0.000123391 0)
(0.928608 0.000126052 0)
(0.930954 0.000127437 0)
(0.933315 0.000126895 0)
(0.935651 0.000124593 0)
(0.937928 0.000119896 0)
(0.940101 0.000113307 0)
(0.942133 0.000104379 0)
(0.943984 9.34658e-05 0)
(0.945614 8.05876e-05 0)
(0.946991 6.5653e-05 0)
(0.948075 4.9125e-05 0)
(0.948839 3.04843e-05 0)
(0.949245 1.03361e-05 0)
(0.949262 -1.20461e-05 0)
(0.948851 -3.64309e-05 0)
(0.94797 -6.3615e-05 0)
(0.946565 -9.41568e-05 0)
(0.944566 -0.000129192 0)
(0.941872 -0.000170695 0)
(0.938364 -0.000221393 0)
(0.933784 -0.000286979 0)
(0.927967 -0.000375676 0)
(0.919868 -0.000507276 0)
(0.909967 -0.000711705 0)
(0.891945 -0.00109787 0)
(0.874371 -0.00194834 0)
(0.793168 -0.00469407 0)
(0.785098 -0.041403 0)
)
;

boundaryField
{
    movingWall
    {
        type            fixedValue;
        value           uniform (1 0 0);
    }
    fixedWalls
    {
        type            noSlip;
    }
    frontAndBack
    {
        type            empty;
    }
    defaultFaces
    {
        type            empty;
    }
}


// ************************************************************************* //
