/*--------------------------------*- C++ -*----------------------------------*\
  =========                 |
  \\      /  F ield         | OpenFOAM: The Open Source CFD Toolbox
   \\    /   O peration     | Website:  https://openfoam.org
    \\  /    A nd           | Version:  7
     \\/     M anipulation  |
\*---------------------------------------------------------------------------*/
FoamFile
{
    version     2.0;
    format      ascii;
    class       surfaceScalarField;
    location    "1.34";
    object      phi;
}
// * * * * * * * * * * * * * * * * * * * * * * * * * * * * * * * * * * * * * //

dimensions      [0 3 -1 0 0 0 0];

internalField   nonuniform List<scalar> 
3784
(
-0.00191562
0.00191562
-0.000750477
-0.00116514
0.000857765
-0.00160824
0.0012181
-0.000360337
0.00092025
0.000297854
0.000171582
0.000748668
-0.000929122
0.0011007
-0.00158004
0.000650913
-0.00147892
-0.000101114
-0.000469753
-0.00100917
0.00108103
-0.00155079
0.00165662
-0.000575586
0.000650964
0.00100566
-0.000828853
0.00147982
-0.00140095
0.000572093
-0.000522789
-0.000878159
0.000872365
-0.00139515
0.00152352
-0.000651153
0.00120159
0.00032193
1.04611e-05
0.00119113
-0.00138627
0.00139673
-0.00195801
0.000571738
-0.00124341
-0.000714607
0.000427308
-0.00167071
0.00189056
-0.00146326
0.00197905
-8.84838e-05
0.000781861
0.00119719
-0.000616561
0.00139842
-0.00115433
0.000537771
-0.000519019
-0.000635314
0.000539482
-0.0010585
0.000819922
-0.000280439
1.61903e-05
0.000803731
-0.00131068
0.00132687
-0.00222382
0.000913141
-0.00181559
-0.000408231
-0.00018873
-0.00162686
0.00149476
-0.00168349
0.00214406
-0.000649296
0.00149939
0.000644663
0.000207667
0.00129173
-0.000874983
0.00108265
-0.000942893
6.79094e-05
-0.000942893
-0.00290176
0.00481737
-0.00163604
-0.00243085
0.00105502
-0.00429931
0.00152486
-0.000830179
0.000976901
0.000845815
0.000114889
0.00161068
-0.000837347
0.00205294
-0.00164316
0.00145673
-0.00195652
0.00021225
-0.000668386
-0.00229731
0.00137343
-0.0035926
0.00168216
-0.000884318
0.000591715
0.0020961
-0.000660765
0.00273229
-0.00155583
0.00146716
-0.000738112
-0.00169587
0.00118871
-0.00332197
0.00193004
-0.00139249
0.00117481
0.00107716
-6.16488e-05
0.00242759
-0.00121183
0.00254691
-0.0021326
0.00149251
-0.00169347
-0.00115374
0.000611466
-0.00397565
0.00218732
-0.00303911
0.00179317
0.000305669
0.000767957
0.0022224
-0.000472551
0.00263893
-0.00146883
0.00153405
-0.000741199
-0.00136295
0.000892503
-0.0026922
0.000992587
-0.000380523
-0.000157659
0.00195398
-0.00121125
0.00238045
-0.00207991
0.00178181
-0.00218226
-0.000305887
-0.000245678
-0.00356344
0.00196652
-0.00389569
0.00213044
-0.000813223
0.00131309
0.00146202
0.000367562
0.00223726
-0.000880003
0.00233021
-0.00136186
0.000549766
-0.00230475
-0.002785
0.00760238
-0.00241929
-0.00279657
0.000280459
-0.00699905
0.00153178
-0.0020815
0.00136397
0.00101362
0.000480108
0.00249454
-0.000719653
0.0032527
-0.00183827
0.00257535
-0.0020539
0.000427883
-0.000353485
-0.00399772
0.00183067
-0.00577676
0.00194036
-0.000994008
0.00058401
0.00345245
-0.000883001
0.0041993
-0.00193039
0.00251454
-0.00112017
-0.00250609
0.00111671
-0.00555886
0.00227536
-0.00255114
0.00167328
0.00167924
0.000290034
0.00381084
-0.00122248
0.00405943
-0.0024127
0.00268274
-0.00183313
-0.00173332
0.000787737
-0.00659651
0.00237924
-0.00463061
0.00162028
0.00106463
0.000209178
0.0036335
-0.00112055
0.00396865
-0.00194207
0.00235558
-0.000896123
-0.0024089
0.0011288
-0.00471713
0.00156415
-0.00081587
0.000594767
0.00292336
-0.00057192
0.00354714
-0.00187303
0.00308292
-0.00230571
0.000126791
-0.000285771
-0.00558338
0.00213737
-0.00631883
0.00217539
-0.000851246
0.000927391
0.00271002
-0.000314873
0.00347952
-0.00152567
0.00354101
-0.00173953
0.00076363
-0.00404428
-0.00207707
0.00967945
-0.00274448
-0.00212916
-0.000921168
-0.00882236
0.00062018
-0.00362285
0.000934718
0.000699083
0.000409762
0.0030195
-0.000432836
0.0040953
-0.00133709
0.00347961
-0.00141323
0.000504022
-2.40847e-05
-0.00538687
0.00141715
-0.00721799
0.00128551
-0.000862368
0.000314954
0.00442301
-0.000610306
0.00512456
-0.00135492
0.00325915
-0.000922222
-0.00293878
0.000692525
-0.00717361
0.00172682
-0.00358544
0.00144368
0.00196239
0.000479775
0.00477474
-0.000684765
0.00522397
-0.00166043
0.0036584
-0.00124768
-0.00214606
0.000593568
-0.00843777
0.00149869
-0.00553573
0.000691067
0.00187225
-0.000403788
0.00472835
-0.00119051
0.00475537
-0.00154315
0.00270823
-0.0006872
-0.00326485
0.000845595
-0.00624992
0.00136123
-0.0013315
0.000967711
0.00331687
0.000263557
0.0042513
-0.000832965
0.00417944
-0.00142268
0.000716503
-0.000177377
-0.00682867
0.00143772
-0.00793393
0.00127765
-0.00069117
0.00016261
0.00382506
-0.000782912
0.00442504
-0.00143121
0.0041893
-0.00133863
0.000671052
-0.00538291
-0.00132132
0.0110008
-0.00287343
-0.000577046
-0.00227329
-0.0094225
-0.000733714
-0.00516243
7.32151e-05
-0.000107846
1.26552e-05
0.00308006
-0.000343278
0.00445124
-0.00080973
0.00394606
-0.000681851
0.000376144
0.000307217
-0.00637594
0.000889425
-0.0078002
0.000563771
-0.000536717
5.33723e-05
0.00493341
-0.000323852
0.00550179
-0.000736379
0.00367168
-0.000651404
-0.00302375
0.000214141
-0.00803915
0.00107194
-0.00444324
0.00106335
0.00197098
0.00053719
0.0053009
-0.000169443
0.0059306
-0.000829312
0.00431827
-0.000596703
-0.00237867
0.000365108
-0.00939958
0.000609429
-0.00578005
-9.97901e-05
0.00258148
-0.000774116
0.00540268
-0.0011065
0.00508776
-0.00112241
0.00272414
-0.000451169
-0.00393609
0.000561455
-0.00726255
0.00115301
-0.00192306
0.00114231
0.00332757
0.000774923
0.00461869
5.81437e-05
0.00489622
-0.000526104
0.00130075
-6.00629e-05
-0.00729471
0.000699945
-0.00869394
0.000422659
-0.000413884
-0.000385154
0.00463287
-0.00102737
0.00506726
-0.00126395
0.00442588
-0.000911208
0.000318311
-0.00629412
-0.000462258
0.011463
-0.00244426
0.00140495
-0.00326034
-0.00860642
-0.00218168
-0.00624109
-0.00107613
-0.0012134
-0.000654495
0.00265842
-0.00043397
0.00423071
-0.000328788
0.00384087
6.97308e-05
-2.23752e-05
0.00051836
-0.00682457
0.000252098
-0.00753394
-0.000186689
-9.79343e-05
-0.000181332
0.00492805
-4.31765e-05
0.00536364
-8.53041e-05
0.0037138
-0.00030211
-0.00280695
-0.000214639
-0.00812662
0.000332169
-0.00499005
0.000497886
0.00180527
0.000426515
0.00537227
0.000269764
0.00608735
5.14614e-05
0.00453657
6.80495e-05
-0.00239526
0.000123303
-0.00945483
-0.000201951
-0.0054548
-0.000614321
0.00299385
-0.000784204
0.00557256
-0.000769947
0.0050735
-0.000588136
0.00254233
-0.000189629
-0.0043346
0.000275631
-0.00772781
0.000742321
-0.00238975
0.000959668
0.00311022
0.000872263
0.00470609
0.000661038
0.00510744
0.000282712
0.00167907
5.24458e-05
-0.00706445
-2.28559e-05
-0.00861863
-0.000303761
-0.000132981
-0.00066064
0.00498975
-0.00090105
0.00530766
-0.000790131
0.00431497
-0.000429964
-4.18552e-05
-0.00672408
0.000390461
0.0110726
-0.00151336
0.00330878
-0.00352544
-0.00659434
-0.00329159
-0.00647494
-0.00224629
-0.0022587
-0.00139376
0.0018059
-0.000631422
0.00346837
2.71223e-05
0.00318233
0.000649217
-0.000644471
0.000508361
-0.00668371
-0.000430317
-0.00659526
-0.000820791
0.00029254
-0.000363919
0.00447118
0.000215593
0.00478412
0.000529
0.0034004
7.12907e-05
-0.00234923
-0.000527405
-0.00752793
-0.000443767
-0.00507369
-0.000146355
0.00150786
0.000191475
0.00503444
0.00059924
0.00567958
0.000822314
0.00431349
0.000650223
-0.00222316
-0.000139501
-0.00866511
-0.000847818
-0.00474648
-0.000880585
0.00302661
-0.000547186
0.00523916
-0.00022835
0.00475467
4.82002e-05
0.00226579
9.64586e-05
-0.00438286
-5.44469e-05
-0.00757691
0.000163941
-0.00260814
0.000494548
0.00277961
0.000698675
0.00450196
0.00101899
0.00478713
0.000953976
0.00174409
0.000153428
-0.0062639
-0.00069039
-0.00777482
-0.00086709
4.37167e-05
-0.000704519
0.00482718
-0.000493324
0.00509647
-0.00011498
0.00393662
0.000107778
-0.000264613
-0.0066163
0.00106996
0.0100026
-0.000358833
0.00473757
-0.00295316
-0.00400002
-0.00365046
-0.00577764
-0.00296256
-0.0029466
-0.00187275
0.000716091
-0.00075161
0.00234723
0.000272234
0.00215849
0.000931881
-0.00130412
0.000275536
-0.00602737
-0.00107724
-0.00524248
-0.00128026
0.000495562
-0.000466999
0.00365793
0.000428459
0.00388866
0.00096073
0.00286812
0.000466584
-0.00185508
-0.00067871
-0.00638263
-0.00110055
-0.00465185
-0.000684357
0.00109166
-1.78276e-05
0.00436791
0.000802388
0.00485937
0.00141026
0.00370562
0.00108458
-0.00189748
-0.000397093
-0.00718344
-0.00134545
-0.00379813
-0.000992775
0.00267394
-0.000238962
0.00448535
0.000331622
0.00418409
0.000738072
0.00185934
0.000371879
-0.00401667
-0.000411709
-0.00679332
-0.000504446
-0.0025154
-8.31895e-05
0.00235836
0.000449305
0.00396947
0.00120044
0.004036
0.00143877
0.00150575
0.000234223
-0.00505935
-0.00119674
-0.00634386
-0.00123484
8.18204e-05
-0.000630328
0.00422267
4.26316e-07
0.00446572
0.000505361
0.00343169
0.000632052
-0.000391306
-0.00598425
0.00148647
0.00851613
0.000814434
0.0054096
-0.00165785
-0.00152773
-0.00306747
-0.00436802
-0.00292422
-0.00308985
-0.00189582
-0.000312313
-0.000714313
0.00116573
0.000408837
0.00103534
0.000876558
-0.00177184
-0.00016221
-0.0049886
-0.0015682
-0.00383649
-0.00147755
0.000404905
-0.000513978
0.00269435
0.000493683
0.002881
0.0012349
0.0021269
0.00079549
-0.00141567
-0.000681894
-0.00490525
-0.00154822
-0.00378552
-0.00111403
0.000657468
-0.000197508
0.00345139
0.000867666
0.00379419
0.00174009
0.00283319
0.00129443
-0.00145182
-0.000597788
-0.00529122
-0.00165186
-0.00274406
-0.000990528
0.00201261
8.47457e-07
0.00349398
0.000835272
0.00334966
0.00131838
0.00137623
0.000581618
-0.00327991
-0.000705872
-0.00550583
-0.00107916
-0.00214211
-0.000546687
0.00182589
0.000293695
0.00312908
0.00124657
0.00308313
0.00169863
0.00105369
0.00028094
-0.00364166
-0.00148211
-0.00458081
-0.00147079
7.04951e-05
-0.0005582
0.00331008
0.000362021
0.0035455
0.0010222
0.00277151
0.00108011
-0.000449219
-0.00490414
0.00166849
0.00684764
0.00178865
0.00528944
-5.50727e-05
0.000315986
-0.001735
-0.00268809
-0.00216562
-0.00265923
-0.00151644
-0.000961495
-0.000529606
0.000178898
0.000452836
5.2893e-05
0.000601211
-0.00192022
-0.000628153
-0.00375923
-0.00179923
-0.00266541
-0.00151819
0.000123862
-0.000522498
0.00169866
0.000479219
0.00187929
0.00128102
0.0013251
0.000922675
-0.00105733
-0.00060619
-0.00337638
-0.00171149
-0.00268022
-0.00136777
0.000313746
-0.000319973
0.00240359
0.000805483
0.00266873
0.00174934
0.00188934
0.00126367
-0.000966159
-0.000659959
-0.00336759
-0.00166991
-0.00173411
-0.000949973
0.00129268
0.000111711
0.0024323
0.00110767
0.0023537
0.00160422
0.000879682
0.000689063
-0.00236475
-0.000861389
-0.00395538
-0.00138114
-0.00162236
-0.000776667
0.00122141
0.000184643
0.00216777
0.0011924
0.00207537
0.0016366
0.000609491
0.000260895
-0.00226597
-0.00149219
-0.00282772
-0.001487
6.52993e-05
-0.000455825
0.00227891
0.000558823
0.00253085
0.00134647
0.00198387
0.00134116
-0.000443905
-0.00356298
0.00162259
0.00522505
0.00237762
0.00453442
0.00132453
0.00136907
-0.000144026
-0.00121953
-0.000979275
-0.00182398
-0.000847227
-0.00109354
-0.000180828
-0.000487502
0.000487245
-0.000615178
0.000332136
-0.00176511
-0.000836424
-0.00259067
-0.00170383
-0.001798
-0.00138512
-0.000194859
-0.00049642
0.000809966
0.000382229
0.00100064
0.00108354
0.000623788
0.000794279
-0.000768065
-0.000535106
-0.002047
-0.00158296
-0.00163237
-0.00136236
9.31458e-05
-0.000379725
0.00142096
0.000652781
0.00163623
0.00145571
0.0010864
0.00101837
-0.000528813
-0.000574819
-0.0017744
-0.00139407
-0.00091485
-0.000808699
0.000707309
0.000161062
0.00146254
0.00110684
0.00140792
0.00153851
0.000448014
0.000670277
-0.00149651
-0.000834586
-0.00245051
-0.00136873
-0.00108821
-0.000804454
0.000657134
8.5989e-05
0.00127732
0.000966642
0.00119472
0.00128575
0.000290389
0.000185979
-0.0011662
-0.00122523
-0.00141651
-0.00124579
8.58539e-05
-0.000322919
0.00135604
0.000628285
0.00157964
0.0014129
0.00119925
0.00134061
-0.000371615
-0.00222237
0.00135833
0.00386672
0.00238316
0.00350958
0.0020943
0.00165792
0.00107382
-0.000199044
0.00020701
-0.000957167
3.72416e-06
-0.000890258
0.000260817
-0.000744598
0.000558606
-0.000912969
0.000213625
-0.00142013
-0.000719163
-0.00165788
-0.00131569
-0.00120147
-0.00109432
-0.000416232
-0.000439692
0.000155337
0.000232721
0.000328232
0.000726646
0.000129861
0.000492234
-0.000533655
-0.000471071
-0.00108369
-0.00124232
-0.000861116
-0.001127
-2.21768e-05
-0.000380673
0.000674631
0.000421614
0.000833942
0.000979572
0.000528444
0.000660523
-0.000209762
-0.000393938
-0.000719931
-0.00093627
-0.000372517
-0.000548678
0.000319716
0.00019755
0.000716311
0.000917086
0.00068838
0.00121075
0.000154346
0.00053035
-0.000816103
-0.00064568
-0.00127448
-0.00109985
-0.000634051
-0.000694015
0.000251307
-2.69836e-05
0.000610287
0.000618222
0.000549505
0.00079514
0.00011347
8.44708e-05
-0.000455538
-0.000814747
-0.000517292
-0.000838275
0.000109382
-0.000170153
0.00068792
0.000584574
0.000824918
0.00120034
0.000583485
0.00108133
-0.000252599
-0.00114104
0.000972304
0.00289442
0.00193971
0.00254218
0.00213735
0.00146029
0.00159659
0.000341713
0.000978381
-0.00033896
0.000682815
-0.000594694
0.000657196
-0.000718977
0.000614003
-0.000869775
0.000221001
-0.00102713
-0.000412523
-0.00102436
-0.000800975
-0.000813013
-0.000721788
-0.00049542
-0.000330355
-0.000236099
9.85256e-05
-0.000100646
0.000374183
-0.000145795
0.000197697
-0.000357171
-0.000376081
-0.000509912
-0.0008359
-0.000401297
-0.000783502
-7.45757e-05
-0.000328116
0.000219245
0.000190711
0.000315116
0.000510088
0.000209069
0.000331181
-3.08536e-05
-0.000204592
-0.000184154
-0.0004835
-9.3609e-05
-0.000270873
0.000107086
0.000194219
0.000251217
0.000642244
0.000240356
0.000784195
1.23961e-05
0.000333155
-0.000365059
-0.000399621
-0.000541701
-0.000722474
-0.000311199
-0.000506877
3.57093e-05
-9.09413e-05
0.00019435
0.00028392
0.00017464
0.000358642
3.87466e-05
1.74795e-06
-9.86443e-05
-0.000429823
-8.57204e-05
-0.000431333
0.000110891
-3.62424e-05
0.000292829
0.000454335
0.000334343
0.000823477
0.000214341
0.000695415
-0.000124537
-0.000445625
0.000740691
0.00215373
0.00140074
0.00188213
0.00167882
0.00118221
0.0015039
0.000516628
0.00117822
-1.3277e-05
0.000932209
-0.000348691
0.000769253
-0.000556021
0.000569104
-0.000669621
0.000243543
-0.000701568
-0.000117966
-0.000662852
-0.000342467
-0.000588512
-0.000342705
-0.000495179
-0.000182995
-0.000395808
2.63758e-05
-0.000310017
0.000140096
-0.000259513
3.30435e-05
-0.000250121
-0.000242548
-0.000234323
-0.000469388
-0.000174456
-0.000455477
-8.84855e-05
-0.000235855
-3.76382e-07
3.38988e-05
4.53642e-05
0.000188768
5.42031e-05
0.000128406
2.95099e-05
-6.22995e-05
6.54897e-06
-0.000159939
4.02837e-06
-6.46496e-05
1.17932e-05
0.000163291
2.32761e-05
0.00037793
2.57198e-05
0.000416127
-2.57984e-05
0.000171635
-0.000120565
-0.000200473
-0.000169591
-0.000388775
-0.000122897
-0.0003129
-4.01666e-05
-0.00011304
-5.51034e-06
5.5919e-05
5.68152e-06
8.37761e-05
1.08898e-05
-3.76492e-05
2.27782e-05
-0.000172428
4.90562e-05
-0.000146883
8.53473e-05
4.65107e-05
9.94332e-05
0.000294657
8.61989e-05
0.000453758
5.52429e-05
0.000356013
-2.67938e-05
-8.96136e-05
0.000585534
0.00156819
0.00102806
0.00143961
0.00123216
0.000978116
0.00121494
0.000533839
0.00104832
0.000153355
0.000856108
-0.00015648
0.000660269
-0.000360186
0.000452511
-0.000461863
0.000239483
-0.000488539
5.86233e-05
-0.000481997
-5.48726e-05
-0.000475018
-8.52749e-05
-0.000464773
-5.06868e-05
-0.000430393
4.97722e-06
-0.000365684
2.617e-05
-0.000280708
-2.72003e-05
-0.000196749
-0.000127207
-0.000134316
-0.000203521
-9.81417e-05
-0.00020496
-8.70453e-05
-0.000129139
-7.61951e-05
-3.10439e-05
-5.27307e-05
3.7306e-05
-1.41481e-05
4.68333e-05
1.99807e-05
2.02494e-05
3.31305e-05
1.29251e-05
1.1351e-05
4.92259e-05
-2.4508e-05
0.00011691
-4.4408e-05
0.000183432
-4.08012e-05
0.000179228
-2.15941e-05
7.75034e-05
-1.88394e-05
-6.60032e-05
-2.60831e-05
-0.000153502
-3.53958e-05
-0.000146503
-4.7164e-05
-9.63876e-05
-5.5626e-05
-4.82392e-05
-4.24692e-05
-2.94717e-05
-7.87805e-06
-4.05955e-05
3.39008e-05
-4.56897e-05
5.41467e-05
-6.49549e-06
4.61557e-05
7.22649e-05
2.06743e-05
0.000155027
3.43785e-06
0.000194282
1.59904e-05
0.000135081
3.24084e-05
4.54648e-05
0.000461995
0.00110619
0.000812546
0.00108906
0.000975653
0.000815013
0.000989538
0.000519953
0.000902378
0.000240516
0.000734108
1.17931e-05
0.000552088
-0.000178168
0.000379637
-0.000289417
0.00023877
-0.000347674
0.000137549
-0.000380777
6.82501e-05
-0.000405719
2.19233e-05
-0.000418445
-5.32058e-06
-0.000403148
-2.17712e-05
-0.000349233
-3.46543e-05
-0.000267824
-4.84326e-05
-0.000182968
-6.26065e-05
-0.00012014
-6.92585e-05
-9.14896e-05
-6.63156e-05
-8.99889e-05
-5.13661e-05
-9.11447e-05
-2.80998e-05
-7.59992e-05
2.4471e-07
-4.24968e-05
2.79361e-05
-7.71268e-06
5.38789e-05
7.18822e-06
7.13194e-05
-6.09003e-06
7.9602e-05
-3.27928e-05
8.43282e-05
-4.91355e-05
8.22409e-05
-3.87144e-05
7.15299e-05
-1.08831e-05
4.15731e-05
1.1119e-05
1.72218e-06
1.3771e-05
-2.9741e-05
-3.93107e-06
-4.68275e-05
-3.00769e-05
-5.47584e-05
-4.76956e-05
-5.50084e-05
-4.22226e-05
-4.75697e-05
-1.53182e-05
-2.61239e-05
1.24589e-05
3.84993e-06
2.41717e-05
3.32237e-05
1.67822e-05
5.23991e-05
1.50084e-06
5.62535e-05
-4.15071e-07
5.05794e-05
2.16635e-05
2.81214e-05
5.48682e-05
7.35866e-05
0.000345893
0.000760301
0.000642198
0.000792763
0.000807908
0.000649307
0.000855569
0.000472292
0.00080979
0.000286293
0.000708081
0.000113501
0.00055541
-2.54974e-05
0.00041156
-0.000145569
0.000291032
-0.000227148
0.000196619
-0.000286363
0.000119652
-0.00032875
5.15684e-05
-0.000350363
-7.87765e-06
-0.000343702
-5.0954e-05
-0.000306152
-7.12498e-05
-0.000247522
-6.9144e-05
-0.000185072
-5.30761e-05
-0.000136209
-3.51524e-05
-0.000109414
-2.54678e-05
-9.96753e-05
-2.29875e-05
-9.36286e-05
-1.96382e-05
-7.93518e-05
-6.30197e-06
-5.58344e-05
1.8716e-05
-3.27306e-05
4.68936e-05
-2.09897e-05
6.49837e-05
-2.41823e-05
6.62262e-05
-3.40393e-05
5.41619e-05
-3.70735e-05
4.11628e-05
-2.57145e-05
3.59058e-05
-5.62436e-06
3.50624e-05
1.19641e-05
3.35896e-05
1.52463e-05
2.5848e-05
3.81053e-06
1.02893e-05
-1.45206e-05
-9.8489e-06
-2.75575e-05
-2.49797e-05
-2.70911e-05
-2.4526e-05
-1.57733e-05
-9.69178e-06
-2.37201e-06
9.36555e-06
5.11653e-06
2.14444e-05
4.70263e-06
1.95947e-05
3.34845e-06
8.29902e-06
1.08832e-05
-1.70264e-06
3.16656e-05
-4.98007e-06
5.8144e-05
6.86073e-05
0.00024596
0.000514346
0.0004822
0.000556523
0.000645667
0.000485838
0.000728507
0.000389452
0.000736913
0.000277887
0.000687001
0.000163412
0.000605148
5.6355e-05
0.000494138
-3.45587e-05
0.000385753
-0.000118764
0.000283036
-0.000183647
0.000186294
-0.000232007
9.63893e-05
-0.000260456
1.85233e-05
-0.000265832
-3.80207e-05
-0.000249601
-6.81056e-05
-0.000217433
-7.32004e-05
-0.00017998
-6.20597e-05
-0.000147355
-4.70563e-05
-0.000124419
-3.73029e-05
-0.00010943
-3.4093e-05
-9.68425e-05
-3.11963e-05
-8.22507e-05
-2.1675e-05
-6.53536e-05
-4.49021e-06
-4.99153e-05
1.47141e-05
-4.01987e-05
2.71275e-05
-3.65996e-05
2.7938e-05
-3.48512e-05
2.11429e-05
-3.02789e-05
1.53449e-05
-1.99146e-05
1.63749e-05
-6.65197e-06
2.51939e-05
3.14467e-06
3.46e-05
5.83962e-06
3.69088e-05
1.50234e-06
2.89368e-05
-6.54983e-06
1.4584e-05
-1.32046e-05
1.61729e-06
-1.41216e-05
-4.29064e-06
-9.8659e-06
-2.69422e-06
-3.97105e-06
1.47338e-06
9.48973e-07
1.26024e-06
4.92001e-06
-5.78785e-06
1.03961e-05
-1.5545e-05
2.06411e-05
-1.98037e-05
3.59272e-05
-1.36063e-05
5.19456e-05
5.49997e-05
0.000169628
0.00034472
0.000345157
0.000380992
0.000484942
0.000346051
0.000579057
0.000295337
0.000624341
0.000232603
0.000624748
0.000163005
0.000589287
9.18138e-05
0.00053228
2.24473e-05
0.000452998
-3.94816e-05
0.00036426
-9.49085e-05
0.000271252
-0.000138998
0.00018004
-0.00016924
9.82457e-05
-0.000184033
3.29254e-05
-0.00018428
-1.11653e-05
-0.000173345
-3.45091e-05
-0.00015664
-4.29665e-05
-0.0001389
-4.43844e-05
-0.000123003
-4.43911e-05
-0.000109425
-4.45638e-05
-9.66718e-05
-4.31833e-05
-8.36309e-05
-3.79884e-05
-7.05475e-05
-2.91284e-05
-5.87789e-05
-1.97696e-05
-4.95634e-05
-1.36563e-05
-4.27142e-05
-1.17825e-05
-3.67237e-05
-1.22356e-05
-2.98265e-05
-1.07391e-05
-2.1411e-05
-4.68912e-06
-1.27002e-05
4.47767e-06
-6.02317e-06
1.31175e-05
-2.80202e-06
1.75221e-05
-2.90054e-06
1.57157e-05
-4.74187e-06
8.73602e-06
-6.22661e-06
2.59634e-07
-5.64702e-06
-6.13608e-06
-3.46985e-06
-1.01195e-05
1.007e-08
-1.3282e-05
4.10762e-06
-1.73981e-05
9.04182e-06
-2.2466e-05
1.54709e-05
-2.56853e-05
2.38616e-05
-2.32792e-05
3.35213e-05
-1.36141e-05
4.22805e-05
4.13849e-05
0.000115579
0.00022914
0.000240323
0.000256248
0.000348151
0.000238224
0.000432351
0.000211138
0.000488731
0.000176224
0.000516153
0.000135581
0.000516486
9.14798e-05
0.000492706
4.62271e-05
0.000448989
4.23739e-06
0.000391161
-3.70774e-05
0.000323227
-7.10616e-05
0.000251265
-9.72758e-05
0.00018184
-0.000114607
0.000120757
-0.000123199
7.18894e-05
-0.000124481
3.58502e-05
-0.000120601
1.07251e-05
-0.000113774
-6.5777e-06
-0.000105702
-1.9144e-05
-9.6862e-05
-2.82883e-05
-8.75264e-05
-3.41946e-05
-7.77224e-05
-3.67463e-05
-6.79983e-05
-3.66697e-05
-5.88606e-05
-3.54827e-05
-5.0752e-05
-3.45646e-05
-4.36305e-05
-3.42472e-05
-3.70407e-05
-3.35867e-05
-3.04885e-05
-3.11091e-05
-2.38886e-05
-2.61654e-05
-1.76426e-05
-1.9725e-05
-1.24633e-05
-1.37211e-05
-8.80605e-06
-1.00881e-05
-6.53342e-06
-9.76611e-06
-5.0626e-06
-1.22266e-05
-3.7669e-06
-1.61538e-05
-1.72608e-06
-2.03191e-05
6.93656e-07
-2.40612e-05
3.75607e-06
-2.72605e-05
7.30591e-06
-2.96816e-05
1.14633e-05
-3.05406e-05
1.63355e-05
-2.84623e-05
2.17866e-05
-2.21937e-05
2.72522e-05
-1.16682e-05
3.17539e-05
2.9717e-05
7.93386e-05
0.000149801
0.00016694
0.000168645
0.000246295
0.00015887
0.000313435
0.000143996
0.000365199
0.000124456
0.000399644
0.000101133
0.00041601
7.51126e-05
0.000414626
4.76116e-05
0.000398995
1.98702e-05
0.000367986
-6.06633e-06
0.000326885
-2.9962e-05
0.000279366
-4.97596e-05
0.000229719
-6.49615e-05
0.000181898
-7.53793e-05
0.000138779
-8.13633e-05
0.00010182
-8.36431e-05
7.11247e-05
-8.30786e-05
4.58413e-05
-8.04206e-05
2.51888e-05
-7.62117e-05
8.53054e-06
-7.0867e-05
-4.374e-06
-6.48182e-05
-1.40644e-05
-5.83134e-05
-2.11043e-05
-5.18239e-05
-2.62816e-05
-4.55723e-05
-3.02288e-05
-3.96831e-05
-3.31704e-05
-3.41028e-05
-3.49046e-05
-2.87546e-05
-3.51525e-05
-2.36385e-05
-3.39104e-05
-1.88853e-05
-3.1713e-05
-1.46605e-05
-2.94551e-05
-1.10616e-05
-2.79564e-05
-8.03459e-06
-2.7634e-05
-5.38801e-06
-2.85348e-05
-2.86428e-06
-2.99207e-05
-3.43092e-07
-3.15316e-05
2.2998e-06
-3.28099e-05
5.03782e-06
-3.33938e-05
7.89358e-06
-3.28298e-05
1.08983e-05
-3.05377e-05
1.40424e-05
-2.59434e-05
1.71931e-05
-1.87745e-05
2.0084e-05
-9.34447e-06
2.23246e-05
2.03738e-05
5.59139e-05
9.38878e-05
0.000118472
0.000106087
0.000176693
0.000100649
0.000228282
9.24073e-05
0.00027118
8.15546e-05
0.000303824
6.84874e-05
0.000325226
5.37128e-05
0.000335005
3.78358e-05
0.000333373
2.15046e-05
0.000321507
5.8002e-06
0.000300882
-9.33634e-06
0.000273692
-2.25709e-05
0.000242385
-3.3655e-05
0.000209353
-4.2346e-05
0.000176602
-4.86116e-05
0.000145558
-5.25989e-05
0.000117045
-5.45658e-05
9.14348e-05
-5.48104e-05
6.88531e-05
-5.363e-05
4.92976e-05
-5.13108e-05
3.26206e-05
-4.81428e-05
1.87023e-05
-4.43988e-05
7.18641e-06
-4.03075e-05
-2.2636e-06
-3.61189e-05
-1.00099e-05
-3.19384e-05
-1.6269e-05
-2.78477e-05
-2.11357e-05
-2.38852e-05
-2.47024e-05
-2.00677e-05
-2.71106e-05
-1.64792e-05
-2.8627e-05
-1.31444e-05
-2.96024e-05
-1.00813e-05
-3.03662e-05
-7.27179e-06
-3.10921e-05
-4.66732e-06
-3.17481e-05
-2.20682e-06
-3.22296e-05
1.40519e-07
-3.23391e-05
2.40632e-06
-3.18937e-05
4.5918e-06
-3.06953e-05
6.69832e-06
-2.85185e-05
8.72304e-06
-2.5121e-05
1.06444e-05
-2.03328e-05
1.24044e-05
-1.41553e-05
1.3907e-05
-6.84468e-06
1.50151e-05
1.35299e-05
3.66862e-05
5.71995e-05
7.80701e-05
6.46988e-05
0.000117146
6.15717e-05
0.000152675
5.68767e-05
0.0001835
5.07244e-05
0.000208668
4.33167e-05
0.000227472
3.49101e-05
0.000239494
2.58152e-05
0.00024463
1.63678e-05
0.000243573
6.85552e-06
0.00023633
-2.0937e-06
0.000224126
-1.03681e-05
0.000208104
-1.76335e-05
0.000189458
-2.37004e-05
0.000169316
-2.84703e-05
0.000148647
-3.19305e-05
0.000128217
-3.41364e-05
0.000108597
-3.51911e-05
9.01948e-05
-3.52284e-05
7.32845e-05
-3.44022e-05
5.80167e-05
-3.28778e-05
4.4439e-05
-3.08231e-05
3.25368e-05
-2.84041e-05
2.21666e-05
-2.57472e-05
1.31983e-05
-2.29731e-05
5.51185e-06
-2.0164e-05
-9.93635e-07
-1.73764e-05
-6.39094e-06
-1.46668e-05
-1.08131e-05
-1.20593e-05
-1.43764e-05
-9.58207e-06
-1.72062e-05
-7.24715e-06
-1.94244e-05
-5.05241e-06
-2.11025e-05
-2.99296e-06
-2.22352e-05
-1.07446e-06
-2.28182e-05
7.25933e-07
-2.28202e-05
2.40781e-06
-2.22106e-05
3.98046e-06
-2.09482e-05
5.43617e-06
-1.89911e-05
6.76727e-06
-1.63056e-05
7.95985e-06
-1.28909e-05
8.99012e-06
-8.80785e-06
9.82418e-06
-4.20705e-06
1.04144e-05
9.32165e-06
2.32419e-05
3.39558e-05
4.96015e-05
3.83397e-05
7.47011e-05
3.64742e-05
9.7873e-05
3.37048e-05
0.0001185
3.00966e-05
0.00013606
2.57592e-05
0.000150139
2.08351e-05
0.000160459
1.54972e-05
0.000166898
9.92943e-06
0.000169503
4.251e-06
0.000168521
-1.10983e-06
0.000164317
-6.16188e-06
0.000157377
-1.06922e-05
0.00014825
-1.45728e-05
0.000137501
-1.7722e-05
0.000125672
-2.01023e-05
0.000113252
-2.17158e-05
0.000100661
-2.2598e-05
8.8243e-05
-2.28103e-05
7.62735e-05
-2.24334e-05
6.49551e-05
-2.1561e-05
5.44247e-05
-2.02929e-05
4.47509e-05
-1.87283e-05
3.59629e-05
-1.69579e-05
2.805e-05
-1.50621e-05
2.09902e-05
-1.31054e-05
1.47573e-05
-1.11405e-05
9.32036e-06
-9.22673e-06
4.61932e-06
-7.35913e-06
6.1109e-07
-5.57431e-06
-2.74857e-06
-3.88412e-06
-5.49888e-06
-2.29966e-06
-7.67087e-06
-8.22092e-07
-9.29047e-06
5.44548e-07
-1.0371e-05
1.80789e-06
-1.09379e-05
2.97542e-06
-1.10012e-05
4.04288e-06
-1.05743e-05
5.00848e-06
-9.6756e-06
5.86858e-06
-8.33213e-06
6.61661e-06
-6.58493e-06
7.24277e-06
-4.49547e-06
7.73398e-06
-2.15395e-06
8.07155e-06
7.16553e-06
1.60344e-05
1.79191e-05
3.42778e-05
2.00963e-05
5.17498e-05
1.90019e-05
6.80448e-05
1.74077e-05
8.27907e-05
1.53499e-05
9.56644e-05
1.28879e-05
0.000106407
1.00942e-05
0.00011485
7.05436e-06
0.000120881
3.89758e-06
0.000124408
7.23956e-07
0.000125671
-2.37242e-06
0.00012477
-5.25966e-06
0.000121917
-7.83847e-06
0.000117383
-1.00398e-05
0.00011147
-1.18114e-05
0.000104491
-1.31244e-05
9.67479e-05
-1.39728e-05
8.85222e-05
-1.43711e-05
8.00637e-05
-1.43508e-05
7.15868e-05
-1.39571e-05
6.32696e-05
-1.32452e-05
5.5253e-05
-1.22764e-05
4.76393e-05
-1.11132e-05
4.04971e-05
-9.81522e-06
3.38719e-05
-8.43867e-06
2.77977e-05
-7.03257e-06
2.22961e-05
-5.63729e-06
1.73461e-05
-4.27455e-06
1.2939e-05
-2.95247e-06
9.07211e-06
-1.70802e-06
5.77573e-06
-5.85723e-07
2.95739e-06
5.20986e-07
6.24374e-07
1.51117e-06
-1.24553e-06
2.41428e-06
-2.66852e-06
3.23181e-06
-3.65999e-06
3.96788e-06
-4.24369e-06
4.6265e-06
-4.44661e-06
5.21045e-06
-4.29969e-06
5.72035e-06
-3.8397e-06
6.15503e-06
-3.11027e-06
6.5113e-06
-2.16286e-06
6.78404e-06
-1.06127e-06
6.96709e-06
6.10259e-06
1.12728e-05
6.64686e-06
2.40742e-05
7.29831e-06
3.63758e-05
6.7013e-06
4.79227e-05
5.86068e-06
5.84794e-05
4.79525e-06
6.78019e-05
3.56896e-06
7.57078e-05
2.18939e-06
8.21815e-05
5.80711e-07
8.69343e-05
-8.54483e-07
9.01964e-05
-2.53738e-06
9.189e-05
-4.06532e-06
9.20541e-05
-5.42282e-06
9.0803e-05
-6.58658e-06
8.82853e-05
-7.52204e-06
8.46766e-05
-8.20351e-06
8.01702e-05
-8.61843e-06
7.49641e-05
-8.76581e-06
6.92508e-05
-8.65567e-06
6.32103e-05
-8.30848e-06
5.70048e-05
-7.75127e-06
5.07774e-05
-7.01858e-06
4.46505e-05
-6.14961e-06
3.87237e-05
-5.18546e-06
3.30729e-05
-4.16426e-06
2.77527e-05
-3.11997e-06
2.28098e-05
-2.0911e-06
1.83231e-05
-1.14967e-06
1.43099e-05
-2.599e-07
1.06701e-05
6.87264e-07
7.47579e-06
1.48586e-06
4.67177e-06
2.21945e-06
2.31351e-06
2.88117e-06
3.6892e-07
3.45674e-06
-1.17019e-06
3.95378e-06
-2.3237e-06
4.38615e-06
-3.10981e-06
4.75502e-06
-3.55116e-06
5.06826e-06
-3.67594e-06
5.33466e-06
-3.51671e-06
5.55968e-06
-3.11036e-06
5.74655e-06
-2.49765e-06
5.8959e-06
-1.72263e-06
6.00594e-06
-8.35434e-07
6.07679e-06
5.26614e-06
7.37749e-06
-7.30328e-07
1.56792e-05
-1.00098e-06
2.36599e-05
-1.27969e-06
3.11465e-05
-1.6262e-06
3.79855e-05
-2.04179e-06
4.40691e-05
-2.51327e-06
4.92904e-05
-3.0328e-06
5.34237e-05
-3.55281e-06
5.66e-05
-4.0302e-06
5.85481e-05
-4.48583e-06
5.93407e-05
-4.85863e-06
5.90496e-05
-5.13165e-06
5.77535e-05
-5.28981e-06
5.55523e-05
-5.32055e-06
5.25654e-05
-5.21696e-06
4.89268e-05
-4.98027e-06
4.47768e-05
-4.61542e-06
4.02533e-05
-4.13078e-06
3.54882e-05
-3.54209e-06
3.06339e-05
-2.89708e-06
2.58023e-05
-2.1882e-06
2.10862e-05
-1.43445e-06
1.65734e-05
-6.72588e-07
1.23431e-05
6.59188e-08
8.43437e-06
7.87518e-07
4.87409e-06
1.46809e-06
1.64284e-06
2.08209e-06
-1.23746e-06
2.6216e-06
-3.65144e-06
3.10139e-06
-5.66918e-06
3.50304e-06
-7.27784e-06
3.82834e-06
-8.4781e-06
4.08239e-06
-9.29133e-06
4.27067e-06
-9.73976e-06
4.4025e-06
-9.83602e-06
4.48286e-06
-9.6061e-06
4.52586e-06
-9.07885e-06
4.54165e-06
-8.28234e-06
4.53827e-06
-7.24753e-06
4.5243e-06
-6.00848e-06
4.50621e-06
-4.60196e-06
4.48747e-06
-3.06624e-06
4.46786e-06
-1.44061e-06
4.44865e-06
3.82474e-06
3.87417e-06
-4.60343e-06
8.25476e-06
-5.3789e-06
1.24371e-05
-5.46203e-06
1.62886e-05
-5.47708e-06
1.96933e-05
-5.44461e-06
2.25426e-05
-5.36255e-06
2.47299e-05
-5.2213e-06
2.61826e-05
-5.00495e-06
2.68798e-05
-4.72693e-06
2.67827e-05
-4.38974e-06
2.59095e-05
-3.98645e-06
2.43039e-05
-3.52616e-06
2.20292e-05
-3.01444e-06
1.91771e-05
-2.46805e-06
1.58585e-05
-1.89872e-06
1.21752e-05
-1.29797e-06
8.22915e-06
-6.70088e-07
4.12372e-06
-2.52328e-08
-9.49203e-08
6.76819e-07
-4.15689e-06
1.16425e-06
-8.04186e-06
1.69523e-06
-1.16881e-05
2.21058e-06
-1.50404e-05
2.67968e-06
-1.80524e-05
3.07833e-06
-2.06663e-05
3.40145e-06
-2.28449e-05
3.64684e-06
-2.45735e-05
3.81184e-06
-2.58474e-05
3.89718e-06
-2.66571e-05
3.91185e-06
-2.70152e-05
3.86104e-06
-2.69375e-05
3.75061e-06
-2.64434e-05
3.58891e-06
-2.55609e-05
3.38869e-06
-2.43181e-05
3.16005e-06
-2.27475e-05
2.91258e-06
-2.08898e-05
2.66873e-06
-1.87814e-05
2.43382e-06
-1.64551e-05
2.21224e-06
-1.39408e-05
2.00985e-06
-1.12676e-05
1.83236e-06
-8.46536e-06
1.68396e-06
-5.56583e-06
1.56664e-06
-2.60515e-06
1.4861e-06
1.21903e-06
7.47291e-07
-5.34943e-06
1.54696e-06
-6.17638e-06
2.22899e-06
-6.14386e-06
2.69447e-06
-5.94143e-06
2.83837e-06
-5.58725e-06
2.56652e-06
-5.09164e-06
1.8191e-06
-4.47441e-06
5.74441e-07
-3.75925e-06
-1.18764e-06
-2.96493e-06
-3.44516e-06
-2.13371e-06
-6.14673e-06
-1.28625e-06
-9.25557e-06
-4.18114e-07
-1.27326e-05
4.62081e-07
-1.64823e-05
1.28105e-06
-2.03751e-05
1.99281e-06
-2.43501e-05
2.67496e-06
-2.83343e-05
3.31225e-06
-3.2268e-05
3.90731e-06
-3.59624e-05
4.37075e-06
-3.94805e-05
4.68154e-06
-4.27116e-05
4.9251e-06
-4.55718e-05
5.06999e-06
-4.80005e-05
5.10912e-06
-4.99586e-05
5.03809e-06
-5.14126e-05
4.85715e-06
-5.23368e-05
4.57293e-06
-5.27171e-05
4.19455e-06
-5.25509e-05
3.73364e-06
-5.1842e-05
3.205e-06
-5.06014e-05
2.62152e-06
-4.88484e-05
1.99851e-06
-4.66298e-05
1.3715e-06
-4.39761e-05
7.36285e-07
-4.09353e-05
1.20249e-07
-3.75254e-05
-4.96508e-07
-3.38397e-05
-1.01643e-06
-2.9936e-05
-1.46958e-06
-2.5858e-05
-1.86576e-06
-2.16449e-05
-2.20373e-06
-1.73275e-05
-2.48586e-06
-1.29285e-05
-2.71623e-06
-8.46617e-06
-2.89695e-06
-3.9689e-06
-3.01234e-06
-2.75002e-06
-1.95624e-06
-3.39155e-06
-4.19476e-06
-3.9362e-06
-6.48098e-06
-3.85665e-06
-8.93103e-06
-3.48952e-06
-1.16239e-05
-2.89337e-06
-1.45837e-05
-2.13259e-06
-1.78359e-05
-1.22173e-06
-2.1381e-05
-2.13247e-07
-2.51869e-05
8.40169e-07
-2.9174e-05
1.85142e-06
-3.32415e-05
2.77921e-06
-3.7394e-05
3.73237e-06
-4.1558e-05
4.62411e-06
-4.56959e-05
5.41718e-06
-4.97954e-05
6.09038e-06
-5.3775e-05
6.65203e-06
-5.75631e-05
7.09803e-06
-6.1079e-05
7.42191e-06
-6.43e-05
7.59132e-06
-6.72209e-05
7.60209e-06
-6.97687e-05
7.47247e-06
-7.18944e-05
7.19562e-06
-7.35544e-05
6.77051e-06
-7.47151e-05
6.20124e-06
-7.53494e-05
5.49423e-06
-7.54346e-05
4.66078e-06
-7.49519e-05
3.7149e-06
-7.38893e-05
2.67405e-06
-7.22424e-05
1.56061e-06
-7.00057e-05
3.86753e-07
-6.71641e-05
-8.41432e-07
-6.37959e-05
-1.99482e-06
-5.99123e-05
-3.14551e-06
-5.5548e-05
-4.24236e-06
-5.07882e-05
-5.25513e-06
-4.56592e-05
-6.14473e-06
-4.0231e-05
-6.89747e-06
-3.45883e-05
-7.50872e-06
-2.88102e-05
-7.98257e-06
-2.29624e-05
-8.33458e-06
-1.70902e-05
-8.58931e-06
-1.1211e-05
-8.77677e-06
-5.30764e-06
-8.91618e-06
-8.05761e-06
-4.15557e-06
7.65401e-07
-8.80972e-06
7.19629e-07
-1.34984e-05
8.34103e-07
-1.83103e-05
1.32493e-06
-2.32761e-05
2.07322e-06
-2.8299e-05
2.89014e-06
-3.33418e-05
3.82182e-06
-3.83299e-05
4.77478e-06
-4.31865e-05
5.69507e-06
-4.78861e-05
6.54869e-06
-5.24358e-05
7.32625e-06
-5.67552e-05
8.04873e-06
-6.08267e-05
8.69288e-06
-6.46501e-05
9.23843e-06
-6.82312e-05
9.66962e-06
-7.15565e-05
9.97517e-06
-7.46048e-05
1.01447e-05
-7.73523e-05
1.01685e-05
-7.97921e-05
1.00312e-05
-8.19233e-05
9.73323e-06
-8.37144e-05
9.26361e-06
-8.51411e-05
8.62226e-06
-8.61773e-05
7.80797e-06
-8.67999e-05
6.82568e-06
-8.69847e-05
5.68157e-06
-8.67091e-05
4.38724e-06
-8.59486e-05
2.95665e-06
-8.46805e-05
1.40804e-06
-8.28786e-05
-2.39385e-07
-8.05223e-05
-1.96812e-06
-7.76218e-05
-3.74066e-06
-7.41094e-05
-5.50593e-06
-7.00053e-05
-7.24831e-06
-6.53168e-05
-8.92965e-06
-6.0066e-05
-1.0505e-05
-5.42809e-05
-1.19291e-05
-4.80208e-05
-1.31574e-05
-4.13768e-05
-1.41528e-05
-3.44655e-05
-1.48943e-05
-2.74127e-05
-1.53878e-05
-2.03334e-05
-1.5669e-05
-1.32957e-05
-1.58146e-05
-6.30426e-06
-1.59078e-05
-1.4362e-05
-5.92647e-06
6.6931e-06
-1.24706e-05
7.266e-06
-1.90365e-05
7.40253e-06
-2.55892e-05
7.87998e-06
-3.20175e-05
8.50179e-06
-3.82225e-05
9.09505e-06
-4.40349e-05
9.63447e-06
-4.93665e-05
1.01053e-05
-5.41863e-05
1.05128e-05
-5.85156e-05
1.08757e-05
-6.24e-05
1.12081e-05
-6.58664e-05
1.1512e-05
-6.89513e-05
1.17753e-05
-7.16959e-05
1.19812e-05
-7.41375e-05
1.211e-05
-7.63063e-05
1.21425e-05
-7.82216e-05
1.20592e-05
-7.9897e-05
1.18433e-05
-8.13416e-05
1.14764e-05
-8.25677e-05
1.0959e-05
-8.35666e-05
1.02628e-05
-8.43341e-05
9.38911e-06
-8.48572e-05
8.33196e-06
-8.51245e-05
7.09397e-06
-8.51179e-05
5.67701e-06
-8.48189e-05
4.08982e-06
-8.42024e-05
2.34213e-06
-8.3247e-05
4.54506e-07
-8.19061e-05
-1.57805e-06
-8.01506e-05
-3.72152e-06
-7.79409e-05
-5.94848e-06
-7.52131e-05
-8.23203e-06
-7.19185e-05
-1.05413e-05
-6.80076e-05
-1.28393e-05
-6.34325e-05
-1.50792e-05
-5.81575e-05
-1.72034e-05
-5.2174e-05
-1.91404e-05
-4.55163e-05
-2.08102e-05
-3.82778e-05
-2.21329e-05
-3.06106e-05
-2.3055e-05
-2.27257e-05
-2.35542e-05
-1.4814e-05
-2.37264e-05
-7.02275e-06
-2.36996e-05
-2.13851e-05
-7.40984e-06
1.41042e-05
-1.55304e-05
1.53887e-05
-2.35435e-05
1.54175e-05
-3.11177e-05
1.54556e-05
-3.80649e-05
1.54485e-05
-4.42169e-05
1.52469e-05
-4.95038e-05
1.49212e-05
-5.39364e-05
1.45364e-05
-5.75872e-05
1.41621e-05
-6.05627e-05
1.38496e-05
-6.2977e-05
1.36206e-05
-6.49312e-05
1.34637e-05
-6.65093e-05
1.33516e-05
-6.77835e-05
1.32538e-05
-6.88113e-05
1.31371e-05
-6.9642e-05
1.2972e-05
-7.03112e-05
1.2728e-05
-7.08496e-05
1.23808e-05
-7.12778e-05
1.19052e-05
-7.16115e-05
1.12918e-05
-7.18577e-05
1.05092e-05
-7.2025e-05
9.55492e-06
-7.21101e-05
8.41746e-06
-7.21133e-05
7.09688e-06
-7.2025e-05
5.58981e-06
-7.1836e-05
3.90122e-06
-7.15277e-05
2.03482e-06
-7.10824e-05
1.03658e-08
-7.04587e-05
-2.19987e-06
-6.96254e-05
-4.55262e-06
-6.85294e-05
-7.04204e-06
-6.71047e-05
-9.65448e-06
-6.5272e-05
-1.23719e-05
-6.29381e-05
-1.51716e-05
-5.9994e-05
-1.80219e-05
-5.63211e-05
-2.08754e-05
-5.18035e-05
-2.36575e-05
-4.63477e-05
-2.62656e-05
-3.992e-05
-2.85608e-05
-3.25697e-05
-3.04052e-05
-2.45181e-05
-3.16064e-05
-1.60399e-05
-3.22049e-05
-7.61655e-06
-3.21238e-05
-2.9002e-05
-8.89298e-06
2.2998e-05
-1.82623e-05
2.47592e-05
-2.7082e-05
2.42378e-05
-3.46021e-05
2.29761e-05
-4.07946e-05
2.16405e-05
-4.56274e-05
2.00798e-05
-4.92571e-05
1.85508e-05
-5.18654e-05
1.71434e-05
-5.36482e-05
1.59444e-05
-5.47859e-05
1.49866e-05
-5.54368e-05
1.42706e-05
-5.57279e-05
1.37529e-05
-5.57547e-05
1.33771e-05
-5.55928e-05
1.30904e-05
-5.52974e-05
1.28411e-05
-5.49168e-05
1.25898e-05
-5.44839e-05
1.22951e-05
-5.40324e-05
1.19278e-05
-5.35816e-05
1.14554e-05
-5.31516e-05
1.08602e-05
-5.27535e-05
1.01119e-05
-5.24051e-05
9.20476e-06
-5.21097e-05
8.12282e-06
-5.18784e-05
6.86494e-06
-5.17111e-05
5.42361e-06
-5.16107e-05
3.80088e-06
-5.15709e-05
1.9959e-06
-5.15779e-05
1.81209e-08
-5.1621e-05
-2.15536e-06
-5.16708e-05
-4.50095e-06
-5.1688e-05
-7.02276e-06
-5.16183e-05
-9.72212e-06
-5.13868e-05
-1.26014e-05
-5.08939e-05
-1.56629e-05
-5.00088e-05
-1.89057e-05
-4.85646e-05
-2.23186e-05
-4.63618e-05
-2.58601e-05
-4.31686e-05
-2.94584e-05
-3.87624e-05
-3.29677e-05
-3.29373e-05
-3.62305e-05
-2.57328e-05
-3.88121e-05
-1.72322e-05
-4.07061e-05
-8.36384e-06
-4.09931e-05
-3.73662e-05
-1.06601e-05
3.3658e-05
-2.06301e-05
3.47296e-05
-2.91813e-05
3.27889e-05
-3.52734e-05
2.90683e-05
-3.94548e-05
2.58222e-05
-4.19995e-05
2.26248e-05
-4.33349e-05
1.98865e-05
-4.37761e-05
1.7584e-05
-4.35851e-05
1.57538e-05
-4.29542e-05
1.43555e-05
-4.20342e-05
1.33502e-05
-4.09307e-05
1.2648e-05
-3.97163e-05
1.21617e-05
-3.84452e-05
1.18176e-05
-3.71532e-05
1.15488e-05
-3.58759e-05
1.13103e-05
-3.46331e-05
1.10526e-05
-3.3454e-05
1.07465e-05
-3.23507e-05
1.03535e-05
-3.1347e-05
9.85468e-06
-3.0453e-05
9.21944e-06
-2.96925e-05
8.44242e-06
-2.90736e-05
7.50515e-06
-2.86162e-05
6.40687e-06
-2.83291e-05
5.13795e-06
-2.82268e-05
3.69884e-06
-2.83158e-05
2.08592e-06
-2.85964e-05
2.99643e-07
-2.90781e-05
-1.67239e-06
-2.97496e-05
-3.82778e-06
-3.0595e-05
-6.17584e-06
-3.15862e-05
-8.72956e-06
-3.2676e-05
-1.15104e-05
-3.37927e-05
-1.45452e-05
-3.48298e-05
-1.78681e-05
-3.56311e-05
-2.15167e-05
-3.59831e-05
-2.55083e-05
-3.55855e-05
-2.98559e-05
-3.40751e-05
-3.44792e-05
-3.09452e-05
-3.93605e-05
-2.5893e-05
-4.38655e-05
-1.83637e-05
-4.8236e-05
-9.57469e-06
-4.97829e-05
-4.69412e-05
-1.27963e-05
4.64538e-05
-2.21285e-05
4.40622e-05
-2.89218e-05
3.95821e-05
-3.22795e-05
3.24263e-05
-3.36209e-05
2.71644e-05
-3.35184e-05
2.25228e-05
-3.25605e-05
1.89294e-05
-3.10764e-05
1.60995e-05
-2.92913e-05
1.39696e-05
-2.73614e-05
1.24255e-05
-2.53628e-05
1.13515e-05
-2.33556e-05
1.06394e-05
-2.13712e-05
1.01767e-05
-1.94326e-05
9.87724e-06
-1.75501e-05
9.66643e-06
-1.57442e-05
9.50193e-06
-1.40193e-05
9.32864e-06
-1.23988e-05
9.12316e-06
-1.08878e-05
8.84432e-06
-9.51204e-06
8.47652e-06
-8.27989e-06
7.98945e-06
-7.21925e-06
7.37981e-06
-6.34166e-06
6.6292e-06
-5.67385e-06
5.73805e-06
-5.23133e-06
4.69669e-06
-5.03761e-06
3.50513e-06
-5.10946e-06
2.15863e-06
-5.46348e-06
6.54347e-07
-6.1193e-06
-1.01568e-06
-7.08788e-06
-2.85822e-06
-8.37689e-06
-4.88597e-06
-9.98561e-06
-7.12023e-06
-1.19053e-05
-9.59026e-06
-1.41081e-05
-1.23422e-05
-1.65405e-05
-1.54357e-05
-1.91052e-05
-1.89517e-05
-2.16483e-05
-2.2966e-05
-2.39055e-05
-2.75985e-05
-2.5505e-05
-3.28811e-05
-2.57671e-05
-3.90984e-05
-2.40707e-05
-4.55632e-05
-1.89173e-05
-5.33898e-05
-1.13408e-05
-5.73602e-05
-5.82823e-05
-1.4922e-05
6.13754e-05
-2.18194e-05
5.09605e-05
-2.52998e-05
4.30627e-05
-2.51733e-05
3.23003e-05
-2.35564e-05
2.55486e-05
-2.11268e-05
2.00935e-05
-1.84143e-05
1.62177e-05
-1.56367e-05
1.33218e-05
-1.29147e-05
1.12486e-05
-1.02924e-05
9.80302e-06
-7.78633e-06
8.84568e-06
-5.39513e-06
8.24709e-06
-3.1078e-06
7.88936e-06
-9.18964e-07
7.68667e-06
1.18018e-06
7.56805e-06
3.18847e-06
7.49119e-06
5.10552e-06
7.41307e-06
6.915e-06
7.31055e-06
8.61577e-06
7.14565e-06
1.01817e-05
6.9078e-06
1.16045e-05
6.56897e-06
1.2854e-05
6.12823e-06
1.39158e-05
5.56915e-06
1.47592e-05
4.8934e-06
1.53642e-05
4.09273e-06
1.57016e-05
3.16736e-06
1.57478e-05
2.11293e-06
1.54762e-05
9.26248e-07
1.48596e-05
-3.98741e-07
1.38723e-05
-1.87068e-06
1.24896e-05
-3.50307e-06
1.0687e-05
-5.31766e-06
8.44368e-06
-7.34712e-06
5.74461e-06
-9.64321e-06
2.58512e-06
-1.22768e-05
-1.01379e-06
-1.53526e-05
-4.99741e-06
-1.89833e-05
-9.21936e-06
-2.33762e-05
-1.34344e-05
-2.86673e-05
-1.7028e-05
-3.55048e-05
-1.928e-05
-4.33123e-05
-1.793e-05
-5.47401e-05
-1.3243e-05
-6.20479e-05
-7.15257e-05
-1.60357e-05
7.74108e-05
-1.86265e-05
5.35525e-05
-1.77241e-05
4.21606e-05
-1.42412e-05
2.88181e-05
-1.02668e-05
2.15752e-05
-6.3148e-06
1.61416e-05
-2.6602e-06
1.25637e-05
6.59557e-07
1.00017e-05
3.66291e-06
8.24615e-06
6.39786e-06
7.06797e-06
8.91788e-06
6.32619e-06
1.12695e-05
5.89471e-06
1.34933e-05
5.66598e-06
1.56135e-05
5.56493e-06
1.76524e-05
5.53037e-06
1.96109e-05
5.53036e-06
2.14991e-05
5.52687e-06
2.33021e-05
5.50443e-06
2.50192e-05
5.43068e-06
2.66247e-05
5.29927e-06
2.81092e-05
5.08661e-06
2.94418e-05
4.7935e-06
3.06058e-05
4.40665e-06
3.15695e-05
3.92847e-06
3.23102e-05
3.35276e-06
3.27969e-05
2.6801e-06
3.30026e-05
1.90736e-06
3.28969e-05
1.03194e-06
3.24487e-05
4.94236e-08
3.16255e-05
-1.04764e-06
3.03929e-05
-2.27077e-06
2.87136e-05
-3.63873e-06
2.65468e-05
-5.18087e-06
2.38484e-05
-6.94506e-06
2.05696e-05
-8.99862e-06
1.66654e-05
-1.14481e-05
1.20941e-05
-1.4413e-05
6.8585e-06
-1.81401e-05
1.01262e-06
-2.28226e-05
-5.11904e-06
-2.93729e-05
-1.09935e-05
-3.74388e-05
-1.43178e-05
-5.14161e-05
-1.42074e-05
-6.2159e-05
-8.57334e-05
-1.46629e-05
9.20737e-05
-1.17909e-05
5.06815e-05
-6.41083e-06
3.67808e-05
-5.05959e-07
2.29137e-05
4.77505e-06
1.62951e-05
9.27348e-06
1.1643e-05
1.30647e-05
8.77309e-06
1.62778e-05
6.78821e-06
1.90441e-05
5.4805e-06
2.14782e-05
4.63362e-06
2.3677e-05
4.12812e-06
2.57121e-05
3.85917e-06
2.76382e-05
3.74083e-06
2.94864e-05
3.71536e-06
3.12824e-05
3.73589e-06
3.30299e-05
3.78056e-06
3.4739e-05
3.81993e-06
3.63963e-05
3.84427e-06
3.8e-05
3.82915e-06
3.95251e-05
3.77127e-06
4.09609e-05
3.65268e-06
4.22772e-05
3.47503e-06
4.34566e-05
3.22859e-06
4.4468e-05
2.91583e-06
4.52886e-05
2.5326e-06
4.58885e-05
2.07968e-06
4.62406e-05
1.55521e-06
4.63148e-05
9.57444e-07
4.60805e-05
2.83522e-07
4.55044e-05
-4.71909e-07
4.45503e-05
-1.31713e-06
4.31773e-05
-2.26624e-06
4.13377e-05
-3.34176e-06
3.89741e-05
-4.58166e-06
3.60149e-05
-6.04008e-06
3.23747e-05
-7.80752e-06
2.79477e-05
-9.98683e-06
2.26185e-05
-1.28104e-05
1.62664e-05
-1.64715e-05
8.84432e-06
-2.19507e-05
6.13415e-07
-2.92088e-05
-7.33592e-06
-4.34672e-05
-1.27324e-05
-5.67632e-05
-9.84661e-05
-9.3309e-06
0.000101405
-1.1168e-06
4.24683e-05
7.64825e-06
2.80159e-05
1.45642e-05
1.5998e-05
2.00087e-05
1.08513e-05
2.42084e-05
7.44315e-06
2.75335e-05
5.44854e-06
3.02116e-05
4.10967e-06
3.24357e-05
3.2567e-06
3.4347e-05
2.72204e-06
3.60566e-05
2.41921e-06
3.76415e-05
2.27398e-06
3.91566e-05
2.22692e-06
4.06313e-05
2.23953e-06
4.20885e-05
2.28012e-06
4.35316e-05
2.3355e-06
4.4968e-05
2.38552e-06
4.63852e-05
2.42458e-06
4.77798e-05
2.43649e-06
4.91288e-05
2.41989e-06
5.04204e-05
2.3626e-06
5.16273e-05
2.26633e-06
5.27321e-05
2.12475e-06
5.37071e-05
1.93978e-06
5.4531e-05
1.70902e-06
5.51771e-05
1.43309e-06
5.5621e-05
1.11114e-06
5.5836e-05
7.42137e-07
5.57948e-05
3.24461e-07
5.54677e-05
-1.4523e-07
5.48222e-05
-6.72044e-07
5.38208e-05
-1.26529e-06
5.24184e-05
-1.93987e-06
5.05584e-05
-2.72174e-06
4.81658e-05
-3.64814e-06
4.51428e-05
-4.78408e-06
4.13592e-05
-6.20401e-06
3.66359e-05
-8.08669e-06
3.07525e-05
-1.0589e-05
2.33376e-05
-1.45358e-05
1.41981e-05
-2.00701e-05
3.05774e-06
-3.23272e-05
-7.38303e-06
-4.63231e-05
-0.000105849
7.95656e-07
0.000100609
1.27479e-05
3.05167e-05
2.29171e-05
1.78469e-05
2.94312e-05
9.48402e-06
3.4131e-05
6.15197e-06
3.74904e-05
4.08354e-06
4.00253e-05
2.91402e-06
4.19832e-05
2.15147e-06
4.35626e-05
1.67756e-06
4.48962e-05
1.38807e-06
4.60856e-05
1.23026e-06
4.71983e-05
1.16104e-06
4.828e-05
1.14625e-06
4.9354e-05
1.16465e-06
5.04376e-05
1.1979e-06
5.15321e-05
1.23929e-06
5.26424e-05
1.27691e-06
5.3757e-05
1.30802e-06
5.48716e-05
1.32357e-06
5.59664e-05
1.32318e-06
5.70304e-05
1.29983e-06
5.80405e-05
1.25475e-06
5.89816e-05
1.18443e-06
5.98306e-05
1.08995e-06
6.05697e-05
9.70187e-07
6.1177e-05
8.25394e-07
6.16326e-05
6.55319e-07
6.19151e-05
4.59357e-07
6.20026e-05
2.36747e-07
6.18713e-05
-1.4344e-08
6.14955e-05
-2.96641e-07
6.08453e-05
-6.15416e-07
5.9884e-05
-9.79e-07
5.85645e-05
-1.40228e-06
5.68225e-05
-1.9066e-06
5.4569e-05
-2.53033e-06
5.16832e-05
-3.31879e-06
4.79783e-05
-4.38144e-06
4.32159e-05
-5.82736e-06
3.68654e-05
-8.18529e-06
2.85017e-05
-1.17071e-05
1.63696e-05
-2.01954e-05
2.6706e-06
-3.26245e-05
-0.000103179
1.51209e-05
8.54887e-05
2.844e-05
1.71982e-05
3.77278e-05
8.55942e-06
4.28335e-05
4.3785e-06
4.62722e-05
2.71359e-06
4.85866e-05
1.76879e-06
5.02647e-05
1.23619e-06
5.15153e-05
9.00678e-07
5.24993e-05
6.93778e-07
5.33183e-05
5.68737e-07
5.40486e-05
5.00221e-07
5.47394e-05
4.69905e-07
5.54234e-05
4.63078e-07
5.61163e-05
4.71109e-07
5.68296e-05
4.85633e-07
5.75636e-05
5.04093e-07
5.8321e-05
5.20867e-07
5.90924e-05
5.35122e-07
5.98743e-05
5.42931e-07
6.06518e-05
5.44262e-07
6.14165e-05
5.36131e-07
6.21512e-05
5.18949e-07
6.28447e-05
4.91418e-07
6.34804e-05
4.53732e-07
6.4045e-05
4.05647e-07
6.45231e-05
3.47014e-07
6.49004e-05
2.77884e-07
6.51617e-05
1.97874e-07
6.52915e-05
1.06706e-07
6.52733e-05
3.54127e-09
6.50892e-05
-1.12851e-07
6.47184e-05
-2.44821e-07
6.4135e-05
-3.96e-07
6.33057e-05
-5.72966e-07
6.21838e-05
-7.85056e-07
6.07028e-05
-1.04911e-06
5.87706e-05
-1.38705e-06
5.62359e-05
-1.84649e-06
5.29002e-05
-2.49227e-06
4.82632e-05
-3.54828e-06
4.18343e-05
-5.27861e-06
3.11356e-05
-9.49709e-06
1.65795e-05
-1.80688e-05
-8.65997e-05
3.28781e-05
5.26109e-05
4.43462e-05
5.73057e-06
5.0664e-05
2.242e-06
5.38823e-05
1.16031e-06
5.59139e-05
6.82067e-07
5.72363e-05
4.46001e-07
5.81656e-05
3.07099e-07
5.88426e-05
2.23642e-07
5.93653e-05
1.71266e-07
5.97946e-05
1.39181e-07
6.01747e-05
1.20264e-07
6.05336e-05
1.10562e-07
6.08906e-05
1.06689e-07
6.12544e-05
1.06828e-07
6.16323e-05
1.08678e-07
6.20238e-05
1.11689e-07
6.24312e-05
1.14438e-07
6.28485e-05
1.16743e-07
6.32745e-05
1.17912e-07
6.37001e-05
1.17636e-07
6.41213e-05
1.1557e-07
6.45282e-05
1.11368e-07
6.49148e-05
1.05199e-07
6.52715e-05
9.6623e-08
6.55912e-05
8.59664e-08
6.58652e-05
7.28356e-08
6.60855e-05
5.74519e-08
6.62437e-05
3.95684e-08
6.6331e-05
1.91595e-08
6.63384e-05
-4.0254e-09
6.62557e-05
-3.03359e-08
6.60711e-05
-6.03938e-08
6.57699e-05
-9.50852e-08
6.5333e-05
-1.36085e-07
6.47333e-05
-1.85654e-07
6.39322e-05
-2.47758e-07
6.28735e-05
-3.28753e-07
6.1466e-05
-4.388e-07
5.95758e-05
-6.02491e-07
5.68863e-05
-8.58761e-07
5.29555e-05
-1.34822e-06
4.58862e-05
-2.42803e-06
3.37481e-05
-5.93095e-06
-5.28517e-05
5.26111e-05
5.83418e-05
6.0584e-05
6.17441e-05
6.24261e-05
6.2872e-05
6.31793e-05
6.3403e-05
6.35743e-05
6.37132e-05
6.38335e-05
6.3944e-05
6.4051e-05
6.41577e-05
6.42667e-05
6.43779e-05
6.44928e-05
6.46091e-05
6.47274e-05
6.48446e-05
6.49604e-05
6.50715e-05
6.51768e-05
6.52733e-05
6.53593e-05
6.54321e-05
6.54895e-05
6.5529e-05
6.5548e-05
6.55439e-05
6.55135e-05
6.5453e-05
6.53579e-05
6.52218e-05
6.5036e-05
6.47884e-05
6.44595e-05
6.40207e-05
6.3418e-05
6.25592e-05
6.12109e-05
5.87827e-05
5.28517e-05
)
;

boundaryField
{
    movingWall
    {
        type            calculated;
        value           uniform 0;
    }
    fixedWalls
    {
        type            calculated;
        value           uniform 0;
    }
    frontAndBack
    {
        type            empty;
        value           nonuniform 0();
    }
    defaultFaces
    {
        type            empty;
        value           nonuniform 0();
    }
}


// ************************************************************************* //
