/*--------------------------------*- C++ -*----------------------------------*\
  =========                 |
  \\      /  F ield         | OpenFOAM: The Open Source CFD Toolbox
   \\    /   O peration     | Website:  https://openfoam.org
    \\  /    A nd           | Version:  7
     \\/     M anipulation  |
\*---------------------------------------------------------------------------*/
FoamFile
{
    version     2.0;
    format      ascii;
    class       volVectorField;
    location    "1.34";
    object      U;
}
// * * * * * * * * * * * * * * * * * * * * * * * * * * * * * * * * * * * * * //

dimensions      [0 1 -1 0 0 0 0];

internalField   nonuniform List<vector> 
1936
(
(-20.8154 2.50357 0)
(-51.8693 206.495 0)
(15.3042 388.609 0)
(22.5038 359.699 0)
(16.7415 292.244 0)
(10.9352 235.494 0)
(-6.45929 212.042 0)
(-18.0486 223.955 0)
(-27.655 295.951 0)
(-27.3821 416.64 0)
(10.5733 429.805 0)
(35.6323 292.084 0)
(15.0353 195.188 0)
(0.377205 183.736 0)
(-19.7475 214.241 0)
(-29.5741 338.958 0)
(3.6653 437.733 0)
(29.1219 373.966 0)
(25.0787 244.022 0)
(8.38682 177.008 0)
(-10.2891 168.971 0)
(-24.3416 197.011 0)
(-38.8296 324.196 0)
(-13.4754 456.293 0)
(34.9265 386.354 0)
(34.1061 230.105 0)
(18.4667 177.937 0)
(3.76755 177.862 0)
(-17.2507 224.223 0)
(-28.4677 361.722 0)
(5.03194 429.669 0)
(24.2972 321.714 0)
(5.79055 211.453 0)
(-10.5687 186.745 0)
(-24.2674 189.436 0)
(-37.1688 256.075 0)
(-32.4289 413.924 0)
(23.1592 439.507 0)
(38.8148 284.642 0)
(24.1973 189.224 0)
(13.9132 178.787 0)
(-3.06139 188.116 0)
(-22.7721 272.185 0)
(-19.9631 405.583 0)
(-21.1205 6.30482 0)
(-61.4353 -3.38322 0)
(10.9982 -5.57512 0)
(23.5961 -1.11147 0)
(17.1274 1.07481 0)
(8.1788 2.20831 0)
(-5.58904 2.93502 0)
(-13.7682 1.97645 0)
(-27.5315 0.121833 0)
(-29.2618 -3.10296 0)
(10.5856 -4.82968 0)
(33.3036 -1.35756 0)
(10.4552 2.88663 0)
(1.9847 3.90575 0)
(-15.4624 1.90713 0)
(-29.0984 -2.40764 0)
(3.75518 -4.43081 0)
(30.7176 -1.9138 0)
(24.0443 1.32008 0)
(4.64201 3.36792 0)
(-7.61985 3.65873 0)
(-19.0326 1.93826 0)
(-38.6456 -1.73537 0)
(-14.1222 -5.30264 0)
(35.2542 -4.21361 0)
(28.7279 0.224304 0)
(12.9672 3.17658 0)
(5.96125 3.74397 0)
(-15.0263 1.94162 0)
(-29.5749 -1.87551 0)
(5.67779 -3.5317 0)
(25.3584 -0.617408 0)
(3.57658 2.57574 0)
(-10.8143 3.43454 0)
(-17.5074 2.51203 0)
(-32.6003 -0.641016 0)
(-33.0087 -4.86358 0)
(24.411 -5.23777 0)
(36.7937 -1.3441 0)
(17.2558 1.97484 0)
(12.1857 3.26947 0)
(0.0382763 3.17624 0)
(-22.4582 0.585005 0)
(-21.4884 -3.06424 0)
(-8.09293 13.435 0)
(-62.4953 -5.80936 0)
(-2.33112 -12.2349 0)
(17.2896 -3.06791 0)
(19.5086 2.04579 0)
(11.309 4.47203 0)
(-1.43925 5.77862 0)
(-12.0021 4.3615 0)
(-28.3033 0.681968 0)
(-25.8111 -6.79419 0)
(16.2296 -10.1533 0)
(34.8456 -2.09297 0)
(8.79878 5.99038 0)
(0.922339 7.52326 0)
(-16.1082 4.27844 0)
(-32.2086 -4.58798 0)
(-0.512004 -9.59965 0)
(30.1279 -4.24549 0)
(27.2244 2.97862 0)
(8.11029 6.76146 0)
(-3.69023 7.16906 0)
(-18.1774 4.49283 0)
(-39.4446 -3.14852 0)
(-12.7712 -11.4317 0)
(37.0895 -8.34125 0)
(25.5717 1.42503 0)
(5.47459 6.34763 0)
(-1.29391 7.17232 0)
(-19.4645 4.19786 0)
(-31.9621 -4.0765 0)
(6.12921 -7.99462 0)
(28.6889 -1.29408 0)
(10.0233 5.27912 0)
(-1.24754 6.44498 0)
(-8.71071 5.26474 0)
(-29.3945 -0.25395 0)
(-33.8623 -9.92703 0)
(24.625 -11.0634 0)
(36.1983 -1.8534 0)
(11.8665 4.49762 0)
(3.8332 6.21237 0)
(-6.95685 6.35646 0)
(-26.429 1.41224 0)
(-23.031 -6.857 0)
(5.59038 18.9627 0)
(-53.9845 -5.60101 0)
(-12.6399 -17.3716 0)
(3.6031 -6.15049 0)
(12.4279 1.93768 0)
(7.14675 6.09134 0)
(0.205874 8.13253 0)
(-5.72752 6.65447 0)
(-20.41 1.01461 0)
(-16.9408 -10.2767 0)
(15.1779 -14.2827 0)
(24.0914 -2.10077 0)
(1.41702 8.65272 0)
(1.27841 10.2918 0)
(-8.18348 6.3214 0)
(-24.1575 -6.021 0)
(-2.80021 -13.9673 0)
(21.2859 -6.7105 0)
(20.501 3.99848 0)
(5.6935 9.45017 0)
(1.20765 10.2338 0)
(-8.98416 6.93987 0)
(-28.4582 -4.28285 0)
(-8.73368 -16.4994 0)
(28.216 -11.2123 0)
(12.2877 3.16234 0)
(-3.89445 9.21318 0)
(-4.14341 9.63129 0)
(-14.2691 5.56993 0)
(-25.0727 -6.22403 0)
(5.07704 -12.0219 0)
(22.1822 -2.34833 0)
(8.72874 6.88163 0)
(4.89139 8.62218 0)
(2.75101 7.98829 0)
(-15.6578 0.858447 0)
(-25.9324 -13.6648 0)
(19.131 -15.6622 0)
(24.0957 -1.75198 0)
(1.14566 7.16261 0)
(-3.07318 8.72343 0)
(-7.6202 8.51696 0)
(-19.5582 1.5841 0)
(-18.5933 -10.339 0)
(14.2972 22.8631 0)
(-42.9215 -3.21643 0)
(-20.6858 -20.2128 0)
(-9.88322 -9.59785 0)
(3.43076 0.73055 0)
(1.11068 6.79308 0)
(-1.14799 9.54349 0)
(-1.71622 8.23759 0)
(-13.6793 0.972857 0)
(-8.59834 -12.972 0)
(13.2195 -16.6364 0)
(14.2516 -1.60698 0)
(-3.92456 10.3733 0)
(1.54205 11.8277 0)
(-2.33069 7.66388 0)
(-16.4704 -6.63427 0)
(-4.34553 -16.8179 0)
(13.0621 -8.84181 0)
(14.4981 4.35166 0)
(2.57233 11.173 0)
(4.1686 12.3964 0)
(-1.88395 8.80615 0)
(-18.6678 -5.02523 0)
(-5.00302 -19.7248 0)
(19.8604 -12.57 0)
(2.83077 4.86902 0)
(-8.79229 11.2559 0)
(-4.28002 10.9555 0)
(-10.2755 6.02663 0)
(-18.7448 -7.94697 0)
(4.17043 -14.9177 0)
(16.5938 -3.5731 0)
(7.87928 7.38975 0)
(6.64727 9.88022 0)
(8.82481 10.0695 0)
(-5.54777 2.16599 0)
(-18.4338 -15.6627 0)
(13.7394 -18.4057 0)
(14.3064 -1.28121 0)
(-5.4537 9.3488 0)
(-5.87684 10.5529 0)
(-7.29606 9.5684 0)
(-13.8134 1.12012 0)
(-14.4771 -12.8938 0)
(17.8481 24.9903 0)
(-28.425 0.710901 0)
(-23.035 -20.1312 0)
(-19.301 -12.5826 0)
(-5.74095 -1.37985 0)
(-5.91158 6.43621 0)
(-4.07121 9.74929 0)
(0.417076 8.68862 0)
(-8.04012 0.410483 0)
(-2.0361 -14.6317 0)
(10.0572 -17.08 0)
(5.76031 -0.754168 0)
(-7.41774 11.0095 0)
(1.80623 12.1635 0)
(1.95563 8.22938 0)
(-9.6148 -6.51385 0)
(-4.70587 -17.9653 0)
(6.11158 -10.4419 0)
(8.72102 4.19186 0)
(-1.36049 11.8971 0)
(5.2055 13.4268 0)
(3.58013 9.83522 0)
(-10.3675 -5.32542 0)
(-2.0339 -20.9572 0)
(12.489 -12.5365 0)
(-2.96748 6.15666 0)
(-9.87015 12.2558 0)
(-1.61099 11.3672 0)
(-6.16846 5.87005 0)
(-12.8963 -9.16587 0)
(3.34551 -16.6204 0)
(11.4811 -4.76137 0)
(5.3389 7.1975 0)
(4.50105 10.4302 0)
(10.4536 11.1538 0)
(1.02144 3.26166 0)
(-11.7613 -15.9969 0)
(8.78006 -19.256 0)
(6.78611 -0.658783 0)
(-8.68993 10.6909 0)
(-5.38366 11.5878 0)
(-3.91354 9.77 0)
(-8.50152 0.327738 0)
(-10.6641 -14.436 0)
(17.8041 25.1887 0)
(-14.1698 5.073 0)
(-19.9338 -17.1034 0)
(-22.5895 -14.1378 0)
(-12.3822 -3.77688 0)
(-11.2502 5.05318 0)
(-6.55993 8.66116 0)
(1.06534 7.86019 0)
(-3.75229 -0.703281 0)
(1.93153 -15.0322 0)
(5.99208 -15.7985 0)
(-0.70765 0.184537 0)
(-8.85792 10.5463 0)
(1.82147 11.4035 0)
(4.78949 7.9708 0)
(-4.11508 -5.7759 0)
(-3.9143 -17.4665 0)
(0.855471 -11.1899 0)
(3.47412 3.69145 0)
(-4.52521 11.642 0)
(4.64877 13.1817 0)
(7.14566 9.86404 0)
(-3.80786 -5.16176 0)
(-0.0275378 -20.2225 0)
(6.26592 -11.4108 0)
(-5.94337 6.68689 0)
(-8.45869 12.098 0)
(1.47501 11.0248 0)
(-1.66178 5.379 0)
(-7.54334 -9.69314 0)
(2.49081 -17.0277 0)
(6.74337 -5.53781 0)
(1.05681 6.61177 0)
(1.26725 10.3152 0)
(9.40422 11.0523 0)
(4.81495 3.78635 0)
(-6.03681 -14.8951 0)
(4.5217 -18.3033 0)
(1.26449 -0.128391 0)
(-9.4674 10.9324 0)
(-3.3321 11.6422 0)
(0.982307 9.26755 0)
(-3.73005 -0.328275 0)
(-7.07239 -14.8431 0)
(15.759 23.6159 0)
(-3.40147 8.8397 0)
(-13.3384 -12.019 0)
(-19.8711 -13.7033 0)
(-14.6956 -5.71745 0)
(-12.9782 2.8976 0)
(-7.18344 6.51527 0)
(0.985364 5.98315 0)
(-1.0154 -2.11806 0)
(3.19316 -14.1861 0)
(1.7249 -13.2733 0)
(-4.88383 0.874149 0)
(-8.51268 9.1493 0)
(1.60833 9.75482 0)
(6.21553 7.04397 0)
(-0.204931 -4.7059 0)
(-2.38778 -15.5743 0)
(-2.51513 -10.8578 0)
(-0.86093 2.92536 0)
(-6.01829 10.5392 0)
(3.32133 11.7943 0)
(8.70498 8.95997 0)
(0.842166 -4.60731 0)
(1.05985 -17.7494 0)
(1.33168 -9.56927 0)
(-7.1004 6.36542 0)
(-6.13849 10.865 0)
(3.49479 10.027 0)
(2.76752 4.64552 0)
(-2.99089 -9.37019 0)
(1.55985 -16.0369 0)
(2.65289 -5.68961 0)
(-3.28998 5.78679 0)
(-1.18057 9.48372 0)
(7.36758 9.8395 0)
(6.64058 3.61838 0)
(-1.49351 -12.6811 0)
(1.20574 -15.8124 0)
(-2.54743 0.139341 0)
(-8.83657 10.0766 0)
(-1.20295 10.6874 0)
(4.69939 8.28827 0)
(0.142513 -0.706827 0)
(-3.74886 -14.0576 0)
(12.333 20.7641 0)
(3.36519 11.2531 0)
(-5.46905 -6.34354 0)
(-13.0582 -11.4068 0)
(-12.5062 -6.66889 0)
(-11.193 0.507891 0)
(-5.94697 3.87646 0)
(0.798834 3.5906 0)
(0.36382 -3.36214 0)
(2.38567 -12.3146 0)
(-1.81691 -10.1934 0)
(-6.8955 1.04036 0)
(-7.22839 7.14205 0)
(1.22564 7.58358 0)
(6.30905 5.62902 0)
(2.16637 -3.64914 0)
(-0.755017 -12.674 0)
(-4.08112 -9.45302 0)
(-3.97965 2.01264 0)
(-6.05199 8.76239 0)
(2.10309 9.63506 0)
(8.50962 7.32329 0)
(3.53769 -3.74041 0)
(1.44635 -14.0136 0)
(-1.99271 -7.32928 0)
(-7.11376 5.26244 0)
(-4.15694 8.86427 0)
(4.1277 8.42969 0)
(5.90528 3.67196 0)
(0.30753 -8.15949 0)
(0.684684 -13.7641 0)
(-0.477319 -5.17132 0)
(-5.84952 4.72846 0)
(-2.1314 7.91674 0)
(5.50393 7.90088 0)
(7.04956 2.87365 0)
(1.48991 -9.76058 0)
(-0.938744 -12.2665 0)
(-4.68836 0.187501 0)
(-7.52413 8.38255 0)
(0.0458661 8.907 0)
(6.16811 6.96783 0)
(2.95368 -0.885192 0)
(-0.983018 -12.1745 0)
(8.43958 17.228 0)
(6.82537 11.9441 0)
(1.23519 -1.47783 0)
(-5.13006 -7.98064 0)
(-7.43011 -6.39119 0)
(-7.49884 -1.39418 0)
(-3.94611 1.41573 0)
(0.736707 1.2414 0)
(0.932034 -4.03106 0)
(0.818533 -9.7787 0)
(-3.8927 -7.2858 0)
(-7.09131 0.646711 0)
(-5.67815 4.91232 0)
(0.751573 5.27574 0)
(5.29691 3.89773 0)
(3.11515 -2.73771 0)
(0.304594 -9.3109 0)
(-4.25889 -7.25235 0)
(-5.50227 1.16573 0)
(-5.23335 6.53447 0)
(1.28123 7.12395 0)
(7.03087 5.30069 0)
(4.41849 -2.67952 0)
(1.31564 -9.75078 0)
(-3.4216 -5.01402 0)
(-6.18018 3.72791 0)
(-2.76172 6.52859 0)
(3.73952 6.33368 0)
(6.79612 2.58937 0)
(2.2059 -6.30311 0)
(0.126835 -10.6154 0)
(-2.40719 -4.16168 0)
(-6.17277 3.45496 0)
(-2.09352 5.84988 0)
(3.90068 5.69403 0)
(6.20146 1.89212 0)
(2.6309 -6.6352 0)
(-1.81546 -8.33516 0)
(-5.17049 0.18991 0)
(-5.80553 6.21633 0)
(0.519575 6.6882 0)
(5.96149 5.31059 0)
(4.53767 -0.920698 0)
(0.807835 -9.47588 0)
(5.01447 13.5438 0)
(7.37976 11.0305 0)
(5.20316 1.80629 0)
(1.29882 -4.44979 0)
(-1.96966 -5.03201 0)
(-3.41743 -2.31617 0)
(-1.81527 -0.374813 0)
(0.968061 -0.612877 0)
(1.21628 -4.01683 0)
(-0.245995 -7.08437 0)
(-4.22445 -4.97364 0)
(-5.93775 -0.0189665 0)
(-4.13414 2.76743 0)
(0.303446 3.12224 0)
(3.66908 2.2017 0)
(2.85435 -1.99208 0)
(0.462344 -6.08724 0)
(-3.66881 -4.81346 0)
(-5.28581 0.528508 0)
(-4.00553 4.22758 0)
(0.684289 4.67517 0)
(4.8789 3.34458 0)
(3.86113 -1.62386 0)
(0.901945 -5.79483 0)
(-3.23132 -2.95136 0)
(-4.55281 2.27327 0)
(-1.66334 4.24861 0)
(2.92476 4.11049 0)
(5.74317 1.55108 0)
(2.82628 -4.2783 0)
(-0.113865 -7.18895 0)
(-3.05169 -2.97228 0)
(-5.00883 2.13216 0)
(-1.73847 3.74047 0)
(2.42466 3.5827 0)
(4.4883 1.047 0)
(2.3477 -3.84808 0)
(-1.69473 -4.78011 0)
(-4.27757 0.222099 0)
(-3.86524 4.03928 0)
(0.673411 4.45948 0)
(4.84218 3.51869 0)
(4.71817 -0.837305 0)
(1.54461 -6.45893 0)
(2.80798 10.171 0)
(6.04543 9.09092 0)
(6.2552 3.3658 0)
(4.54168 -1.62596 0)
(1.84277 -3.15573 0)
(0.0481863 -2.2925 0)
(0.267537 -1.39798 0)
(1.46378 -1.69645 0)
(1.36624 -3.48266 0)
(-0.415632 -4.73284 0)
(-3.21939 -3.31889 0)
(-4.11557 -0.627632 0)
(-2.73863 1.02164 0)
(-0.0290436 1.3744 0)
(2.06257 0.847073 0)
(1.89808 -1.39595 0)
(0.136162 -3.48788 0)
(-2.72683 -2.7425 0)
(-3.9478 0.113729 0)
(-2.73208 2.27773 0)
(0.211281 2.62989 0)
(2.76975 1.8152 0)
(2.55696 -0.769293 0)
(0.480571 -2.79921 0)
(-2.19336 -1.41344 0)
(-2.7377 1.17678 0)
(-0.762934 2.34821 0)
(2.06623 2.23047 0)
(3.90319 0.715931 0)
(2.4311 -2.5256 0)
(-0.149762 -4.15712 0)
(-2.58016 -1.86647 0)
(-3.36489 1.02363 0)
(-1.30562 1.99602 0)
(1.20877 1.88826 0)
(2.58277 0.489229 0)
(1.43775 -1.80351 0)
(-1.16369 -2.17207 0)
(-2.74868 0.265636 0)
(-2.10813 2.26502 0)
(0.682143 2.56014 0)
(3.36975 1.94295 0)
(3.69297 -0.643218 0)
(1.45535 -3.72735 0)
(1.67889 7.46547 0)
(4.0714 6.89364 0)
(5.21326 3.52509 0)
(4.81409 0.170053 0)
(3.27271 -1.46757 0)
(1.97645 -1.72704 0)
(1.64231 -1.70719 0)
(1.79547 -1.99924 0)
(1.31757 -2.70588 0)
(-0.106553 -2.9983 0)
(-1.78741 -2.22535 0)
(-2.32376 -0.985187 0)
(-1.58316 -0.114199 0)
(-0.156844 0.182415 0)
(0.944982 -0.0202762 0)
(0.931932 -0.945458 0)
(-0.150547 -1.74557 0)
(-1.74064 -1.36133 0)
(-2.40966 -0.104639 0)
(-1.65989 0.944847 0)
(-0.0841903 1.19425 0)
(1.24153 0.825727 0)
(1.27747 -0.225133 0)
(0.197524 -0.996586 0)
(-1.11072 -0.491998 0)
(-1.28525 0.493128 0)
(-0.190646 1.02271 0)
(1.30039 0.951261 0)
(2.22248 0.202545 0)
(1.54363 -1.27384 0)
(-0.110875 -1.99791 0)
(-1.62157 -1.01555 0)
(-1.92634 0.311077 0)
(-0.876904 0.817871 0)
(0.414957 0.766399 0)
(1.11804 0.194978 0)
(0.602474 -0.601208 0)
(-0.640016 -0.665976 0)
(-1.35759 0.271521 0)
(-0.885352 1.07727 0)
(0.568299 1.20703 0)
(2.00182 0.851188 0)
(2.23626 -0.39272 0)
(0.968675 -1.73451 0)
(1.04441 5.46654 0)
(2.46746 5.03388 0)
(3.4962 3.04205 0)
(3.60958 0.999589 0)
(2.97774 -0.371533 0)
(2.2858 -1.07789 0)
(1.88274 -1.46456 0)
(1.5979 -1.74055 0)
(1.05202 -1.94127 0)
(0.18622 -1.90066 0)
(-0.658146 -1.56029 0)
(-0.972657 -1.10309 0)
(-0.697175 -0.716392 0)
(-0.100386 -0.494051 0)
(0.364381 -0.457242 0)
(0.33823 -0.646939 0)
(-0.199729 -0.800193 0)
(-0.914173 -0.622455 0)
(-1.21562 -0.177298 0)
(-0.878839 0.216917 0)
(-0.176223 0.367621 0)
(0.40705 0.29251 0)
(0.475661 0.0211344 0)
(0.0803151 -0.178348 0)
(-0.381658 -0.0780298 0)
(-0.407556 0.140844 0)
(0.0721108 0.285933 0)
(0.716763 0.253715 0)
(1.07395 -0.0155347 0)
(0.755798 -0.529474 0)
(-0.0590808 -0.777713 0)
(-0.794927 -0.472458 0)
(-0.945546 -0.0180859 0)
(-0.522926 0.182539 0)
(0.0174853 0.186747 0)
(0.29608 0.066933 0)
(0.123716 -0.0677326 0)
(-0.288429 -0.0274012 0)
(-0.490178 0.224819 0)
(-0.233049 0.422207 0)
(0.396612 0.428029 0)
(1.00846 0.276649 0)
(1.0648 -0.159125 0)
(0.492698 -0.581974 0)
(0.665555 3.9795 0)
(1.57124 3.71483 0)
(2.2249 2.49512 0)
(2.41233 1.22817 0)
(2.19349 0.189287 0)
(1.82045 -0.545027 0)
(1.46842 -1.02196 0)
(1.12679 -1.2713 0)
(0.728988 -1.34121 0)
(0.295909 -1.28941 0)
(-0.0661467 -1.19156 0)
(-0.230254 -1.08268 0)
(-0.175549 -0.953831 0)
(-0.00182631 -0.784369 0)
(0.119256 -0.612834 0)
(0.0706652 -0.486568 0)
(-0.138725 -0.395146 0)
(-0.379297 -0.301858 0)
(-0.479841 -0.191457 0)
(-0.369848 -0.0950548 0)
(-0.129082 -0.0159159 0)
(0.0781675 0.0425259 0)
(0.136048 0.064032 0)
(0.0633644 0.0536066 0)
(-0.0263676 0.0283403 0)
(-0.00665813 -0.0105698 0)
(0.147502 -0.0262585 0)
(0.348501 -0.0272311 0)
(0.438776 -0.0581149 0)
(0.298532 -0.151506 0)
(-0.0116707 -0.213349 0)
(-0.290124 -0.173538 0)
(-0.371151 -0.10391 0)
(-0.263825 -0.0691352 0)
(-0.105417 -0.0434172 0)
(-0.0198523 0.00746924 0)
(-0.042481 0.0708188 0)
(-0.108634 0.12224 0)
(-0.107714 0.147523 0)
(0.014831 0.126841 0)
(0.230692 0.090353 0)
(0.418475 0.068009 0)
(0.388841 0.0130804 0)
(0.192589 -0.0448639 0)
(0.433204 2.85336 0)
(1.08335 2.76749 0)
(1.52425 2.02656 0)
(1.67629 1.22136 0)
(1.59822 0.469842 0)
(1.36945 -0.144668 0)
(1.08087 -0.574709 0)
(0.796229 -0.821422 0)
(0.533379 -0.923394 0)
(0.309306 -0.955432 0)
(0.141352 -0.978275 0)
(0.042163 -0.989744 0)
(0.00477079 -0.945471 0)
(0.00163682 -0.81603 0)
(-0.00652775 -0.622391 0)
(-0.0403522 -0.425477 0)
(-0.0912783 -0.279633 0)
(-0.132595 -0.209578 0)
(-0.142391 -0.19775 0)
(-0.113338 -0.191909 0)
(-0.0557843 -0.149764 0)
(0.00218643 -0.0658062 0)
(0.0414377 0.0161817 0)
(0.0656368 0.0457862 0)
(0.0848104 0.00907169 0)
(0.108121 -0.0632663 0)
(0.13914 -0.108529 0)
(0.166131 -0.0894699 0)
(0.166904 -0.0394698 0)
(0.117245 -0.00214158 0)
(0.0256204 -0.00475078 0)
(-0.0575442 -0.0385505 0)
(-0.0953482 -0.0876999 0)
(-0.0956383 -0.118459 0)
(-0.0820341 -0.0981661 0)
(-0.0692791 -0.024033 0)
(-0.0548324 0.0525446 0)
(-0.0296734 0.0882194 0)
(0.00795823 0.0702557 0)
(0.0550385 0.023146 0)
(0.1039 0.00313676 0)
(0.133182 0.0383332 0)
(0.10039 0.103007 0)
(0.058694 0.141139 0)
(0.27487 2.00026 0)
(0.735332 2.03466 0)
(1.07528 1.61235 0)
(1.22956 1.11501 0)
(1.22562 0.609067 0)
(1.11023 0.14792 0)
(0.921301 -0.212567 0)
(0.70633 -0.459168 0)
(0.511135 -0.616261 0)
(0.347631 -0.721399 0)
(0.215472 -0.80099 0)
(0.11083 -0.847371 0)
(0.0293161 -0.831119 0)
(-0.0319645 -0.735012 0)
(-0.0731094 -0.580052 0)
(-0.0920426 -0.414717 0)
(-0.0892644 -0.289084 0)
(-0.0718798 -0.226807 0)
(-0.0517604 -0.21378 0)
(-0.0375592 -0.208073 0)
(-0.0272663 -0.174807 0)
(-0.012634 -0.110436 0)
(0.0124192 -0.0457275 0)
(0.0457236 -0.015574 0)
(0.0752184 -0.0336425 0)
(0.0900848 -0.0746114 0)
(0.0897631 -0.0963799 0)
(0.0802558 -0.0736863 0)
(0.0691385 -0.0196492 0)
(0.0578772 0.0250134 0)
(0.0436285 0.0321492 0)
(0.0293282 -9.1905e-05 0)
(0.0153285 -0.0503371 0)
(-0.00323389 -0.0841803 0)
(-0.0216583 -0.0760283 0)
(-0.031563 -0.0336656 0)
(-0.0254387 0.0118785 0)
(-0.00381862 0.0319065 0)
(0.0185432 0.0224663 0)
(0.0300342 0.00505641 0)
(0.0279704 0.0120466 0)
(0.0174502 0.059906 0)
(0.000792661 0.127049 0)
(0.009656 0.158665 0)
(0.166983 1.37446 0)
(0.471125 1.45651 0)
(0.725933 1.23338 0)
(0.881154 0.946098 0)
(0.937074 0.629841 0)
(0.907818 0.319191 0)
(0.821163 0.0384992 0)
(0.696279 -0.187649 0)
(0.555043 -0.36372 0)
(0.418065 -0.500786 0)
(0.289836 -0.603163 0)
(0.172912 -0.66291 0)
(0.0719946 -0.66722 0)
(-0.00835131 -0.612558 0)
(-0.0624315 -0.51527 0)
(-0.0867179 -0.406642 0)
(-0.0861294 -0.317516 0)
(-0.0715256 -0.26235 0)
(-0.0552742 -0.234112 0)
(-0.0447758 -0.212222 0)
(-0.0390737 -0.179538 0)
(-0.0315451 -0.135034 0)
(-0.0166238 -0.0930378 0)
(0.00505049 -0.0694569 0)
(0.0251078 -0.0682385 0)
(0.0347337 -0.0764509 0)
(0.0333569 -0.0745481 0)
(0.0272507 -0.0516083 0)
(0.0239201 -0.0149574 0)
(0.0277157 0.015132 0)
(0.0361985 0.0218476 0)
(0.0417502 0.00452971 0)
(0.0387914 -0.0241813 0)
(0.0260393 -0.0445772 0)
(0.00908182 -0.0442638 0)
(-0.00330329 -0.0281846 0)
(-0.00619694 -0.00755157 0)
(-0.00175354 0.00544494 0)
(0.00209232 0.00978884 0)
(-0.000656557 0.0157996 0)
(-0.00956588 0.0361819 0)
(-0.0178831 0.0756081 0)
(-0.021237 0.121099 0)
(-0.00311313 0.13485 0)
(0.0982445 0.931408 0)
(0.288508 1.01575 0)
(0.462674 0.90284 0)
(0.590786 0.745977 0)
(0.667637 0.560211 0)
(0.691522 0.363116 0)
(0.670903 0.170409 0)
(0.618294 -0.00889465 0)
(0.541332 -0.164556 0)
(0.447362 -0.295556 0)
(0.346336 -0.397338 0)
(0.245293 -0.463248 0)
(0.151469 -0.487792 0)
(0.0719261 -0.473042 0)
(0.0126874 -0.428244 0)
(-0.0246185 -0.370911 0)
(-0.0430948 -0.316957 0)
(-0.0488335 -0.274486 0)
(-0.0491331 -0.242471 0)
(-0.0483944 -0.213854 0)
(-0.0472371 -0.182968 0)
(-0.0438423 -0.150046 0)
(-0.036779 -0.120469 0)
(-0.0271844 -0.09951 0)
(-0.0184723 -0.0874382 0)
(-0.0134883 -0.0786649 0)
(-0.0121557 -0.0659748 0)
(-0.0113867 -0.0461663 0)
(-0.00753201 -0.0229747 0)
(0.000182592 -0.00442906 0)
(0.00928286 0.00238818 0)
(0.0161215 -0.00280263 0)
(0.0176322 -0.0134155 0)
(0.0130795 -0.0212962 0)
(0.0046684 -0.0213725 0)
(-0.00376756 -0.0144619 0)
(-0.00956392 -0.00462017 0)
(-0.0130699 0.0050496 0)
(-0.0163019 0.0149978 0)
(-0.0205965 0.0286781 0)
(-0.0247674 0.0493117 0)
(-0.0251568 0.0760011 0)
(-0.0210028 0.102045 0)
(-0.00452351 0.10397 0)
(0.0568835 0.624608 0)
(0.172896 0.693422 0)
(0.283848 0.635983 0)
(0.374969 0.551951 0)
(0.442568 0.446768 0)
(0.482414 0.328086 0)
(0.49512 0.203729 0)
(0.483133 0.0806084 0)
(0.449985 -0.0359434 0)
(0.400615 -0.139286 0)
(0.340023 -0.224527 0)
(0.273125 -0.28671 0)
(0.20583 -0.322901 0)
(0.143828 -0.334004 0)
(0.0915147 -0.325182 0)
(0.051019 -0.304214 0)
(0.0221511 -0.278361 0)
(0.0019905 -0.252414 0)
(-0.0123812 -0.227565 0)
(-0.0224672 -0.202856 0)
(-0.0294717 -0.17745 0)
(-0.0335704 -0.152351 0)
(-0.0349452 -0.129463 0)
(-0.034489 -0.110341 0)
(-0.0334507 -0.0947515 0)
(-0.0326397 -0.0806988 0)
(-0.0319129 -0.0659898 0)
(-0.0303528 -0.0499826 0)
(-0.0269449 -0.0343002 0)
(-0.0216865 -0.0217852 0)
(-0.015945 -0.0143373 0)
(-0.0114212 -0.011668 0)
(-0.00943155 -0.0115107 0)
(-0.0104081 -0.0109778 0)
(-0.0135473 -0.00812875 0)
(-0.017541 -0.00283057 0)
(-0.0213695 0.00417547 0)
(-0.0245602 0.0124357 0)
(-0.0269624 0.0223697 0)
(-0.0282649 0.0347727 0)
(-0.0275917 0.0497468 0)
(-0.0234228 0.0657508 0)
(-0.0167524 0.0795478 0)
(-0.00386204 0.0764721 0)
(0.0330504 0.413156 0)
(0.103877 0.463389 0)
(0.172544 0.433029 0)
(0.232737 0.38741 0)
(0.282312 0.328413 0)
(0.318069 0.259225 0)
(0.338962 0.183491 0)
(0.34493 0.10508 0)
(0.337517 0.0277063 0)
(0.317793 -0.0440471 0)
(0.287656 -0.106802 0)
(0.250745 -0.157242 0)
(0.210438 -0.193403 0)
(0.170072 -0.215171 0)
(0.132433 -0.224263 0)
(0.0992937 -0.223627 0)
(0.0713167 -0.216375 0)
(0.0482029 -0.205073 0)
(0.0293286 -0.19088 0)
(0.0142618 -0.174706 0)
(0.00209495 -0.157217 0)
(-0.00751109 -0.139355 0)
(-0.0145061 -0.122136 0)
(-0.0195952 -0.106263 0)
(-0.023377 -0.0917946 0)
(-0.0261919 -0.0782647 0)
(-0.0280782 -0.0651699 0)
(-0.0288734 -0.0524471 0)
(-0.0284744 -0.0406346 0)
(-0.0270908 -0.0305259 0)
(-0.0252865 -0.0225901 0)
(-0.023744 -0.0166119 0)
(-0.0229869 -0.0118072 0)
(-0.0232186 -0.00722723 0)
(-0.0241872 -0.00220259 0)
(-0.025474 0.0034517 0)
(-0.0266959 0.00975611 0)
(-0.0274565 0.0167402 0)
(-0.0274036 0.024552 0)
(-0.0261484 0.0332455 0)
(-0.0232517 0.0424663 0)
(-0.0181471 0.0512974 0)
(-0.0118738 0.0583376 0)
(-0.002876 0.0541336 0)
(0.0197092 0.26567 0)
(0.0639411 0.299594 0)
(0.106738 0.282938 0)
(0.145808 0.257754 0)
(0.179942 0.224779 0)
(0.207134 0.185398 0)
(0.22655 0.14131 0)
(0.237677 0.0945136 0)
(0.240485 0.0472026 0)
(0.235488 0.00132522 0)
(0.223659 -0.040495 0)
(0.206361 -0.0765381 0)
(0.185256 -0.105526 0)
(0.162087 -0.126932 0)
(0.138431 -0.141004 0)
(0.115513 -0.14857 0)
(0.0941369 -0.150726 0)
(0.0747293 -0.14856 0)
(0.0574664 -0.142981 0)
(0.0423853 -0.134786 0)
(0.0293928 -0.124817 0)
(0.0183245 -0.113654 0)
(0.00921433 -0.102058 0)
(0.00180032 -0.0905437 0)
(-0.00434707 -0.0793788 0)
(-0.00937747 -0.0686359 0)
(-0.0133824 -0.0583174 0)
(-0.0164054 -0.0484656 0)
(-0.0185476 -0.0392931 0)
(-0.0199592 -0.0309706 0)
(-0.0208594 -0.0235895 0)
(-0.0214894 -0.0170619 0)
(-0.0220279 -0.0111504 0)
(-0.0225332 -0.00557951 0)
(-0.0229559 -0.000138935 0)
(-0.0231851 0.00527488 0)
(-0.0230811 0.0107035 0)
(-0.0224958 0.0161742 0)
(-0.0212763 0.0217022 0)
(-0.0192615 0.0272252 0)
(-0.0163017 0.0325255 0)
(-0.0122156 0.0372194 0)
(-0.00759644 0.0407689 0)
(-0.0020189 0.0370193 0)
(0.0126579 0.164431 0)
(0.0422373 0.185786 0)
(0.0705585 0.176432 0)
(0.0970546 0.162356 0)
(0.121013 0.143916 0)
(0.14117 0.121766 0)
(0.156988 0.0967238 0)
(0.168048 0.0697736 0)
(0.174177 0.0420138 0)
(0.175584 0.0145864 0)
(0.172531 -0.0112981 0)
(0.165479 -0.0346708 0)
(0.155277 -0.0547417 0)
(0.142775 -0.0710196 0)
(0.128805 -0.0833312 0)
(0.114125 -0.0917779 0)
(0.0993542 -0.0966562 0)
(0.084972 -0.0983709 0)
(0.0713266 -0.0973758 0)
(0.0586599 -0.0941482 0)
(0.0471195 -0.0891794 0)
(0.0367742 -0.082947 0)
(0.0276378 -0.0758988 0)
(0.0196536 -0.0684099 0)
(0.0127151 -0.0607597 0)
(0.0067283 -0.0531389 0)
(0.00169862 -0.0456704 0)
(-0.00254897 -0.0384441 0)
(-0.00612564 -0.0315809 0)
(-0.00899688 -0.0251348 0)
(-0.011292 -0.0191393 0)
(-0.0131074 -0.0135794 0)
(-0.0145113 -0.00840004 0)
(-0.0155281 -0.00353348 0)
(-0.0161533 0.00107425 0)
(-0.0163728 0.00545232 0)
(-0.0161631 0.00961266 0)
(-0.0154967 0.0135538 0)
(-0.0143436 0.0172596 0)
(-0.0126772 0.0206839 0)
(-0.0104775 0.0237338 0)
(-0.00770693 0.0262716 0)
(-0.00463763 0.0281069 0)
(-0.00137668 0.0251811 0)
(0.00907791 0.099105 0)
(0.0310661 0.111892 0)
(0.051809 0.106456 0)
(0.0715375 0.0983424 0)
(0.0897694 0.087753 0)
(0.105624 0.0750299 0)
(0.118752 0.0606026 0)
(0.128866 0.0449878 0)
(0.135799 0.0287697 0)
(0.139521 0.0125673 0)
(0.14016 -0.00311214 0)
(0.137973 -0.0176126 0)
(0.133321 -0.0304734 0)
(0.126633 -0.0413584 0)
(0.118373 -0.0500676 0)
(0.109 -0.0565361 0)
(0.0989419 -0.060814 0)
(0.0885752 -0.063041 0)
(0.0782156 -0.0634213 0)
(0.0681187 -0.0622046 0)
(0.0584805 -0.0596681 0)
(0.0494401 -0.0560995 0)
(0.041082 -0.0517771 0)
(0.033446 -0.0469524 0)
(0.0265372 -0.0418372 0)
(0.0203516 -0.0365986 0)
(0.0149092 -0.0313656 0)
(0.010082 -0.0262636 0)
(0.00582663 -0.0213163 0)
(0.00220959 -0.0166037 0)
(-0.000838096 -0.0121589 0)
(-0.00336554 -0.00798566 0)
(-0.00540381 -0.00408382 0)
(-0.00697764 -0.000439364 0)
(-0.00810214 0.00295744 0)
(-0.00879108 0.00611339 0)
(-0.00905895 0.00903016 0)
(-0.00891524 0.0117031 0)
(-0.00837194 0.0141199 0)
(-0.00744762 0.0162569 0)
(-0.00616487 0.0180767 0)
(-0.00453537 0.0195287 0)
(-0.00267954 0.0205432 0)
(-0.000887951 0.0182473 0)
(0.00710434 0.0564763 0)
(0.0248858 0.0635676 0)
(0.0413524 0.0603428 0)
(0.0572231 0.0555921 0)
(0.0721264 0.0494285 0)
(0.0853528 0.0420345 0)
(0.0966538 0.0336507 0)
(0.10583 0.0245703 0)
(0.112739 0.0151122 0)
(0.117293 0.00557639 0)
(0.119565 -0.00365971 0)
(0.119716 -0.0122867 0)
(0.117906 -0.0200275 0)
(0.11436 -0.0266653 0)
(0.109352 -0.0320527 0)
(0.10318 -0.0361143 0)
(0.0961369 -0.038842 0)
(0.0885031 -0.0402858 0)
(0.0805318 -0.0405433 0)
(0.0724442 -0.0397485 0)
(0.0644271 -0.0380607 0)
(0.0566318 -0.0356527 0)
(0.0491737 -0.0326987 0)
(0.0421335 -0.0293625 0)
(0.0355655 -0.0257913 0)
(0.0295108 -0.0221093 0)
(0.0239969 -0.0184187 0)
(0.0190101 -0.0148231 0)
(0.0145354 -0.0113194 0)
(0.0105831 -0.00798533 0)
(0.00716076 -0.00485103 0)
(0.00423347 -0.00193656 0)
(0.00176531 0.000766869 0)
(-0.000252562 0.00326168 0)
(-0.00182711 0.00555166 0)
(-0.00297634 0.00764156 0)
(-0.00373342 0.00953541 0)
(-0.00411691 0.0112347 0)
(-0.00415052 0.0127365 0)
(-0.00386622 0.0140322 0)
(-0.00329927 0.0151075 0)
(-0.00247833 0.0159425 0)
(-0.00145331 0.0165117 0)
(-0.000549626 0.014568 0)
(0.00567293 0.0269167 0)
(0.0203332 0.0300733 0)
(0.0335213 0.028227 0)
(0.0463806 0.0255722 0)
(0.0586298 0.0221618 0)
(0.0696091 0.0180875 0)
(0.0791189 0.0134838 0)
(0.0870421 0.00850602 0)
(0.0932234 0.00333645 0)
(0.0976372 -0.00178114 0)
(0.100357 -0.00672155 0)
(0.101373 -0.0113035 0)
(0.100767 -0.0153694 0)
(0.0986801 -0.0187931 0)
(0.0952945 -0.0214859 0)
(0.0908151 -0.0233997 0)
(0.0854584 -0.0245245 0)
(0.0794398 -0.0248846 0)
(0.0729643 -0.0245347 0)
(0.0662207 -0.0235552 0)
(0.0593769 -0.022039 0)
(0.0525781 -0.0200922 0)
(0.0459459 -0.0178249 0)
(0.0395764 -0.015342 0)
(0.03354 -0.0127401 0)
(0.0278943 -0.0101025 0)
(0.0227152 -0.00749798 0)
(0.0180473 -0.00497633 0)
(0.0138373 -0.00260764 0)
(0.0100692 -0.00039735 0)
(0.00675837 0.0016465 0)
(0.00390091 0.00350632 0)
(0.00152492 0.00518778 0)
(-0.00038984 0.00669664 0)
(-0.00187464 0.00804665 0)
(-0.00294379 0.00924234 0)
(-0.00362512 0.0102948 0)
(-0.00394419 0.0112159 0)
(-0.00393203 0.012012 0)
(-0.00362645 0.0126851 0)
(-0.00306732 0.0132325 0)
(-0.00228519 0.0136466 0)
(-0.00131292 0.0139216 0)
(-0.000503397 0.0122182 0)
(0.00417336 0.00668051 0)
(0.0155509 0.00721124 0)
(0.0251737 0.00627958 0)
(0.0346977 0.00501143 0)
(0.0438646 0.00341585 0)
(0.0521024 0.00153667 0)
(0.0592911 -0.000556175 0)
(0.0652394 -0.00277568 0)
(0.0698864 -0.00501929 0)
(0.0731354 -0.00715214 0)
(0.0748725 -0.0091373 0)
(0.0751804 -0.0108841 0)
(0.0741584 -0.0123193 0)
(0.0719244 -0.0133865 0)
(0.0686192 -0.0140486 0)
(0.0644034 -0.0142876 0)
(0.0594511 -0.0141057 0)
(0.0539384 -0.0135223 0)
(0.0480348 -0.0125763 0)
(0.0419242 -0.0113421 0)
(0.0357771 -0.00985189 0)
(0.02972 -0.00817071 0)
(0.0238679 -0.0063699 0)
(0.0183263 -0.00451736 0)
(0.0131688 -0.00267011 0)
(0.00842752 -0.000876534 0)
(0.004122 0.000823477 0)
(0.000260536 0.0024013 0)
(-0.00309477 0.00381279 0)
(-0.00590399 0.00506383 0)
(-0.00819862 0.00615613 0)
(-0.00997919 0.00709956 0)
(-0.0112504 0.00789307 0)
(-0.012033 0.00855023 0)
(-0.0123702 0.0090877 0)
(-0.012297 0.00952352 0)
(-0.011829 0.00987489 0)
(-0.0109973 0.0101581 0)
(-0.00984124 0.0103868 0)
(-0.00840309 0.0105707 0)
(-0.00672366 0.0107136 0)
(-0.00482458 0.0108132 0)
(-0.00274954 0.0108714 0)
(-0.000932091 0.00950218 0)
(0.0023584 -0.00542797 0)
(0.00983759 -0.00637846 0)
(0.015285 -0.00673775 0)
(0.0208749 -0.00709777 0)
(0.0262572 -0.00747966 0)
(0.0308558 -0.00786717 0)
(0.0345463 -0.00823013 0)
(0.0372019 -0.00852247 0)
(0.0387601 -0.00871429 0)
(0.0391834 -0.00883465 0)
(0.0384567 -0.00880592 0)
(0.0366232 -0.00861882 0)
(0.0337601 -0.00826547 0)
(0.0299852 -0.00774205 0)
(0.0254511 -0.00704951 0)
(0.0203148 -0.00619458 0)
(0.0147261 -0.00519167 0)
(0.0088253 -0.00406543 0)
(0.00272241 -0.00286317 0)
(-0.00334912 -0.00156129 0)
(-0.0091696 -0.00024156 0)
(-0.0146729 0.0010536 0)
(-0.0197856 0.00229088 0)
(-0.0244336 0.00343827 0)
(-0.028539 0.00447024 0)
(-0.0320339 0.00536606 0)
(-0.0348794 0.0061103 0)
(-0.0370625 0.00668979 0)
(-0.0385726 0.00713658 0)
(-0.0394116 0.0074366 0)
(-0.0396019 0.00759506 0)
(-0.0391688 0.00763481 0)
(-0.0381467 0.00757526 0)
(-0.0365763 0.00743749 0)
(-0.0345024 0.00723984 0)
(-0.0319798 0.00700892 0)
(-0.0290671 0.00676377 0)
(-0.0258151 0.00651868 0)
(-0.0222682 0.00628767 0)
(-0.0184701 0.00608167 0)
(-0.014457 0.0059068 0)
(-0.0102319 0.0057627 0)
(-0.00585115 0.00565468 0)
(-0.00188313 0.00490703 0)
(0.000213791 -0.0102198 0)
(0.00292099 -0.0116655 0)
(0.00323978 -0.0116984 0)
(0.00394528 -0.011468 0)
(0.0045258 -0.0110222 0)
(0.00443407 -0.0103783 0)
(0.00358639 -0.00954564 0)
(0.0018718 -0.00854226 0)
(-0.00074665 -0.00739752 0)
(-0.00420722 -0.00614739 0)
(-0.00843517 -0.00481152 0)
(-0.0133741 -0.00341793 0)
(-0.0189671 -0.0019972 0)
(-0.0250963 -0.000575859 0)
(-0.0315729 0.000824472 0)
(-0.0382326 0.00218153 0)
(-0.0449648 0.00347164 0)
(-0.0516535 0.00466819 0)
(-0.0580937 0.00577219 0)
(-0.0641836 0.00676487 0)
(-0.069875 0.00759149 0)
(-0.0750089 0.00823362 0)
(-0.0794621 0.00868094 0)
(-0.0831513 0.008928 0)
(-0.0860153 0.00897131 0)
(-0.0880036 0.00881367 0)
(-0.0890832 0.00846441 0)
(-0.0892414 0.00793978 0)
(-0.0884795 0.00726577 0)
(-0.0868083 0.00646651 0)
(-0.0842523 0.00557083 0)
(-0.0808688 0.00461381 0)
(-0.0767278 0.00362925 0)
(-0.071889 0.00265194 0)
(-0.0664101 0.00171166 0)
(-0.0603894 0.000834257 0)
(-0.0539514 3.87373e-05 0)
(-0.0471869 -0.000663338 0)
(-0.0401671 -0.00126642 0)
(-0.0329523 -0.00177008 0)
(-0.0255808 -0.0021779 0)
(-0.0180284 -0.00249881 0)
(-0.0103451 -0.00273047 0)
(-0.00327948 -0.00249358 0)
(-0.00217912 -0.00880863 0)
(-0.0048912 -0.0100004 0)
(-0.0103869 -0.0098455 0)
(-0.0153005 -0.00918975 0)
(-0.0202818 -0.00813278 0)
(-0.0258223 -0.00675284 0)
(-0.0319299 -0.00512451 0)
(-0.0386199 -0.00332207 0)
(-0.0458526 -0.00141232 0)
(-0.0535051 0.000549474 0)
(-0.0614026 0.00251621 0)
(-0.0694468 0.00443231 0)
(-0.07757 0.00625159 0)
(-0.0856759 0.00793654 0)
(-0.0937136 0.00945765 0)
(-0.101593 0.0107904 0)
(-0.109164 0.011912 0)
(-0.116275 0.0128031 0)
(-0.122825 0.0134661 0)
(-0.128791 0.0138255 0)
(-0.134104 0.0139054 0)
(-0.138644 0.0137035 0)
(-0.142313 0.0132135 0)
(-0.145041 0.0124384 0)
(-0.146768 0.0113873 0)
(-0.147446 0.0100785 0)
(-0.147036 0.00853621 0)
(-0.14551 0.00679238 0)
(-0.142848 0.00488695 0)
(-0.139037 0.00286449 0)
(-0.134062 0.00077453 0)
(-0.127983 -0.00133706 0)
(-0.120883 -0.0034122 0)
(-0.112814 -0.00539584 0)
(-0.103889 -0.00723844 0)
(-0.0942116 -0.00889513 0)
(-0.0838816 -0.0103319 0)
(-0.0730479 -0.0115297 0)
(-0.0618741 -0.0124868 0)
(-0.0505106 -0.0132207 0)
(-0.039068 -0.0137636 0)
(-0.0275317 -0.0141636 0)
(-0.0159033 -0.0144534 0)
(-0.00504323 -0.0129157 0)
(-0.00476335 -0.00204335 0)
(-0.0133769 -0.00240848 0)
(-0.025122 -0.0021514 0)
(-0.0361263 -0.00119783 0)
(-0.0471341 0.000246002 0)
(-0.058446 0.00200485 0)
(-0.0698617 0.00393316 0)
(-0.0812238 0.00592914 0)
(-0.0923589 0.00792177 0)
(-0.103158 0.00987014 0)
(-0.113593 0.0117427 0)
(-0.123583 0.0135007 0)
(-0.133021 0.015103 0)
(-0.141887 0.0165098 0)
(-0.150199 0.0176867 0)
(-0.157951 0.0186111 0)
(-0.1651 0.0192607 0)
(-0.171591 0.019615 0)
(-0.177391 0.0196305 0)
(-0.182499 0.0193047 0)
(-0.186883 0.0186295 0)
(-0.190475 0.017601 0)
(-0.193217 0.016216 0)
(-0.195057 0.0144829 0)
(-0.195941 0.0124144 0)
(-0.195817 0.0100343 0)
(-0.194633 0.00737159 0)
(-0.192337 0.0044641 0)
(-0.188873 0.00135554 0)
(-0.184188 -0.00189956 0)
(-0.178267 -0.00524129 0)
(-0.171045 -0.00860773 0)
(-0.162471 -0.0119279 0)
(-0.152569 -0.0151286 0)
(-0.141375 -0.0181311 0)
(-0.128941 -0.0208531 0)
(-0.115357 -0.023219 0)
(-0.10079 -0.0251679 0)
(-0.0854798 -0.0266648 0)
(-0.0697046 -0.0277176 0)
(-0.0537578 -0.0283772 0)
(-0.0377534 -0.0287656 0)
(-0.0217776 -0.0290016 0)
(-0.00688566 -0.025944 0)
(-0.00755135 0.00928115 0)
(-0.0225834 0.0101781 0)
(-0.0410359 0.0104731 0)
(-0.0584449 0.0114572 0)
(-0.0753488 0.0128209 0)
(-0.0918583 0.0142826 0)
(-0.107549 0.0157241 0)
(-0.122075 0.0170936 0)
(-0.135274 0.0183779 0)
(-0.14715 0.0195857 0)
(-0.157801 0.0207239 0)
(-0.167321 0.0217855 0)
(-0.175789 0.0227349 0)
(-0.183311 0.0235295 0)
(-0.189997 0.0241265 0)
(-0.195938 0.0244915 0)
(-0.201195 0.0245884 0)
(-0.20581 0.0243864 0)
(-0.209812 0.0238444 0)
(-0.213233 0.0229458 0)
(-0.21608 0.0216703 0)
(-0.218335 0.0200094 0)
(-0.219975 0.0179534 0)
(-0.22097 0.0155094 0)
(-0.221283 0.012685 0)
(-0.220865 0.0095014 0)
(-0.219663 0.00598267 0)
(-0.217616 0.002162 0)
(-0.214635 -0.00192218 0)
(-0.210622 -0.00622075 0)
(-0.205493 -0.0106778 0)
(-0.199107 -0.0152236 0)
(-0.191316 -0.0197929 0)
(-0.181992 -0.024307 0)
(-0.171008 -0.028671 0)
(-0.158249 -0.0327732 0)
(-0.143647 -0.0364854 0)
(-0.127225 -0.0396726 0)
(-0.109142 -0.0422075 0)
(-0.089703 -0.0440142 0)
(-0.0694356 -0.0450639 0)
(-0.0486904 -0.0455346 0)
(-0.0280017 -0.0456022 0)
(-0.00882277 -0.0408894 0)
(-0.0107553 0.0243896 0)
(-0.0331145 0.0267739 0)
(-0.0589411 0.0268791 0)
(-0.0828265 0.0271748 0)
(-0.104577 0.0275573 0)
(-0.12427 0.027699 0)
(-0.141419 0.027679 0)
(-0.155954 0.0275656 0)
(-0.168007 0.0274472 0)
(-0.177869 0.0273937 0)
(-0.185878 0.0274367 0)
(-0.192355 0.0275596 0)
(-0.197577 0.027709 0)
(-0.201781 0.0278261 0)
(-0.205164 0.0278476 0)
(-0.207887 0.0277171 0)
(-0.210075 0.027377 0)
(-0.211826 0.0267831 0)
(-0.213218 0.0258807 0)
(-0.214306 0.0246398 0)
(-0.215125 0.0230277 0)
(-0.215698 0.0210298 0)
(-0.216035 0.0186252 0)
(-0.216132 0.0158161 0)
(-0.215974 0.0126004 0)
(-0.215536 0.00899244 0)
(-0.214777 0.00500562 0)
(-0.213643 0.000661509 0)
(-0.212045 -0.00401085 0)
(-0.209878 -0.00898142 0)
(-0.207019 -0.0142104 0)
(-0.203288 -0.0196496 0)
(-0.198465 -0.0252515 0)
(-0.192295 -0.0309549 0)
(-0.184475 -0.0366806 0)
(-0.174659 -0.0423218 0)
(-0.162491 -0.047726 0)
(-0.147636 -0.0527001 0)
(-0.129897 -0.0570016 0)
(-0.109215 -0.0604091 0)
(-0.0861435 -0.062624 0)
(-0.0609244 -0.0637846 0)
(-0.0351774 -0.0637531 0)
(-0.0111063 -0.0573473 0)
(-0.0151082 0.0428622 0)
(-0.046254 0.0463797 0)
(-0.0793125 0.0455808 0)
(-0.108345 0.043718 0)
(-0.131728 0.0418182 0)
(-0.15072 0.0395138 0)
(-0.165184 0.0372154 0)
(-0.175823 0.0350672 0)
(-0.183272 0.0332252 0)
(-0.188206 0.0317622 0)
(-0.191198 0.0306906 0)
(-0.192737 0.0299397 0)
(-0.193204 0.0294094 0)
(-0.192897 0.0290023 0)
(-0.192039 0.0286206 0)
(-0.190807 0.0281865 0)
(-0.189341 0.0276188 0)
(-0.187753 0.0268607 0)
(-0.186137 0.0258385 0)
(-0.184559 0.0245183 0)
(-0.183074 0.0228484 0)
(-0.181733 0.0208128 0)
(-0.180574 0.0183798 0)
(-0.179623 0.0155482 0)
(-0.178898 0.0123058 0)
(-0.178406 0.00866038 0)
(-0.178144 0.00461423 0)
(-0.178075 0.000176509 0)
(-0.178158 -0.00463991 0)
(-0.178331 -0.00982477 0)
(-0.178475 -0.0153618 0)
(-0.178429 -0.0212376 0)
(-0.177973 -0.0274383 0)
(-0.176811 -0.0339458 0)
(-0.174549 -0.040731 0)
(-0.170674 -0.0477392 0)
(-0.164562 -0.0548555 0)
(-0.155447 -0.0619075 0)
(-0.142571 -0.0685966 0)
(-0.124983 -0.074624 0)
(-0.102839 -0.079246 0)
(-0.0748999 -0.0825414 0)
(-0.044654 -0.083029 0)
(-0.0144939 -0.0753977 0)
(-0.0218579 0.0649965 0)
(-0.0634889 0.0678178 0)
(-0.100908 0.0646236 0)
(-0.131323 0.0584154 0)
(-0.150739 0.0529176 0)
(-0.163927 0.0473466 0)
(-0.171281 0.0424519 0)
(-0.174595 0.0382499 0)
(-0.174908 0.0348533 0)
(-0.173149 0.0322321 0)
(-0.169962 0.0303331 0)
(-0.16585 0.0290004 0)
(-0.16116 0.0280701 0)
(-0.156144 0.0273989 0)
(-0.150978 0.0268533 0)
(-0.145802 0.0263396 0)
(-0.140726 0.0257557 0)
(-0.135842 0.0250398 0)
(-0.131238 0.0241035 0)
(-0.126983 0.0229133 0)
(-0.123145 0.021404 0)
(-0.119793 0.0195613 0)
(-0.116993 0.0173469 0)
(-0.1148 0.0147588 0)
(-0.113273 0.0117784 0)
(-0.112459 0.0084084 0)
(-0.112404 0.00464362 0)
(-0.113115 0.000484288 0)
(-0.114616 -0.00407525 0)
(-0.116914 -0.00903672 0)
(-0.119948 -0.0144081 0)
(-0.123636 -0.0202052 0)
(-0.127833 -0.0264561 0)
(-0.132307 -0.033196 0)
(-0.136713 -0.0404664 0)
(-0.140537 -0.0483043 0)
(-0.143076 -0.0566948 0)
(-0.143277 -0.0655945 0)
(-0.139967 -0.0747766 0)
(-0.130955 -0.084108 0)
(-0.115869 -0.092389 0)
(-0.0894443 -0.100039 0)
(-0.0581306 -0.102537 0)
(-0.0203053 -0.0957066 0)
(-0.0321833 0.0914824 0)
(-0.0852698 0.0889698 0)
(-0.119173 0.0812124 0)
(-0.144653 0.0684255 0)
(-0.153157 0.058664 0)
(-0.155778 0.0497831 0)
(-0.15278 0.0426895 0)
(-0.146952 0.0369766 0)
(-0.139285 0.0325933 0)
(-0.130669 0.0293535 0)
(-0.121568 0.0270763 0)
(-0.112316 0.0255391 0)
(-0.1031 0.0245179 0)
(-0.0940438 0.0238341 0)
(-0.0852203 0.0233309 0)
(-0.0767007 0.0229094 0)
(-0.0685427 0.0224571 0)
(-0.060802 0.0219159 0)
(-0.0535522 0.0211906 0)
(-0.0468612 0.0202514 0)
(-0.0408094 0.0190286 0)
(-0.0354821 0.0175127 0)
(-0.0309709 0.015663 0)
(-0.0273648 0.0134795 0)
(-0.0247614 0.0109411 0)
(-0.023252 0.00804847 0)
(-0.0229324 0.00479247 0)
(-0.023872 0.0011684 0)
(-0.0261592 -0.00283887 0)
(-0.029873 -0.00723978 0)
(-0.0350476 -0.012058 0)
(-0.0417078 -0.0173313 0)
(-0.0498362 -0.0231162 0)
(-0.059349 -0.0294948 0)
(-0.070075 -0.0365734 0)
(-0.0816741 -0.0444879 0)
(-0.0936357 -0.0533489 0)
(-0.104938 -0.0633209 0)
(-0.11449 -0.074371 0)
(-0.118963 -0.0868646 0)
(-0.118266 -0.0993509 0)
(-0.100086 -0.113613 0)
(-0.0762601 -0.120359 0)
(-0.029728 -0.119334 0)
(-0.0455773 0.122601 0)
(-0.108928 0.106457 0)
(-0.125422 0.0920326 0)
(-0.138499 0.0715529 0)
(-0.130021 0.0580479 0)
(-0.119407 0.046784 0)
(-0.105135 0.0385096 0)
(-0.0905018 0.0321909 0)
(-0.0758341 0.0275698 0)
(-0.0616806 0.0242947 0)
(-0.0480994 0.0220803 0)
(-0.0351255 0.0206616 0)
(-0.0227183 0.0197827 0)
(-0.0108405 0.0192533 0)
(0.000554962 0.0189126 0)
(0.0114713 0.0186665 0)
(0.0219019 0.0184084 0)
(0.0318262 0.0180871 0)
(0.0411809 0.0176126 0)
(0.049896 0.0169596 0)
(0.0578778 0.0160624 0)
(0.0650218 0.0149169 0)
(0.0712094 0.0134846 0)
(0.0763192 0.0117684 0)
(0.0802169 0.00974848 0)
(0.0827705 0.00742548 0)
(0.0838376 0.00478953 0)
(0.0832907 0.00183407 0)
(0.0809842 -0.00145574 0)
(0.0767717 -0.00509657 0)
(0.0705257 -0.00911747 0)
(0.0621124 -0.0135656 0)
(0.0514101 -0.0185094 0)
(0.0383239 -0.0240572 0)
(0.0227878 -0.0303541 0)
(0.00485187 -0.0376074 0)
(-0.015387 -0.0460289 0)
(-0.0372477 -0.0559914 0)
(-0.0603888 -0.0676938 0)
(-0.0808386 -0.0822281 0)
(-0.10067 -0.0982242 0)
(-0.0983431 -0.120186 0)
(-0.0964466 -0.133371 0)
(-0.04206 -0.146925 0)
(-0.0574467 0.157051 0)
(-0.126546 0.116267 0)
(-0.10777 0.0942615 0)
(-0.102465 0.0671729 0)
(-0.0742485 0.0516283 0)
(-0.0509006 0.0395988 0)
(-0.0270519 0.0314037 0)
(-0.00588728 0.0254178 0)
(0.0134146 0.0212304 0)
(0.030832 0.0183695 0)
(0.0468095 0.0165256 0)
(0.0616436 0.0154162 0)
(0.0756032 0.0147927 0)
(0.0888739 0.0144781 0)
(0.101595 0.0143267 0)
(0.113834 0.0142588 0)
(0.125619 0.0141828 0)
(0.136946 0.0140584 0)
(0.147756 0.013808 0)
(0.15797 0.0134131 0)
(0.167478 0.012817 0)
(0.176153 0.0120198 0)
(0.183851 0.0109889 0)
(0.190419 0.00972913 0)
(0.195693 0.00822468 0)
(0.199507 0.00647667 0)
(0.201682 0.00447707 0)
(0.202047 0.00221972 0)
(0.200411 -0.000306763 0)
(0.196579 -0.00311971 0)
(0.190349 -0.00624636 0)
(0.181502 -0.00973096 0)
(0.169802 -0.0136415 0)
(0.154994 -0.0180876 0)
(0.136783 -0.0232211 0)
(0.114913 -0.0292758 0)
(0.0889784 -0.036508 0)
(0.059152 -0.0454236 0)
(0.0245214 -0.0563921 0)
(-0.010922 -0.0711759 0)
(-0.0536942 -0.0887868 0)
(-0.0728783 -0.117301 0)
(-0.110775 -0.137914 0)
(-0.0522948 -0.177423 0)
(-0.0569836 0.190754 0)
(-0.124022 0.115164 0)
(-0.0538871 0.086705 0)
(-0.0283517 0.0565117 0)
(0.0175753 0.0412592 0)
(0.0500934 0.0302063 0)
(0.0797908 0.0231646 0)
(0.104059 0.0182076 0)
(0.124996 0.0148758 0)
(0.143108 0.012679 0)
(0.159294 0.0113324 0)
(0.174123 0.0105827 0)
(0.188038 0.0102179 0)
(0.201323 0.0100929 0)
(0.214169 0.0100894 0)
(0.226675 0.0101488 0)
(0.238884 0.0101974 0)
(0.250793 0.0102081 0)
(0.26234 0.010119 0)
(0.273428 0.00991934 0)
(0.283931 0.00956367 0)
(0.293699 0.00905498 0)
(0.302566 0.00836811 0)
(0.310356 0.00750857 0)
(0.316882 0.00646517 0)
(0.321954 0.00523952 0)
(0.325374 0.00382632 0)
(0.32694 0.00222097 0)
(0.326439 0.000415649 0)
(0.323644 -0.00160352 0)
(0.318315 -0.00385794 0)
(0.310181 -0.00638322 0)
(0.298935 -0.0092359 0)
(0.284218 -0.0125097 0)
(0.265567 -0.0163375 0)
(0.242487 -0.0209351 0)
(0.214127 -0.026546 0)
(0.180175 -0.0336973 0)
(0.138348 -0.0428152 0)
(0.0921876 -0.0560005 0)
(0.0292853 -0.0728619 0)
(-0.0123963 -0.104162 0)
(-0.105329 -0.131217 0)
(-0.0492614 -0.206894 0)
(-0.0267481 0.216376 0)
(-0.0823482 0.102137 0)
(0.0454736 0.0706052 0)
(0.0876501 0.042208 0)
(0.144721 0.0293794 0)
(0.180936 0.0206195 0)
(0.21186 0.0153452 0)
(0.235627 0.0117467 0)
(0.255335 0.00941151 0)
(0.271863 0.00792193 0)
(0.286403 0.00705416 0)
(0.299681 0.00661363 0)
(0.312226 0.00644228 0)
(0.324357 0.0064357 0)
(0.336273 0.00650854 0)
(0.348078 0.00662304 0)
(0.359807 0.00672418 0)
(0.37145 0.00679875 0)
(0.382934 0.0067998 0)
(0.394147 0.00672301 0)
(0.404948 0.00653566 0)
(0.415171 0.00624161 0)
(0.424639 0.00582341 0)
(0.433161 0.0052859 0)
(0.440542 0.00462208 0)
(0.446582 0.0038335 0)
(0.451077 0.00291733 0)
(0.453819 0.00187061 0)
(0.454589 0.000688577 0)
(0.453155 -0.000638028 0)
(0.449268 -0.002124 0)
(0.442647 -0.00379416 0)
(0.432962 -0.00568911 0)
(0.419816 -0.00787819 0)
(0.40267 -0.0104605 0)
(0.380898 -0.013605 0)
(0.353376 -0.0175043 0)
(0.319461 -0.0226059 0)
(0.275812 -0.0292923 0)
(0.225319 -0.0395378 0)
(0.150105 -0.05348 0)
(0.0908709 -0.0825622 0)
(-0.0617244 -0.112922 0)
(-0.0157277 -0.22817 0)
(0.0550329 0.224149 0)
(0.0186657 0.0792579 0)
(0.193649 0.0494602 0)
(0.244181 0.0273955 0)
(0.303111 0.0182445 0)
(0.337272 0.0123536 0)
(0.365122 0.00895371 0)
(0.38545 0.00669859 0)
(0.401786 0.00527607 0)
(0.415145 0.00439382 0)
(0.426791 0.00390188 0)
(0.437471 0.00367424 0)
(0.447704 0.00361023 0)
(0.457791 0.00364581 0)
(0.467905 0.00372711 0)
(0.478131 0.0038329 0)
(0.488492 0.00392629 0)
(0.498964 0.00400568 0)
(0.509465 0.00403675 0)
(0.51988 0.00401993 0)
(0.530065 0.00393459 0)
(0.539852 0.00378398 0)
(0.549066 0.0035575 0)
(0.557521 0.00325841 0)
(0.56503 0.00288296 0)
(0.571401 0.00243208 0)
(0.576444 0.00190464 0)
(0.579963 0.00129887 0)
(0.581755 0.000612263 0)
(0.581608 -0.000160531 0)
(0.579292 -0.00102853 0)
(0.574551 -0.00200671 0)
(0.567078 -0.00312019 0)
(0.556499 -0.00441284 0)
(0.542287 -0.00594756 0)
(0.523814 -0.00783551 0)
(0.499892 -0.0102056 0)
(0.469761 -0.0133677 0)
(0.429642 -0.0176102 0)
(0.381792 -0.0243904 0)
(0.305248 -0.0341604 0)
(0.238531 -0.0566145 0)
(0.0392856 -0.0856677 0)
(0.0688979 -0.231685 0)
(0.20951 0.204364 0)
(0.195146 0.0510793 0)
(0.387082 0.0280483 0)
(0.435442 0.0147182 0)
(0.486811 0.00939954 0)
(0.514373 0.00620516 0)
(0.536093 0.00439915 0)
(0.551243 0.00323536 0)
(0.563105 0.00251332 0)
(0.572593 0.00207327 0)
(0.580816 0.0018322 0)
(0.588406 0.00172526 0)
(0.595796 0.0017008 0)
(0.603227 0.00172737 0)
(0.610831 0.00177662 0)
(0.61867 0.00183882 0)
(0.626756 0.00189379 0)
(0.635057 0.00194263 0)
(0.643499 0.00196672 0)
(0.651979 0.00196727 0)
(0.660372 0.00193371 0)
(0.668532 0.00186776 0)
(0.676311 0.00176435 0)
(0.683549 0.00162478 0)
(0.690092 0.00144764 0)
(0.695779 0.00123298 0)
(0.700453 0.000980593 0)
(0.703953 0.00068941 0)
(0.706115 0.000358322 0)
(0.706766 -1.53981e-05 0)
(0.705722 -0.000436342 0)
(0.702777 -0.00091224 0)
(0.697684 -0.00145587 0)
(0.69014 -0.00208999 0)
(0.679708 -0.00284706 0)
(0.665861 -0.00378552 0)
(0.647558 -0.00497688 0)
(0.624119 -0.00658715 0)
(0.59205 -0.00880322 0)
(0.553055 -0.0124181 0)
(0.486899 -0.0180037 0)
(0.425459 -0.0315038 0)
(0.212897 -0.054219 0)
(0.223829 -0.208245 0)
(0.451001 0.159081 0)
(0.454198 0.0250726 0)
(0.616316 0.0116265 0)
(0.652362 0.00597966 0)
(0.68849 0.00365882 0)
(0.706793 0.0023911 0)
(0.720908 0.00166714 0)
(0.730437 0.00121629 0)
(0.73777 0.000936283 0)
(0.743531 0.000765726 0)
(0.748476 0.000669512 0)
(0.753023 0.000624022 0)
(0.75746 0.000610019 0)
(0.761947 0.000616458 0)
(0.766574 0.000631855 0)
(0.771382 0.000652891 0)
(0.77638 0.000671754 0)
(0.781547 0.000688358 0)
(0.786835 0.000696743 0)
(0.792179 0.000696868 0)
(0.797497 0.000685317 0)
(0.802696 0.000661973 0)
(0.807682 0.000625812 0)
(0.812351 0.00057637 0)
(0.816605 0.000513871 0)
(0.82034 0.000437584 0)
(0.823455 0.000347863 0)
(0.825847 0.000243962 0)
(0.827409 0.000125551 0)
(0.82803 -8.54641e-06 0)
(0.827592 -0.000160138 0)
(0.825961 -0.000332378 0)
(0.822974 -0.000530141 0)
(0.818434 -0.000762301 0)
(0.812048 -0.00104128 0)
(0.803465 -0.0013893 0)
(0.791969 -0.00183705 0)
(0.777094 -0.00244587 0)
(0.756309 -0.00331473 0)
(0.730761 -0.00471885 0)
(0.685228 -0.00711858 0)
(0.641407 -0.0127995 0)
(0.46574 -0.0262021 0)
(0.461756 -0.160509 0)
(0.781458 0.0411858 0)
(0.789417 0.00452101 0)
(0.865472 0.0017789 0)
(0.880302 0.00092236 0)
(0.89481 0.000543742 0)
(0.901908 0.000356351 0)
(0.907357 0.000245979 0)
(0.910993 0.000179494 0)
(0.91378 0.000137636 0)
(0.915947 0.000111841 0)
(0.917774 9.6473e-05 0)
(0.919412 8.84011e-05 0)
(0.920968 8.49568e-05 0)
(0.922503 8.47025e-05 0)
(0.924055 8.58311e-05 0)
(0.925644 8.7898e-05 0)
(0.927277 8.97537e-05 0)
(0.928948 9.14195e-05 0)
(0.930647 9.21242e-05 0)
(0.932354 9.17292e-05 0)
(0.934044 8.99557e-05 0)
(0.935689 8.65301e-05 0)
(0.93726 8.15809e-05 0)
(0.938724 7.47617e-05 0)
(0.940049 6.63241e-05 0)
(0.941203 5.59569e-05 0)
(0.942151 4.38294e-05 0)
(0.942859 2.97442e-05 0)
(0.943292 1.36757e-05 0)
(0.94341 -4.57833e-06 0)
(0.943173 -2.52994e-05 0)
(0.942532 -4.89845e-05 0)
(0.941427 -7.63403e-05 0)
(0.939786 -0.000108694 0)
(0.937499 -0.000147843 0)
(0.934437 -0.000196928 0)
(0.930326 -0.000260986 0)
(0.924993 -0.000348091 0)
(0.917416 -0.000477669 0)
(0.908071 -0.000680694 0)
(0.890603 -0.00106783 0)
(0.873623 -0.00192297 0)
(0.79299 -0.00467605 0)
(0.785135 -0.0413908 0)
)
;

boundaryField
{
    movingWall
    {
        type            fixedValue;
        value           uniform (1 0 0);
    }
    fixedWalls
    {
        type            noSlip;
    }
    frontAndBack
    {
        type            empty;
    }
    defaultFaces
    {
        type            empty;
    }
}


// ************************************************************************* //
