/*--------------------------------*- C++ -*----------------------------------*\
  =========                 |
  \\      /  F ield         | OpenFOAM: The Open Source CFD Toolbox
   \\    /   O peration     | Website:  https://openfoam.org
    \\  /    A nd           | Version:  7
     \\/     M anipulation  |
\*---------------------------------------------------------------------------*/
FoamFile
{
    version     2.0;
    format      ascii;
    class       surfaceScalarField;
    location    "0.11";
    object      phi;
}
// * * * * * * * * * * * * * * * * * * * * * * * * * * * * * * * * * * * * * //

dimensions      [0 3 -1 0 0 0 0];

internalField   nonuniform List<scalar> 
3784
(
-0.00205223
0.00205223
-0.00283068
0.000778453
-0.00197377
-0.000856911
-0.000207736
-0.00176604
0.000689836
-0.000897573
0.000732607
-4.27704e-05
0.000485482
0.000247125
7.22894e-06
0.000478252
-0.000547788
0.000555017
-0.000904612
0.000356825
-0.000708987
-0.000195624
0.000174792
-0.00088378
0.00113061
-0.000955822
0.00121099
-8.03749e-05
0.000117617
0.00109337
-0.0013857
0.00150332
-0.00171889
0.000333189
-0.000252793
-0.0014661
0.0014597
-0.00171249
0.00215643
-0.00069673
0.0017503
0.000406136
0.000546522
0.00120377
-0.000665202
0.00121172
-0.00105792
0.000392713
-0.000382405
-0.000675511
0.000955962
-0.00133837
0.00144754
-0.000491579
0.000386187
0.00106135
-0.00107841
0.0014646
-0.00167193
0.000593518
-0.000943866
-0.000728066
0.000534755
-0.00147862
0.00144886
-0.000914102
0.000898228
0.00055063
-0.000583002
0.00148123
-0.0016406
0.0010576
-0.00122875
-0.000411853
0.000265598
-0.00149434
0.00153979
-0.00127419
0.00143913
0.000100664
6.52308e-05
0.0013739
-0.00125694
0.00132217
-0.00123627
-2.06747e-05
-0.00123627
-0.0028631
0.00491532
-0.00404822
0.00196358
-0.00239012
-0.00251501
-0.000174793
-0.00398137
0.000562357
-0.00163472
0.000627888
-0.000108299
0.000447562
0.000427451
1.11211e-05
0.00091469
-0.00049183
0.00105797
-0.000961888
0.000826884
-0.000969489
-0.000188023
0.000149201
-0.00200247
0.00145043
-0.00225705
0.00127153
9.8518e-05
1.2444e-05
0.00235246
-0.00124516
0.00276093
-0.00188453
0.000972561
-0.000419252
-0.00293138
0.00197294
-0.00410469
0.00238703
-0.00111082
0.0015709
0.00122227
0.000621367
0.0021533
-0.000653248
0.00248634
-0.00150635
0.00124581
-0.000594084
-0.00158778
0.00127965
-0.0032121
0.00152197
-0.000733894
0.000293367
0.00228995
-0.000863268
0.00262124
-0.00181794
0.00154819
-0.00136201
-0.00118399
0.000804103
-0.00364474
0.00173886
-0.00184886
0.000733409
0.00155608
-0.000469057
0.0026837
-0.00162726
0.0022158
-0.00168844
-0.000350678
0.000399084
-0.00358187
0.0019302
-0.00280531
0.00128336
0.000747499
0.000110862
0.0025464
-0.00114447
0.00257751
-0.00171373
0.000548591
-0.00295001
-0.00306087
0.0079762
-0.00424498
0.00314768
-0.00238512
-0.00437487
4.9621e-05
-0.0064161
0.000768459
-0.00235356
0.000725085
-6.49316e-05
0.000419302
0.000733234
-0.000132734
0.00146673
-0.00075781
0.00168305
-0.0012795
0.00134857
-0.00114645
-0.000321076
0.000261029
-0.00340994
0.00180032
-0.00379634
0.00172694
0.0001719
0.000445959
0.00363343
-0.00102174
0.00422863
-0.00204551
0.00199633
-0.000773888
-0.004203
0.0018866
-0.00676517
0.00249434
-0.00171855
0.0013095
0.00240711
-7.10058e-05
0.0035338
-0.00134037
0.0037557
-0.00182078
0.00172623
-0.000389836
-0.00301872
0.0017504
-0.00535234
0.00195662
-0.000940118
0.000574903
0.00367167
-0.000883784
0.00407992
-0.00208777
0.00275218
-0.00151893
-0.00175283
0.000986965
-0.00615063
0.0021523
-0.0030142
0.00110189
0.00260649
-0.000418797
0.00420438
-0.00187961
0.00367662
-0.00191611
-0.000314178
0.000475812
-0.00597379
0.00224134
-0.00457084
0.00149608
0.00149276
-4.03892e-05
0.00408286
-0.00156642
0.00410354
-0.00204767
0.00102984
-0.00499768
-0.00261122
0.0105874
-0.00358295
0.00411941
-0.00206482
-0.005893
-0.000326608
-0.00815432
0.000268593
-0.00294877
0.000343799
-0.000140136
9.92493e-05
0.000977784
-0.000323124
0.0018891
-0.000760102
0.00212003
-0.00104974
0.00163821
-0.000816917
-0.000553901
0.000298354
-0.00452521
0.0014273
-0.00492528
0.00143076
0.000168442
0.000665154
0.00439904
-0.000229018
0.0051228
-0.00114498
0.0029123
-0.000639683
-0.0047083
0.00116747
-0.00857233
0.00161736
-0.00216844
0.000539035
0.00348543
-0.000607455
0.00468029
-0.00134276
0.00449101
-0.00133643
0.0017199
-5.89933e-05
-0.00429616
0.00143271
-0.00684404
0.00149585
-0.00100326
0.000584086
0.00458344
-0.000432267
0.00509628
-0.00137892
0.00369883
-0.00103207
-0.00209967
0.000727302
-0.00791001
0.00157449
-0.00386138
0.000891105
0.00328987
-0.00013825
0.00523374
-0.00120153
0.00473989
-0.0012901
-0.000225607
0.00034764
-0.00761153
0.00153543
-0.00575863
0.0009449
0.0020833
-0.000139058
0.00516682
-0.00114755
0.00511203
-0.00143428
0.00131657
-0.00643196
-0.00191183
0.0124993
-0.00265622
0.0048638
-0.00162001
-0.00692921
-0.000742472
-0.00903186
-0.000319248
-0.00337199
-0.000140967
-0.000318417
-0.000295095
0.00113191
-0.000555095
0.0021491
-0.000781607
0.00234654
-0.000811795
0.0016684
-0.000464856
-0.000900838
0.000311871
-0.00530194
0.000989818
-0.00560323
0.00108524
7.3021e-05
0.000772805
0.00471147
0.00041666
0.00547894
-0.000246948
0.0035759
-0.000464768
-0.00449048
0.000343812
-0.00938091
0.000687462
-0.00251209
-4.75784e-05
0.00422047
-0.00084225
0.00547497
-0.00112317
0.00477193
-0.000777512
0.00137424
0.000263712
-0.00533738
0.00102646
-0.00760678
0.000937063
-0.000913868
0.000498616
0.00502189
-6.53656e-05
0.00566026
-0.000678084
0.00431155
-0.000518309
-0.00225945
0.000456482
-0.0088848
0.000957725
-0.00436262
0.000605596
0.003642
7.28655e-05
0.00576647
-0.000484626
0.00529739
-0.000629546
-8.06896e-05
0.000213873
-0.00845494
0.000803009
-0.00634777
0.00038291
0.0025034
-0.000184579
0.00573431
-0.000642605
0.00557005
-0.000796146
0.00147011
-0.0072281
-0.00104488
0.0135441
-0.00154087
0.00535978
-0.00115457
-0.00731552
-0.00117699
-0.00900943
-0.000957282
-0.0035917
-0.000717901
-0.000557801
-0.000716051
0.00113007
-0.000761114
0.00219416
-0.0007366
0.00232202
-0.000508043
0.00143985
-0.000117472
-0.00129141
0.000277949
-0.00569737
0.000483349
-0.00580863
0.000559695
-3.32341e-06
0.00068337
0.0045878
0.000804048
0.00535826
0.000531193
0.00384876
-0.000229922
-0.00372936
-0.000416492
-0.00919434
-0.000175657
-0.00275293
-0.000417396
0.00446221
-0.000689411
0.00574698
-0.000605486
0.004688
-0.000140013
0.000908764
0.000500838
-0.00597823
0.000511686
-0.00761763
0.000237797
-0.000639979
0.000251529
0.00500815
0.000187825
0.00572396
1.71504e-05
0.00448222
1.03912e-05
-0.00225269
0.000166896
-0.0090413
0.000248853
-0.00444458
0.000239182
0.00365167
0.000204355
0.00580129
0.000159385
0.00534235
2.42225e-05
5.44722e-05
7.4609e-05
-0.00850533
6.22335e-05
-0.00633539
-0.000120212
0.00268584
-0.00015941
0.00577351
-0.000127206
0.00553785
-0.000164356
0.00150726
-0.00739246
-0.000125623
0.0136698
-0.000380049
0.00561421
-0.000727938
-0.00696763
-0.0015418
-0.00819556
-0.00155949
-0.00357402
-0.00130865
-0.00080864
-0.00111971
0.000941124
-0.000896572
0.00197102
-0.000599822
0.00202527
-0.000214107
0.00105413
0.000191961
-0.00169748
0.000170144
-0.00567555
-7.85447e-05
-0.00555994
-6.32359e-05
-1.86347e-05
0.000381007
0.00414356
0.000923406
0.00481587
0.00106217
0.00370999
5.57394e-05
-0.00272294
-0.000965146
-0.00817346
-0.000924083
-0.00279399
-0.000613817
0.00415195
-0.000306354
0.00543952
9.23729e-05
0.00428928
0.000516194
0.000484944
0.000596451
-0.00605849
-5.87459e-05
-0.00696243
-0.00045645
-0.000242276
-6.60808e-05
0.00461778
0.000349416
0.00530847
0.000611699
0.00421994
0.000495894
-0.00213689
-0.000107195
-0.00843821
-0.000440367
-0.00411141
-0.000170516
0.00338182
0.000272011
0.00535877
0.000692803
0.00492156
0.000625106
0.00012217
-5.60238e-05
-0.0078242
-0.000619283
-0.00577213
-0.000530288
0.00259685
-9.76543e-05
0.00534088
0.000339044
0.00510115
0.00045281
0.0013935
-0.00693965
0.000822699
0.0128471
0.000725981
0.00571093
-0.000406106
-0.00583554
-0.00177486
-0.00682681
-0.00200781
-0.00334106
-0.00177579
-0.00104066
-0.00140468
0.000570017
-0.000928924
0.00149527
-0.000429508
0.00152586
9.17262e-05
0.000532899
0.000408307
-0.00201406
-2.27344e-05
-0.0052445
-0.000685524
-0.00489714
-0.000662224
-4.19373e-05
2.21136e-05
0.00345922
0.000848744
0.00398924
0.00133456
0.00322418
0.000395545
-0.00178392
-0.00120287
-0.00657504
-0.0014536
-0.00254326
-0.000708017
0.00340637
8.86791e-05
0.00464282
0.000665946
0.00371201
0.00104339
0.000107502
0.000526083
-0.00554118
-0.00065714
-0.00577921
-0.000972553
7.31376e-05
-0.000316013
0.00396125
0.000481785
0.00451067
0.00111419
0.00358754
0.000917153
-0.00193985
-0.000337759
-0.0071833
-0.0010233
-0.00342587
-0.000537918
0.00289644
0.000295589
0.00452526
0.00104695
0.0041702
0.00110499
6.41271e-05
-0.000166155
-0.00655305
-0.00118134
-0.00475695
-0.000843351
0.00225886
-4.11e-05
0.00453863
0.000716841
0.00434321
0.000961559
0.00114878
-0.00597809
0.00172565
0.0111214
0.00180725
0.00562933
-1.45325e-05
-0.00401377
-0.00169942
-0.00514192
-0.00211952
-0.00292097
-0.00194312
-0.00121705
-0.00146516
9.20605e-05
-0.000832503
0.000862601
-0.000202389
0.000895739
0.000344072
-1.3557e-05
0.000486631
-0.00215662
-0.000279519
-0.00447836
-0.00123426
-0.00394241
-0.00113207
-0.000144119
-0.000287785
0.00261493
0.000687943
0.00301351
0.00140861
0.0025035
0.000714333
-0.00108964
-0.00115611
-0.0047046
-0.00170402
-0.00199535
-0.000769466
0.00247181
0.000325161
0.0035482
0.00110859
0.00292858
0.00138328
-0.000167195
0.000335895
-0.0044938
-0.00111854
-0.00432477
-0.00124477
0.000199373
-0.000416547
0.00313302
0.000598919
0.0034952
0.00148233
0.00270413
0.00116722
-0.00162475
-0.00051484
-0.00550124
-0.00138993
-0.00255077
-0.000714773
0.00222127
0.000319128
0.00349136
0.00125204
0.00323728
0.00138708
-7.09155e-05
-0.000248111
-0.00491786
-0.00153783
-0.00346724
-0.000989045
0.00171008
3.35012e-06
0.00354624
0.000920482
0.00342607
0.0013209
0.000748359
-0.00465719
0.00234842
0.00877299
0.00279237
0.00518538
0.000661244
-0.00188264
-0.00114423
-0.00333644
-0.00175382
-0.00231138
-0.00170764
-0.00126324
-0.00125725
-0.000358323
-0.000613097
0.000218443
2.32924e-05
0.000259345
0.000494201
-0.000484463
0.000408562
-0.00207097
-0.000560335
-0.00350946
-0.00158694
-0.0029158
-0.00143703
-0.000294036
-0.000516573
0.00169448
0.000482354
0.00201458
0.0013004
0.00168546
0.00083689
-0.000626139
-0.000945527
-0.00292218
-0.00162537
-0.00131551
-0.000701427
0.00154787
0.000419444
0.00242733
0.00132647
0.00202156
0.00144663
-0.000287354
0.000108234
-0.00315541
-0.00135126
-0.00286528
-0.00133388
0.000181997
-0.000409484
0.00220862
0.000633003
0.00245272
0.00159337
0.00174377
0.00119407
-0.00122545
-0.000599106
-0.00370806
-0.00147065
-0.00167923
-0.000743241
0.00149387
0.000334619
0.0024135
0.00133803
0.00223388
0.00142981
-0.000162698
-0.000274152
-0.00321389
-0.0015661
-0.00217529
-0.000997033
0.00114101
5.91923e-05
0.00249001
0.0010757
0.00240957
0.00145777
0.000366291
-0.00319942
0.00245278
0.00632021
0.00332718
0.00431099
0.00155449
-0.000109959
-0.000146853
-0.00163509
-0.000938841
-0.00151938
-0.0010985
-0.00110358
-0.000814188
-0.00064264
-0.000297213
-0.00029853
0.000237598
-0.000275466
0.000549354
-0.000796222
0.000258066
-0.00177969
-0.000745665
-0.00250573
-0.00163936
-0.00202211
-0.00149544
-0.000437946
-0.00065078
0.000849811
0.000217136
0.00114667
0.000981746
0.000920846
0.000700406
-0.0003448
-0.000694756
-0.00152702
-0.00129885
-0.000711418
-0.000576925
0.000825941
0.000412893
0.00143751
0.00125637
0.00117809
0.00123077
-0.000261761
-6.0446e-05
-0.00186419
-0.00129394
-0.00163178
-0.00122469
0.000112748
-0.000356117
0.00134005
0.000598072
0.00149853
0.0014117
0.00093014
0.000999507
-0.00081326
-0.000579618
-0.00212894
-0.0012982
-0.000960647
-0.000668135
0.000863796
0.000271065
0.0014743
0.00120586
0.00129908
0.00120906
-0.000165895
-0.000252963
-0.00175187
-0.00130416
-0.0011241
-0.000844601
0.000681459
0.000112044
0.00153337
0.00106924
0.00145237
0.00132088
0.000114647
-0.00187854
0.00208223
0.00423798
0.00311225
0.00328096
0.00210845
0.000893843
0.000839121
-0.000365765
5.75155e-05
-0.000737774
-0.000269212
-0.000776847
-0.000214072
-0.000697782
0.000100392
-0.000612993
0.000444913
-0.000619986
0.000559758
-0.000911067
0.000161629
-0.00138156
-0.000697338
-0.00164677
-0.00138416
-0.00133528
-0.00130869
-0.00051342
-0.000684585
0.000225708
-1.4123e-05
0.000476203
0.000543138
0.000363583
0.000389075
-0.000190741
-0.000486162
-0.000651787
-0.000880689
-0.00031689
-0.000410066
0.000355321
0.000324094
0.000703355
0.000939444
0.000562735
0.000835617
-0.000157936
-0.000135056
-0.000893517
-0.00100258
-0.000764257
-0.000947651
5.78196e-05
-0.000282564
0.000674958
0.000459698
0.000756263
0.00100864
0.000381204
0.000655878
-0.000460504
-0.000470688
-0.00100238
-0.000972446
-0.000458889
-0.000527126
0.000418474
0.000181337
0.000765834
0.000863508
0.000616908
0.000803625
-0.000106015
-0.000201808
-0.000746439
-0.000892838
-0.00043307
-0.000589671
0.000378293
0.000133114
0.000810585
0.000862849
0.000722638
0.000973629
3.86917e-06
-0.000904905
0.00135771
0.00288028
0.00230505
0.00233361
0.00201439
0.00118452
0.00134947
0.000299158
0.000789923
-0.000178227
0.000474252
-0.000461176
0.000397204
-0.00062073
0.00048183
-0.000697614
0.000607035
-0.000745194
0.000547001
-0.000851036
0.000152457
-0.000987013
-0.000472434
-0.00102188
-0.000952902
-0.000854818
-0.000972776
-0.000493546
-0.000612307
-0.00013476
-0.000176661
4.05559e-05
0.000156488
3.04288e-05
8.93292e-05
-0.000123585
-0.000328048
-0.000234407
-0.000519475
-0.000125459
-0.00026607
0.000101915
0.000178935
0.000258347
0.000531004
0.000210664
0.000431148
-5.80781e-05
-0.000145268
-0.0003171
-0.000642817
-0.000266707
-0.000611124
2.61282e-05
-0.000200829
0.000264661
0.000272375
0.000283056
0.000554678
9.89012e-05
0.000305908
-0.000211734
-0.000328276
-0.000368197
-0.000623257
-0.000163906
-0.000374534
0.00016975
7.39221e-05
0.000317376
0.00045917
0.000231661
0.000387111
-3.3958e-05
-0.000148569
-0.000210758
-0.000507787
-7.385e-05
-0.000337255
0.000207763
0.000115506
0.000357824
0.000553623
0.000284519
0.000573012
-1.55192e-05
-0.00033189
0.000835422
0.00204485
0.00144566
0.00172337
0.00155495
0.00107523
0.00131886
0.000535244
0.00105664
8.39939e-05
0.000854497
-0.00025903
0.000741567
-0.0005078
0.000689989
-0.000646031
0.000638253
-0.000693457
0.000481692
-0.000694482
0.00017051
-0.000675833
-0.000218838
-0.000632525
-0.000522683
-0.000550971
-0.00059578
-0.000420451
-0.000453332
-0.000277211
-0.000229142
-0.000183635
-6.79245e-05
-0.000130789
-7.71735e-05
-0.000114335
-0.000213776
-9.78038e-05
-0.00027748
-6.17553e-05
-0.000169395
-6.17294e-06
4.09955e-05
4.7953e-05
0.000196009
5.56506e-05
0.000137925
1.02674e-08
-0.000127956
-5.1217e-05
-0.000351223
-4.34423e-05
-0.000337092
1.19957e-05
-0.000133566
6.11359e-05
9.96231e-05
4.98663e-05
0.000203809
-5.28452e-06
6.40069e-05
-7.19309e-05
-0.000215364
-8.88287e-05
-0.000354866
-2.44049e-05
-0.000245075
5.99582e-05
-1.96528e-05
9.19525e-05
0.000149139
6.28701e-05
0.000103969
1.12117e-05
-0.000109662
2.87544e-06
-0.000244027
6.05162e-05
-0.000153217
0.000116951
7.60426e-05
0.000128564
0.000278456
8.21075e-05
0.000262254
6.82018e-07
-6.96353e-05
0.000563166
0.00148169
0.000941509
0.00134503
0.00108918
0.000927557
0.00108562
0.000538805
0.000981959
0.000187661
0.000869438
-0.000146502
0.000751809
-0.000390173
0.000633515
-0.000527738
0.000504828
-0.000564769
0.000344243
-0.000533898
0.000146245
-0.000477837
-6.01939e-05
-0.000426085
-0.000223778
-0.000387385
-0.000294564
-0.000349666
-0.000268013
-0.000303764
-0.000199771
-0.000251875
-0.000139929
-0.000190628
-0.000125454
-0.00012881
-0.000141244
-8.20181e-05
-0.000145433
-5.75693e-05
-0.000109041
-4.25662e-05
-4.03303e-05
-2.07565e-05
8.76924e-06
6.55219e-06
-1.58921e-05
2.46724e-05
-9.75189e-05
3.04099e-05
-0.000163747
2.27847e-05
-0.000160751
8.99913e-06
-8.86241e-05
-1.0989e-05
-1.30821e-05
-2.56756e-05
6.46927e-06
-2.4838e-05
-5.24764e-05
-1.29851e-05
-0.000145356
4.05075e-06
-0.000186743
1.69815e-05
-0.000146134
1.93493e-05
-6.61011e-05
1.19205e-05
-1.41196e-05
1.08903e-05
-2.81973e-05
2.52887e-05
-7.8312e-05
5.2989e-05
-9.13104e-05
7.35163e-05
-4.32406e-05
6.88819e-05
4.22098e-05
4.31125e-05
0.000103331
2.09899e-05
8.83556e-05
1.56598e-05
1.87189e-05
0.000421405
0.00106028
0.000723121
0.00104332
0.000864913
0.000785768
0.000899958
0.00050376
0.000867184
0.000220436
0.000753459
-3.27719e-05
0.000618128
-0.00025484
0.000468995
-0.000378608
0.000324182
-0.000419959
0.000194508
-0.000404222
8.18552e-05
-0.000365182
-1.33158e-05
-0.000330914
-8.76121e-05
-0.000313089
-0.000134498
-0.000302777
-0.000151363
-0.000286895
-0.000149947
-0.000253289
-0.000138337
-0.00020224
-0.000121778
-0.000145373
-0.000104998
-9.88005e-05
-9.1826e-05
-7.07431e-05
-8.0565e-05
-5.38277e-05
-6.76002e-05
-3.37197e-05
-5.70375e-05
-4.00981e-06
-5.55631e-05
2.3197e-05
-6.27565e-05
3.76031e-05
-6.91669e-05
2.91954e-05
-6.55641e-05
5.39659e-06
-5.74464e-05
-1.91055e-05
-5.49782e-05
-2.81436e-05
-6.20622e-05
-1.7756e-05
-7.82116e-05
3.16466e-06
-9.26713e-05
1.85131e-05
-9.45666e-05
1.88782e-05
-8.27806e-05
7.56205e-06
-6.85834e-05
-2.27811e-06
-5.94723e-05
1.78126e-06
-5.50483e-05
2.08669e-05
-4.60397e-05
4.39793e-05
-2.61185e-05
5.35948e-05
-2.94128e-07
4.30613e-05
1.92133e-05
2.36051e-05
2.44093e-05
1.57935e-05
1.55406e-05
2.45326e-05
3.42605e-05
0.000317522
0.000742752
0.000587537
0.0007733
0.000742703
0.000630606
0.000798945
0.00044752
0.000772894
0.000246485
0.000686276
5.38449e-05
0.00054029
-0.000108852
0.00038397
-0.000222287
0.000241941
-0.000277929
0.000129516
-0.000291796
4.95355e-05
-0.0002852
-5.14821e-06
-0.00027623
-4.71205e-05
-0.000271114
-8.1292e-05
-0.0002686
-0.000109442
-0.00025874
-0.000127581
-0.000235152
-0.000131548
-0.000198279
-0.000121169
-0.000155754
-0.000103071
-0.000116898
-8.72141e-05
-8.65993e-05
-7.85375e-05
-6.25056e-05
-7.36126e-05
-3.86446e-05
-6.50169e-05
-1.26056e-05
-5.084e-05
9.01908e-06
-3.4398e-05
2.11615e-05
-2.26047e-05
1.74035e-05
-1.98554e-05
2.64668e-06
-2.81352e-05
-1.08268e-05
-4.13104e-05
-1.49675e-05
-5.2059e-05
-7.0057e-06
-5.42761e-05
5.3835e-06
-4.91098e-05
1.33481e-05
-4.22862e-05
1.20552e-05
-3.9463e-05
4.73773e-06
-4.13699e-05
-3.73579e-07
-4.30667e-05
3.47878e-06
-3.7191e-05
1.49961e-05
-2.13946e-05
2.81869e-05
-2.26618e-06
3.44639e-05
1.01715e-05
3.06225e-05
1.01489e-05
2.36296e-05
3.33378e-06
2.26076e-05
-1.6589e-06
2.95262e-05
3.26043e-05
0.000231322
0.000511432
0.000454559
0.000550061
0.000611232
0.00047393
0.000691648
0.000367106
0.00069724
0.000240893
0.000639685
0.0001114
0.000534294
-3.45884e-06
0.000405107
-9.30969e-05
0.000280317
-0.000153137
0.000176017
-0.000187497
9.67123e-05
-0.000205895
3.74423e-05
-0.000216957
-8.95882e-06
-0.000224707
-4.95499e-05
-0.000228004
-8.48758e-05
-0.000223416
-0.000111313
-0.00020872
-0.000124836
-0.000184757
-0.000124953
-0.000155636
-0.000115932
-0.000125919
-0.000104129
-9.8404e-05
-9.33733e-05
-7.32621e-05
-8.24838e-05
-4.95327e-05
-6.75112e-05
-2.75779e-05
-4.82995e-05
-1.01944e-05
-2.6777e-05
-3.62058e-07
-1.05297e-05
1.15661e-06
-5.5031e-06
-2.37995e-06
-1.03258e-05
-6.00377e-06
-1.92601e-05
-6.03113e-06
-2.44984e-05
-1.76437e-06
-2.28912e-05
3.77792e-06
-1.69007e-05
7.35612e-06
-1.18481e-05
7.00043e-06
-1.15674e-05
4.45641e-06
-1.57593e-05
3.81932e-06
-1.86503e-05
6.37134e-06
-1.61044e-05
1.24507e-05
-7.45362e-06
1.95404e-05
2.78219e-06
2.42287e-05
7.72649e-06
2.56727e-05
5.3983e-06
2.59573e-05
8.83872e-08
2.79204e-05
-1.99988e-06
3.16157e-05
3.06048e-05
0.000164985
0.000346448
0.000335389
0.000379654
0.0004706
0.000338717
0.000558513
0.000279193
0.000593301
0.000206106
0.000577445
0.000127257
0.00052257
5.14184e-05
0.000440835
-1.1362e-05
0.000352599
-6.49017e-05
0.000268218
-0.000103116
0.000193596
-0.000131271
0.000128862
-0.00015222
7.15107e-05
-0.000167352
1.97487e-05
-0.000176242
-2.58089e-05
-0.000177862
-6.27706e-05
-0.000171761
-8.86123e-05
-0.000158914
-0.000103047
-0.000141201
-0.00010786
-0.000121109
-0.00010593
-0.000100334
-9.93349e-05
-7.98554e-05
-8.85301e-05
-6.03379e-05
-7.33397e-05
-4.27715e-05
-5.49951e-05
-2.8541e-05
-3.66463e-05
-1.87113e-05
-2.23255e-05
-1.31652e-05
-1.43153e-05
-1.03899e-05
-1.19303e-05
-8.38607e-06
-1.23184e-05
-5.64094e-06
-1.20473e-05
-2.03549e-06
-9.73818e-06
1.46807e-06
-6.13562e-06
3.75181e-06
-3.76519e-06
4.62817e-06
-4.33804e-06
5.02731e-06
-6.60875e-06
6.09037e-06
-8.79641e-06
8.56282e-06
-8.69751e-06
1.23489e-05
-5.83375e-06
1.66737e-05
-2.18663e-06
2.05851e-05
-1.98754e-07
2.36855e-05
-5.7519e-07
2.63323e-05
-1.66806e-06
2.9015e-05
-1.61453e-06
3.15645e-05
2.89897e-05
0.00011646
0.000229987
0.000240982
0.000255129
0.000346609
0.00023309
0.000425249
0.000200555
0.000471623
0.000159732
0.000484715
0.000114163
0.000468388
6.77456e-05
0.000433027
2.40005e-05
0.000381955
-1.38284e-05
0.000326152
-4.7311e-05
0.000269026
-7.41416e-05
0.000212605
-9.57961e-05
0.000157626
-0.000112372
0.000104991
-0.000123609
5.63219e-05
-0.000129193
1.37316e-05
-0.000129167
-2.1025e-05
-0.000124155
-4.69169e-05
-0.000115311
-6.43293e-05
-0.000103699
-7.41447e-05
-9.05164e-05
-7.73543e-05
-7.66422e-05
-7.48187e-05
-6.28767e-05
-6.75701e-05
-5.00253e-05
-5.72658e-05
-3.88454e-05
-4.61851e-05
-2.97902e-05
-3.65402e-05
-2.2811e-05
-2.95479e-05
-1.73817e-05
-2.51216e-05
-1.28092e-05
-2.21519e-05
-8.60935e-06
-1.94644e-05
-4.72394e-06
-1.66277e-05
-1.37107e-06
-1.41331e-05
1.25456e-06
-1.28166e-05
3.31281e-06
-1.2875e-05
5.08505e-06
-1.38758e-05
7.08643e-06
-1.48544e-05
9.54345e-06
-1.49506e-05
1.24466e-05
-1.38687e-05
1.55866e-05
-1.2015e-05
1.87307e-05
-1.00336e-05
2.17082e-05
-8.14068e-06
2.44415e-05
-5.98123e-06
2.68553e-05
-3.15919e-06
2.87419e-05
2.58296e-05
8.14431e-05
0.000148543
0.000170394
0.000166174
0.000249095
0.000154387
0.000312829
0.00013682
0.000358173
0.000114384
0.000383727
8.86053e-05
0.000390276
6.11936e-05
0.000380505
3.37723e-05
0.00035893
7.74729e-06
0.000327816
-1.6196e-05
0.000290809
-3.71352e-05
0.000249901
-5.48889e-05
0.00020671
-6.9182e-05
0.000162869
-7.97682e-05
0.000120187
-8.65106e-05
8.05095e-05
-8.94889e-05
4.54e-05
-8.90464e-05
1.5799e-05
-8.5712e-05
-7.7422e-06
-8.01587e-05
-2.52771e-05
-7.29805e-05
-3.71281e-05
-6.47927e-05
-4.38656e-05
-5.61442e-05
-4.63138e-05
-4.75798e-05
-4.56521e-05
-3.95058e-05
-4.32248e-05
-3.22179e-05
-4.02334e-05
-2.5804e-05
-3.74302e-05
-2.01833e-05
-3.50386e-05
-1.51995e-05
-3.29121e-05
-1.07376e-05
-3.08674e-05
-6.76827e-06
-2.8929e-05
-3.30989e-06
-2.73358e-05
-3.4409e-07
-2.62627e-05
2.2392e-06
-2.57577e-05
4.58307e-06
-2.55466e-05
6.87065e-06
-2.5208e-05
9.20141e-06
-2.4356e-05
1.15976e-05
-2.27909e-05
1.40218e-05
-2.04748e-05
1.64116e-05
-1.74581e-05
1.86907e-05
-1.37847e-05
2.07688e-05
-9.46933e-06
2.254e-05
-4.58349e-06
2.38555e-05
2.12463e-05
5.70186e-05
9.15233e-05
0.000120248
0.000102941
0.000177966
9.66696e-05
0.000227489
8.72953e-05
0.000266682
7.51885e-05
0.00029431
6.0978e-05
0.000310108
4.53968e-05
0.000314683
2.92e-05
0.000309353
1.30801e-05
0.000294732
-1.57183e-06
0.00027403
-1.64327e-05
0.000247965
-2.88225e-05
0.000218057
-3.92736e-05
0.000185835
-4.75443e-05
0.000152839
-5.3512e-05
0.000120532
-5.71809e-05
9.01682e-05
-5.86842e-05
6.27151e-05
-5.82589e-05
3.87658e-05
-5.62076e-05
1.86547e-05
-5.28697e-05
2.4344e-06
-4.85758e-05
-1.00449e-05
-4.36669e-05
-1.92052e-05
-3.84169e-05
-2.55939e-05
-3.31151e-05
-2.98713e-05
-2.79424e-05
-3.26301e-05
-2.30452e-05
-3.4338e-05
-1.84703e-05
-3.52925e-05
-1.42438e-05
-3.56598e-05
-1.03739e-05
-3.55586e-05
-6.86763e-06
-3.51403e-05
-3.72443e-06
-3.45651e-05
-9.23533e-07
-3.39062e-05
1.57687e-06
-3.31943e-05
3.87488e-06
-3.22924e-05
5.96904e-06
-3.10559e-05
7.96129e-06
-2.932e-05
9.86189e-06
-2.69666e-05
1.16708e-05
-2.39269e-05
1.3372e-05
-2.01723e-05
1.49346e-05
-1.57175e-05
1.63131e-05
-1.0629e-05
1.74514e-05
-5.04622e-06
1.82731e-05
1.62012e-05
3.68316e-05
5.46889e-05
7.81221e-05
6.16459e-05
0.000116606
5.81831e-05
0.000150871
5.30238e-05
0.000179718
4.63381e-05
0.000202286
3.84092e-05
0.000218108
2.95758e-05
0.000227094
2.02125e-05
0.000229487
1.06862e-05
0.000226567
1.34698e-06
0.000217637
-7.50335e-06
0.000204266
-1.5453e-05
0.000187369
-2.23778e-05
0.000167911
-2.80877e-05
0.000146876
-3.24789e-05
0.000125213
-3.55199e-05
0.000103773
-3.72467e-05
8.32663e-05
-3.77537e-05
6.4237e-05
-3.71787e-05
4.70524e-05
-3.56879e-05
3.1933e-05
-3.34603e-05
1.89436e-05
-3.06779e-05
8.05202e-06
-2.75221e-05
-9.15477e-07
-2.41468e-05
-8.15993e-06
-2.07008e-05
-1.39434e-05
-1.72613e-05
-1.84697e-05
-1.3939e-05
-2.19325e-05
-1.07798e-05
-2.44897e-05
-7.8202e-06
-2.62748e-05
-5.08157e-06
-2.74179e-05
-2.57708e-06
-2.80484e-05
-2.94397e-07
-2.82377e-05
1.76241e-06
-2.79866e-05
3.62474e-06
-2.7295e-05
5.27931e-06
-2.61483e-05
6.81322e-06
-2.45089e-05
8.22104e-06
-2.23453e-05
9.5078e-06
-1.96434e-05
1.06712e-05
-1.64093e-05
1.1701e-05
-1.26757e-05
1.25794e-05
-8.50712e-06
1.3283e-05
-4.01135e-06
1.37779e-05
1.21902e-05
2.31042e-05
3.15841e-05
4.92074e-05
3.55443e-05
7.38553e-05
3.35375e-05
9.63077e-05
3.05706e-05
0.000115918
2.6729e-05
0.00013218
2.21523e-05
0.000144745
1.70141e-05
0.000153444
1.15153e-05
0.000158263
5.86788e-06
0.000159379
2.318e-07
0.000156979
-5.10282e-06
0.00015152
-9.99239e-06
0.000143457
-1.43154e-05
0.000133311
-1.79415e-05
0.000121624
-2.07933e-05
0.000108937
-2.28346e-05
9.57586e-05
-2.4069e-05
8.25402e-05
-2.45345e-05
6.96601e-05
-2.42978e-05
5.74177e-05
-2.34464e-05
4.60365e-05
-2.20804e-05
3.56671e-05
-2.03068e-05
2.63817e-05
-1.82327e-05
1.8196e-05
-1.59593e-05
1.10733e-05
-1.35792e-05
4.98959e-06
-1.11763e-05
-1.41732e-07
-8.80302e-06
-4.40644e-06
-6.5128e-06
-7.88202e-06
-4.346e-06
-1.06348e-05
-2.32801e-06
-1.27413e-05
-4.66837e-07
-1.4263e-05
1.22813e-06
-1.52868e-05
2.78424e-06
-1.57889e-05
4.12634e-06
-1.5862e-05
5.35344e-06
-1.55036e-05
6.45463e-06
-1.47241e-05
7.44031e-06
-1.35346e-05
8.31766e-06
-1.19528e-05
9.08982e-06
-1.00066e-05
9.75557e-06
-7.73624e-06
1.03098e-05
-5.19661e-06
1.07439e-05
-2.46169e-06
1.10432e-05
9.72743e-06
1.58305e-05
1.57518e-05
3.3795e-05
1.75792e-05
5.09001e-05
1.64315e-05
6.67052e-05
1.47623e-05
8.0823e-05
1.26106e-05
9.29328e-05
1.00441e-05
0.00010279
7.15748e-06
0.000110241
4.06325e-06
0.00011524
8.66441e-07
0.000117758
-2.28755e-06
0.000117972
-5.31909e-06
0.000116081
-8.10208e-06
0.000112295
-1.05311e-05
0.000106892
-1.25413e-05
0.000100181
-1.4085e-05
9.24813e-05
-1.5137e-05
8.41062e-05
-1.56949e-05
7.53493e-05
-1.5777e-05
6.64716e-05
-1.54195e-05
5.7698e-05
-1.46735e-05
4.92164e-05
-1.35999e-05
4.11753e-05
-1.22645e-05
3.36799e-05
-1.07345e-05
2.6797e-05
-9.07541e-06
2.05679e-05
-7.35122e-06
1.50115e-05
-5.61941e-06
1.01262e-05
-3.91452e-06
5.9008e-06
-2.2854e-06
2.30323e-06
-7.49045e-07
-7.04279e-07
6.7972e-07
-3.14865e-06
1.97987e-06
-5.07867e-06
3.15941e-06
-6.52115e-06
4.22575e-06
-7.54926e-06
5.15351e-06
-8.16332e-06
5.96753e-06
-8.38784e-06
6.67903e-06
-8.24744e-06
7.29904e-06
-7.76779e-06
7.83694e-06
-6.978e-06
8.29926e-06
-5.91234e-06
8.68941e-06
-4.61104e-06
9.00795e-06
-3.12071e-06
9.25284e-06
-1.4979e-06
9.41932e-06
8.22829e-06
1.1054e-05
4.69934e-06
2.35714e-05
5.06476e-06
3.5547e-05
4.45712e-06
4.67007e-05
3.60813e-06
5.67911e-05
2.5219e-06
6.56036e-05
1.23364e-06
7.29704e-05
-2.08827e-07
7.87107e-05
-1.67685e-06
8.28616e-05
-3.28477e-06
8.53197e-05
-4.74674e-06
8.62742e-05
-6.27437e-06
8.57093e-05
-7.53714e-06
8.37486e-05
-8.5702e-06
8.05525e-05
-9.34566e-06
7.6309e-05
-9.84254e-06
7.12218e-05
-1.00506e-05
6.54987e-05
-9.97157e-06
5.93404e-05
-9.61709e-06
5.29317e-05
-9.00944e-06
4.64413e-05
-8.183e-06
4.00212e-05
-7.18027e-06
3.37991e-05
-6.04153e-06
2.78779e-05
-4.8112e-06
2.23361e-05
-3.53281e-06
1.7224e-05
-2.23991e-06
1.25779e-05
-9.73045e-07
8.44115e-06
2.24563e-07
4.84705e-06
1.31075e-06
1.77679e-06
2.32144e-06
-7.84877e-07
3.24166e-06
-2.95966e-06
4.15631e-06
-4.69067e-06
4.89189e-06
-5.9849e-06
5.52003e-06
-6.87328e-06
6.04136e-06
-7.37955e-06
6.47362e-06
-7.52979e-06
6.82917e-06
-7.35207e-06
7.12076e-06
-6.87628e-06
7.36003e-06
-6.13481e-06
7.55635e-06
-5.16347e-06
7.71647e-06
-4.00153e-06
7.84428e-06
-2.69116e-06
7.94064e-06
-1.27974e-06
8.00612e-06
6.94788e-06
7.19233e-06
-2.49269e-06
1.52548e-05
-2.99734e-06
2.29941e-05
-3.28285e-06
3.01573e-05
-3.55619e-06
3.66217e-05
-3.94187e-06
4.22343e-05
-4.37938e-06
4.69772e-05
-4.95258e-06
5.07537e-05
-5.45321e-06
5.3355e-05
-5.88649e-06
5.48565e-05
-6.24953e-06
5.51204e-05
-6.5391e-06
5.4293e-05
-6.70946e-06
5.24667e-05
-6.7431e-06
4.97514e-05
-6.62999e-06
4.62755e-05
-6.36709e-06
4.21798e-05
-5.95572e-06
3.76116e-05
-5.40357e-06
3.27239e-05
-4.72862e-06
2.76606e-05
-3.94546e-06
2.25537e-05
-3.07648e-06
1.75399e-05
-2.16744e-06
1.27101e-05
-1.21172e-06
8.14905e-06
-2.49107e-07
3.95367e-06
6.63e-07
1.54885e-07
1.55818e-06
-3.24251e-06
2.42425e-06
-6.2027e-06
3.18628e-06
-8.74362e-06
3.85335e-06
-1.08452e-05
4.4234e-06
-1.25068e-05
4.90336e-06
-1.36527e-05
5.30301e-06
-1.4367e-05
5.60708e-06
-1.46683e-05
5.82145e-06
-1.45953e-05
5.96792e-06
-1.41745e-05
6.05241e-06
-1.34318e-05
6.08633e-06
-1.23962e-05
6.08486e-06
-1.10974e-05
6.06056e-06
-9.56676e-06
6.02467e-06
-7.83821e-06
5.98654e-06
-5.94808e-06
5.95255e-06
-3.93458e-06
5.92545e-06
-1.83829e-06
5.90826e-06
5.10918e-06
3.70456e-06
-6.19659e-06
7.87517e-06
-7.16711e-06
1.1814e-05
-7.22164e-06
1.5448e-05
-7.18981e-06
1.86156e-05
-7.10879e-06
2.12151e-05
-6.97986e-06
2.30681e-05
-6.80575e-06
2.41664e-05
-6.55039e-06
2.4476e-05
-6.19574e-06
2.39897e-05
-5.76366e-06
2.27058e-05
-5.25514e-06
2.06846e-05
-4.68753e-06
1.80133e-05
-4.07074e-06
1.47875e-05
-3.4035e-06
1.11021e-05
-2.68194e-06
7.06225e-06
-1.91689e-06
2.7692e-06
-1.11131e-06
-1.64609e-06
-3.13372e-07
-6.03951e-06
4.48126e-07
-1.03706e-05
1.25408e-06
-1.44067e-05
1.86776e-06
-1.81568e-05
2.53819e-06
-2.15596e-05
3.15441e-06
-2.45831e-05
3.68705e-06
-2.71578e-05
4.13248e-06
-2.92248e-05
4.49113e-06
-3.07902e-05
4.75261e-06
-3.18541e-05
4.9185e-06
-3.24216e-05
4.99126e-06
-3.25005e-05
4.98214e-06
-3.20957e-05
4.89828e-06
-3.12343e-05
4.74614e-06
-2.99542e-05
4.54144e-06
-2.8299e-05
4.31249e-06
-2.6313e-05
4.0661e-06
-2.40468e-05
3.81998e-06
-2.15335e-05
3.5716e-06
-1.88034e-05
3.33028e-06
-1.58868e-05
3.10766e-06
-1.28132e-05
2.91225e-06
-9.61201e-06
2.7504e-06
-6.31324e-06
2.62553e-06
-2.94828e-06
2.54208e-06
2.16039e-06
5.9105e-07
-6.78716e-06
1.20691e-06
-7.78189e-06
1.7058e-06
-7.7198e-06
1.98652e-06
-7.46912e-06
1.9337e-06
-7.05544e-06
1.4438e-06
-6.49103e-06
4.34232e-07
-5.7957e-06
-1.1021e-06
-5.01276e-06
-3.13453e-06
-4.16294e-06
-5.66216e-06
-3.23624e-06
-8.69252e-06
-2.22504e-06
-1.2147e-05
-1.23315e-06
-1.5928e-05
-2.89673e-07
-1.99319e-05
6.0044e-07
-2.41025e-05
1.48797e-06
-2.83536e-05
2.33266e-06
-3.25807e-05
3.11447e-06
-3.67263e-05
3.83161e-06
-4.07144e-05
4.43621e-06
-4.43426e-05
4.88193e-06
-4.77174e-05
5.24204e-06
-5.06787e-05
5.4994e-06
-5.31669e-05
5.64335e-06
-5.51447e-05
5.66543e-06
-5.65762e-05
5.56399e-06
-5.74332e-05
5.34814e-06
-5.77048e-05
5.02504e-06
-5.73905e-05
4.60538e-06
-5.65e-05
4.10145e-06
-5.50423e-05
3.52481e-06
-5.30566e-05
2.91295e-06
-5.05605e-05
2.25069e-06
-4.75705e-05
1.55204e-06
-4.41768e-05
9.19172e-07
-4.0423e-05
3.12582e-07
-3.64162e-05
-1.86722e-07
-3.21831e-05
-6.61441e-07
-2.77727e-05
-1.08027e-06
-2.32285e-05
-1.43686e-06
-1.85839e-05
-1.73295e-06
-1.38642e-05
-1.97007e-06
-9.08881e-06
-2.15086e-06
-4.27441e-06
-2.27338e-06
-2.11444e-06
-2.10027e-06
-4.68591e-06
-4.51193e-06
-5.36854e-06
-6.97353e-06
-5.25644e-06
-9.58873e-06
-4.85176e-06
-1.24413e-05
-4.20254e-06
-1.5592e-05
-3.34088e-06
-1.90905e-05
-2.29658e-06
-2.28726e-05
-1.22995e-06
-2.68854e-05
-1.50237e-07
-3.10644e-05
9.41927e-07
-3.53467e-05
2.05612e-06
-3.97099e-05
3.12872e-06
-4.41228e-05
4.12235e-06
-4.85449e-05
5.02207e-06
-5.28838e-05
5.82596e-06
-5.70727e-05
6.52007e-06
-6.10499e-05
7.09034e-06
-6.47555e-05
7.53647e-06
-6.81361e-05
7.81691e-06
-7.11891e-05
7.93477e-06
-7.38457e-05
7.89843e-06
-7.6051e-05
7.70459e-06
-7.77589e-05
7.3518e-06
-7.89353e-05
6.84243e-06
-7.95535e-05
6.18239e-06
-7.95887e-05
5.38344e-06
-7.90225e-05
4.45962e-06
-7.78438e-05
3.42789e-06
-7.6053e-05
2.31175e-06
-7.36162e-05
1.08892e-06
-7.05975e-05
-1.04726e-07
-6.70214e-05
-1.32418e-06
-6.29403e-05
-2.52771e-06
-5.83596e-05
-3.66051e-06
-5.33482e-05
-4.69795e-06
-4.79274e-05
-5.60706e-06
-4.22038e-05
-6.38484e-06
-3.6263e-05
-7.02135e-06
-3.01846e-05
-7.51583e-06
-2.40366e-05
-7.88165e-06
-1.78664e-05
-8.14111e-06
-1.16951e-05
-8.32282e-06
-5.52046e-06
-8.44876e-06
-7.63501e-06
-4.29392e-06
-3.90779e-07
-9.11215e-06
-5.48143e-07
-1.39738e-05
-3.92408e-07
-1.8947e-05
1.23789e-07
-2.40499e-05
9.00542e-07
-2.92438e-05
1.85259e-06
-3.44285e-05
2.88842e-06
-3.95802e-05
3.92149e-06
-4.46483e-05
4.91693e-06
-4.95764e-05
5.86853e-06
-5.42973e-05
6.77515e-06
-5.87907e-05
7.62017e-06
-6.3052e-05
8.38261e-06
-6.70762e-05
9.04556e-06
-7.08438e-05
9.59291e-06
-7.43376e-05
1.00124e-05
-7.75393e-05
1.02908e-05
-8.04215e-05
1.04177e-05
-8.29843e-05
1.03796e-05
-8.52144e-05
1.01645e-05
-8.70834e-05
9.76693e-06
-8.85643e-05
9.18498e-06
-8.96307e-05
8.41821e-06
-9.02582e-05
7.47009e-06
-9.04232e-05
6.3475e-06
-9.01016e-05
5.06181e-06
-8.92696e-05
3.62812e-06
-8.7906e-05
2.06504e-06
-8.59814e-05
3.88147e-07
-8.35114e-05
-1.38047e-06
-8.04326e-05
-3.18267e-06
-7.67557e-05
-5.00026e-06
-7.24852e-05
-6.79704e-06
-6.76154e-05
-8.52935e-06
-6.21607e-05
-1.01517e-05
-5.6149e-05
-1.16182e-05
-4.96498e-05
-1.28837e-05
-4.27598e-05
-1.39113e-05
-3.55978e-05
-1.46781e-05
-2.82925e-05
-1.51872e-05
-2.09637e-05
-1.54703e-05
-1.36872e-05
-1.55995e-05
-6.47694e-06
-1.56592e-05
-1.41119e-05
-6.0527e-06
5.66319e-06
-1.27449e-05
6.14622e-06
-1.94506e-05
6.31563e-06
-2.61574e-05
6.83249e-06
-3.2767e-05
7.50989e-06
-3.91118e-05
8.19724e-06
-4.50548e-05
8.83127e-06
-5.05295e-05
9.3954e-06
-5.55139e-05
9.9002e-06
-6.00151e-05
1.03682e-05
-6.40544e-05
1.08127e-05
-6.7669e-05
1.1233e-05
-7.09004e-05
1.1613e-05
-7.37888e-05
1.19331e-05
-7.63665e-05
1.21699e-05
-7.86608e-05
1.2305e-05
-8.06885e-05
1.23173e-05
-8.2461e-05
1.21887e-05
-8.39884e-05
1.19065e-05
-8.5278e-05
1.14534e-05
-8.63234e-05
1.08119e-05
-8.71182e-05
9.97897e-06
-8.76506e-05
8.95059e-06
-8.79073e-05
7.72718e-06
-8.78718e-05
6.31263e-06
-8.75241e-05
4.715e-06
-8.68406e-05
2.94588e-06
-8.58055e-05
1.03135e-06
-8.43656e-05
-1.04988e-06
-8.25035e-05
-3.24121e-06
-8.01625e-05
-5.5221e-06
-7.72978e-05
-7.86386e-06
-7.38594e-05
-1.02342e-05
-6.97953e-05
-1.25925e-05
-6.50557e-05
-1.48902e-05
-5.9606e-05
-1.7067e-05
-5.3439e-05
-1.90501e-05
-4.65905e-05
-2.07592e-05
-3.91551e-05
-2.21131e-05
-3.12877e-05
-2.30541e-05
-2.32048e-05
-2.3553e-05
-1.51071e-05
-2.36969e-05
-7.15125e-06
-2.36152e-05
-2.1263e-05
-7.52888e-06
1.31932e-05
-1.57896e-05
1.44088e-05
-2.39413e-05
1.4469e-05
-3.1661e-05
1.45534e-05
-3.87598e-05
1.46085e-05
-4.50473e-05
1.44849e-05
-5.04619e-05
1.4246e-05
-5.50223e-05
1.3955e-05
-5.88038e-05
1.3681e-05
-6.19099e-05
1.34732e-05
-6.44485e-05
1.33502e-05
-6.65198e-05
1.33027e-05
-6.82075e-05
1.32997e-05
-6.95836e-05
1.33079e-05
-7.07043e-05
1.32898e-05
-7.16187e-05
1.32172e-05
-7.236e-05
1.30571e-05
-7.29573e-05
1.27838e-05
-7.34289e-05
1.23777e-05
-7.37915e-05
1.18149e-05
-7.40533e-05
1.10733e-05
-7.42204e-05
1.01453e-05
-7.42928e-05
9.02285e-06
-7.42678e-05
7.70271e-06
-7.41391e-05
6.18478e-06
-7.38959e-05
4.47297e-06
-7.35212e-05
2.57275e-06
-7.30028e-05
5.14621e-07
-7.22935e-05
-1.75687e-06
-7.1367e-05
-4.1657e-06
-7.01681e-05
-6.71849e-06
-6.86343e-05
-9.39585e-06
-6.66863e-05
-1.218e-05
-6.42322e-05
-1.5045e-05
-6.11633e-05
-1.79573e-05
-5.73622e-05
-2.08668e-05
-5.27123e-05
-2.36989e-05
-4.7119e-05
-2.63514e-05
-4.05473e-05
-2.86841e-05
-3.30476e-05
-3.05529e-05
-2.48466e-05
-3.17538e-05
-1.62309e-05
-3.23121e-05
-7.69576e-06
-3.21507e-05
-2.89588e-05
-9.00955e-06
2.22033e-05
-1.85147e-05
2.39152e-05
-2.74699e-05
2.34253e-05
-3.51259e-05
2.22102e-05
-4.14514e-05
2.09345e-05
-4.64096e-05
1.9444e-05
-5.01572e-05
1.79941e-05
-5.28772e-05
1.66745e-05
-5.4766e-05
1.55697e-05
-5.60053e-05
1.47119e-05
-5.67502e-05
1.40945e-05
-5.7127e-05
1.36778e-05
-5.72293e-05
1.3401e-05
-5.71332e-05
1.32096e-05
-5.68927e-05
1.30484e-05
-5.65572e-05
1.2879e-05
-5.61584e-05
1.26572e-05
-5.57282e-05
1.23513e-05
-5.5286e-05
1.19353e-05
-5.48517e-05
1.13797e-05
-5.44399e-05
1.06617e-05
-5.40649e-05
9.76992e-06
-5.37351e-05
8.69352e-06
-5.34582e-05
7.42671e-06
-5.32385e-05
5.96639e-06
-5.30774e-05
4.31326e-06
-5.29714e-05
2.46846e-06
-5.29049e-05
4.49583e-07
-5.28727e-05
-1.78671e-06
-5.28443e-05
-4.19243e-06
-5.27794e-05
-6.78073e-06
-5.2626e-05
-9.54746e-06
-5.2308e-05
-1.24955e-05
-5.17283e-05
-1.5623e-05
-5.07564e-05
-1.89274e-05
-4.9227e-05
-2.23947e-05
-4.69392e-05
-2.59857e-05
-4.36584e-05
-2.9631e-05
-3.91586e-05
-3.31837e-05
-3.32327e-05
-3.6478e-05
-2.59247e-05
-3.90623e-05
-1.73305e-05
-4.09062e-05
-8.39751e-06
-4.10846e-05
-3.73565e-05
-1.07758e-05
3.29793e-05
-2.08781e-05
3.40185e-05
-2.95606e-05
3.21085e-05
-3.57808e-05
2.84313e-05
-4.00843e-05
2.52391e-05
-4.27434e-05
2.21043e-05
-4.41848e-05
1.94363e-05
-4.47225e-05
1.72119e-05
-4.46171e-05
1.54647e-05
-4.40654e-05
1.41596e-05
-4.32131e-05
1.3242e-05
-4.21675e-05
1.26302e-05
-4.09984e-05
1.2231e-05
-3.97618e-05
1.19704e-05
-3.8492e-05
1.17782e-05
-3.72258e-05
1.16098e-05
-3.59836e-05
1.14145e-05
-3.47926e-05
1.11579e-05
-3.36678e-05
1.0811e-05
-3.26306e-05
1.0342e-05
-3.1697e-05
9.72907e-06
-3.08864e-05
8.95951e-06
-3.02138e-05
8.02178e-06
-2.96952e-05
6.90933e-06
-2.93447e-05
5.61753e-06
-2.91754e-05
4.14549e-06
-2.91962e-05
2.49131e-06
-2.94052e-05
6.59789e-07
-2.9819e-05
-1.37062e-06
-3.04252e-05
-3.58516e-06
-3.12056e-05
-5.99787e-06
-3.2135e-05
-8.61695e-06
-3.31643e-05
-1.14642e-05
-3.42244e-05
-1.45619e-05
-3.52084e-05
-1.7942e-05
-3.5962e-05
-2.164e-05
-3.62703e-05
-2.5677e-05
-3.58295e-05
-3.00711e-05
-3.42713e-05
-3.47424e-05
-3.10861e-05
-3.96629e-05
-2.59732e-05
-4.41764e-05
-1.83891e-05
-4.84905e-05
-9.57348e-06
-4.99017e-05
-4.69302e-05
-1.29115e-05
4.58907e-05
-2.23724e-05
4.34806e-05
-2.92923e-05
3.90289e-05
-3.27712e-05
3.19113e-05
-3.42261e-05
2.66954e-05
-3.42283e-05
2.21075e-05
-3.33651e-05
1.85739e-05
-3.19643e-05
1.58109e-05
-3.02537e-05
1.37549e-05
-2.83792e-05
1.22845e-05
-2.64269e-05
1.12896e-05
-2.44547e-05
1.06557e-05
-2.24909e-05
1.02669e-05
-2.0561e-05
1.00378e-05
-1.86744e-05
9.89198e-06
-1.68517e-05
9.78425e-06
-1.51005e-05
9.66368e-06
-1.34414e-05
9.49665e-06
-1.18848e-05
9.25531e-06
-1.0452e-05
8.9087e-06
-9.15968e-06
8.43787e-06
-8.03026e-06
7.8305e-06
-7.08379e-06
7.07614e-06
-6.34252e-06
6.16893e-06
-5.82776e-06
5.10414e-06
-5.56213e-06
3.88076e-06
-5.56379e-06
2.49473e-06
-5.85065e-06
9.47051e-07
-6.44404e-06
-7.75299e-07
-7.35765e-06
-2.67142e-06
-8.59539e-06
-4.75827e-06
-1.01608e-05
-7.0514e-06
-1.20416e-05
-9.58201e-06
-1.42127e-05
-1.23905e-05
-1.66199e-05
-1.55344e-05
-1.91672e-05
-1.90923e-05
-2.16997e-05
-2.3145e-05
-2.39498e-05
-2.78208e-05
-2.55405e-05
-3.3153e-05
-2.57879e-05
-3.94155e-05
-2.407e-05
-4.5896e-05
-1.88959e-05
-5.3665e-05
-1.13199e-05
-5.74796e-05
-5.82503e-05
-1.50359e-05
6.09265e-05
-2.2057e-05
5.05031e-05
-2.5658e-05
4.26303e-05
-2.5645e-05
3.18994e-05
-2.41336e-05
2.51854e-05
-2.17991e-05
1.97736e-05
-1.91709e-05
1.59465e-05
-1.64649e-05
1.31045e-05
-1.37998e-05
1.10905e-05
-1.1223e-05
9.70717e-06
-8.74713e-06
8.81405e-06
-6.37326e-06
8.27968e-06
-4.08787e-06
7.98166e-06
-1.88849e-06
7.83575e-06
2.36697e-07
7.76781e-06
2.27971e-06
7.73867e-06
4.24306e-06
7.70131e-06
6.10876e-06
7.62885e-06
7.87291e-06
7.49211e-06
9.51199e-06
7.26906e-06
1.1009e-05
6.94176e-06
1.23395e-05
6.50025e-06
1.34802e-05
5.93608e-06
1.44046e-05
5.24488e-06
1.5087e-05
4.42264e-06
1.54987e-05
3.46917e-06
1.56149e-05
2.37972e-06
1.54062e-05
1.1553e-06
1.48465e-05
-2.14255e-07
1.39058e-05
-1.73138e-06
1.25628e-05
-3.41405e-06
1.07896e-05
-5.2788e-06
8.56823e-06
-7.35999e-06
5.88155e-06
-9.70406e-06
2.72626e-06
-1.23793e-05
-8.77678e-07
-1.54883e-05
-4.87437e-06
-1.91495e-05
-9.11556e-06
-2.35795e-05
-1.33521e-05
-2.89183e-05
-1.69647e-05
-3.58031e-05
-1.92299e-05
-4.36328e-05
-1.78884e-05
-5.5007e-05
-1.32182e-05
-6.21517e-05
-7.14689e-05
-1.61455e-05
7.70719e-05
-1.88525e-05
5.32113e-05
-1.80625e-05
4.18404e-05
-1.46832e-05
2.85207e-05
-1.08048e-05
2.13081e-05
-6.93834e-06
1.59073e-05
-3.35786e-06
1.23666e-05
-9.90987e-08
9.84529e-06
2.85725e-06
8.13506e-06
5.55839e-06
7.00534e-06
8.06031e-06
6.31289e-06
1.04071e-05
5.93098e-06
1.26418e-05
5.74771e-06
1.47853e-05
5.68982e-06
1.68605e-05
5.69397e-06
1.88678e-05
5.72908e-06
2.08136e-05
5.75681e-06
2.26841e-05
5.75643e-06
2.44737e-05
5.70323e-06
2.61606e-05
5.58147e-06
2.77261e-05
5.37674e-06
2.91448e-05
5.08145e-06
3.03917e-05
4.6895e-06
3.14384e-05
4.19811e-06
3.22571e-05
3.60434e-06
3.28169e-05
2.9089e-06
3.30899e-05
2.10754e-06
3.30422e-05
1.20198e-06
3.26449e-05
1.83994e-07
3.18609e-05
-9.48489e-07
3.06591e-05
-2.21143e-06
2.89986e-05
-3.61917e-06
2.68414e-05
-5.2025e-06
2.41417e-05
-7.00477e-06
2.08525e-05
-9.09065e-06
1.69288e-05
-1.15647e-05
1.23296e-05
-1.45516e-05
7.05841e-06
-1.83083e-05
1.17066e-06
-2.30324e-05
-5.00522e-06
-2.96275e-05
-1.09212e-05
-3.77189e-05
-1.42781e-05
-5.16505e-05
-1.41915e-05
-6.22403e-05
-8.56607e-05
-1.47647e-05
9.18366e-05
-1.19964e-05
5.04438e-05
-6.71678e-06
3.65605e-05
-9.05741e-07
2.271e-05
4.2922e-06
1.61109e-05
8.7164e-06
1.14832e-05
1.24441e-05
8.63942e-06
1.56058e-05
6.6831e-06
1.83344e-05
5.40715e-06
2.07439e-05
4.59507e-06
2.29332e-05
4.12458e-06
2.49717e-05
3.89094e-06
2.69159e-05
3.80463e-06
2.8794e-05
3.80955e-06
3.06321e-05
3.85739e-06
3.24329e-05
3.92619e-06
3.42032e-05
3.98778e-06
3.5931e-05
4.027e-06
3.76088e-05
4.02608e-06
3.92154e-05
3.97403e-06
4.07318e-05
3.86061e-06
4.21324e-05
3.68054e-06
4.33921e-05
3.42982e-06
4.44829e-05
3.10699e-06
4.53775e-05
2.71005e-06
4.60452e-05
2.24036e-06
4.64588e-05
1.69455e-06
4.65849e-05
1.07483e-06
4.63946e-05
3.75016e-07
4.58509e-05
-4.0592e-07
4.49202e-05
-1.28005e-06
4.35583e-05
-2.25811e-06
4.17197e-05
-3.36374e-06
3.93461e-05
-4.63142e-06
3.63678e-05
-6.11299e-06
3.27004e-05
-7.89722e-06
2.82386e-05
-1.00911e-05
2.28665e-05
-1.29361e-05
1.64621e-05
-1.66298e-05
8.98043e-06
-2.2146e-05
6.87408e-07
-2.94277e-05
-7.31115e-06
-4.36524e-05
-1.27325e-05
-5.68207e-05
-9.83935e-05
-9.42004e-06
0.000101257
-1.29522e-06
4.23194e-05
7.38681e-06
2.78782e-05
1.42257e-05
1.58711e-05
1.95999e-05
1.07372e-05
2.37383e-05
7.34469e-06
2.70116e-05
5.36665e-06
2.96484e-05
4.04574e-06
3.18434e-05
3.21268e-06
3.37374e-05
2.70028e-06
3.54432e-05
2.41963e-06
3.7036e-05
2.29692e-06
3.85719e-05
2.27009e-06
4.00778e-05
2.30193e-06
4.15767e-05
2.35986e-06
4.30711e-05
2.43013e-06
4.45656e-05
2.49444e-06
4.60488e-05
2.54245e-06
4.75121e-05
2.56338e-06
4.89355e-05
2.54994e-06
5.03004e-05
2.49578e-06
5.1583e-05
2.39756e-06
5.27598e-05
2.25293e-06
5.38052e-05
2.06127e-06
5.46941e-05
1.8213e-06
5.53992e-05
1.53448e-06
5.58959e-05
1.19841e-06
5.61546e-05
8.15191e-07
5.61497e-05
3.80668e-07
5.58482e-05
-1.05394e-07
5.52197e-05
-6.50939e-07
5.42239e-05
-1.26295e-06
5.28175e-05
-1.95709e-06
5.0943e-05
-2.75703e-06
4.85278e-05
-3.69827e-06
4.54753e-05
-4.84459e-06
4.16563e-05
-6.27323e-06
3.689e-05
-8.16968e-06
3.09529e-05
-1.06943e-05
2.34736e-05
-1.46668e-05
1.42631e-05
-2.02189e-05
3.06486e-06
-3.24546e-05
-7.39806e-06
-4.63593e-05
-0.000105792
7.27196e-07
0.00010053
1.26082e-05
3.04387e-05
2.27126e-05
1.77737e-05
2.91671e-05
9.41658e-06
3.3813e-05
6.09166e-06
3.71258e-05
4.03173e-06
3.96217e-05
2.87105e-06
4.15489e-05
2.11809e-06
4.31073e-05
1.65468e-06
4.44296e-05
1.37715e-06
4.56188e-05
1.23115e-06
4.67407e-05
1.17404e-06
4.7842e-05
1.17007e-06
4.89439e-05
1.19878e-06
5.00636e-05
1.24142e-06
5.12018e-05
1.29062e-06
5.23613e-05
1.33592e-06
5.3531e-05
1.37174e-06
5.47026e-05
1.3922e-06
5.58588e-05
1.3933e-06
5.69829e-05
1.37166e-06
5.80547e-05
1.32541e-06
5.90543e-05
1.25333e-06
5.996e-05
1.15524e-06
6.07512e-05
1.03031e-06
6.14054e-05
8.79675e-07
6.19026e-05
7.01745e-07
6.22189e-05
4.98106e-07
6.23339e-05
2.66283e-07
6.22215e-05
6.36135e-09
6.18573e-05
-2.86128e-07
6.1209e-05
-6.15101e-07
6.02415e-05
-9.893e-07
5.89068e-05
-1.42242e-06
5.7143e-05
-1.93474e-06
5.48626e-05
-2.56401e-06
5.19455e-05
-3.35702e-06
4.82032e-05
-4.42721e-06
4.33931e-05
-5.88546e-06
3.69837e-05
-8.25756e-06
2.85523e-05
-1.17887e-05
1.63628e-05
-2.02654e-05
2.64669e-06
-3.26443e-05
-0.000103145
1.50728e-05
8.5457e-05
2.8345e-05
1.71669e-05
3.75889e-05
8.52995e-06
4.26542e-05
4.35134e-06
4.60566e-05
2.68939e-06
4.834e-05
1.74802e-06
4.99923e-05
1.21891e-06
5.12228e-05
8.87203e-07
5.21934e-05
6.8437e-07
5.30058e-05
5.64081e-07
5.37373e-05
5.00193e-07
5.44358e-05
4.74712e-07
5.51346e-05
4.72212e-07
5.58482e-05
4.84354e-07
5.6588e-05
5.02748e-07
5.73535e-05
5.24187e-07
5.8146e-05
5.44157e-07
5.89568e-05
5.60206e-07
5.97793e-05
5.70136e-07
6.06002e-05
5.72025e-07
6.14072e-05
5.64647e-07
6.21853e-05
5.47064e-07
6.29199e-05
5.18791e-07
6.3595e-05
4.79803e-07
6.4196e-05
4.29571e-07
6.47064e-05
3.68752e-07
6.51122e-05
2.96404e-07
6.53964e-05
2.13394e-07
6.55447e-05
1.18541e-07
6.55387e-05
1.18688e-08
6.53617e-05
-1.08565e-07
6.4991e-05
-2.44607e-07
6.44018e-05
-3.99946e-07
6.35603e-05
-5.80801e-07
6.24213e-05
-7.96036e-07
6.09198e-05
-1.06234e-06
5.89643e-05
-1.40217e-06
5.6402e-05
-1.86476e-06
5.3031e-05
-2.51543e-06
4.83501e-05
-3.57669e-06
4.187e-05
-5.30968e-06
3.11273e-05
-9.52297e-06
1.6558e-05
-1.80759e-05
-8.65874e-05
3.28529e-05
5.26042e-05
4.42963e-05
5.72383e-06
5.05908e-05
2.23566e-06
5.37877e-05
1.15449e-06
5.58002e-05
6.76889e-07
5.71063e-05
4.41516e-07
5.8022e-05
3.0328e-07
5.86883e-05
2.20585e-07
5.9204e-05
1.68968e-07
5.96297e-05
1.37865e-07
6.00104e-05
1.19875e-07
6.03733e-05
1.11157e-07
6.07381e-05
1.08203e-07
6.11127e-05
1.0914e-07
6.15044e-05
1.11885e-07
6.19126e-05
1.15405e-07
6.23384e-05
1.18917e-07
6.27766e-05
1.21548e-07
6.32237e-05
1.23227e-07
6.36724e-05
1.23109e-07
6.41159e-05
1.21184e-07
6.45458e-05
1.17037e-07
6.4954e-05
1.10631e-07
6.53316e-05
1.01962e-07
6.56706e-05
9.07866e-08
6.59617e-05
7.7351e-08
6.61971e-05
6.12882e-08
6.63673e-05
4.28418e-08
6.64646e-05
2.17309e-08
6.64783e-05
-2.17564e-09
6.63994e-05
-2.92274e-08
6.62148e-05
-6.01245e-08
6.59105e-05
-9.55575e-08
6.54671e-05
-1.3732e-07
6.48584e-05
-1.87463e-07
6.40463e-05
-2.50066e-07
6.29751e-05
-3.31507e-07
6.15527e-05
-4.42284e-07
5.96435e-05
-6.06918e-07
5.69309e-05
-8.64093e-07
5.2974e-05
-1.35348e-06
4.58825e-05
-2.43172e-06
3.37377e-05
-5.93166e-06
-5.28499e-05
5.26042e-05
5.83283e-05
6.05641e-05
6.17184e-05
6.23951e-05
6.28364e-05
6.31399e-05
6.33605e-05
6.35295e-05
6.3667e-05
6.3787e-05
6.3898e-05
6.40067e-05
6.41156e-05
6.42277e-05
6.43429e-05
6.4462e-05
6.45834e-05
6.47067e-05
6.48297e-05
6.49509e-05
6.50679e-05
6.51785e-05
6.52804e-05
6.53713e-05
6.54485e-05
6.551e-05
6.55527e-05
6.55746e-05
6.55723e-05
6.55432e-05
6.54831e-05
6.53875e-05
6.52503e-05
6.50627e-05
6.48127e-05
6.4481e-05
6.40387e-05
6.34315e-05
6.25673e-05
6.12135e-05
5.87817e-05
5.28499e-05
)
;

boundaryField
{
    movingWall
    {
        type            calculated;
        value           uniform 0;
    }
    fixedWalls
    {
        type            calculated;
        value           uniform 0;
    }
    frontAndBack
    {
        type            empty;
        value           nonuniform 0();
    }
    defaultFaces
    {
        type            empty;
        value           nonuniform 0();
    }
}


// ************************************************************************* //
