/*--------------------------------*- C++ -*----------------------------------*\
  =========                 |
  \\      /  F ield         | OpenFOAM: The Open Source CFD Toolbox
   \\    /   O peration     | Website:  https://openfoam.org
    \\  /    A nd           | Version:  7
     \\/     M anipulation  |
\*---------------------------------------------------------------------------*/
FoamFile
{
    version     2.0;
    format      ascii;
    class       volVectorField;
    location    "0.72";
    object      U;
}
// * * * * * * * * * * * * * * * * * * * * * * * * * * * * * * * * * * * * * //

dimensions      [0 1 -1 0 0 0 0];

internalField   nonuniform List<vector> 
1936
(
(-13.8903 3.1398 0)
(-68.9649 201.889 0)
(-17.0428 425.894 0)
(4.27554 417.891 0)
(-6.90474 387.331 0)
(1.74551 402.601 0)
(13.3594 395.134 0)
(23.116 348.304 0)
(19.4449 295.225 0)
(7.30805 272.902 0)
(-5.14665 278.735 0)
(-15.2783 329.603 0)
(-21.9408 435.85 0)
(7.99478 466.131 0)
(31.3778 345.316 0)
(10.7119 243.462 0)
(-8.43063 232.108 0)
(-22.2313 264.899 0)
(-34.2341 404.077 0)
(11.4994 499.018 0)
(43.4955 377.806 0)
(25.3953 245.994 0)
(11.6016 223.282 0)
(-3.95994 235.989 0)
(-26.3454 334.856 0)
(-17.8365 479.31 0)
(30.4363 441.032 0)
(32.4434 276.601 0)
(5.02525 218.279 0)
(-5.77076 228.288 0)
(-28.6895 309.557 0)
(-26.1073 472.308 0)
(28.3377 461.758 0)
(33.8439 292.29 0)
(7.56435 223.703 0)
(-2.70613 228.22 0)
(-29.9227 311.733 0)
(-19.0786 469.755 0)
(29.9689 451.581 0)
(28.4373 288.584 0)
(3.78858 221.034 0)
(-6.60712 220.255 0)
(-31.7201 293.098 0)
(-29.9299 463.318 0)
(-15.1706 7.65896 0)
(-76.4293 -0.221522 0)
(-21.1975 -4.53631 0)
(2.2293 -2.10419 0)
(-8.01482 -0.685904 0)
(0.626911 -1.71835 0)
(12.2095 -1.81629 0)
(21.2496 -0.556213 0)
(16.7654 1.30774 0)
(6.90588 2.45348 0)
(-2.34443 2.27366 0)
(-15.0423 0.864513 0)
(-23.9015 -1.98873 0)
(8.05972 -3.78733 0)
(30.0969 -0.89602 0)
(7.23196 3.12574 0)
(-5.95416 3.79597 0)
(-16.4587 1.28435 0)
(-34.043 -3.4548 0)
(11.7344 -5.29779 0)
(43.1778 -1.86621 0)
(19.7656 2.04402 0)
(9.42184 3.56283 0)
(-0.544228 3.19289 0)
(-26.8777 0.225203 0)
(-19.4933 -3.86755 0)
(30.8557 -3.85972 0)
(28.2092 0.853419 0)
(1.81776 3.90342 0)
(-1.34504 3.37326 0)
(-27.4402 0.399808 0)
(-28.0679 -3.94252 0)
(29.0855 -4.39194 0)
(29.9241 0.285503 0)
(3.54299 3.71762 0)
(1.15961 3.57424 0)
(-27.9525 0.0804574 0)
(-20.2285 -4.15787 0)
(31.4812 -3.38175 0)
(26.3075 0.940596 0)
(-0.00744043 3.62777 0)
(-2.02427 3.60832 0)
(-28.5825 0.374655 0)
(-31.8482 -4.32127 0)
(-5.00457 15.9695 0)
(-71.4122 0.200323 0)
(-23.477 -9.85216 0)
(0.741094 -4.49585 0)
(-6.75407 -1.37589 0)
(0.513825 -3.55112 0)
(11.797 -3.73152 0)
(20.2549 -0.979373 0)
(14.2637 2.79092 0)
(3.02514 4.84336 0)
(-5.98614 4.63357 0)
(-18.0282 1.99563 0)
(-22.9206 -4.48214 0)
(12.6987 -8.2393 0)
(32.9452 -1.47293 0)
(9.58425 6.35299 0)
(-1.7396 7.29235 0)
(-13.5275 3.26902 0)
(-36.3109 -6.5829 0)
(9.03178 -11.42 0)
(42.9436 -3.44736 0)
(17.4899 4.75057 0)
(3.4107 6.97732 0)
(-6.23169 6.50701 0)
(-30.3946 0.649255 0)
(-18.3468 -8.65118 0)
(34.1985 -8.01338 0)
(28.2786 2.42978 0)
(0.480735 7.73448 0)
(-3.18102 6.79583 0)
(-29.9729 1.36526 0)
(-27.8896 -8.64406 0)
(31.9531 -9.24028 0)
(29.7801 1.35453 0)
(1.24206 7.39824 0)
(-1.04644 7.12709 0)
(-30.3553 0.705718 0)
(-22.7796 -9.01823 0)
(31.8887 -7.37454 0)
(28.559 2.4593 0)
(1.5612 7.19881 0)
(-1.05481 7.23558 0)
(-29.6409 1.5371 0)
(-33.049 -9.25176 0)
(4.8523 22.3513 0)
(-59.4278 1.65409 0)
(-21.6426 -13.6618 0)
(-4.52744 -7.04041 0)
(-7.35292 -2.42428 0)
(-0.933212 -5.09362 0)
(7.10989 -5.23717 0)
(12.6232 -1.11255 0)
(6.80725 4.24114 0)
(-0.988701 6.82765 0)
(-4.80926 6.4287 0)
(-12.9286 2.52027 0)
(-16.3224 -7.08235 0)
(12.4413 -11.9563 0)
(24.5929 -1.78442 0)
(5.71146 8.77626 0)
(3.16674 9.99327 0)
(-2.41181 5.34573 0)
(-27.2378 -8.56352 0)
(5.03517 -16.3625 0)
(31.1152 -4.66761 0)
(7.45527 7.38919 0)
(-2.08755 9.99412 0)
(-4.77494 8.92451 0)
(-22.8636 0.418943 0)
(-13.1814 -12.9518 0)
(27.6105 -11.1962 0)
(17.068 4.04953 0)
(-3.12118 10.909 0)
(0.69113 9.57601 0)
(-21.1253 1.98769 0)
(-21.2773 -12.7147 0)
(26.0248 -13.0059 0)
(18.087 2.59858 0)
(-3.94732 10.4421 0)
(1.77208 9.90097 0)
(-21.0833 1.20832 0)
(-18.9208 -13.0524 0)
(24.4374 -10.8688 0)
(19.971 3.58593 0)
(-1.50752 10.1111 0)
(3.7595 10.2806 0)
(-18.8008 2.63941 0)
(-26.5384 -13.2537 0)
(12.9719 27.1485 0)
(-48.7506 3.89676 0)
(-19.2965 -15.7637 0)
(-8.39532 -9.52406 0)
(-8.30046 -4.0424 0)
(-3.01987 -6.38487 0)
(1.91231 -6.20531 0)
(5.09716 -1.01175 0)
(0.420204 5.36371 0)
(-3.55431 8.09774 0)
(-3.4213 7.39338 0)
(-8.66585 2.41358 0)
(-10.203 -9.273 0)
(11.6521 -14.3443 0)
(16.9585 -1.87826 0)
(2.42028 10.0935 0)
(5.52856 11.5216 0)
(4.66915 6.99625 0)
(-19.0426 -9.26753 0)
(1.37757 -19.3246 0)
(20.6538 -5.37871 0)
(0.0314901 9.36004 0)
(-4.53162 12.1127 0)
(-2.44691 10.2092 0)
(-16.358 -0.247383 0)
(-8.51429 -15.9649 0)
(21.137 -12.9623 0)
(8.14135 5.35095 0)
(-5.45798 12.8445 0)
(4.27287 11.2626 0)
(-14.0015 2.27725 0)
(-15.0071 -15.4127 0)
(20.2963 -15.1371 0)
(8.94938 3.68777 0)
(-7.15674 12.267 0)
(4.45591 11.4376 0)
(-13.4767 1.53314 0)
(-15.0787 -15.5772 0)
(17.5079 -13.2425 0)
(13.0653 4.24214 0)
(-4.59932 11.8881 0)
(7.17024 12.1465 0)
(-10.4379 3.4787 0)
(-20.417 -15.6631 0)
(19.0771 30.2736 0)
(-37.9022 6.71427 0)
(-16.0435 -16.199 0)
(-10.221 -11.6031 0)
(-9.35445 -5.9596 0)
(-5.31268 -7.35788 0)
(-3.02078 -6.62112 0)
(-1.48277 -0.81053 0)
(-4.28582 5.88149 0)
(-4.40253 8.49589 0)
(-1.41402 7.51469 0)
(-4.82842 1.78212 0)
(-5.03307 -10.8801 0)
(9.95952 -15.2884 0)
(9.99844 -1.69422 0)
(-1.30033 10.401 0)
(5.74101 11.9368 0)
(8.23091 7.97112 0)
(-12.0348 -8.84357 0)
(-1.24982 -20.211 0)
(11.9511 -5.62599 0)
(-5.11258 10.313 0)
(-4.36911 13.1084 0)
(1.65259 10.5044 0)
(-10.488 -1.03625 0)
(-4.70795 -17.5288 0)
(14.933 -13.3149 0)
(1.23168 6.17125 0)
(-6.36309 13.4677 0)
(7.23313 11.844 0)
(-8.11519 2.32371 0)
(-9.4312 -16.662 0)
(14.8621 -15.6497 0)
(2.15539 4.46561 0)
(-8.26015 12.8092 0)
(6.97616 11.8066 0)
(-7.17576 1.77084 0)
(-11.2205 -16.5528 0)
(11.4141 -14.4178 0)
(7.21638 4.48682 0)
(-6.97495 12.5172 0)
(8.86452 12.7791 0)
(-4.04282 3.99809 0)
(-14.8347 -16.4918 0)
(22.3239 31.4745 0)
(-25.7776 9.75 0)
(-11.4565 -15 0)
(-9.78968 -12.8969 0)
(-9.73912 -7.75767 0)
(-7.13358 -7.97947 0)
(-6.7276 -6.55944 0)
(-6.20649 -0.695128 0)
(-6.96133 5.62572 0)
(-4.11822 7.95137 0)
(0.475162 6.89885 0)
(-1.57178 0.790739 0)
(-1.16404 -11.6643 0)
(7.29254 -14.8162 0)
(4.0189 -1.19534 0)
(-4.55452 9.82583 0)
(4.6164 11.3248 0)
(9.27986 8.08235 0)
(-6.29325 -7.59911 0)
(-2.46638 -19.1636 0)
(5.25266 -5.4595 0)
(-7.93255 10.1186 0)
(-2.80945 12.7752 0)
(5.6137 9.99749 0)
(-5.43828 -1.61068 0)
(-1.90514 -17.5051 0)
(9.19005 -12.4029 0)
(-3.65764 6.35541 0)
(-5.77852 12.845 0)
(8.45584 11.4153 0)
(-3.3842 2.13162 0)
(-4.81413 -16.4225 0)
(9.77046 -14.7024 0)
(-2.41819 4.74262 0)
(-7.34799 12.147 0)
(8.07821 11.1935 0)
(-2.19584 1.91212 0)
(-7.36395 -16.0236 0)
(6.34413 -14.3235 0)
(2.35585 4.31697 0)
(-7.52173 12.0941 0)
(8.51285 12.2731 0)
(0.585563 4.09109 0)
(-9.82383 -15.8349 0)
(22.4536 30.4429 0)
(-12.1018 12.4224 0)
(-5.52487 -12.227 0)
(-7.22111 -12.9973 0)
(-8.72526 -8.99619 0)
(-7.80333 -8.20868 0)
(-8.52647 -6.18546 0)
(-8.53321 -0.813421 0)
(-7.66959 4.64767 0)
(-3.27048 6.65199 0)
(1.75781 5.6948 0)
(0.843623 -0.392362 0)
(1.20873 -11.4512 0)
(3.9923 -13.1222 0)
(-0.66564 -0.569909 0)
(-6.13931 8.55821 0)
(3.10729 9.8549 0)
(8.9259 7.40171 0)
(-1.77587 -5.97614 0)
(-2.41101 -16.5487 0)
(0.622303 -4.89908 0)
(-8.70719 8.91237 0)
(-1.25965 11.2574 0)
(7.61984 8.89291 0)
(-1.43506 -1.86038 0)
(-0.104372 -15.9295 0)
(4.18135 -10.5497 0)
(-6.6003 5.89096 0)
(-4.45281 11.1978 0)
(7.99313 10.1629 0)
(0.204616 1.69183 0)
(-1.35547 -14.792 0)
(5.17258 -12.6159 0)
(-5.08969 4.44251 0)
(-5.51252 10.5298 0)
(7.54452 9.8051 0)
(1.42498 1.86612 0)
(-3.71198 -14.1692 0)
(2.44508 -12.9883 0)
(-1.48798 3.7575 0)
(-6.59842 10.7839 0)
(6.93803 10.8371 0)
(3.64273 3.72623 0)
(-5.44732 -13.9088 0)
(18.9604 27.0912 0)
(0.72549 13.9788 0)
(1.12549 -8.16651 0)
(-2.96592 -11.6443 0)
(-6.07455 -9.285 0)
(-6.95132 -7.96761 0)
(-8.35142 -5.66025 0)
(-8.59689 -1.15864 0)
(-6.88037 3.17689 0)
(-2.25588 4.89056 0)
(2.37186 4.06277 0)
(2.27139 -1.47607 0)
(2.04115 -10.2416 0)
(0.801409 -10.571 0)
(-3.79209 -0.143497 0)
(-6.05605 6.8251 0)
(1.84472 7.8032 0)
(7.69941 6.12506 0)
(1.2821 -4.31662 0)
(-1.68741 -12.8944 0)
(-2.09955 -3.97409 0)
(-7.99013 7.06897 0)
(-0.477188 8.98129 0)
(7.53687 7.31382 0)
(1.49886 -1.83456 0)
(0.828081 -13.0948 0)
(0.472327 -8.13835 0)
(-7.53764 4.86536 0)
(-3.17104 8.89675 0)
(6.67125 8.33185 0)
(2.68631 1.0703 0)
(0.826642 -12.0756 0)
(1.53343 -9.81906 0)
(-6.12933 3.637 0)
(-3.83 8.33202 0)
(6.1507 7.91475 0)
(3.69136 1.52847 0)
(-0.74587 -11.3677 0)
(-0.13762 -10.6187 0)
(-4.09028 2.88202 0)
(-5.12743 8.84677 0)
(5.21323 8.79571 0)
(5.26244 2.97494 0)
(-1.95799 -11.0761 0)
(12.8424 22.0234 0)
(8.87779 13.7835 0)
(6.76885 -3.6875 0)
(1.82685 -8.95677 0)
(-2.33796 -8.40466 0)
(-4.74969 -7.18189 0)
(-6.64476 -5.03467 0)
(-7.06935 -1.61281 0)
(-5.28944 1.5624 0)
(-1.35266 2.94924 0)
(2.39762 2.29484 0)
(2.71853 -2.17558 0)
(1.64027 -8.27281 0)
(-1.55158 -7.70371 0)
(-5.19569 -0.0731382 0)
(-5.10389 4.86757 0)
(0.932221 5.569 0)
(5.83059 4.46753 0)
(2.643 -2.81564 0)
(-0.964485 -8.86323 0)
(-3.28407 -2.82305 0)
(-6.347 5.00512 0)
(-0.222838 6.45371 0)
(6.17559 5.39388 0)
(3.16833 -1.55744 0)
(1.05334 -9.54026 0)
(-1.65546 -5.61284 0)
(-6.73364 3.50258 0)
(-2.19822 6.38689 0)
(5.10437 6.15634 0)
(3.91683 0.460138 0)
(1.72544 -8.76512 0)
(-0.658382 -6.8192 0)
(-5.70113 2.53836 0)
(-2.61646 5.96154 0)
(4.60246 5.79485 0)
(4.49725 0.966222 0)
(0.966855 -8.1356 0)
(-1.37542 -7.65231 0)
(-4.98881 1.89064 0)
(-3.71993 6.56682 0)
(3.78066 6.49408 0)
(5.46344 2.0308 0)
(0.275112 -7.81619 0)
(7.0282 16.4306 0)
(10.7133 11.9183 0)
(9.39064 -0.0632572 0)
(5.3966 -5.61557 0)
(1.18943 -6.50824 0)
(-1.95059 -5.84905 0)
(-4.12249 -4.27505 0)
(-4.77404 -1.98474 0)
(-3.48758 0.125934 0)
(-0.65432 1.15263 0)
(2.04002 0.706008 0)
(2.41069 -2.36687 0)
(0.766243 -5.97607 0)
(-2.6048 -5.09568 0)
(-4.98433 -0.252457 0)
(-3.89311 2.94817 0)
(0.251324 3.51913 0)
(3.68089 2.78618 0)
(2.48275 -1.59716 0)
(-0.612872 -5.20714 0)
(-3.2739 -1.68809 0)
(-4.36828 3.0846 0)
(-0.113129 4.13222 0)
(4.30812 3.45528 0)
(3.35006 -1.1153 0)
(0.800108 -5.97621 0)
(-2.3473 -3.39307 0)
(-4.92939 2.14916 0)
(-1.44176 4.06038 0)
(3.49708 3.949 0)
(3.75173 0.0617102 0)
(1.59572 -5.49572 0)
(-1.49854 -4.14402 0)
(-4.30494 1.45908 0)
(-1.69254 3.76089 0)
(3.11151 3.70629 0)
(3.96752 0.45148 0)
(1.42673 -5.05831 0)
(-1.63465 -4.73368 0)
(-4.28064 1.06109 0)
(-2.48911 4.27182 0)
(2.5273 4.25361 0)
(4.44219 1.19727 0)
(1.16851 -4.71741 0)
(3.60151 11.3792 0)
(8.3784 9.22054 0)
(8.75762 2.03599 0)
(6.50927 -2.61924 0)
(3.2409 -4.16452 0)
(0.374369 -4.17851 0)
(-1.64613 -3.3737 0)
(-2.44093 -2.12113 0)
(-1.79627 -0.907735 0)
(-0.077984 -0.217273 0)
(1.58146 -0.463331 0)
(1.7588 -2.14265 0)
(0.143654 -3.85736 0)
(-2.44269 -3.11821 0)
(-3.78055 -0.490741 0)
(-2.74083 1.38185 0)
(-0.252446 1.86652 0)
(1.78202 1.45898 0)
(1.49258 -0.729709 0)
(-0.550875 -2.48928 0)
(-2.49636 -0.807616 0)
(-2.61722 1.61279 0)
(-0.0879752 2.28734 0)
(2.48835 1.87505 0)
(2.40251 -0.630644 0)
(0.389071 -3.08874 0)
(-2.02156 -1.74793 0)
(-3.03377 1.08919 0)
(-0.872319 2.20971 0)
(2.0192 2.1132 0)
(2.61576 -0.0897337 0)
(1.00747 -2.87347 0)
(-1.40639 -2.1548 0)
(-2.69305 0.661187 0)
(-0.982058 2.00886 0)
(1.80144 1.99154 0)
(2.64071 0.139071 0)
(1.05337 -2.63609 0)
(-1.35418 -2.43312 0)
(-2.82842 0.529476 0)
(-1.48143 2.38758 0)
(1.43922 2.41321 0)
(2.84793 0.645486 0)
(1.11204 -2.30575 0)
(2.0345 7.59749 0)
(5.02764 6.57971 0)
(6.10679 2.69958 0)
(5.29189 -0.530909 0)
(3.4114 -2.08537 0)
(1.49488 -2.57464 0)
(0.0450498 -2.45704 0)
(-0.638229 -2.01883 0)
(-0.443546 -1.4939 0)
(0.369929 -1.10276 0)
(1.14747 -1.13016 0)
(1.08668 -1.73631 0)
(-0.080125 -2.27908 0)
(-1.66424 -1.81605 0)
(-2.38556 -0.607524 0)
(-1.79615 0.357537 0)
(-0.515001 0.73699 0)
(0.529128 0.619042 0)
(0.512643 -0.214067 0)
(-0.537917 -0.882704 0)
(-1.54609 -0.283056 0)
(-1.41741 0.687957 0)
(-0.152426 1.05271 0)
(1.10728 0.855051 0)
(1.18848 -0.23583 0)
(0.0401549 -1.23639 0)
(-1.3082 -0.731548 0)
(-1.62541 0.425563 0)
(-0.518993 0.971904 0)
(0.908739 0.900426 0)
(1.31641 -0.0858225 0)
(0.408847 -1.2027 0)
(-0.95149 -0.930016 0)
(-1.4533 0.209857 0)
(-0.550544 0.8557 0)
(0.816234 0.855949 0)
(1.30325 0.0226344 0)
(0.470239 -1.09035 0)
(-0.88812 -0.986322 0)
(-1.53336 0.270666 0)
(-0.79698 1.14578 0)
(0.644284 1.17035 0)
(1.41668 0.361845 0)
(0.676335 -0.804581 0)
(1.18146 5.20332 0)
(2.54977 4.59457 0)
(3.41145 2.50419 0)
(3.29027 0.576614 0)
(2.48126 -0.695304 0)
(1.53187 -1.38815 0)
(0.735029 -1.70699 0)
(0.293943 -1.78402 0)
(0.267434 -1.69977 0)
(0.517137 -1.52011 0)
(0.722956 -1.35935 0)
(0.538589 -1.34899 0)
(-0.118528 -1.32479 0)
(-0.90845 -1.05788 0)
(-1.29561 -0.583243 0)
(-1.07869 -0.153149 0)
(-0.517168 0.112502 0)
(-0.0560769 0.182212 0)
(-0.0315432 0.0132241 0)
(-0.438481 -0.163495 0)
(-0.817658 -0.041088 0)
(-0.725368 0.226964 0)
(-0.207538 0.379175 0)
(0.307486 0.335586 0)
(0.358134 -0.00480789 0)
(-0.13111 -0.325459 0)
(-0.697138 -0.225918 0)
(-0.791237 0.102753 0)
(-0.329778 0.298427 0)
(0.253119 0.278347 0)
(0.425687 -0.0366817 0)
(0.0324709 -0.373739 0)
(-0.540984 -0.320449 0)
(-0.719075 0.00964765 0)
(-0.340157 0.243538 0)
(0.220759 0.266427 0)
(0.425936 0.00701037 0)
(0.0689269 -0.319636 0)
(-0.500385 -0.273907 0)
(-0.724537 0.152063 0)
(-0.403564 0.477698 0)
(0.191559 0.49975 0)
(0.519139 0.242837 0)
(0.289884 -0.0864167 0)
(0.691379 3.70553 0)
(1.40123 3.37226 0)
(1.86691 2.15917 0)
(1.92715 0.974052 0)
(1.63841 0.0244601 0)
(1.2018 -0.680413 0)
(0.797562 -1.1833 0)
(0.515874 -1.49655 0)
(0.382583 -1.61153 0)
(0.343905 -1.52878 0)
(0.289765 -1.31061 0)
(0.122803 -1.07038 0)
(-0.162484 -0.863453 0)
(-0.466345 -0.689499 0)
(-0.631585 -0.52118 0)
(-0.581126 -0.347012 0)
(-0.39737 -0.170335 0)
(-0.232282 -0.0210946 0)
(-0.201108 0.0550066 0)
(-0.303705 0.0556252 0)
(-0.397121 0.043709 0)
(-0.354808 0.0571845 0)
(-0.188982 0.0985106 0)
(-0.0242091 0.128273 0)
(-0.00284005 0.0877375 0)
(-0.150177 0.0111343 0)
(-0.322977 -0.0221279 0)
(-0.352601 -0.00601434 0)
(-0.21173 0.0220541 0)
(-0.0315827 0.0342039 0)
(0.0177054 -0.00674622 0)
(-0.109764 -0.0679576 0)
(-0.290687 -0.0874847 0)
(-0.345309 -0.0545803 0)
(-0.224544 -0.005269 0)
(-0.0479724 0.0291761 0)
(0.0126253 0.0123803 0)
(-0.102333 -0.024727 0)
(-0.26553 0.000131359 0)
(-0.311283 0.0997473 0)
(-0.195706 0.184111 0)
(0.000490942 0.209153 0)
(0.111114 0.186485 0)
(0.0861776 0.144791 0)
(0.429533 2.68027 0)
(0.967428 2.57207 0)
(1.29462 1.84695 0)
(1.36405 1.08171 0)
(1.2604 0.354227 0)
(1.03143 -0.281647 0)
(0.750761 -0.79844 0)
(0.494981 -1.16862 0)
(0.28648 -1.34999 0)
(0.123008 -1.32718 0)
(-0.0120705 -1.14477 0)
(-0.128144 -0.900266 0)
(-0.227579 -0.689531 0)
(-0.309036 -0.557161 0)
(-0.352691 -0.47774 0)
(-0.341758 -0.396702 0)
(-0.291862 -0.272804 0)
(-0.237377 -0.117248 0)
(-0.204773 0.00968259 0)
(-0.198564 0.0623192 0)
(-0.197081 0.0479217 0)
(-0.173752 0.016515 0)
(-0.12859 0.0218818 0)
(-0.086723 0.0643604 0)
(-0.0757096 0.101205 0)
(-0.099938 0.0935664 0)
(-0.132855 0.0427926 0)
(-0.142423 -0.0181731 0)
(-0.120625 -0.0458036 0)
(-0.0900022 -0.0326478 0)
(-0.0836946 -0.00303337 0)
(-0.112093 0.00292067 0)
(-0.15056 -0.0243783 0)
(-0.164335 -0.0599396 0)
(-0.143953 -0.0700689 0)
(-0.111552 -0.0404626 0)
(-0.100694 0.0103622 0)
(-0.122643 0.051292 0)
(-0.146291 0.0683823 0)
(-0.137939 0.0742604 0)
(-0.0992835 0.0838488 0)
(-0.0490914 0.10568 0)
(-0.0180532 0.14605 0)
(0.010081 0.165527 0)
(0.264364 1.9111 0)
(0.689252 1.94066 0)
(0.984133 1.52516 0)
(1.10377 1.03122 0)
(1.08423 0.508225 0)
(0.963771 -0.0097858 0)
(0.763632 -0.462688 0)
(0.521755 -0.806717 0)
(0.286686 -1.00242 0)
(0.0833571 -1.03593 0)
(-0.0716276 -0.938777 0)
(-0.173364 -0.778555 0)
(-0.228587 -0.627528 0)
(-0.252969 -0.524109 0)
(-0.26087 -0.457916 0)
(-0.256569 -0.390783 0)
(-0.240999 -0.292655 0)
(-0.215227 -0.169611 0)
(-0.182255 -0.0595235 0)
(-0.147701 0.00218642 0)
(-0.118177 0.0118793 0)
(-0.0957228 0.00273339 0)
(-0.0785621 0.00936146 0)
(-0.0645808 0.0420689 0)
(-0.0520927 0.0763383 0)
(-0.0424058 0.0802858 0)
(-0.0384609 0.0446284 0)
(-0.0400718 -0.0056026 0)
(-0.045015 -0.035945 0)
(-0.0507755 -0.0298112 0)
(-0.0557248 -0.00552819 0)
(-0.0597785 0.00493 0)
(-0.064308 -0.0135116 0)
(-0.0712879 -0.0459679 0)
(-0.0788299 -0.0614036 0)
(-0.083999 -0.0404773 0)
(-0.0868689 0.00429417 0)
(-0.0875185 0.0429471 0)
(-0.0818697 0.0586995 0)
(-0.0690074 0.0577344 0)
(-0.0559232 0.0594146 0)
(-0.0444781 0.0784514 0)
(-0.0327044 0.114986 0)
(-0.00443145 0.131372 0)
(0.153157 1.33511 0)
(0.449561 1.41372 0)
(0.684352 1.1873 0)
(0.82879 0.885316 0)
(0.876841 0.535304 0)
(0.835974 0.168779 0)
(0.724223 -0.180803 0)
(0.560044 -0.463391 0)
(0.371857 -0.650178 0)
(0.192462 -0.72848 0)
(0.0448316 -0.714613 0)
(-0.0602121 -0.646646 0)
(-0.125854 -0.565193 0)
(-0.162961 -0.495106 0)
(-0.182654 -0.436753 0)
(-0.19183 -0.374719 0)
(-0.190919 -0.296287 0)
(-0.177766 -0.205589 0)
(-0.152757 -0.12178 0)
(-0.121158 -0.0635206 0)
(-0.0912709 -0.0342929 0)
(-0.0683965 -0.0202956 0)
(-0.0515708 -0.0039488 0)
(-0.0364488 0.0203947 0)
(-0.0206267 0.0426264 0)
(-0.00485553 0.0475423 0)
(0.00681423 0.0309692 0)
(0.0102931 0.00481195 0)
(0.00614874 -0.0131203 0)
(-0.00087135 -0.013836 0)
(-0.00580861 -0.00480467 0)
(-0.00794194 -0.000853933 0)
(-0.0108865 -0.0106397 0)
(-0.0181662 -0.0269243 0)
(-0.0290528 -0.0337322 0)
(-0.0397137 -0.0215669 0)
(-0.0462067 0.00412843 0)
(-0.0467703 0.0286975 0)
(-0.0425952 0.0425448 0)
(-0.0368572 0.0476171 0)
(-0.0325773 0.0537916 0)
(-0.0282142 0.0686553 0)
(-0.0214561 0.0903016 0)
(-0.00367128 0.0941639 0)
(0.0860182 0.91936 0)
(0.27608 0.997725 0)
(0.437121 0.874325 0)
(0.559888 0.696665 0)
(0.630477 0.477944 0)
(0.643336 0.237892 0)
(0.602662 0.000857914 0)
(0.518146 -0.207984 0)
(0.406347 -0.363951 0)
(0.286889 -0.458739 0)
(0.175762 -0.496314 0)
(0.0837458 -0.49255 0)
(0.0137456 -0.466384 0)
(-0.037102 -0.431282 0)
(-0.0732833 -0.391277 0)
(-0.0978689 -0.343777 0)
(-0.111262 -0.286518 0)
(-0.112911 -0.223064 0)
(-0.103718 -0.162226 0)
(-0.0871315 -0.112519 0)
(-0.0681113 -0.0766331 0)
(-0.0504203 -0.050549 0)
(-0.0348223 -0.0281357 0)
(-0.0199288 -0.00702893 0)
(-0.00472784 0.0096066 0)
(0.00967968 0.0170249 0)
(0.0205398 0.0140054 0)
(0.0258208 0.00545148 0)
(0.0259609 -0.00160228 0)
(0.0233529 -0.00304076 0)
(0.0204268 -0.000907945 0)
(0.0176452 -0.000238357 0)
(0.0136543 -0.00384122 0)
(0.00717812 -0.00892355 0)
(-0.00149391 -0.00980483 0)
(-0.0103232 -0.00282271 0)
(-0.0168473 0.0102941 0)
(-0.0196715 0.0242839 0)
(-0.019571 0.0349795 0)
(-0.0185311 0.0426999 0)
(-0.0175014 0.050555 0)
(-0.015214 0.0609311 0)
(-0.0116058 0.0723665 0)
(-0.00191746 0.0700573 0)
(0.0496749 0.624418 0)
(0.169362 0.686507 0)
(0.272664 0.61674 0)
(0.359892 0.513273 0)
(0.421124 0.382401 0)
(0.450518 0.234712 0)
(0.447199 0.0835036 0)
(0.415274 -0.0571966 0)
(0.360765 -0.173719 0)
(0.293963 -0.25942 0)
(0.225519 -0.313718 0)
(0.161199 -0.340835 0)
(0.104777 -0.347528 0)
(0.0574891 -0.339801 0)
(0.0190334 -0.321174 0)
(-0.0109126 -0.293177 0)
(-0.0321875 -0.257263 0)
(-0.0446544 -0.216374 0)
(-0.0489148 -0.174846 0)
(-0.0467032 -0.136713 0)
(-0.0403212 -0.104051 0)
(-0.0318834 -0.0766506 0)
(-0.0226444 -0.0532721 0)
(-0.0128239 -0.0333583 0)
(-0.00281276 -0.0176646 0)
(0.00651467 -0.00729584 0)
(0.0140331 -0.00220092 0)
(0.0187459 -0.000599834 0)
(0.0205942 2.4746e-05 0)
(0.0204117 0.00131482 0)
(0.0191666 0.00315239 0)
(0.017141 0.00440234 0)
(0.0140164 0.00459186 0)
(0.00954938 0.00467815 0)
(0.0040464 0.00647631 0)
(-0.00153834 0.0111794 0)
(-0.00601877 0.0183998 0)
(-0.00882753 0.0265542 0)
(-0.010176 0.034188 0)
(-0.0105454 0.0410087 0)
(-0.0101729 0.0476175 0)
(-0.00861983 0.0543729 0)
(-0.00640054 0.0604513 0)
(-0.0010349 0.0559524 0)
(0.0297861 0.414675 0)
(0.105166 0.459379 0)
(0.170231 0.419094 0)
(0.227778 0.359185 0)
(0.271925 0.28292 0)
(0.299215 0.195645 0)
(0.308585 0.103998 0)
(0.301055 0.0151607 0)
(0.280045 -0.0653524 0)
(0.248339 -0.131436 0)
(0.209922 -0.181578 0)
(0.169885 -0.215906 0)
(0.130987 -0.235927 0)
(0.0950138 -0.243676 0)
(0.0631166 -0.24104 0)
(0.0359899 -0.229685 0)
(0.0141206 -0.211371 0)
(-0.00220467 -0.188187 0)
(-0.0131153 -0.162498 0)
(-0.0192401 -0.136482 0)
(-0.0215809 -0.111688 0)
(-0.0211975 -0.088919 0)
(-0.0188673 -0.068495 0)
(-0.0152058 -0.0506248 0)
(-0.0108556 -0.0356158 0)
(-0.00641913 -0.023703 0)
(-0.00249759 -0.0147455 0)
(0.000432861 -0.00813618 0)
(0.00221577 -0.00304087 0)
(0.00297117 0.0012022 0)
(0.00290956 0.004858 0)
(0.00217113 0.00791679 0)
(0.000795976 0.0104894 0)
(-0.00113993 0.0129669 0)
(-0.00349934 0.0159201 0)
(-0.00593517 0.0197451 0)
(-0.00794498 0.0244134 0)
(-0.00922314 0.0295441 0)
(-0.00970224 0.0346961 0)
(-0.00943727 0.0396179 0)
(-0.00844848 0.0442348 0)
(-0.00667603 0.048426 0)
(-0.00452149 0.051774 0)
(-0.00088862 0.0466364 0)
(0.0182059 0.264997 0)
(0.0655043 0.295125 0)
(0.106346 0.272198 0)
(0.143513 0.238252 0)
(0.173768 0.194993 0)
(0.195135 0.145022 0)
(0.206924 0.0914569 0)
(0.209208 0.0376809 0)
(0.202711 -0.0131101 0)
(0.188944 -0.0586253 0)
(0.16977 -0.0965391 0)
(0.147072 -0.126112 0)
(0.122704 -0.147197 0)
(0.0981395 -0.160141 0)
(0.0745657 -0.165612 0)
(0.0529026 -0.164494 0)
(0.0338519 -0.15786 0)
(0.0179042 -0.146954 0)
(0.00507464 -0.133065 0)
(-0.0047503 -0.117442 0)
(-0.0117154 -0.101142 0)
(-0.0162941 -0.084971 0)
(-0.0189332 -0.069514 0)
(-0.0200287 -0.0551962 0)
(-0.0200044 -0.0423243 0)
(-0.0192672 -0.0310826 0)
(-0.0181689 -0.0214867 0)
(-0.0169965 -0.0133936 0)
(-0.0159547 -0.00656649 0)
(-0.0151184 -0.000761639 0)
(-0.0144856 0.00421522 0)
(-0.0140757 0.0085175 0)
(-0.0138936 0.0123059 0)
(-0.0139137 0.0157761 0)
(-0.0140268 0.0191232 0)
(-0.0140696 0.0225198 0)
(-0.0139004 0.0260177 0)
(-0.0133727 0.0295564 0)
(-0.0124099 0.0330227 0)
(-0.0109929 0.0362955 0)
(-0.00910065 0.0392578 0)
(-0.00677212 0.041775 0)
(-0.00421101 0.0436501 0)
(-0.00105195 0.0386886 0)
(0.0117342 0.162125 0)
(0.0428398 0.181101 0)
(0.0697282 0.168316 0)
(0.0947505 0.149449 0)
(0.116104 0.125372 0)
(0.132526 0.0973333 0)
(0.143513 0.0668162 0)
(0.148938 0.0354296 0)
(0.149138 0.00475901 0)
(0.144687 -0.0238309 0)
(0.136035 -0.0491624 0)
(0.123976 -0.0703732 0)
(0.109647 -0.0870133 0)
(0.0939882 -0.0989267 0)
(0.0778429 -0.106214 0)
(0.0619481 -0.109188 0)
(0.0469085 -0.108331 0)
(0.0331812 -0.104252 0)
(0.0210544 -0.0976279 0)
(0.010678 -0.0891478 0)
(0.00208887 -0.0794602 0)
(-0.00482089 -0.0691353 0)
(-0.0101959 -0.0586387 0)
(-0.0141995 -0.0483623 0)
(-0.0170669 -0.0386016 0)
(-0.0190102 -0.0295589 0)
(-0.0202021 -0.0213487 0)
(-0.0208317 -0.0140085 0)
(-0.0210691 -0.00751218 0)
(-0.0210262 -0.0017982 0)
(-0.0207827 0.00321189 0)
(-0.0203835 0.00760911 0)
(-0.019882 0.0114925 0)
(-0.0192957 0.0149702 0)
(-0.0185635 0.0181336 0)
(-0.0176272 0.0210599 0)
(-0.0164616 0.0238032 0)
(-0.0150451 0.0263757 0)
(-0.0133539 0.0287588 0)
(-0.0113796 0.0309121 0)
(-0.00911137 0.0327794 0)
(-0.00660663 0.034291 0)
(-0.00396428 0.0353649 0)
(-0.00110643 0.0310817 0)
(0.0084305 0.0966097 0)
(0.0312488 0.107928 0)
(0.0509715 0.100636 0)
(0.0696781 0.0898972 0)
(0.0862823 0.0761652 0)
(0.0998541 0.0600793 0)
(0.110052 0.0424009 0)
(0.116688 0.023966 0)
(0.119785 0.0056215 0)
(0.119521 -0.0118388 0)
(0.116199 -0.0278053 0)
(0.110239 -0.041668 0)
(0.102148 -0.053058 0)
(0.0924823 -0.061756 0)
(0.0817906 -0.0676989 0)
(0.0705849 -0.070964 0)
(0.0593203 -0.0717463 0)
(0.0483801 -0.0703315 0)
(0.0380653 -0.0670667 0)
(0.0285902 -0.0623299 0)
(0.0200886 -0.0565021 0)
(0.0126279 -0.0499445 0)
(0.0062164 -0.0429838 0)
(0.000810586 -0.0359038 0)
(-0.00365717 -0.0289403 0)
(-0.00726974 -0.0222661 0)
(-0.0101294 -0.0160084 0)
(-0.012342 -0.0102486 0)
(-0.0139728 -0.00502225 0)
(-0.0151092 -0.000333867 0)
(-0.0158514 0.00383496 0)
(-0.0162364 0.0075209 0)
(-0.0162976 0.0107744 0)
(-0.0160742 0.0136476 0)
(-0.0155865 0.0162056 0)
(-0.0148416 0.0185021 0)
(-0.0138471 0.0205642 0)
(-0.0126087 0.0224119 0)
(-0.0111309 0.0240533 0)
(-0.00942559 0.0254817 0)
(-0.00750161 0.0266787 0)
(-0.00542439 0.0276156 0)
(-0.00325251 0.0282605 0)
(-0.00094582 0.0247472 0)
(0.00660619 0.0542979 0)
(0.0249165 0.0604566 0)
(0.0405987 0.0561801 0)
(0.0557223 0.0498968 0)
(0.0695495 0.0418533 0)
(0.0813041 0.0324112 0)
(0.0907365 0.0220029 0)
(0.0976624 0.011099 0)
(0.102006 0.000183035 0)
(0.10381 -0.0102894 0)
(0.103254 -0.0199264 0)
(0.100571 -0.0284061 0)
(0.0960387 -0.0354538 0)
(0.090002 -0.0409005 0)
(0.0828063 -0.0446732 0)
(0.0748012 -0.0467833 0)
(0.0663218 -0.047318 0)
(0.0576725 -0.0464247 0)
(0.0491139 -0.0442934 0)
(0.0408571 -0.0411441 0)
(0.0330661 -0.0372073 0)
(0.025862 -0.0327096 0)
(0.0193227 -0.0278674 0)
(0.0134838 -0.0228754 0)
(0.00834898 -0.0179008 0)
(0.00390342 -0.0130802 0)
(0.000117876 -0.00851571 0)
(-0.0030443 -0.0042773 0)
(-0.00562937 -0.000411402 0)
(-0.00769572 0.00306451 0)
(-0.00926436 0.00615337 0)
(-0.0103731 0.00887951 0)
(-0.0110917 0.0112709 0)
(-0.0114486 0.0133591 0)
(-0.0114465 0.0151846 0)
(-0.0111303 0.0167689 0)
(-0.0105548 0.0181503 0)
(-0.00972593 0.0193574 0)
(-0.00865358 0.020405 0)
(-0.00736331 0.0212983 0)
(-0.00587933 0.0220338 0)
(-0.00427001 0.0226 0)
(-0.0025866 0.022986 0)
(-0.00075814 0.0201006 0)
(0.00524781 0.0250533 0)
(0.0203316 0.0275878 0)
(0.0328531 0.0251283 0)
(0.0451453 0.0215405 0)
(0.056615 0.016959 0)
(0.0665843 0.0115992 0)
(0.074841 0.00571722 0)
(0.0812168 -0.000419502 0)
(0.0856449 -0.00652534 0)
(0.0881059 -0.012341 0)
(0.0886322 -0.0176203 0)
(0.0873977 -0.0221312 0)
(0.0846098 -0.025764 0)
(0.0804587 -0.0284288 0)
(0.0751757 -0.0300784 0)
(0.0690171 -0.0307151 0)
(0.062241 -0.0303953 0)
(0.0550957 -0.0292067 0)
(0.0478009 -0.0272588 0)
(0.0405517 -0.0246988 0)
(0.0335204 -0.0216733 0)
(0.0268391 -0.0183091 0)
(0.0206068 -0.0147493 0)
(0.014905 -0.0111259 0)
(0.0097574 -0.00755226 0)
(0.0051756 -0.00411933 0)
(0.00118298 -0.000896054 0)
(-0.00224593 0.00207187 0)
(-0.00513345 0.00475465 0)
(-0.00747922 0.00713983 0)
(-0.0092801 0.00922361 0)
(-0.0105763 0.0110038 0)
(-0.011433 0.0125318 0)
(-0.011879 0.0137919 0)
(-0.0119626 0.0148602 0)
(-0.0117056 0.0157513 0)
(-0.0111043 0.0164967 0)
(-0.0101994 0.0171257 0)
(-0.00903453 0.0176603 0)
(-0.00764981 0.0181187 0)
(-0.00608051 0.0184949 0)
(-0.00438922 0.0187831 0)
(-0.00263291 0.0189808 0)
(-0.000764361 0.0165831 0)
(0.00379707 0.00490615 0)
(0.0156291 0.00492621 0)
(0.0249098 0.0035649 0)
(0.0342881 0.00165621 0)
(0.0430992 -0.000722001 0)
(0.050661 -0.00342903 0)
(0.0568384 -0.00630308 0)
(0.0615628 -0.00917651 0)
(0.0647546 -0.0119285 0)
(0.0663675 -0.0144234 0)
(0.0665164 -0.0165323 0)
(0.0651901 -0.0181502 0)
(0.0624287 -0.0192229 0)
(0.058475 -0.0197188 0)
(0.0535402 -0.0196303 0)
(0.0478296 -0.0189613 0)
(0.0415744 -0.0178095 0)
(0.0349885 -0.0162044 0)
(0.0282381 -0.0141994 0)
(0.0215146 -0.0118722 0)
(0.0150326 -0.00931945 0)
(0.00891763 -0.00667008 0)
(0.00322191 -0.00401085 0)
(-0.00201134 -0.00141578 0)
(-0.00670139 0.00105262 0)
(-0.0107839 0.00334383 0)
(-0.0142519 0.00542024 0)
(-0.0171 0.00726 0)
(-0.0193388 0.00885679 0)
(-0.0209973 0.010212 0)
(-0.0221141 0.0113345 0)
(-0.0226759 0.0122346 0)
(-0.0227661 0.0129381 0)
(-0.0223891 0.0134752 0)
(-0.0215198 0.0138418 0)
(-0.0202701 0.014088 0)
(-0.0186733 0.0142432 0)
(-0.0167496 0.0143329 0)
(-0.0145299 0.0143867 0)
(-0.0120865 0.0144261 0)
(-0.00948273 0.0144617 0)
(-0.00676323 0.0145006 0)
(-0.00399624 0.0145415 0)
(-0.0011887 0.0127062 0)
(0.00213831 -0.00717752 0)
(0.010155 -0.00858311 0)
(0.0154734 -0.00925786 0)
(0.0210677 -0.0100576 0)
(0.0262787 -0.0109428 0)
(0.0305035 -0.0118285 0)
(0.0336442 -0.0126235 0)
(0.0355532 -0.013246 0)
(0.0361351 -0.0136564 0)
(0.0354121 -0.0138085 0)
(0.0334386 -0.0136793 0)
(0.0302705 -0.0133032 0)
(0.0260281 -0.0126213 0)
(0.0208832 -0.0116361 0)
(0.0149819 -0.0103669 0)
(0.00847182 -0.00886669 0)
(0.0016717 -0.00713918 0)
(-0.00519787 -0.00523552 0)
(-0.0119842 -0.00325097 0)
(-0.0185047 -0.00122526 0)
(-0.02472 0.000782331 0)
(-0.0305082 0.00269301 0)
(-0.0357175 0.00445819 0)
(-0.0402576 0.00604126 0)
(-0.0440671 0.00741617 0)
(-0.0471067 0.00856319 0)
(-0.0493611 0.00947275 0)
(-0.0508298 0.0101458 0)
(-0.0515293 0.0105941 0)
(-0.0514907 0.0108381 0)
(-0.0507528 0.0109084 0)
(-0.049351 0.0108492 0)
(-0.0473507 0.0106607 0)
(-0.0448445 0.0104246 0)
(-0.0418774 0.0101238 0)
(-0.0384834 0.00979456 0)
(-0.0347199 0.00946822 0)
(-0.0306254 0.00916476 0)
(-0.0262331 0.0088876 0)
(-0.0216027 0.00862827 0)
(-0.0167967 0.00843119 0)
(-0.0118715 0.00830268 0)
(-0.00692158 0.00824353 0)
(-0.00209873 0.0072188 0)
(0.000145212 -0.0120642 0)
(0.0034642 -0.013919 0)
(0.00386384 -0.0141485 0)
(0.00475097 -0.014163 0)
(0.00536581 -0.0139646 0)
(0.00512819 -0.0135341 0)
(0.00398399 -0.0128602 0)
(0.00180452 -0.0119513 0)
(-0.00148155 -0.0107979 0)
(-0.00577811 -0.00942695 0)
(-0.0109911 -0.00787733 0)
(-0.017069 -0.00619273 0)
(-0.0238293 -0.00440892 0)
(-0.0310236 -0.0025584 0)
(-0.038501 -0.000678306 0)
(-0.0461471 0.0011717 0)
(-0.053842 0.00308495 0)
(-0.0614159 0.0048949 0)
(-0.0686677 0.00655087 0)
(-0.075434 0.00800138 0)
(-0.081599 0.00921405 0)
(-0.0870479 0.0101923 0)
(-0.0916645 0.0109124 0)
(-0.0953625 0.0113575 0)
(-0.0980859 0.0115226 0)
(-0.099801 0.0114141 0)
(-0.10049 0.0110478 0)
(-0.100153 0.0104481 0)
(-0.098809 0.00964746 0)
(-0.0964881 0.00868461 0)
(-0.0932278 0.00760288 0)
(-0.0890963 0.00644866 0)
(-0.0841574 0.00526165 0)
(-0.0784746 0.00409528 0)
(-0.0721614 0.00301476 0)
(-0.0653661 0.00204718 0)
(-0.0582121 0.00120582 0)
(-0.0507853 0.000499283 0)
(-0.0431727 -7.5442e-05 0)
(-0.0353958 -0.00052382 0)
(-0.0274547 -0.000845322 0)
(-0.0193885 -0.00105395 0)
(-0.0113054 -0.00115613 0)
(-0.00350056 -0.00101859 0)
(-0.00216599 -0.0109435 0)
(-0.00430985 -0.0125418 0)
(-0.00964398 -0.0125283 0)
(-0.0142974 -0.0120039 0)
(-0.0191598 -0.0110335 0)
(-0.0247931 -0.00967478 0)
(-0.0311563 -0.00799099 0)
(-0.0382113 -0.00605195 0)
(-0.0459678 -0.00391428 0)
(-0.0543072 -0.00164357 0)
(-0.0629939 0.000685793 0)
(-0.071868 0.00300297 0)
(-0.08091 0.0052524 0)
(-0.0900567 0.00738956 0)
(-0.0991035 0.00937001 0)
(-0.107813 0.011169 0)
(-0.116147 0.0127205 0)
(-0.124065 0.0140276 0)
(-0.131381 0.0150297 0)
(-0.137981 0.0156982 0)
(-0.143763 0.0160176 0)
(-0.148632 0.0159812 0)
(-0.1525 0.0155857 0)
(-0.155298 0.0148349 0)
(-0.156974 0.0137419 0)
(-0.157485 0.012332 0)
(-0.156804 0.0106379 0)
(-0.154911 0.00870103 0)
(-0.151803 0.00656986 0)
(-0.14748 0.00430015 0)
(-0.141934 0.00195273 0)
(-0.135242 -0.000414415 0)
(-0.127533 -0.00273245 0)
(-0.118883 -0.00493441 0)
(-0.109354 -0.00695751 0)
(-0.0990075 -0.00875317 0)
(-0.0879778 -0.010288 0)
(-0.0764662 -0.0115423 0)
(-0.0646574 -0.0125031 0)
(-0.0526892 -0.0131711 0)
(-0.0406611 -0.0136003 0)
(-0.0286132 -0.01384 0)
(-0.0166338 -0.0139341 0)
(-0.00519721 -0.0123062 0)
(-0.00475348 -0.0043876 0)
(-0.0130088 -0.00514201 0)
(-0.0247359 -0.00499663 0)
(-0.0355974 -0.00410346 0)
(-0.0465508 -0.00264303 0)
(-0.0580288 -0.000784552 0)
(-0.0697916 0.00135232 0)
(-0.0815872 0.00365715 0)
(-0.0932144 0.00604457 0)
(-0.104596 0.00844769 0)
(-0.115724 0.0108017 0)
(-0.126464 0.0130432 0)
(-0.13672 0.0151195 0)
(-0.146475 0.0169903 0)
(-0.155668 0.0186198 0)
(-0.164211 0.0199782 0)
(-0.172036 0.0209495 0)
(-0.179176 0.0215921 0)
(-0.185617 0.0218532 0)
(-0.191253 0.0217052 0)
(-0.196029 0.0211345 0)
(-0.199894 0.0201358 0)
(-0.202796 0.0187112 0)
(-0.204684 0.016873 0)
(-0.205511 0.0146416 0)
(-0.205232 0.0120498 0)
(-0.203802 0.00913612 0)
(-0.201177 0.00594904 0)
(-0.197316 0.00254218 0)
(-0.192177 -0.00102086 0)
(-0.185762 -0.00467003 0)
(-0.178016 -0.00833276 0)
(-0.168901 -0.0119263 0)
(-0.158461 -0.0153651 0)
(-0.146701 -0.0185591 0)
(-0.133652 -0.0214263 0)
(-0.119419 -0.0238891 0)
(-0.104197 -0.0258855 0)
(-0.0882384 -0.0273743 0)
(-0.0718268 -0.0283563 0)
(-0.0552672 -0.0288803 0)
(-0.0387412 -0.0290594 0)
(-0.0224371 -0.029022 0)
(-0.00704209 -0.025744 0)
(-0.00760801 0.00680973 0)
(-0.0226078 0.00734338 0)
(-0.0413896 0.00753995 0)
(-0.0589953 0.00851715 0)
(-0.0761098 0.00999248 0)
(-0.0928444 0.011671 0)
(-0.108798 0.0134377 0)
(-0.12378 0.0152256 0)
(-0.137554 0.0170126 0)
(-0.15005 0.0187673 0)
(-0.161375 0.0204578 0)
(-0.171604 0.0220505 0)
(-0.180802 0.0234967 0)
(-0.189062 0.0247516 0)
(-0.19646 0.0257689 0)
(-0.203051 0.0265079 0)
(-0.208871 0.0269137 0)
(-0.213982 0.0269122 0)
(-0.218428 0.0265185 0)
(-0.222199 0.0256948 0)
(-0.225286 0.0244202 0)
(-0.227678 0.0226858 0)
(-0.229357 0.0204912 0)
(-0.230299 0.0178479 0)
(-0.230472 0.0147737 0)
(-0.229836 0.0113 0)
(-0.228346 0.00746096 0)
(-0.225943 0.00330172 0)
(-0.22256 -0.00112988 0)
(-0.218113 -0.00577469 0)
(-0.212517 -0.0105687 0)
(-0.205643 -0.0154338 0)
(-0.197344 -0.0202937 0)
(-0.187501 -0.0250611 0)
(-0.17598 -0.0296304 0)
(-0.16266 -0.0338886 0)
(-0.147477 -0.0377048 0)
(-0.130459 -0.0409441 0)
(-0.111764 -0.0434733 0)
(-0.0917012 -0.0452041 0)
(-0.0708209 -0.0460915 0)
(-0.0495579 -0.0462863 0)
(-0.0285768 -0.0459725 0)
(-0.00898218 -0.0409164 0)
(-0.0109325 0.0219793 0)
(-0.0335432 0.0240598 0)
(-0.0599495 0.0240591 0)
(-0.0843064 0.0243685 0)
(-0.10649 0.0249312 0)
(-0.126642 0.0253808 0)
(-0.144237 0.0257629 0)
(-0.15933 0.0261229 0)
(-0.172009 0.0265564 0)
(-0.182503 0.0270888 0)
(-0.191143 0.0277043 0)
(-0.198242 0.028363 0)
(-0.204059 0.0290028 0)
(-0.208818 0.0295586 0)
(-0.212703 0.0299593 0)
(-0.215857 0.0301444 0)
(-0.218397 0.0300482 0)
(-0.220421 0.0296079 0)
(-0.222007 0.028779 0)
(-0.223201 0.0275358 0)
(-0.224038 0.0258492 0)
(-0.224547 0.0237041 0)
(-0.224741 0.0210922 0)
(-0.224628 0.0180212 0)
(-0.2242 0.0144995 0)
(-0.22344 0.0105534 0)
(-0.222319 0.00620553 0)
(-0.220788 0.00149135 0)
(-0.218771 -0.00355441 0)
(-0.216172 -0.00888958 0)
(-0.212877 -0.0144676 0)
(-0.208703 -0.0202354 0)
(-0.203432 -0.0261325 0)
(-0.196812 -0.0320959 0)
(-0.18854 -0.0380353 0)
(-0.178271 -0.0438422 0)
(-0.165641 -0.0493615 0)
(-0.150312 -0.0544037 0)
(-0.132068 -0.0587194 0)
(-0.110846 -0.062063 0)
(-0.0872203 -0.0641035 0)
(-0.0615372 -0.0649216 0)
(-0.0355832 -0.0643785 0)
(-0.0112398 -0.0574968 0)
(-0.0154229 0.0407462 0)
(-0.0470508 0.0440566 0)
(-0.0809181 0.0431244 0)
(-0.110687 0.0412571 0)
(-0.134691 0.0395538 0)
(-0.154373 0.037574 0)
(-0.169471 0.0357037 0)
(-0.180776 0.0340469 0)
(-0.188878 0.0327611 0)
(-0.194406 0.0318793 0)
(-0.197931 0.0313587 0)
(-0.19994 0.0311136 0)
(-0.200807 0.0310342 0)
(-0.20082 0.03102 0)
(-0.200198 0.0309677 0)
(-0.199113 0.0307922 0)
(-0.197707 0.0304107 0)
(-0.196099 0.0297508 0)
(-0.194378 0.0287488 0)
(-0.192614 0.027368 0)
(-0.190877 0.0255721 0)
(-0.189229 0.023342 0)
(-0.187711 0.0206609 0)
(-0.186367 0.0175338 0)
(-0.185222 0.0139582 0)
(-0.184296 0.00995517 0)
(-0.183595 0.00553445 0)
(-0.183098 0.000719819 0)
(-0.182765 -0.00447052 0)
(-0.182531 -0.0100176 0)
(-0.182297 -0.0158981 0)
(-0.181893 -0.0220976 0)
(-0.1811 -0.0285866 0)
(-0.17962 -0.0353488 0)
(-0.177058 -0.0423408 0)
(-0.172905 -0.0495095 0)
(-0.166523 -0.056742 0)
(-0.15713 -0.0638761 0)
(-0.143942 -0.0706078 0)
(-0.125986 -0.0765986 0)
(-0.10342 -0.0810544 0)
(-0.0751401 -0.0839531 0)
(-0.0448262 -0.0837884 0)
(-0.014578 -0.0755472 0)
(-0.0223216 0.0632859 0)
(-0.0645827 0.065997 0)
(-0.10297 0.062636 0)
(-0.134369 0.0563953 0)
(-0.154541 0.0510915 0)
(-0.168593 0.0458282 0)
(-0.1767 0.0413494 0)
(-0.180742 0.0376176 0)
(-0.181688 0.034741 0)
(-0.180434 0.0326618 0)
(-0.17763 0.0312583 0)
(-0.173784 0.0303757 0)
(-0.169249 0.0298376 0)
(-0.164271 0.0294999 0)
(-0.159035 0.0292276 0)
(-0.153681 0.0289147 0)
(-0.148332 0.028465 0)
(-0.143097 0.0277946 0)
(-0.138064 0.0268421 0)
(-0.133316 0.0255524 0)
(-0.128944 0.0238872 0)
(-0.125032 0.0218272 0)
(-0.121656 0.0193492 0)
(-0.118893 0.0164585 0)
(-0.116809 0.0131435 0)
(-0.115466 0.00942236 0)
(-0.114918 0.00529421 0)
(-0.115193 0.00077251 0)
(-0.11631 -0.00413917 0)
(-0.118265 -0.00943935 0)
(-0.121022 -0.0151305 0)
(-0.124483 -0.0212311 0)
(-0.128501 -0.0277491 0)
(-0.132844 -0.0347259 0)
(-0.13716 -0.0421846 0)
(-0.140937 -0.0501668 0)
(-0.143454 -0.0586652 0)
(-0.14364 -0.0676555 0)
(-0.140282 -0.0769116 0)
(-0.131155 -0.0862449 0)
(-0.115854 -0.0943885 0)
(-0.089284 -0.10161 0)
(-0.0580792 -0.103321 0)
(-0.0203408 -0.0957529 0)
(-0.032784 0.0901993 0)
(-0.0865408 0.0876516 0)
(-0.121462 0.0796985 0)
(-0.148116 0.0668553 0)
(-0.157441 0.0572808 0)
(-0.161017 0.048684 0)
(-0.158806 0.04197 0)
(-0.153693 0.0366746 0)
(-0.146584 0.0327493 0)
(-0.138335 0.0299723 0)
(-0.129424 0.028122 0)
(-0.120198 0.0269632 0)
(-0.110863 0.0262654 0)
(-0.101545 0.0258499 0)
(-0.0923344 0.0255625 0)
(-0.0833055 0.0252874 0)
(-0.0745404 0.0249249 0)
(-0.066123 0.0243897 0)
(-0.0581332 0.0236208 0)
(-0.0506669 0.0225614 0)
(-0.0438231 0.0211721 0)
(-0.0377153 0.0194375 0)
(-0.0324455 0.0173304 0)
(-0.0281275 0.0148594 0)
(-0.0248699 0.0120071 0)
(-0.0227757 0.00879064 0)
(-0.0219533 0.00520322 0)
(-0.0224839 0.00125091 0)
(-0.024454 -0.00306901 0)
(-0.0279314 -0.00777438 0)
(-0.0329684 -0.0128734 0)
(-0.0395708 -0.0184155 0)
(-0.0477174 -0.0244354 0)
(-0.0573225 -0.0310231 0)
(-0.0682035 -0.0382636 0)
(-0.0800202 -0.0462987 0)
(-0.0922405 -0.0552517 0)
(-0.103821 -0.065315 0)
(-0.113631 -0.0764666 0)
(-0.118305 -0.0890046 0)
(-0.117663 -0.101399 0)
(-0.0996039 -0.115231 0)
(-0.0760866 -0.121087 0)
(-0.0297496 -0.119221 0)
(-0.0462692 0.121722 0)
(-0.110216 0.105589 0)
(-0.127657 0.0909526 0)
(-0.142005 0.0704021 0)
(-0.134333 0.0570687 0)
(-0.124674 0.0460548 0)
(-0.111133 0.0381088 0)
(-0.0971231 0.0321385 0)
(-0.0828785 0.0278966 0)
(-0.0689055 0.0249928 0)
(-0.0552885 0.0231266 0)
(-0.042087 0.022009 0)
(-0.0292848 0.0213831 0)
(-0.0168499 0.0210576 0)
(-0.00476868 0.0208783 0)
(0.0069589 0.0207325 0)
(0.0182946 0.0205301 0)
(0.0291776 0.020188 0)
(0.0395337 0.0196528 0)
(0.0492532 0.0188748 0)
(0.0582263 0.0178164 0)
(0.0663125 0.016468 0)
(0.0733816 0.0148016 0)
(0.0792862 0.0128297 0)
(0.0838786 0.0105331 0)
(0.0870182 0.00792831 0)
(0.0885483 0.00500731 0)
(0.0883393 0.00177142 0)
(0.086242 -0.00178189 0)
(0.0821244 -0.00568295 0)
(0.0758482 -0.00993742 0)
(0.0672971 -0.0146116 0)
(0.0563576 -0.019752 0)
(0.0429375 -0.025475 0)
(0.0269883 -0.0319034 0)
(0.00856222 -0.0392506 0)
(-0.0122161 -0.0477438 0)
(-0.0346471 -0.0577899 0)
(-0.0583573 -0.0696103 0)
(-0.0793588 -0.0842259 0)
(-0.0995645 -0.100181 0)
(-0.0976911 -0.121744 0)
(-0.0963224 -0.133994 0)
(-0.0421322 -0.146657 0)
(-0.0581568 0.156509 0)
(-0.127683 0.115756 0)
(-0.10969 0.0935414 0)
(-0.105651 0.0663774 0)
(-0.0781544 0.0509834 0)
(-0.0556731 0.0391626 0)
(-0.03242 0.0312359 0)
(-0.0117131 0.0255236 0)
(0.00735495 0.0216288 0)
(0.0248101 0.0190559 0)
(0.0410616 0.0174759 0)
(0.0563749 0.0165934 0)
(0.07099 0.0161575 0)
(0.0850806 0.0159892 0)
(0.0987489 0.0159518 0)
(0.11205 0.0159474 0)
(0.124976 0.0159005 0)
(0.137478 0.0157426 0)
(0.149482 0.0154269 0)
(0.160858 0.0149157 0)
(0.171484 0.014176 0)
(0.181191 0.0132042 0)
(0.189823 0.0119745 0)
(0.197205 0.0105017 0)
(0.203154 0.00876795 0)
(0.207502 0.00678891 0)
(0.210054 0.00455812 0)
(0.210645 0.00207422 0)
(0.20908 -0.000663101 0)
(0.205177 -0.00368401 0)
(0.198734 -0.00699526 0)
(0.189544 -0.0106609 0)
(0.177385 -0.0147271 0)
(0.162003 -0.0193121 0)
(0.14313 -0.0245469 0)
(0.120513 -0.0306696 0)
(0.0937821 -0.037953 0)
(0.0631237 -0.0469383 0)
(0.0276396 -0.0580262 0)
(-0.00870406 -0.0729118 0)
(-0.0521997 -0.090525 0)
(-0.0722236 -0.118707 0)
(-0.110884 -0.138417 0)
(-0.0524923 -0.177058 0)
(-0.0576359 0.19046 0)
(-0.124879 0.114896 0)
(-0.0553183 0.0862605 0)
(-0.0309573 0.0559964 0)
(0.0143807 0.0408667 0)
(0.0461874 0.0299771 0)
(0.075477 0.0231399 0)
(0.0994988 0.0183845 0)
(0.120419 0.0152646 0)
(0.138794 0.0132765 0)
(0.155481 0.0121184 0)
(0.171016 0.0115295 0)
(0.18581 0.011296 0)
(0.200129 0.0112694 0)
(0.214124 0.0113423 0)
(0.227877 0.0114376 0)
(0.241394 0.0114973 0)
(0.254621 0.011473 0)
(0.267477 0.0113247 0)
(0.279812 0.0110274 0)
(0.291486 0.0105545 0)
(0.302309 0.00990723 0)
(0.312102 0.00906368 0)
(0.320668 0.00803891 0)
(0.327803 0.00681847 0)
(0.333319 0.0054157 0)
(0.336999 0.00382704 0)
(0.338659 0.00204981 0)
(0.338076 8.66763e-05 0)
(0.335043 -0.00208882 0)
(0.329322 -0.00448022 0)
(0.320654 -0.00714165 0)
(0.308746 -0.0101102 0)
(0.293242 -0.0134878 0)
(0.27371 -0.0173891 0)
(0.249665 -0.0220327 0)
(0.2203 -0.0276773 0)
(0.185307 -0.0348811 0)
(0.142397 -0.0441047 0)
(0.0950317 -0.0573916 0)
(0.0310626 -0.0742846 0)
(-0.011857 -0.105333 0)
(-0.105796 -0.131599 0)
(-0.049638 -0.206518 0)
(-0.0272897 0.216241 0)
(-0.0828765 0.102012 0)
(0.0445744 0.0703518 0)
(0.0857261 0.0419001 0)
(0.142352 0.0291612 0)
(0.178037 0.0205174 0)
(0.208753 0.0153861 0)
(0.232485 0.0119245 0)
(0.252381 0.00973092 0)
(0.269365 0.00838071 0)
(0.284589 0.00763779 0)
(0.298745 0.00730286 0)
(0.312327 0.00721698 0)
(0.325633 0.00727188 0)
(0.338825 0.00739255 0)
(0.351979 0.00752429 0)
(0.365101 0.00762968 0)
(0.378123 0.00767318 0)
(0.390954 0.00762778 0)
(0.403426 0.00747807 0)
(0.415387 0.00720442 0)
(0.426632 0.00681071 0)
(0.43697 0.00628007 0)
(0.446196 0.00562553 0)
(0.454094 0.00483667 0)
(0.460473 0.00392348 0)
(0.46511 0.00288504 0)
(0.467817 0.00171816 0)
(0.46837 0.00042744 0)
(0.466557 -0.00100773 0)
(0.462135 -0.00258746 0)
(0.454831 -0.004352 0)
(0.444332 -0.00632666 0)
(0.430243 -0.00858722 0)
(0.412058 -0.0112193 0)
(0.389171 -0.014393 0)
(0.360504 -0.018313 0)
(0.325416 -0.0234501 0)
(0.28054 -0.0302171 0)
(0.228632 -0.0405457 0)
(0.152072 -0.0545267 0)
(0.0912634 -0.0834313 0)
(-0.0625477 -0.113204 0)
(-0.0162818 -0.227865 0)
(0.0546116 0.224095 0)
(0.0184234 0.079212 0)
(0.193199 0.0493317 0)
(0.242874 0.0272322 0)
(0.301492 0.0181371 0)
(0.335291 0.0123178 0)
(0.363095 0.00900544 0)
(0.383547 0.00683315 0)
(0.40021 0.00549461 0)
(0.414141 0.00469505 0)
(0.426565 0.00427681 0)
(0.438196 0.00411113 0)
(0.44952 0.00409726 0)
(0.460815 0.00416727 0)
(0.472219 0.00427581 0)
(0.48379 0.00438707 0)
(0.495522 0.00448453 0)
(0.507335 0.00454074 0)
(0.519132 0.00454104 0)
(0.530741 0.00447755 0)
(0.542009 0.00433704 0)
(0.552733 0.00412405 0)
(0.562727 0.00382687 0)
(0.571792 0.00345504 0)
(0.579723 0.00300191 0)
(0.586338 0.00247368 0)
(0.591429 0.00187107 0)
(0.594823 0.00119077 0)
(0.596315 0.000437847 0)
(0.59571 -0.000402045 0)
(0.592788 -0.00132707 0)
(0.587297 -0.00236332 0)
(0.578949 -0.00352548 0)
(0.56737 -0.00486182 0)
(0.552068 -0.00642701 0)
(0.532436 -0.00833202 0)
(0.507335 -0.0107141 0)
(0.476007 -0.0138971 0)
(0.434634 -0.018191 0)
(0.385306 -0.0250247 0)
(0.3073 -0.0348207 0)
(0.238847 -0.0571659 0)
(0.0382708 -0.08586 0)
(0.0682499 -0.231497 0)
(0.209177 0.204348 0)
(0.195054 0.0510686 0)
(0.386893 0.027999 0)
(0.434572 0.0146511 0)
(0.485739 0.00935847 0)
(0.51306 0.00619905 0)
(0.534812 0.00443574 0)
(0.55014 0.00331279 0)
(0.562354 0.00263091 0)
(0.5724 0.00223044 0)
(0.581351 0.00202471 0)
(0.589814 0.00194738 0)
(0.59819 0.00194723 0)
(0.606701 0.00198945 0)
(0.615449 0.00205174 0)
(0.624473 0.00211465 0)
(0.633757 0.00217189 0)
(0.643225 0.002208 0)
(0.652788 0.00221597 0)
(0.662295 0.00219296 0)
(0.671612 0.00213102 0)
(0.680565 0.0020339 0)
(0.688996 0.00189454 0)
(0.696737 0.00171853 0)
(0.703615 0.00150242 0)
(0.70948 0.00124876 0)
(0.714161 0.000959048 0)
(0.717517 0.000630098 0)
(0.719381 0.000266182 0)
(0.719598 -0.000141481 0)
(0.71799 -0.000590704 0)
(0.714357 -0.00109568 0)
(0.708468 -0.00166352 0)
(0.700018 -0.00231922 0)
(0.688601 -0.00309172 0)
(0.67371 -0.00403865 0)
(0.654349 -0.00523632 0)
(0.629838 -0.00685672 0)
(0.596653 -0.00909789 0)
(0.556333 -0.0127377 0)
(0.488864 -0.0183321 0)
(0.425851 -0.0317781 0)
(0.212037 -0.0543244 0)
(0.223263 -0.208169 0)
(0.450776 0.159083 0)
(0.454192 0.0250724 0)
(0.616299 0.0116182 0)
(0.651934 0.00596547 0)
(0.68799 0.00365166 0)
(0.706172 0.00239576 0)
(0.720346 0.0016856 0)
(0.730024 0.00124876 0)
(0.737617 0.000981413 0)
(0.743768 0.000823562 0)
(0.74921 0.000738875 0)
(0.754344 0.000702954 0)
(0.759438 0.000697222 0)
(0.764639 0.000708139 0)
(0.770019 0.00072796 0)
(0.775604 0.000748788 0)
(0.781384 0.000767439 0)
(0.78731 0.000779562 0)
(0.793326 0.00078176 0)
(0.799334 0.000773885 0)
(0.805249 0.000751781 0)
(0.810958 0.000717817 0)
(0.81636 0.00066869 0)
(0.821348 0.000606506 0)
(0.82581 0.000530422 0)
(0.82965 0.000440206 0)
(0.832756 0.000337763 0)
(0.83504 0.000220231 0)
(0.836393 9.06036e-05 0)
(0.836715 -5.5635e-05 0)
(0.835893 -0.000217042 0)
(0.833795 -0.000399343 0)
(0.830271 -0.000605607 0)
(0.82512 -0.00084489 0)
(0.818072 -0.00112947 0)
(0.808786 -0.00148035 0)
(0.796576 -0.0019308 0)
(0.780977 -0.00254324 0)
(0.759447 -0.00342018 0)
(0.733016 -0.00483157 0)
(0.686646 -0.00723013 0)
(0.641821 -0.0128893 0)
(0.465294 -0.026241 0)
(0.461433 -0.160496 0)
(0.7814 0.0411879 0)
(0.789482 0.00452152 0)
(0.865577 0.0017797 0)
(0.880322 0.000922545 0)
(0.894868 0.000544338 0)
(0.901968 0.000358382 0)
(0.907475 0.000249456 0)
(0.911188 0.000184658 0)
(0.914081 0.000144051 0)
(0.916385 0.000119602 0)
(0.918373 0.0001055 0)
(0.920194 9.84446e-05 0)
(0.921948 9.59891e-05 0)
(0.923696 9.60641e-05 0)
(0.925468 9.77187e-05 0)
(0.927281 9.96257e-05 0)
(0.929136 0.000101331 0)
(0.93102 0.000102391 0)
(0.93292 0.00010217 0)
(0.934808 0.000100865 0)
(0.936658 9.76157e-05 0)
(0.938437 9.2948e-05 0)
(0.940113 8.62948e-05 0)
(0.941653 7.78889e-05 0)
(0.943021 6.77856e-05 0)
(0.944188 5.56115e-05 0)
(0.945115 4.1994e-05 0)
(0.945774 2.61196e-05 0)
(0.946127 8.72437e-06 0)
(0.94614 -1.10845e-05 0)
(0.945772 -3.30132e-05 0)
(0.944976 -5.78962e-05 0)
(0.943697 -8.63323e-05 0)
(0.94186 -0.000119446 0)
(0.939363 -0.000159334 0)
(0.936079 -0.000208721 0)
(0.931742 -0.00027323 0)
(0.92618 -0.000360828 0)
(0.918371 -0.000491273 0)
(0.908752 -0.000695 0)
(0.89105 -0.00108114 0)
(0.873792 -0.00193268 0)
(0.792895 -0.00468084 0)
(0.785056 -0.0413916 0)
)
;

boundaryField
{
    movingWall
    {
        type            fixedValue;
        value           uniform (1 0 0);
    }
    fixedWalls
    {
        type            noSlip;
    }
    frontAndBack
    {
        type            empty;
    }
    defaultFaces
    {
        type            empty;
    }
}


// ************************************************************************* //
