/*--------------------------------*- C++ -*----------------------------------*\
  =========                 |
  \\      /  F ield         | OpenFOAM: The Open Source CFD Toolbox
   \\    /   O peration     | Website:  https://openfoam.org
    \\  /    A nd           | Version:  7
     \\/     M anipulation  |
\*---------------------------------------------------------------------------*/
FoamFile
{
    version     2.0;
    format      ascii;
    class       surfaceScalarField;
    location    "1.46";
    object      phi;
}
// * * * * * * * * * * * * * * * * * * * * * * * * * * * * * * * * * * * * * //

dimensions      [0 3 -1 0 0 0 0];

internalField   nonuniform List<scalar> 
3784
(
-0.00193753
0.00193753
-0.000837334
-0.0011002
0.000558441
-0.00139577
0.000644114
-8.56718e-05
0.000160712
0.000483401
-0.000750009
0.000910721
-0.00172936
0.000979356
-0.00181138
8.20171e-05
-0.000679258
-0.00113212
0.00100942
-0.00168868
0.00206782
-0.0010584
0.00186508
0.000202734
0.000724532
0.00114055
-0.00052502
0.00124955
-0.00106828
0.000543255
-0.000577982
-0.000490294
0.00053151
-0.00110949
0.00109291
-0.000561404
0.000500836
0.000592079
-0.000821528
0.00132237
-0.00195367
0.00113214
-0.00196326
9.58891e-06
-0.000600728
-0.00136254
0.0011553
-0.00175603
0.00212079
-0.000965492
0.00192703
0.00019376
0.000793521
0.00113351
-0.000507758
0.00130128
-0.00114012
0.000632357
-0.000783996
-0.00035612
0.000350409
-0.0011344
0.0010965
-0.000746094
0.000581686
0.000514817
-0.000798556
0.00138024
-0.00194758
0.00114903
-0.00181903
-0.000128556
-0.000311648
-0.00150738
0.00138247
-0.00169411
0.00211758
-0.000735114
0.00156706
0.000550523
0.00022465
0.00134241
-0.000974246
0.0011989
-0.00103162
5.73759e-05
-0.00103162
-0.00288802
0.00482555
-0.00170377
-0.00228445
0.000869975
-0.00396952
0.000912873
-0.000128573
7.56483e-05
0.00132063
-0.00074783
0.0017342
-0.00157914
0.00181066
-0.00205057
0.000553448
-0.000986775
-0.00219592
0.00133753
-0.00401298
0.00224712
-0.00196799
0.00166805
0.000781805
0.000763329
0.00204528
-0.000405076
0.00241795
-0.00135211
0.00149029
-0.000867093
-0.000975314
0.000798614
-0.0027752
0.00133843
-0.00110122
0.000363022
0.00156748
-0.000813438
0.00249883
-0.001755
0.00207371
-0.00219776
0.000452349
-0.000850593
-0.0027097
0.00156851
-0.00417513
0.00235202
-0.001749
0.00172232
0.000823454
0.00079947
0.00205636
-0.000379855
0.0024806
-0.0014274
0.00167991
-0.00116213
-0.000621392
0.000550368
-0.00284691
0.00135971
-0.00155543
0.000436518
0.001438
-0.000772894
0.00258965
-0.00175814
0.00213427
-0.0021215
0.000234805
-0.000460258
-0.00316862
0.00188088
-0.00403525
0.00223365
-0.00108789
0.00136341
0.00142077
0.000367167
0.00233865
-0.000941451
0.00250751
-0.00148436
0.000600288
-0.00251599
-0.00277431
0.00759986
-0.0023966
-0.00266216
0.000313648
-0.00667976
0.00121589
-0.00103081
0.000738253
0.00179826
-0.00011126
0.00258371
-0.0012476
0.00294701
-0.00209636
0.00140221
-0.00102476
-0.00326752
0.00150852
-0.00654626
0.00239161
-0.00285109
0.00142402
0.0017494
0.000158001
0.00331129
-0.00105443
0.00363038
-0.00181361
0.00224948
-0.000984602
-0.00180432
0.00104368
-0.00480348
0.00183618
-0.00189372
0.000990052
0.00241361
-0.000254142
0.00374302
-0.00154554
0.00336511
-0.00236236
0.00126917
-0.00104777
-0.00402429
0.00163986
-0.00686277
0.00252192
-0.00263106
0.00153242
0.00181295
0.000196999
0.00339179
-0.00106389
0.00374149
-0.0019278
0.00254382
-0.00127282
-0.00127637
0.00083007
-0.00494979
0.00186297
-0.00258833
0.00104918
0.0022518
-0.000250489
0.00388932
-0.00160237
0.00348615
-0.00230022
0.000932658
-0.000607459
-0.00486138
0.00201714
-0.00665984
0.00240919
-0.00147995
0.00115376
0.0026762
-0.000236806
0.00372922
-0.00159122
0.00386193
-0.00187997
0.000889043
-0.00439596
-0.00204139
0.00964125
-0.0025968
-0.00210675
-0.000669251
-0.00860731
0.000653541
-0.0023536
0.000749208
0.00170259
0.000328635
0.00300428
-0.000478782
0.00375442
-0.00127766
0.00220109
-0.000652733
-0.00389244
0.00105874
-0.00825774
0.00151251
-0.00330485
0.000572248
0.00268966
-0.000450888
0.00433443
-0.00116696
0.00434646
-0.00146279
0.0025453
-0.000699864
-0.00256725
0.000833327
-0.00633667
0.00150007
-0.00256047
0.00111786
0.00279582
0.000378444
0.00448244
-0.000637845
0.0043814
-0.00147283
0.00210415
-0.000760887
-0.00473624
0.00110121
-0.00872486
0.001663
-0.00319285
0.000713243
0.00276271
-0.000418464
0.0045235
-0.00121092
0.00453395
-0.00158669
0.00291959
-0.000895865
-0.0019672
0.00070477
-0.00655043
0.00149064
-0.00337421
0.00111563
0.00262681
0.000353309
0.00465164
-0.000688797
0.00452826
-0.00142582
0.00166968
-0.00043645
-0.00585075
0.00137474
-0.00847103
0.00156777
-0.00167298
0.000456818
0.00378715
-0.000649341
0.00483538
-0.00144041
0.004653
-0.0014199
0.000868527
-0.00581586
-0.00133135
0.0109726
-0.00267531
-0.000762786
-0.00180384
-0.00947878
-0.000257192
-0.00390025
0.000322889
0.00112251
0.00032236
0.00300481
-3.83312e-05
0.00411512
-0.000533698
0.00269645
-0.000286423
-0.00413971
0.000551221
-0.00909538
0.000630139
-0.00338377
-0.000114568
0.00343436
-0.000806758
0.00502662
-0.00113388
0.00467358
-0.00107202
0.00248344
-0.000391488
-0.00324778
0.000606646
-0.00733481
0.00114759
-0.00310141
0.00112052
0.00282289
0.000772024
0.00483093
0.000110154
0.00504327
-0.00058378
0.00279809
-0.000437246
-0.00488277
0.000499301
-0.00966141
0.000778331
-0.00347188
2.93619e-05
0.00351168
-0.000760942
0.0053138
-0.00117822
0.00495123
-0.00119167
0.00293304
-0.000485944
-0.00267293
0.000562357
-0.00759873
0.00109945
-0.0039113
0.00104439
0.00268187
0.000720217
0.00497582
8.15996e-05
0.00516687
-0.0005537
0.00230498
-0.000252147
-0.0061523
0.000670583
-0.00939376
0.00070175
-0.00170415
-9.78329e-05
0.00458673
-0.000839604
0.00557715
-0.00117245
0.00498584
-0.000927179
0.000623261
-0.00674303
-0.000584979
0.0115576
-0.00239799
0.00105023
-0.00276377
-0.009113
-0.00142676
-0.00523727
-0.000495816
0.000191567
-0.000170251
0.00267925
3.67097e-05
0.00390816
4.50637e-05
0.0026881
1.77712e-05
-0.00411242
7.55572e-06
-0.00908516
-0.000212676
-0.00316354
-0.000566524
0.00378821
-0.000810923
0.00527102
-0.000785501
0.00464816
-0.00053888
0.00223682
-5.17297e-05
-0.00373493
0.000366644
-0.00775318
0.000681319
-0.00341608
0.000822822
0.00268139
0.000809743
0.00484401
0.000609708
0.0052433
0.000232962
0.00317483
-0.00010694
-0.00454287
-0.000103209
-0.00966514
-8.98631e-05
-0.00348522
-0.000429056
0.00385087
-0.000753989
0.00563873
-0.000823571
0.00502081
-0.00062376
0.00273322
-4.65419e-05
-0.00325014
0.000389604
-0.00803487
0.000607068
-0.00412876
0.000709991
0.00257894
0.000736209
0.0049496
0.000597175
0.00530591
0.000238227
0.00266392
-6.85373e-05
-0.00584554
-4.34904e-05
-0.00941881
-0.000128987
-0.00161865
-0.000455182
0.00491293
-0.000699475
0.00582144
-0.000629941
0.00491631
-0.0003912
0.00038452
-0.00713423
0.000141075
0.0114165
-0.00171939
0.00291069
-0.00322508
-0.00760732
-0.00254138
-0.00592097
-0.00151359
-0.000836222
-0.000860874
0.00202653
-0.000134666
0.00318195
0.000375127
0.0021783
0.000203272
-0.00394057
-0.000546739
-0.00833515
-0.000921208
-0.00278907
-0.000816509
0.00368351
-0.000543845
0.00499836
-0.000240781
0.0043451
9.03336e-05
0.0019057
0.000303678
-0.00394827
9.78916e-05
-0.00754739
7.5756e-05
-0.00339395
0.000309363
0.00244778
0.000590139
0.00456323
0.000871508
0.00496193
0.000872246
0.00317409
0.000232646
-0.00390327
-0.00063076
-0.00880173
-0.000833884
-0.0032821
-0.000716822
0.00373381
-0.000489692
0.0054116
-0.000250147
0.00478127
5.99588e-05
0.00242312
0.000385239
-0.00357542
0.000169662
-0.0078193
-8.59175e-06
-0.00395051
0.000188823
0.00238153
0.000521577
0.00461684
0.00087684
0.00495064
0.00086545
0.00267531
0.000135234
-0.00511532
-0.00068209
-0.00860149
-0.000817051
-0.00148369
-0.0006381
0.00473398
-0.000345248
0.00552859
4.04716e-05
0.00453059
0.000191839
0.000233154
-0.0069424
0.000821386
0.0105951
-0.000684696
0.00441678
-0.00295983
-0.00533218
-0.00317669
-0.00570411
-0.00229099
-0.00172192
-0.00135971
0.00109525
-0.000298084
0.00212033
0.000539649
0.00134057
0.000215073
-0.00361599
-0.00109793
-0.00702214
-0.00153225
-0.00235476
-0.000973104
0.00312437
-0.00022862
0.00425388
0.000332058
0.00378442
0.000772588
0.00146517
0.000600314
-0.003776
-0.000213307
-0.00673377
-0.000555455
-0.0030518
-0.000219921
0.00211225
0.00030402
0.00403929
0.00100228
0.00426368
0.00137412
0.00280225
0.000559016
-0.00308817
-0.000989176
-0.00725354
-0.00143853
-0.00283275
-0.00090118
0.00319646
-0.000177244
0.00468767
0.000345111
0.00425891
0.000810239
0.00195799
0.000731796
-0.00349698
-0.000126718
-0.00696079
-0.000631676
-0.00344555
-0.000317016
0.00206687
0.000262128
0.0040377
0.00102249
0.00419028
0.00135795
0.00233985
0.000345678
-0.00410305
-0.00113933
-0.00711647
-0.00134718
-0.00127584
-0.000710623
0.00409742
2.52794e-05
0.00479269
0.000598609
0.00395726
0.000731652
0.00010011
-0.00621074
0.0014073
0.00918782
0.000584592
0.00523947
-0.0019181
-0.00282949
-0.00296687
-0.00465534
-0.00245268
-0.00223611
-0.00145708
9.96539e-05
-0.000356551
0.0010198
0.000563785
0.000420232
8.83397e-05
-0.00314055
-0.00152397
-0.00540983
-0.00196762
-0.00191111
-0.00106475
0.00222149
-2.38307e-05
0.00321296
0.000811259
0.00294933
0.00130688
0.000969551
0.000763896
-0.00323301
-0.000539284
-0.00543059
-0.00113959
-0.0024515
-0.000702457
0.00167512
7.91904e-05
0.00325764
0.00101415
0.00332872
0.0016839
0.00213249
0.000808993
-0.00221326
-0.00113981
-0.00530473
-0.00180497
-0.00216759
-0.000968654
0.00236014
4.85876e-05
0.00367043
0.00088065
0.00342685
0.00142007
0.00141857
0.000930057
-0.00300697
-0.000438049
-0.00559268
-0.00117269
-0.00271091
-0.000731975
0.00162615
8.71458e-05
0.00321857
0.00105361
0.00322381
0.00165877
0.0017347
0.000521631
-0.00296591
-0.00136084
-0.005234
-0.00166208
-0.000974603
-0.000742073
0.00317741
0.000272756
0.00377786
0.00102937
0.00320064
0.00118007
-5.05911e-05
-0.00503067
0.00180194
0.00738588
0.00182001
0.0052214
-0.000348567
-0.000660914
-0.00189763
-0.00310628
-0.00193238
-0.00220135
-0.00119531
-0.000637416
-0.000267388
9.18744e-05
0.000504068
-0.000351225
-7.40525e-05
-0.00256243
-0.0016878
-0.00379608
-0.00209012
-0.00150878
-0.00109855
0.00122991
3.90404e-05
0.00207537
0.00102684
0.00196153
0.00151061
0.000485785
0.00073794
-0.00246034
-0.000795607
-0.00389705
-0.00149059
-0.00175651
-0.000976682
0.00116121
-4.3128e-05
0.00232409
0.000958961
0.00232663
0.00169535
0.00139611
0.000874616
-0.00139253
-0.00108154
-0.00334857
-0.0018257
-0.00142343
-0.000970653
0.0015051
0.000156348
0.00254343
0.0011648
0.0024184
0.00170222
0.000881143
0.000951932
-0.00225667
-0.000657771
-0.00398298
-0.00145577
-0.00191291
-0.000937621
0.00110801
2.12998e-05
0.00225965
0.00101513
0.00222998
0.00166455
0.00108528
0.000583153
-0.00188452
-0.00133423
-0.00331661
-0.0016833
-0.000625534
-0.000665544
0.00215965
0.000411891
0.00270042
0.0013132
0.00229934
0.00142605
-0.00016344
-0.00360462
0.00183882
0.00554706
0.00255241
0.00450781
0.00115822
0.000733283
-0.000382018
-0.00156604
-0.00093246
-0.00165091
-0.000653491
-0.000916387
-2.99213e-05
-0.000531697
0.00045448
-0.000835624
-0.000157529
-0.00195042
-0.00151531
-0.00243831
-0.0018525
-0.00117158
-0.00101795
0.000395363
2.51202e-05
0.0010323
0.000960713
0.00102593
0.00135338
9.31103e-05
0.000549773
-0.00165673
-0.000906087
-0.00244119
-0.00153117
-0.00113143
-0.00102182
0.00065186
-0.000115239
0.00141751
0.000787527
0.00142386
0.00139706
0.000786569
0.000733446
-0.000728906
-0.000867747
-0.00174738
-0.00152371
-0.000767464
-0.000837109
0.000818495
0.00019278
0.00151354
0.0011596
0.00145158
0.00160354
0.000437198
0.000810436
-0.00146356
-0.000722692
-0.00244985
-0.0014315
-0.00120411
-0.000939618
0.000616127
-4.65155e-05
0.00136654
0.000850312
0.00133315
0.00136809
0.00056751
0.000496324
-0.00101276
-0.00109136
-0.00172893
-0.00141713
-0.000299762
-0.000539531
0.00128205
0.000468807
0.00169209
0.00136453
0.00140361
0.00139574
-0.000194643
-0.00220889
0.00159847
0.00394858
0.0026392
0.00346708
0.00203748
0.001335
0.000918964
-0.000447532
0.000189431
-0.000921376
8.30288e-05
-0.000809984
0.000312088
-0.000760758
0.000452605
-0.000976141
-0.000114201
-0.00138361
-0.00107741
-0.00147509
-0.00134674
-0.000902253
-0.000794926
-0.000156457
-8.96213e-06
0.000246335
0.000718306
0.000298666
0.000967233
-0.00015582
0.000301826
-0.000991326
-0.000819627
-0.00131973
-0.00129159
-0.000659467
-0.000898244
0.000258508
-0.000188918
0.000708183
0.000505606
0.000729342
0.000908944
0.000383231
0.000459349
-0.000279309
-0.000591404
-0.000696625
-0.00104258
-0.000316287
-0.000587281
0.000363196
0.000193925
0.000732335
0.000939608
0.000705892
0.00122874
0.000148065
0.000567167
-0.000801986
-0.00062052
-0.00126216
-0.00116307
-0.000661558
-0.000801692
0.000254749
-0.00011653
0.00068138
0.00056212
0.0006545
0.000885058
0.000244572
0.000298773
-0.000426476
-0.000748671
-0.000681489
-0.000981745
-6.66872e-05
-0.00035809
0.0006584
0.000439286
0.000894709
0.00114512
0.000697781
0.00110212
-0.000151644
-0.00110677
0.00108524
0.00286335
0.00210182
0.0024505
0.00215046
0.00128636
0.00150695
0.000195983
0.000937572
-0.000352002
0.000687272
-0.000559686
0.000626044
-0.000699528
0.000482917
-0.000833012
2.40441e-05
-0.000924742
-0.000557839
-0.00089321
-0.000762103
-0.000697986
-0.00049305
-0.000425511
-1.68877e-05
-0.000229831
0.00043692
-0.00015514
0.000552075
-0.000270973
0.000102929
-0.000542183
-0.000592496
-0.000624312
-0.000904365
-0.0003476
-0.000680327
3.44689e-05
-0.000226695
0.000254551
0.00021953
0.000283118
0.000438392
0.000164372
0.000196977
-3.78932e-05
-0.000333898
-0.000165748
-0.000572126
-7.8059e-05
-0.000325124
0.00011619
0.000158553
0.000248656
0.000622746
0.000241699
0.000758395
1.24173e-05
0.000308147
-0.000351734
-0.000431365
-0.000522646
-0.000791156
-0.000301768
-0.000595108
5.87014e-05
-0.000161661
0.000247933
0.000256903
0.000235934
0.000415228
8.62462e-05
9.76804e-05
-0.000108929
-0.000430337
-0.000153471
-0.000550414
5.3391e-05
-0.000184844
0.000292831
0.000334504
0.000375362
0.000764612
0.000267671
0.000689856
-7.68878e-05
-0.00041691
0.000771788
0.00209156
0.00144099
0.0017813
0.00165806
0.0010693
0.00142168
0.000432362
0.00110466
-3.4986e-05
0.000872688
-0.000327716
0.000687971
-0.000514812
0.000458574
-0.000603609
0.000152307
-0.000618475
-0.000142039
-0.000598869
-0.000273085
-0.00056694
-0.000187746
-0.000510847
1.51546e-05
-0.000432732
0.00020785
-0.000347835
0.000239421
-0.000302543
-1.04557e-06
-0.000301717
-0.000354599
-0.000270762
-0.000529418
-0.000172781
-0.000438168
-5.67792e-05
-0.000204715
2.10985e-05
2.44985e-05
5.39063e-05
0.0001291
5.97724e-05
4.4829e-05
4.63797e-05
-0.00014267
2.17503e-05
-0.000230797
1.00654e-05
-0.000125166
1.0556e-05
0.000108139
1.53499e-05
0.000328525
2.13144e-05
0.000363805
-2.28607e-05
0.000117449
-0.000105376
-0.000256474
-0.000148722
-0.000457375
-0.000100869
-0.000383404
-1.52697e-05
-0.000166881
3.14106e-05
3.62845e-05
3.2768e-05
9.91141e-05
2.34168e-05
-2.29913e-05
1.31761e-05
-0.000210768
3.43062e-05
-0.00024028
8.29032e-05
-6.07219e-05
0.000113274
0.000205709
0.000108933
0.000402363
7.10178e-05
0.000336867
-1.13937e-05
-8.00438e-05
0.000578237
0.00151332
0.000996382
0.00136316
0.00116223
0.000903447
0.00111332
0.000481272
0.000943498
0.000134843
0.000760271
-0.000144486
0.000571459
-0.000326002
0.000384227
-0.000416376
0.000214159
-0.000448405
8.37186e-05
-0.000468432
1.05547e-05
-0.000493778
1.71849e-06
-0.000502006
3.63469e-05
-0.000467357
7.30038e-05
-0.000384495
5.29425e-05
-0.000282485
-5.2363e-05
-0.000196411
-0.000186724
-0.000136401
-0.000258513
-0.000100992
-0.000234544
-8.07474e-05
-0.000147983
-6.54601e-05
-5.78006e-05
-3.62758e-05
-5.65126e-06
7.62283e-06
-4.55879e-06
4.5287e-05
-3.16789e-05
4.88688e-05
-4.0066e-05
1.84498e-05
-3.03497e-06
-2.64762e-05
6.36178e-05
-5.13018e-05
0.000128697
-4.37634e-05
0.000121069
-1.52335e-05
1.7961e-05
-2.26778e-06
-0.000124813
-5.94621e-06
-0.000211535
-1.41456e-05
-0.000201137
-2.5668e-05
-0.000131014
-3.8711e-05
-6.74336e-05
-3.08137e-05
-4.06001e-05
-3.41706e-06
-6.24048e-05
3.49803e-05
-8.67895e-05
5.86894e-05
-6.31437e-05
5.92593e-05
8.89523e-06
4.12368e-05
0.00010128
1.65497e-05
0.000157134
1.51661e-05
0.000118803
2.69368e-05
3.8757e-05
0.000443386
0.00106993
0.000763335
0.00104321
0.000895735
0.000771052
0.000889703
0.000487302
0.000799426
0.000225122
0.000641676
1.32669e-05
0.00048206
-0.000166387
0.000340945
-0.000275266
0.000235938
-0.000343398
0.000161323
-0.000393815
0.000101136
-0.00043359
5.03741e-05
-0.000451245
8.18795e-06
-0.000425171
-2.31668e-05
-0.00035314
-4.97431e-05
-0.000255907
-7.86899e-05
-0.000167461
-0.000104499
-0.000110589
-0.000116368
-8.91235e-05
-0.000109263
-8.78532e-05
-9.08645e-05
-8.38574e-05
-6.7382e-05
-5.97586e-05
-3.9459e-05
-2.03026e-05
-7.07881e-06
1.29055e-05
2.02295e-05
2.15608e-05
3.70123e-05
1.66653e-06
4.11074e-05
-3.0573e-05
3.72937e-05
-4.74885e-05
2.8619e-05
-3.50878e-05
1.6708e-05
-3.32264e-06
-9.41116e-06
2.3851e-05
-4.59885e-05
3.06331e-05
-7.21518e-05
1.20196e-05
-8.03075e-05
-1.75121e-05
-7.99119e-05
-3.91073e-05
-7.32871e-05
-3.74406e-05
-6.41681e-05
-1.25367e-05
-4.80384e-05
1.88526e-05
-2.62387e-05
3.68895e-05
-2.45265e-07
3.32665e-05
2.48911e-05
1.61032e-05
3.68439e-05
4.59842e-06
3.65607e-05
1.54483e-05
2.07882e-05
4.27101e-05
5.95449e-05
0.000328852
0.000741084
0.00060292
0.000769149
0.000747956
0.00062602
0.000782829
0.00045243
0.000735529
0.00027242
0.000642908
0.000105887
0.000509142
-3.26209e-05
0.000386978
-0.000153104
0.000284372
-0.000240793
0.000198023
-0.000307464
0.000117703
-0.000353269
3.73969e-05
-0.00037094
-3.38012e-05
-0.000353973
-8.34686e-05
-0.000303467
-0.000104609
-0.000234761
-0.000102422
-0.000169648
-8.82365e-05
-0.000124776
-7.37564e-05
-0.000103604
-6.57757e-05
-9.58342e-05
-6.28593e-05
-8.67752e-05
-5.53725e-05
-6.72467e-05
-3.5718e-05
-3.99573e-05
-6.45194e-06
-1.63608e-05
2.32755e-05
-8.16718e-06
3.97936e-05
-1.48522e-05
3.76581e-05
-2.84388e-05
2.24478e-05
-3.22793e-05
7.35961e-06
-1.99991e-05
1.08214e-06
2.95617e-06
1.92895e-06
2.30048e-05
5.15528e-06
2.74079e-05
3.06384e-06
1.41115e-05
-7.10386e-06
-7.34542e-06
-2.30747e-05
-2.3137e-05
-3.64484e-05
-2.40675e-05
-3.74675e-05
-1.15182e-05
-2.35366e-05
4.92401e-06
-2.77558e-06
1.61306e-05
1.31278e-05
1.73627e-05
1.60785e-05
1.31517e-05
6.82549e-06
1.38535e-05
-3.59732e-06
2.58705e-05
-5.97764e-06
4.50886e-05
5.35677e-05
0.000235426
0.000505662
0.000459388
0.000545187
0.000612085
0.000473322
0.000688126
0.000376389
0.000695474
0.000265072
0.000650476
0.000150884
0.000574642
4.32136e-05
0.000474095
-5.25554e-05
0.000369883
-0.000136582
0.000265624
-0.000203207
0.00016246
-0.000250104
6.47212e-05
-0.0002732
-1.8528e-05
-0.000270719
-7.59e-05
-0.000246089
-0.000102593
-0.000208065
-0.000103297
-0.000168946
-9e-05
-0.000138077
-7.56098e-05
-0.000117993
-6.70123e-05
-0.000104431
-6.28241e-05
-9.09658e-05
-5.62191e-05
-7.38529e-05
-4.15157e-05
-5.46583e-05
-1.94291e-05
-3.84467e-05
1.91388e-06
-2.95132e-05
1.43975e-05
-2.73375e-05
1.34129e-05
-2.74535e-05
4.47397e-06
-2.33401e-05
-2.76724e-06
-1.27572e-05
-4.72642e-07
6.6298e-07
1.05775e-05
1.19548e-05
2.34853e-05
1.44997e-05
2.9729e-05
7.86805e-06
2.41474e-05
-1.7642e-06
1.08676e-05
-9.85709e-06
-2.19685e-06
-1.10023e-05
-7.71928e-06
-5.99625e-06
-4.866e-06
2.06902e-06
2.33657e-06
8.92891e-06
6.54548e-06
1.31567e-05
3.33215e-06
1.63636e-05
-4.74839e-06
2.1934e-05
-1.06046e-05
3.17281e-05
-8.54941e-06
4.30322e-05
4.50173e-05
0.000165298
0.000340365
0.00033571
0.000374774
0.00047087
0.000338159
0.000561612
0.000285646
0.000605413
0.000221272
0.000606144
0.000150151
0.000571998
7.73578e-05
0.000511878
7.56389e-06
0.000431263
-5.59669e-05
0.000338544
-0.000110488
0.000240488
-0.000152048
0.000145303
-0.00017801
6.22024e-05
-0.000187614
-9.4158e-07
-0.000182944
-4.02385e-05
-0.00016877
-5.8611e-05
-0.000150575
-6.36679e-05
-0.00013302
-6.35426e-05
-0.000118117
-6.29747e-05
-0.000105
-6.21285e-05
-9.1813e-05
-5.83559e-05
-7.76244e-05
-4.97108e-05
-6.3302e-05
-3.73835e-05
-5.07758e-05
-2.54831e-05
-4.14165e-05
-1.80653e-05
-3.47549e-05
-1.62482e-05
-2.9269e-05
-1.70345e-05
-2.2554e-05
-1.56773e-05
-1.41144e-05
-9.61431e-06
-5.39905e-06
1.41089e-06
9.29228e-07
1.27914e-05
3.11866e-06
1.85093e-05
2.15113e-06
1.73714e-05
-6.2525e-07
1.03729e-05
-2.85977e-06
2.13682e-06
-2.76828e-06
-3.89158e-06
3.23013e-08
-6.32265e-06
4.4978e-06
-6.69614e-06
9.2993e-06
-7.55821e-06
1.4023e-05
-1.02269e-05
1.90364e-05
-1.32546e-05
2.49614e-05
-1.32855e-05
3.17588e-05
-8.39253e-06
3.81388e-05
3.6624e-05
0.00011472
0.000225644
0.000238042
0.000251451
0.00034405
0.000232151
0.000426155
0.000203542
0.000480311
0.000167116
0.000505326
0.000125134
0.000502707
7.99741e-05
0.000476112
3.41584e-05
0.000427729
-7.58271e-06
0.000365571
-4.83268e-05
0.000293978
-8.04525e-05
0.00022003
-0.00010406
0.000150876
-0.000118458
9.22708e-05
-0.00012434
4.71087e-05
-0.00012361
1.50608e-05
-0.000118526
-6.72345e-06
-0.000111233
-2.1962e-05
-0.00010288
-3.3146e-05
-9.38181e-05
-4.09661e-05
-8.39912e-05
-4.50537e-05
-7.35336e-05
-4.53412e-05
-6.30157e-05
-4.28768e-05
-5.32436e-05
-3.95573e-05
-4.47357e-05
-3.68946e-05
-3.74151e-05
-3.54717e-05
-3.06918e-05
-3.39375e-05
-2.40893e-05
-3.05898e-05
-1.74616e-05
-2.4662e-05
-1.13257e-05
-1.72282e-05
-6.50413e-06
-1.06683e-05
-3.44074e-06
-6.65525e-06
-1.86186e-06
-6.06962e-06
-1.20986e-06
-8.62605e-06
-3.03767e-07
-1.27375e-05
1.33782e-06
-1.65909e-05
3.8843e-06
-1.91985e-05
7.10777e-06
-2.06362e-05
1.07351e-05
-2.12744e-05
1.4661e-05
-2.10931e-05
1.88591e-05
-1.93818e-05
2.3252e-05
-1.5147e-05
2.75228e-05
-8.0264e-06
3.10168e-05
2.85972e-05
7.94084e-05
0.000146236
0.000166676
0.00016418
0.000245087
0.000153739
0.000310593
0.000138033
0.000360063
0.000117642
0.000391615
9.3579e-05
0.000404559
6.70282e-05
0.000399408
3.93085e-05
0.00037991
1.19166e-05
0.00034527
-1.36855e-05
0.000301343
-3.6525e-05
0.000252298
-5.50174e-05
0.000202593
-6.87549e-05
0.00015601
-7.77568e-05
0.00011494
-8.25399e-05
8.03085e-05
-8.38944e-05
5.1716e-05
-8.26401e-05
2.82639e-05
-7.94293e-05
9.15169e-06
-7.47072e-05
-6.02407e-06
-6.88137e-05
-1.74462e-05
-6.21109e-05
-2.54631e-05
-5.50026e-05
-3.0736e-05
-4.79726e-05
-3.41749e-05
-4.12941e-05
-3.65238e-05
-3.50657e-05
-3.79876e-05
-2.92311e-05
-3.83661e-05
-2.37111e-05
-3.73061e-05
-1.85195e-05
-3.48235e-05
-1.38086e-05
-3.15519e-05
-9.77506e-06
-2.84865e-05
-6.5039e-06
-2.64539e-05
-3.89675e-06
-2.59578e-05
-1.70797e-06
-2.66906e-05
4.31043e-07
-2.80251e-05
2.66953e-06
-2.92558e-05
5.11094e-06
-2.9879e-05
7.7335e-06
-2.9625e-05
1.04833e-05
-2.82821e-05
1.33163e-05
-2.56005e-05
1.61763e-05
-2.12954e-05
1.8947e-05
-1.52022e-05
2.14296e-05
-7.51664e-06
2.3331e-05
2.10812e-05
5.56137e-05
9.06218e-05
0.000117588
0.000102204
0.0001748
9.65257e-05
0.000224858
8.79748e-05
0.000265695
7.68012e-05
0.000295813
6.34587e-05
0.00031434
4.85033e-05
0.000321072
3.25783e-05
0.000316616
1.63744e-05
0.000301553
1.37921e-06
0.00027874
-1.37111e-05
0.000250045
-2.63235e-05
0.000218001
-3.67121e-05
0.000184934
-4.46882e-05
0.000152667
-5.02704e-05
0.000122406
-5.3633e-05
9.47995e-05
-5.50331e-05
7.01216e-05
-5.47514e-05
4.84804e-05
-5.30649e-05
2.99176e-05
-5.02496e-05
1.43959e-05
-4.65903e-05
1.79589e-06
-4.24048e-05
-8.26694e-06
-3.79085e-05
-1.62166e-05
-3.33414e-05
-2.24308e-05
-2.88531e-05
-2.71566e-05
-2.45081e-05
-3.05063e-05
-2.03586e-05
-3.25747e-05
-1.64479e-05
-3.35513e-05
-1.28339e-05
-3.37642e-05
-9.56161e-06
-3.36198e-05
-6.64377e-06
-3.34746e-05
-4.04309e-06
-3.35018e-05
-1.68466e-06
-3.36008e-05
5.32003e-07
-3.35825e-05
2.65298e-06
-3.32033e-05
4.72905e-06
-3.22329e-05
6.76266e-06
-3.04891e-05
8.74168e-06
-2.78179e-05
1.06458e-05
-2.40837e-05
1.24411e-05
-1.92068e-05
1.40692e-05
-1.32241e-05
1.54468e-05
-6.34989e-06
1.64573e-05
1.4732e-05
3.59297e-05
5.46895e-05
7.63535e-05
6.1775e-05
0.000114289
5.8588e-05
0.000148446
5.38145e-05
0.000177659
4.7583e-05
0.000200999
4.01159e-05
0.000217814
3.1688e-05
0.000227767
2.26262e-05
0.000230861
1.32785e-05
0.000228287
3.95068e-06
0.000219358
-4.78248e-06
0.000205806
-1.27724e-05
0.000188796
-1.97031e-05
0.000169511
-2.54036e-05
0.000149033
-2.97927e-05
0.000128269
-3.287e-05
0.000107932
-3.46974e-05
8.85607e-05
-3.538e-05
7.0549e-05
-3.50531e-05
5.41715e-05
-3.38731e-05
3.95888e-05
-3.201e-05
2.68271e-05
-2.96445e-05
1.58515e-05
-2.69313e-05
6.53289e-06
-2.40218e-05
-1.30139e-06
-2.10216e-05
-7.78155e-06
-1.80301e-05
-1.30309e-05
-1.51063e-05
-1.71686e-05
-1.23077e-05
-2.03472e-05
-9.65757e-06
-2.27208e-05
-7.18847e-06
-2.44498e-05
-4.9107e-06
-2.56874e-05
-2.80477e-06
-2.64887e-05
-8.86374e-07
-2.68459e-05
8.89313e-07
-2.67369e-05
2.54612e-06
-2.61114e-05
4.10315e-06
-2.4912e-05
5.56183e-06
-2.30893e-05
6.91917e-06
-2.06088e-05
8.16627e-06
-1.74546e-05
9.28733e-06
-1.36435e-05
1.0258e-05
-9.24274e-06
1.1046e-05
-4.39138e-06
1.16058e-05
1.03399e-05
2.24218e-05
3.22657e-05
4.78092e-05
3.63873e-05
7.1883e-05
3.45155e-05
9.39609e-05
3.17362e-05
0.000113422
2.81202e-05
0.000129755
2.37845e-05
0.000142569
1.8877e-05
0.000151618
1.35788e-05
0.000156817
8.07903e-06
0.000158275
2.49226e-06
0.000156226
-2.73259e-06
0.000151087
-7.63116e-06
0.000143364
-1.1979e-05
0.000133616
-1.56545e-05
0.000122405
-1.85823e-05
0.000110265
-2.07304e-05
9.76742e-05
-2.2106e-05
8.50446e-05
-2.27488e-05
7.27168e-05
-2.2724e-05
6.09602e-05
-2.21168e-05
4.99741e-05
-2.1025e-05
3.98828e-05
-1.95528e-05
3.07553e-05
-1.78016e-05
2.26008e-05
-1.58662e-05
1.54109e-05
-1.38336e-05
9.14492e-06
-1.1765e-05
3.75893e-06
-9.71761e-06
-8.18835e-07
-7.72768e-06
-4.63984e-06
-5.83776e-06
-7.76775e-06
-4.06096e-06
-1.02689e-05
-2.40665e-06
-1.22185e-05
-8.53378e-07
-1.36235e-05
5.17441e-07
-1.45316e-05
1.79701e-06
-1.4958e-05
2.9737e-06
-1.49071e-05
4.05264e-06
-1.43844e-05
5.03834e-06
-1.33979e-05
5.93211e-06
-1.19634e-05
6.73182e-06
-1.01075e-05
7.43171e-06
-7.87186e-06
8.02236e-06
-5.3174e-06
8.49106e-06
-2.53036e-06
8.81779e-06
7.80781e-06
1.52964e-05
1.69666e-05
3.26801e-05
1.9002e-05
4.92809e-05
1.79131e-05
6.46927e-05
1.63216e-05
7.85445e-05
1.42664e-05
9.05187e-05
1.18105e-05
0.00010036
9.03644e-06
0.000107912
6.02574e-06
0.000113079
2.9108e-06
0.000115774
-2.03954e-07
0.000116278
-3.23658e-06
0.000114686
-6.03906e-06
0.000111226
-8.51885e-06
0.000106178
-1.06069e-05
9.9848e-05
-1.22538e-05
9.25498e-05
-1.34335e-05
8.45869e-05
-1.41431e-05
7.624e-05
-1.44005e-05
6.77564e-05
-1.42392e-05
5.93484e-05
-1.37091e-05
5.11908e-05
-1.28685e-05
4.34196e-05
-1.17815e-05
3.61321e-05
-1.05126e-05
2.93903e-05
-9.12403e-06
2.32288e-05
-7.67396e-06
1.76725e-05
-6.21004e-06
1.2731e-05
-4.77482e-06
8.3971e-06
-3.39243e-06
4.63264e-06
-2.07429e-06
1.41822e-06
-8.4743e-07
-1.22198e-06
2.34931e-07
-3.36246e-06
1.28853e-06
-5.07792e-06
2.23257e-06
-6.34743e-06
3.06598e-06
-7.18597e-06
3.81266e-06
-7.61293e-06
4.48007e-06
-7.64993e-06
5.07502e-06
-7.32152e-06
5.60284e-06
-6.65702e-06
6.06633e-06
-5.69202e-06
6.46559e-06
-4.46928e-06
6.79819e-06
-3.0394e-06
7.05936e-06
-1.46468e-06
7.24094e-06
6.34175e-06
1.0654e-05
6.31265e-06
2.27379e-05
6.91984e-06
3.4328e-05
6.32296e-06
4.51702e-05
5.47895e-06
5.50274e-05
4.40974e-06
6.36817e-05
3.15768e-06
7.08986e-05
1.82002e-06
7.67065e-05
2.17844e-07
8.08124e-05
-1.19485e-06
8.34472e-05
-2.83867e-06
8.45597e-05
-4.34902e-06
8.4196e-05
-5.67472e-06
8.24717e-05
-6.79377e-06
7.95407e-05
-7.67547e-06
7.5584e-05
-8.29737e-06
7.07982e-05
-8.64796e-06
6.53833e-05
-8.72736e-06
5.95348e-05
-8.5499e-06
5.34287e-05
-8.1311e-06
4.72292e-05
-7.50914e-06
4.1077e-05
-6.71678e-06
3.50916e-05
-5.79593e-06
2.93686e-05
-4.78861e-06
2.39769e-05
-3.73208e-06
1.89672e-05
-2.66584e-06
1.43844e-05
-1.62855e-06
1.02968e-05
-6.86653e-07
6.71886e-06
1.8642e-07
3.57681e-06
1.06716e-06
8.66431e-07
1.86203e-06
-1.4387e-06
2.5405e-06
-3.30472e-06
3.1555e-06
-4.73997e-06
3.66793e-06
-5.77492e-06
4.10062e-06
-6.42689e-06
4.46477e-06
-6.71711e-06
4.77069e-06
-6.67061e-06
5.0285e-06
-6.31612e-06
5.24767e-06
-5.68624e-06
5.43522e-06
-4.81763e-06
5.5953e-06
-3.75084e-06
5.72935e-06
-2.52995e-06
5.83617e-06
-1.20468e-06
5.91338e-06
5.13645e-06
6.89254e-06
-5.80489e-07
1.46049e-05
-7.91296e-07
2.20313e-05
-1.10452e-06
2.89815e-05
-1.47174e-06
3.52862e-05
-1.89449e-06
4.08125e-05
-2.36824e-06
4.55079e-05
-2.87629e-06
4.91272e-05
-3.4016e-06
5.18117e-05
-3.87906e-06
5.33066e-05
-4.33401e-06
5.36648e-05
-4.70786e-06
5.29692e-05
-4.97912e-06
5.13056e-05
-5.12932e-06
4.87784e-05
-5.14767e-06
4.55118e-05
-5.03068e-06
4.16419e-05
-4.77842e-06
3.7311e-05
-4.39607e-06
3.26498e-05
-3.88732e-06
2.78121e-05
-3.29214e-06
2.2944e-05
-2.64094e-06
1.81504e-05
-1.92405e-06
1.35205e-05
-1.16666e-06
9.14653e-06
-4.14363e-07
5.08818e-06
3.26216e-07
1.39271e-06
1.02848e-06
-1.915e-06
1.67811e-06
-4.85129e-06
2.24993e-06
-7.40562e-06
2.74147e-06
-9.50224e-06
3.16343e-06
-1.115e-05
3.50882e-06
-1.2382e-05
3.77212e-06
-1.3175e-05
3.94858e-06
-1.35769e-05
4.0697e-06
-1.36088e-05
4.1322e-06
-1.32928e-05
4.14869e-06
-1.26543e-05
4.13245e-06
-1.17204e-05
4.0949e-06
-1.05209e-05
4.04821e-06
-9.08792e-06
4.00173e-06
-7.456e-06
3.96243e-06
-5.66244e-06
3.93445e-06
-3.74675e-06
3.91888e-06
-1.74976e-06
3.91481e-06
3.38648e-06
3.51192e-06
-4.09218e-06
7.50667e-06
-4.78391e-06
1.12732e-05
-4.87111e-06
1.4698e-05
-4.89592e-06
1.76786e-05
-4.87389e-06
2.01129e-05
-4.80259e-06
2.19007e-05
-4.66479e-06
2.29674e-05
-4.46773e-06
2.3295e-05
-4.20595e-06
2.28433e-05
-3.88272e-06
2.16312e-05
-3.49634e-06
1.97055e-05
-3.05327e-06
1.71513e-05
-2.57428e-06
1.40664e-05
-2.06217e-06
1.05423e-05
-1.50663e-06
6.67688e-06
-9.13758e-07
2.57165e-06
-2.91367e-07
-1.66689e-06
3.5145e-07
-5.93744e-06
9.7887e-07
-1.0009e-05
1.43031e-06
-1.38729e-05
1.93873e-06
-1.74671e-05
2.42673e-06
-2.07379e-05
2.85657e-06
-2.36227e-05
3.21151e-06
-2.60773e-05
3.48295e-06
-2.80685e-05
3.66912e-06
-2.95869e-05
3.76914e-06
-3.06276e-05
3.78317e-06
-3.11857e-05
3.7217e-06
-3.1269e-05
3.59154e-06
-3.08942e-05
3.3968e-06
-3.00937e-05
3.14789e-06
-2.88829e-05
2.85884e-06
-2.73086e-05
2.5578e-06
-2.54119e-05
2.25198e-06
-2.32316e-05
1.95252e-06
-2.08097e-05
1.6736e-06
-1.81761e-05
1.4151e-06
-1.53583e-05
1.18415e-06
-1.23849e-05
9.88838e-07
-9.28797e-06
8.37026e-07
-6.10013e-06
7.30305e-07
-2.85583e-06
6.69712e-07
5.30629e-07
4.89241e-07
-4.58088e-06
9.99489e-07
-5.29209e-06
1.38389e-06
-5.25485e-06
1.54713e-06
-5.05765e-06
1.38516e-06
-4.71065e-06
8.0601e-07
-4.22364e-06
-2.35608e-07
-3.62319e-06
-1.76795e-06
-2.93419e-06
-3.79181e-06
-2.18152e-06
-6.28435e-06
-1.3908e-06
-9.23027e-06
-5.51226e-07
-1.26053e-05
3.21264e-07
-1.62917e-05
1.11178e-06
-2.01753e-05
1.82113e-06
-2.42073e-05
2.52437e-06
-2.83093e-05
3.18661e-06
-3.23852e-05
3.78301e-06
-3.64197e-05
4.3852e-06
-4.01468e-05
4.70582e-06
-4.36999e-05
4.9829e-06
-4.6932e-05
5.17005e-06
-4.97602e-05
5.25437e-06
-5.21302e-05
5.22719e-06
-5.40018e-05
5.08433e-06
-5.53447e-05
4.82699e-06
-5.61364e-05
4.462e-06
-5.63646e-05
3.99898e-06
-5.6029e-05
3.44942e-06
-5.51352e-05
2.82902e-06
-5.36938e-05
2.15069e-06
-5.17389e-05
1.44215e-06
-4.92944e-05
7.04029e-07
-4.63683e-05
-6.65811e-08
-4.30537e-05
-7.56137e-07
-3.94073e-05
-1.39372e-06
-3.54729e-05
-1.98133e-06
-3.13432e-05
-2.4555e-06
-2.70479e-05
-2.87973e-06
-2.26232e-05
-3.24045e-06
-1.81005e-05
-3.53384e-06
-1.35033e-05
-3.76039e-06
-8.85156e-06
-3.92175e-06
-4.16352e-06
-4.01858e-06
-3.63278e-06
-2.13389e-06
-2.4457e-06
-4.57025e-06
-2.85371e-06
-7.05632e-06
-2.76713e-06
-9.69618e-06
-2.41553e-06
-1.25693e-05
-1.83612e-06
-1.57298e-05
-1.06307e-06
-1.92335e-05
-1.18622e-07
-2.29915e-05
8.25134e-07
-2.69676e-05
1.79452e-06
-3.10697e-05
2.71011e-06
-3.5291e-05
3.6686e-06
-3.95556e-05
4.58413e-06
-4.38536e-05
5.40819e-06
-4.81589e-05
6.12499e-06
-5.23775e-05
6.74138e-06
-5.64411e-05
7.24814e-06
-6.02946e-05
7.6347e-06
-6.38179e-05
7.90755e-06
-6.70936e-05
7.98135e-06
-7.00316e-05
7.92069e-06
-7.25763e-05
7.71435e-06
-7.4678e-05
7.35599e-06
-7.62954e-05
6.84554e-06
-7.73963e-05
6.18687e-06
-7.79546e-05
5.38717e-06
-7.79486e-05
4.45787e-06
-7.73609e-05
3.41348e-06
-7.61807e-05
2.27141e-06
-7.44047e-05
1.05495e-06
-7.20111e-05
-2.41586e-07
-6.90485e-05
-1.51918e-06
-6.55379e-05
-2.80516e-06
-6.15378e-05
-4.06512e-06
-5.70483e-05
-5.24419e-06
-5.21222e-05
-6.31859e-06
-4.68385e-05
-7.26421e-06
-4.12371e-05
-8.05633e-06
-3.54194e-05
-8.6971e-06
-2.94702e-05
-9.18973e-06
-2.34571e-05
-9.54716e-06
-1.74273e-05
-9.79038e-06
-1.1403e-05
-9.946e-06
-5.38475e-06
-1.00368e-05
-9.01748e-06
-4.26106e-06
1.81693e-06
-9.03023e-06
1.91769e-06
-1.38493e-05
2.05455e-06
-1.87752e-05
2.51311e-06
-2.38248e-05
3.21489e-06
-2.89633e-05
4.0759e-06
-3.40871e-05
5.00614e-06
-3.91745e-05
5.91298e-06
-4.41496e-05
6.76863e-06
-4.89973e-05
7.55605e-06
-5.36259e-05
8.29502e-06
-5.80105e-05
8.96616e-06
-6.21534e-05
9.54874e-06
-6.60569e-05
1.00266e-05
-6.97036e-05
1.03865e-05
-7.30765e-05
1.06191e-05
-7.61572e-05
1.07139e-05
-7.8912e-05
1.06614e-05
-8.13714e-05
1.04408e-05
-8.35055e-05
1.00546e-05
-8.52869e-05
9.49563e-06
-8.66926e-05
8.76134e-06
-8.76977e-05
7.85134e-06
-8.82795e-05
6.77006e-06
-8.84153e-05
5.52461e-06
-8.80825e-05
4.12662e-06
-8.72585e-05
2.59117e-06
-8.59238e-05
9.38265e-07
-8.40466e-05
-8.20785e-07
-8.16305e-05
-2.65651e-06
-7.86279e-05
-4.52068e-06
-7.50412e-05
-6.39071e-06
-7.08735e-05
-8.23156e-06
-6.61161e-05
-1.00002e-05
-6.07825e-05
-1.16511e-05
-5.49088e-05
-1.31369e-05
-4.8551e-05
-1.44136e-05
-4.18044e-05
-1.54434e-05
-3.47893e-05
-1.62048e-05
-2.76354e-05
-1.67011e-05
-2.04636e-05
-1.69622e-05
-1.33525e-05
-1.70571e-05
-6.31971e-06
-1.70697e-05
-1.53374e-05
-5.95783e-06
7.77626e-06
-1.25345e-05
8.49689e-06
-1.91341e-05
8.65696e-06
-2.57428e-05
9.12437e-06
-3.22513e-05
9.72423e-06
-3.84886e-05
1.03137e-05
-4.43171e-05
1.08352e-05
-4.96748e-05
1.12701e-05
-5.45372e-05
1.16295e-05
-5.89205e-05
1.19375e-05
-6.28393e-05
1.22116e-05
-6.63299e-05
1.24541e-05
-6.94358e-05
1.26525e-05
-7.22004e-05
1.27894e-05
-7.46582e-05
1.2843e-05
-7.68378e-05
1.27971e-05
-7.87573e-05
1.26323e-05
-8.04278e-05
1.23309e-05
-8.1869e-05
1.18821e-05
-8.30845e-05
1.12697e-05
-8.40687e-05
1.04797e-05
-8.48166e-05
9.50871e-06
-8.53173e-05
8.35248e-06
-8.55588e-05
7.01244e-06
-8.55245e-05
5.49191e-06
-8.51959e-05
3.79937e-06
-8.45484e-05
1.94526e-06
-8.35684e-05
-4.01385e-08
-8.21976e-05
-2.18984e-06
-8.04173e-05
-4.43532e-06
-7.81733e-05
-6.76302e-06
-7.54184e-05
-9.14418e-06
-7.21018e-05
-1.15467e-05
-6.81698e-05
-1.3931e-05
-6.35721e-05
-1.62476e-05
-5.82721e-05
-1.8436e-05
-5.22604e-05
-2.04247e-05
-4.55702e-05
-2.21331e-05
-3.82952e-05
-2.34797e-05
-3.05903e-05
-2.44059e-05
-2.26737e-05
-2.4879e-05
-1.47501e-05
-2.49809e-05
-6.98148e-06
-2.4839e-05
-2.23195e-05
-7.37951e-06
1.51571e-05
-1.54702e-05
1.65899e-05
-2.34652e-05
1.66541e-05
-3.10354e-05
1.66962e-05
-3.79848e-05
1.66739e-05
-4.41207e-05
1.645e-05
-4.93816e-05
1.60961e-05
-5.37885e-05
1.56761e-05
-5.74193e-05
1.52592e-05
-6.03794e-05
1.48962e-05
-6.27766e-05
1.46072e-05
-6.47114e-05
1.43866e-05
-6.62687e-05
1.42079e-05
-6.75217e-05
1.40406e-05
-6.85284e-05
1.38487e-05
-6.93388e-05
1.36057e-05
-6.99876e-05
1.32802e-05
-7.05047e-05
1.28466e-05
-7.09115e-05
1.22889e-05
-7.12248e-05
1.15821e-05
-7.14521e-05
1.07069e-05
-7.1601e-05
9.65659e-06
-7.16706e-05
8.42216e-06
-7.16598e-05
7.00179e-06
-7.15611e-05
5.3941e-06
-7.13647e-05
3.60357e-06
-7.10536e-05
1.63512e-06
-7.06082e-05
-4.8452e-07
-6.99916e-05
-2.80472e-06
-6.91689e-05
-5.25629e-06
-6.80861e-05
-7.84359e-06
-6.66787e-05
-1.05495e-05
-6.48674e-05
-1.33558e-05
-6.25587e-05
-1.62379e-05
-5.96433e-05
-1.91614e-05
-5.60013e-05
-2.20768e-05
-5.15151e-05
-2.49102e-05
-4.60874e-05
-2.75603e-05
-3.96817e-05
-2.98855e-05
-3.23477e-05
-3.17399e-05
-2.43136e-05
-3.29139e-05
-1.58713e-05
-3.34239e-05
-7.52274e-06
-3.31888e-05
-2.98428e-05
-8.81479e-06
2.39728e-05
-1.81052e-05
2.58818e-05
-2.68603e-05
2.54102e-05
-3.43232e-05
2.41599e-05
-4.04576e-05
2.28085e-05
-4.52266e-05
2.12194e-05
-4.87886e-05
1.96582e-05
-5.13282e-05
1.8215e-05
-5.30442e-05
1.69748e-05
-5.41193e-05
1.59706e-05
-5.47101e-05
1.51971e-05
-5.49436e-05
1.46181e-05
-5.49151e-05
1.41779e-05
-5.47008e-05
1.38242e-05
-5.43562e-05
1.35033e-05
-5.39309e-05
1.31782e-05
-5.34576e-05
1.28064e-05
-5.29693e-05
1.23565e-05
-5.24851e-05
1.18051e-05
-5.20267e-05
1.11227e-05
-5.16069e-05
1.02874e-05
-5.12409e-05
9.28966e-06
-5.09354e-05
8.11706e-06
-5.06994e-05
6.76579e-06
-5.05352e-05
5.23076e-06
-5.04447e-05
3.5134e-06
-5.04228e-05
1.61402e-06
-5.04532e-05
-4.53567e-07
-5.05304e-05
-2.72607e-06
-5.06216e-05
-5.16355e-06
-5.06869e-05
-7.77603e-06
-5.06719e-05
-1.05626e-05
-5.05005e-05
-1.3525e-05
-5.00736e-05
-1.6663e-05
-4.92606e-05
-1.9973e-05
-4.78941e-05
-2.3442e-05
-4.57722e-05
-2.70317e-05
-4.26583e-05
-3.06738e-05
-3.83239e-05
-3.42205e-05
-3.25609e-05
-3.75033e-05
-2.54139e-05
-4.00622e-05
-1.6985e-05
-4.18538e-05
-8.22951e-06
-4.19459e-05
-3.80729e-05
-1.05462e-05
3.45192e-05
-2.03999e-05
3.57362e-05
-2.88477e-05
3.38583e-05
-3.48403e-05
3.0153e-05
-3.89196e-05
2.68884e-05
-4.13597e-05
2.36604e-05
-4.25906e-05
2.08895e-05
-4.2928e-05
1.8552e-05
-4.26345e-05
1.66815e-05
-4.1908e-05
1.52437e-05
-4.08957e-05
1.41842e-05
-3.97055e-05
1.34261e-05
-3.84092e-05
1.28806e-05
-3.70623e-05
1.2475e-05
-3.57009e-05
1.21413e-05
-3.43604e-05
1.18354e-05
-3.30623e-05
1.15082e-05
-3.18344e-05
1.11267e-05
-3.06901e-05
1.06615e-05
-2.96524e-05
1.00838e-05
-2.87347e-05
9.37059e-06
-2.79575e-05
8.51169e-06
-2.73328e-05
7.49317e-06
-2.68781e-05
6.31101e-06
-2.66044e-05
4.95822e-06
-2.65253e-05
3.43465e-06
-2.66471e-05
1.73693e-06
-2.69713e-05
-1.28869e-07
-2.75069e-05
-2.18888e-06
-2.82436e-05
-4.42559e-06
-2.91634e-05
-6.85418e-06
-3.02379e-05
-9.48664e-06
-3.14186e-05
-1.23425e-05
-3.2634e-05
-1.54464e-05
-3.37774e-05
-1.88287e-05
-3.46929e-05
-2.25257e-05
-3.51649e-05
-2.65599e-05
-3.48877e-05
-3.09509e-05
-3.34906e-05
-3.56187e-05
-3.04622e-05
-4.05323e-05
-2.55014e-05
-4.50246e-05
-1.80708e-05
-4.92853e-05
-9.41765e-06
-5.06007e-05
-4.7491e-05
-1.266e-05
4.7179e-05
-2.18502e-05
4.4927e-05
-2.85103e-05
4.05185e-05
-3.17364e-05
3.33797e-05
-3.29437e-05
2.80967e-05
-3.27063e-05
2.34239e-05
-3.16158e-05
1.97997e-05
-3.00021e-05
1.69382e-05
-2.80955e-05
1.47756e-05
-2.60408e-05
1.31886e-05
-2.39277e-05
1.2071e-05
-2.18138e-05
1.13104e-05
-1.97294e-05
1.07957e-05
-1.76986e-05
1.04419e-05
-1.57338e-05
1.01766e-05
-1.38522e-05
9.95126e-06
-1.2062e-05
9.71845e-06
-1.03853e-05
9.44777e-06
-8.8285e-06
9.10571e-06
-7.41539e-06
8.66946e-06
-6.1589e-06
8.11534e-06
-5.0828e-06
7.4348e-06
-4.20303e-06
6.61438e-06
-3.54336e-06
5.65107e-06
-3.1217e-06
4.53764e-06
-2.96076e-06
3.27377e-06
-3.07743e-06
1.8547e-06
-3.48669e-06
2.80728e-07
-4.21175e-06
-1.46244e-06
-5.26209e-06
-3.37448e-06
-6.64304e-06
-5.47179e-06
-8.35575e-06
-7.77313e-06
-1.03883e-05
-1.0309e-05
-1.2713e-05
-1.31211e-05
-1.52763e-05
-1.62652e-05
-1.79808e-05
-1.98207e-05
-2.06714e-05
-2.38699e-05
-2.3079e-05
-2.85432e-05
-2.48245e-05
-3.38746e-05
-2.52214e-05
-4.01358e-05
-2.36467e-05
-4.66009e-05
-1.86133e-05
-5.43195e-05
-1.1182e-05
-5.80336e-05
-5.86734e-05
-1.47769e-05
6.19557e-05
-2.15179e-05
5.16689e-05
-2.48446e-05
4.38454e-05
-2.45635e-05
3.30993e-05
-2.2792e-05
2.63262e-05
-2.02075e-05
2.084e-05
-1.73447e-05
1.69375e-05
-1.44211e-05
1.40145e-05
-1.15575e-05
1.19127e-05
-8.80221e-06
1.04329e-05
-6.16925e-06
9.4383e-06
-3.65986e-06
8.79934e-06
-1.26244e-06
8.39838e-06
1.02584e-06
8.1514e-06
3.2188e-06
7.98428e-06
5.30719e-06
7.86045e-06
7.29432e-06
7.73228e-06
9.16408e-06
7.57566e-06
1.09126e-05
7.35839e-06
1.25168e-05
7.06368e-06
1.39636e-05
6.66985e-06
1.5227e-05
6.17054e-06
1.62882e-05
5.55417e-06
1.71196e-05
4.8192e-06
1.76988e-05
3.95934e-06
1.79975e-05
2.97484e-06
1.79923e-05
1.86077e-06
1.76564e-05
6.16517e-07
1.69624e-05
-7.67412e-07
1.58839e-05
-2.29587e-06
1.4398e-05
-3.985e-06
1.24802e-05
-5.85516e-06
1.0111e-05
-7.93949e-06
7.27597e-06
-1.02859e-05
3.97113e-06
-1.29606e-05
2.17344e-07
-1.60667e-05
-3.9289e-06
-1.97245e-05
-8.31926e-06
-2.41528e-05
-1.27028e-05
-2.94923e-05
-1.64574e-05
-3.63815e-05
-1.88579e-05
-4.42019e-05
-1.76458e-05
-5.55322e-05
-1.3102e-05
-6.25788e-05
-7.17757e-05
-1.58936e-05
7.78492e-05
-1.83245e-05
5.41009e-05
-1.72588e-05
4.278e-05
-1.36068e-05
2.94479e-05
-9.46731e-06
2.21876e-05
-5.35263e-06
1.67256e-05
-1.54044e-06
1.31259e-05
1.93182e-06
1.05421e-05
5.08121e-06
8.76415e-06
7.95437e-06
7.55936e-06
1.06054e-05
6.78789e-06
1.30786e-05
6.32473e-06
1.54156e-05
6.06199e-06
1.7639e-05
5.92601e-06
1.977e-05
5.85439e-06
2.18116e-05
5.8166e-06
2.37706e-05
5.77452e-06
2.56343e-05
5.70965e-06
2.73987e-05
5.59514e-06
2.90417e-05
5.41907e-06
3.05489e-05
5.16371e-06
3.18937e-05
4.82486e-06
3.30553e-05
4.39349e-06
3.40045e-05
3.86934e-06
3.4717e-05
3.24759e-06
3.51622e-05
2.52916e-06
3.53137e-05
1.7099e-06
3.51401e-05
7.89712e-07
3.46115e-05
-2.38108e-07
3.3694e-05
-1.37859e-06
3.23549e-05
-2.6456e-06
3.05566e-05
-4.05704e-06
2.82595e-05
-5.64248e-06
2.54201e-05
-7.44652e-06
2.19909e-05
-9.53193e-06
1.79277e-05
-1.20033e-05
1.31896e-05
-1.49873e-05
7.77999e-06
-1.87429e-05
1.75728e-06
-2.34709e-05
-4.55486e-06
-3.00695e-05
-1.05994e-05
-3.81588e-05
-1.40757e-05
-5.20563e-05
-1.40981e-05
-6.25578e-05
-8.58741e-05
-1.45338e-05
9.23831e-05
-1.15049e-05
5.10729e-05
-5.96152e-06
3.72367e-05
1.08632e-07
2.33782e-05
5.55725e-06
1.67396e-05
1.02158e-05
1.20671e-05
1.41612e-05
9.18099e-06
1.75228e-05
7.18034e-06
2.04315e-05
5.85613e-06
2.30003e-05
4.99009e-06
2.53262e-05
4.46279e-06
2.74792e-05
4.17076e-06
2.95145e-05
4.02762e-06
3.1462e-05
3.97672e-06
3.33469e-05
3.97072e-06
3.5174e-05
3.98749e-06
3.69507e-05
3.99909e-06
3.86659e-05
3.99248e-06
4.03143e-05
3.94793e-06
4.18743e-05
3.85745e-06
4.33309e-05
3.708e-06
4.46577e-05
3.49714e-06
4.58335e-05
3.21846e-06
4.68297e-05
2.87248e-06
4.7622e-05
2.45587e-06
4.81807e-05
1.96992e-06
4.84794e-05
1.41166e-06
4.84871e-05
7.81523e-07
4.81743e-05
7.5024e-08
4.75068e-05
-7.11498e-07
4.64497e-05
-1.58834e-06
4.49614e-05
-2.56909e-06
4.2995e-05
-3.67634e-06
4.0494e-05
-4.94558e-06
3.73886e-05
-6.42701e-06
3.35948e-05
-8.2092e-06
2.90076e-05
-1.0401e-05
2.35104e-05
-1.32454e-05
1.69811e-05
-1.69428e-05
9.37548e-06
-2.24639e-05
9.62195e-07
-2.97467e-05
-7.14607e-06
-4.39485e-05
-1.26612e-05
-5.70439e-05
-9.85356e-05
-9.22288e-06
0.000101606
-8.70599e-07
4.27213e-05
8.05136e-06
2.83149e-05
1.51265e-05
1.63033e-05
2.07234e-05
1.11433e-05
2.50696e-05
7.72092e-06
2.85354e-05
5.71561e-06
3.13489e-05
4.36654e-06
3.37029e-05
3.50269e-06
3.57369e-05
2.95554e-06
3.75621e-05
2.63834e-06
3.92541e-05
2.47799e-06
4.08681e-05
2.41467e-06
4.24328e-05
2.41064e-06
4.39706e-05
2.43405e-06
4.54854e-05
2.47095e-06
4.69829e-05
2.50282e-06
4.84522e-05
2.52159e-06
4.98868e-05
2.51433e-06
5.12667e-05
2.47625e-06
5.25767e-05
2.3988e-06
5.37922e-05
2.28076e-06
5.48932e-05
2.11804e-06
5.58538e-05
1.91138e-06
5.66514e-05
1.6587e-06
5.72596e-05
1.36122e-06
5.76545e-05
1.01706e-06
5.78087e-05
6.2687e-07
5.7696e-05
1.87961e-07
5.7286e-05
-3.01915e-07
5.65471e-05
-8.49365e-07
5.54411e-05
-1.46338e-06
5.39233e-05
-2.15888e-06
5.19379e-05
-2.96017e-06
4.94121e-05
-3.90163e-06
4.62499e-05
-5.04673e-06
4.23223e-05
-6.4741e-06
3.74475e-05
-8.37038e-06
3.14015e-05
-1.08977e-05
2.38122e-05
-1.48745e-05
1.44929e-05
-2.04285e-05
3.19173e-06
-3.26476e-05
-7.34628e-06
-4.65068e-05
-0.000105882
8.88357e-07
0.000100718
1.29489e-05
3.06613e-05
2.32508e-05
1.80131e-05
2.99006e-05
9.65368e-06
3.47295e-05
6.31478e-06
3.82118e-05
4.23859e-06
4.08646e-05
3.06309e-06
4.2936e-05
2.29495e-06
4.46241e-05
1.81491e-06
4.60606e-05
1.51849e-06
4.73469e-05
1.35265e-06
4.85492e-05
1.27503e-06
4.97136e-05
1.2512e-06
5.08629e-05
1.26031e-06
5.20138e-05
1.28413e-06
5.31683e-05
1.31509e-06
5.43297e-05
1.34253e-06
5.54877e-05
1.36237e-06
5.66356e-05
1.36725e-06
5.77561e-05
1.3548e-06
5.88353e-05
1.32021e-06
5.98524e-05
1.26296e-06
6.07902e-05
1.18079e-06
6.16268e-05
1.07424e-06
6.23438e-05
9.42158e-07
6.29192e-05
7.85367e-07
6.33337e-05
6.02802e-07
6.35652e-05
3.94987e-07
6.35928e-05
1.60537e-07
6.33923e-05
-1.01794e-07
6.29386e-05
-3.95608e-07
6.22009e-05
-7.26001e-07
6.11431e-05
-1.10126e-06
5.97183e-05
-1.5354e-06
5.78645e-05
-2.04814e-06
5.54949e-05
-2.6769e-06
5.24896e-05
-3.4694e-06
4.86591e-05
-4.53966e-06
4.37602e-05
-5.99962e-06
3.72597e-05
-8.37408e-06
2.87368e-05
-1.19064e-05
1.64631e-05
-2.03743e-05
2.68432e-06
-3.27288e-05
-0.000103198
1.51823e-05
8.5536e-05
2.85856e-05
1.72585e-05
3.79714e-05
8.62745e-06
4.31769e-05
4.44839e-06
4.67105e-05
2.78142e-06
4.91152e-05
1.83374e-06
5.08799e-05
1.29861e-06
5.22139e-05
9.60767e-07
5.32779e-05
7.51216e-07
5.41726e-05
6.23289e-07
5.49742e-05
5.51431e-07
5.5731e-05
5.17646e-07
5.64759e-05
5.07074e-07
5.72242e-05
5.11199e-07
5.79873e-05
5.21881e-07
5.87655e-05
5.35862e-07
5.95605e-05
5.48423e-07
6.0364e-05
5.57935e-07
6.11706e-05
5.61336e-07
6.19671e-05
5.57594e-07
6.27431e-05
5.44744e-07
6.3483e-05
5.22505e-07
6.41743e-05
4.89949e-07
6.48009e-05
4.47271e-07
6.53494e-05
3.93962e-07
6.58041e-05
3.30347e-07
6.61512e-05
2.55935e-07
6.63749e-05
1.70941e-07
6.64608e-05
7.48271e-08
6.63918e-05
-3.30736e-08
6.61504e-05
-1.54284e-07
6.57154e-05
-2.91132e-07
6.50611e-05
-4.47138e-07
6.41543e-05
-6.2858e-07
6.295e-05
-8.44188e-07
6.13838e-05
-1.11043e-06
5.93641e-05
-1.45022e-06
5.67376e-05
-1.91296e-06
5.33018e-05
-2.56438e-06
4.8554e-05
-3.62636e-06
4.20064e-05
-5.35936e-06
3.12008e-05
-9.56895e-06
1.65847e-05
-1.81132e-05
-8.66134e-05
3.29139e-05
5.26222e-05
4.44293e-05
5.74346e-06
5.08011e-05
2.25595e-06
5.40746e-05
1.17503e-06
5.61593e-05
6.96754e-07
5.75327e-05
4.60214e-07
5.85107e-05
3.20696e-07
5.92347e-05
2.36713e-07
5.98025e-05
1.83684e-07
6.02744e-05
1.5098e-07
6.06947e-05
1.31358e-07
6.10909e-05
1.20921e-07
6.14822e-05
1.16264e-07
6.18774e-05
1.15501e-07
6.22834e-05
1.16582e-07
6.27e-05
1.18545e-07
6.31286e-05
1.20421e-07
6.35642e-05
1.21688e-07
6.40042e-05
1.21907e-07
6.44407e-05
1.20555e-07
6.48684e-05
1.17416e-07
6.52784e-05
1.12193e-07
6.56638e-05
1.04856e-07
6.60155e-05
9.52756e-08
6.63263e-05
8.34237e-08
6.65872e-05
6.92531e-08
6.67905e-05
5.27034e-08
6.69275e-05
3.372e-08
6.69902e-05
1.22634e-08
6.69689e-05
-1.19863e-08
6.68539e-05
-3.93224e-08
6.66332e-05
-7.046e-08
6.6292e-05
-1.06159e-07
6.58116e-05
-1.48088e-07
6.51656e-05
-1.9841e-07
6.43164e-05
-2.61046e-07
6.32084e-05
-3.4257e-07
6.1749e-05
-4.5342e-07
5.98024e-05
-6.18238e-07
5.70514e-05
-8.75445e-07
5.30562e-05
-1.36455e-06
4.59288e-05
-2.44176e-06
3.37558e-05
-5.94057e-06
-5.28577e-05
5.26224e-05
5.8366e-05
6.06221e-05
6.1797e-05
6.24937e-05
6.29538e-05
6.32747e-05
6.35115e-05
6.36952e-05
6.38458e-05
6.39773e-05
6.4098e-05
6.42146e-05
6.43299e-05
6.44468e-05
6.4565e-05
6.46857e-05
6.48071e-05
6.49292e-05
6.50496e-05
6.51671e-05
6.52792e-05
6.53842e-05
6.54794e-05
6.55629e-05
6.5632e-05
6.56848e-05
6.57184e-05
6.57307e-05
6.57187e-05
6.56793e-05
6.56088e-05
6.55026e-05
6.53546e-05
6.5156e-05
6.48951e-05
6.45523e-05
6.40989e-05
6.34805e-05
6.2605e-05
6.12403e-05
5.87984e-05
5.28577e-05
)
;

boundaryField
{
    movingWall
    {
        type            calculated;
        value           uniform 0;
    }
    fixedWalls
    {
        type            calculated;
        value           uniform 0;
    }
    frontAndBack
    {
        type            empty;
        value           nonuniform 0();
    }
    defaultFaces
    {
        type            empty;
        value           nonuniform 0();
    }
}


// ************************************************************************* //
