/*--------------------------------*- C++ -*----------------------------------*\
  =========                 |
  \\      /  F ield         | OpenFOAM: The Open Source CFD Toolbox
   \\    /   O peration     | Website:  https://openfoam.org
    \\  /    A nd           | Version:  7
     \\/     M anipulation  |
\*---------------------------------------------------------------------------*/
FoamFile
{
    version     2.0;
    format      ascii;
    class       volVectorField;
    location    "1.46";
    object      U;
}
// * * * * * * * * * * * * * * * * * * * * * * * * * * * * * * * * * * * * * //

dimensions      [0 1 -1 0 0 0 0];

internalField   nonuniform List<vector> 
1936
(
(-18.29 2.52204 0)
(-55.484 214.588 0)
(13.6062 406.366 0)
(19.8673 350.526 0)
(3.62744 272.998 0)
(-1.23463 236.69 0)
(-19.0395 222.849 0)
(-26.483 252.389 0)
(-35.6596 377.783 0)
(3.45579 465.999 0)
(39.6974 357.488 0)
(28.4202 229.348 0)
(19.9714 197.603 0)
(2.04967 197.688 0)
(-13.8894 240.663 0)
(-25.9084 359.411 0)
(-0.696045 437.251 0)
(26.4928 348.94 0)
(14.0198 226.061 0)
(-3.70196 187.307 0)
(-20.122 188.543 0)
(-31.0678 230.222 0)
(-36.9899 373.128 0)
(7.54512 464.359 0)
(40.4483 351.176 0)
(29.3356 218.407 0)
(20.9091 183.171 0)
(2.54343 183.871 0)
(-13.3925 224.743 0)
(-27.3709 344.025 0)
(-6.98763 438.72 0)
(26.3886 360.629 0)
(16.4678 226.697 0)
(-3.98674 184.013 0)
(-18.7734 186.563 0)
(-32.7051 239.434 0)
(-34.93 396.528 0)
(17.1125 458.501 0)
(41.051 314.007 0)
(25.2665 193.908 0)
(13.907 175.265 0)
(-2.62623 181.869 0)
(-25.337 268.519 0)
(-22.1646 417.041 0)
(-18.1345 6.32403 0)
(-64.3179 -3.18527 0)
(10.3096 -5.07456 0)
(22.3993 -0.195106 0)
(3.64377 1.6933 0)
(-3.05753 2.46223 0)
(-14.7378 2.59738 0)
(-21.7158 0.614183 0)
(-35.9386 -3.10623 0)
(3.22913 -5.35746 0)
(39.1461 -2.82195 0)
(22.5204 0.937493 0)
(15.5266 2.95804 0)
(4.1988 3.4046 0)
(-12.272 1.90515 0)
(-27.2365 -1.37343 0)
(-0.721063 -3.6559 0)
(27.3243 -1.55846 0)
(11.8421 2.01993 0)
(-5.36562 3.54404 0)
(-14.9827 2.97802 0)
(-25.4004 0.451855 0)
(-36.8895 -3.80538 0)
(7.88192 -5.57178 0)
(40.6339 -2.52895 0)
(23.7793 0.971114 0)
(15.7011 2.9639 0)
(4.56063 3.50964 0)
(-11.6904 2.16591 0)
(-29.0183 -0.913663 0)
(-7.45307 -3.74702 0)
(27.132 -2.15913 0)
(13.9778 1.82747 0)
(-5.80798 3.68065 0)
(-13.2665 3.05082 0)
(-27.4689 0.121899 0)
(-35.3004 -4.37743 0)
(18.1337 -5.38319 0)
(40.5238 -1.68741 0)
(18.7671 1.85381 0)
(11.1049 3.41162 0)
(1.08792 3.44742 0)
(-24.564 0.625128 0)
(-23.8642 -3.34671 0)
(-5.51687 13.4467 0)
(-65.2013 -5.49483 0)
(-1.63403 -11.5162 0)
(20.5933 -1.1688 0)
(10.2576 3.40422 0)
(4.15376 4.70996 0)
(-5.6516 5.17451 0)
(-17.4988 2.07646 0)
(-35.6485 -5.94996 0)
(3.81658 -11.4327 0)
(39.6148 -5.25932 0)
(18.8245 2.69859 0)
(7.41533 5.81432 0)
(-3.22952 6.56537 0)
(-16.9734 4.04313 0)
(-29.1544 -2.99926 0)
(0.405092 -8.18179 0)
(30.1689 -3.24688 0)
(16.3042 4.2964 0)
(1.83878 6.77566 0)
(-7.3391 5.90014 0)
(-21.702 1.81306 0)
(-38.2298 -7.33501 0)
(6.07983 -11.9432 0)
(40.5288 -4.77031 0)
(21.073 2.81366 0)
(7.61436 5.91047 0)
(-3.0686 6.75574 0)
(-16.9387 4.56914 0)
(-30.9367 -2.04007 0)
(-5.37641 -8.41452 0)
(30.5696 -4.49446 0)
(18.103 3.97443 0)
(1.11084 7.032 0)
(-6.18359 6.09379 0)
(-24.3931 1.20916 0)
(-37.0578 -8.7286 0)
(16.8954 -11.5714 0)
(40.7755 -2.81677 0)
(15.6841 4.40706 0)
(3.99557 6.58796 0)
(-5.49905 6.89678 0)
(-28.6839 1.5975 0)
(-25.5428 -7.46587 0)
(7.40954 18.9344 0)
(-55.8842 -5.40735 0)
(-10.9586 -16.7684 0)
(10.4356 -3.6107 0)
(7.76189 3.89832 0)
(4.94785 6.19772 0)
(2.16967 7.41347 0)
(-6.73113 3.92095 0)
(-25.9983 -7.903 0)
(3.12651 -16.2617 0)
(28.7069 -6.80962 0)
(7.20387 4.83018 0)
(-1.65304 8.42754 0)
(-6.06131 8.80311 0)
(-12.86 5.28038 0)
(-22.2965 -4.78666 0)
(1.08993 -12.213 0)
(23.432 -4.89171 0)
(12.0698 5.729 0)
(5.15921 9.07845 0)
(2.03086 8.53644 0)
(-8.96622 3.65062 0)
(-28.4054 -9.67333 0)
(3.41736 -17.1121 0)
(29.2903 -6.42741 0)
(10.1 4.979 0)
(-1.72445 8.71764 0)
(-5.96265 9.13157 0)
(-13.3293 6.01492 0)
(-23.4917 -3.54204 0)
(-2.77853 -12.6047 0)
(24.1888 -6.55384 0)
(12.8365 5.36057 0)
(4.10597 9.42909 0)
(3.04217 8.8315 0)
(-11.2978 2.80034 0)
(-28.3674 -11.8084 0)
(12.1393 -16.6118 0)
(29.1119 -3.50304 0)
(5.43184 7.07079 0)
(-2.73373 9.44473 0)
(-5.59926 9.38145 0)
(-21.0559 1.93358 0)
(-20.5826 -11.2018 0)
(15.5263 22.8034 0)
(-45.1345 -3.36707 0)
(-18.7164 -20.0043 0)
(-0.145812 -6.79402 0)
(3.1615 3.18766 0)
(1.88296 6.72626 0)
(4.03743 8.78625 0)
(-0.212183 5.4012 0)
(-17.693 -8.9214 0)
(2.27232 -19.2012 0)
(18.8777 -7.44846 0)
(-0.634313 6.73335 0)
(-6.3427 10.3992 0)
(-6.22997 10.0332 0)
(-9.52974 5.58796 0)
(-16.0404 -6.40598 0)
(1.71776 -15.095 0)
(17.3558 -6.25234 0)
(8.88331 6.2373 0)
(5.71567 10.3596 0)
(7.00128 10.4676 0)
(-0.203942 5.3742 0)
(-19.3391 -10.6968 0)
(0.995556 -20.3363 0)
(19.2247 -7.39979 0)
(2.46045 6.89515 0)
(-6.64915 10.921 0)
(-5.77415 10.5467 0)
(-10.3101 6.49481 0)
(-16.7168 -5.09909 0)
(-0.462297 -15.6196 0)
(18.2673 -8.05578 0)
(8.82528 5.8902 0)
(4.38629 10.7156 0)
(7.8896 10.7709 0)
(-2.0666 4.3441 0)
(-20.2313 -13.3273 0)
(7.5482 -19.7585 0)
(19.0599 -3.77456 0)
(-1.5832 9.24065 0)
(-5.85613 11.5714 0)
(-4.34056 10.7063 0)
(-14.7101 1.66602 0)
(-15.9599 -13.8716 0)
(19.2806 25.0573 0)
(-32.5039 0.121156 0)
(-22.2797 -20.7022 0)
(-8.98616 -10.0342 0)
(-3.20162 1.53667 0)
(-3.87349 6.39865 0)
(1.74169 9.0099 0)
(2.63502 5.99185 0)
(-11.1681 -9.1937 0)
(1.20783 -20.2125 0)
(10.4624 -7.31952 0)
(-5.33575 7.99968 0)
(-7.34336 11.4943 0)
(-3.22338 10.4276 0)
(-5.7401 5.26901 0)
(-10.3168 -7.72616 0)
(2.13986 -16.7334 0)
(11.8608 -7.22777 0)
(5.34361 6.14044 0)
(3.18945 10.8193 0)
(8.27173 11.4811 0)
(4.92511 6.60571 0)
(-11.5249 -10.5298 0)
(-0.779415 -21.4843 0)
(10.7103 -7.75102 0)
(-2.61602 8.14759 0)
(-7.89315 12.2135 0)
(-2.55483 11.1458 0)
(-6.50179 6.31474 0)
(-10.5221 -6.54212 0)
(1.2341 -17.3377 0)
(12.7729 -8.92723 0)
(4.79678 5.86893 0)
(1.84144 11.1062 0)
(9.08633 11.6932 0)
(3.54205 5.48573 0)
(-13.0394 -13.3826 0)
(3.66081 -20.91 0)
(10.7483 -3.72447 0)
(-6.07504 10.5419 0)
(-6.04681 12.7294 0)
(-0.456664 11.0657 0)
(-8.98828 1.12738 0)
(-11.6875 -15.3937 0)
(19.6493 25.6403 0)
(-19.9314 4.22721 0)
(-20.9099 -18.7333 0)
(-14.1578 -12.3456 0)
(-9.17391 -0.619714 0)
(-8.86323 5.32266 0)
(-1.58828 7.9689 0)
(3.16061 5.44659 0)
(-6.40841 -8.97543 0)
(-0.0962688 -19.4342 0)
(3.51299 -6.65652 0)
(-7.83834 8.31165 0)
(-6.22848 11.4837 0)
(0.543172 10.0893 0)
(-1.45289 4.64274 0)
(-5.1917 -8.52766 0)
(2.20976 -17.0284 0)
(6.8998 -7.57903 0)
(1.17622 5.74175 0)
(-0.0940929 10.5507 0)
(7.29697 11.4126 0)
(7.40219 7.05548 0)
(-5.14211 -9.45372 0)
(-1.65817 -20.6108 0)
(3.9064 -7.54878 0)
(-5.78761 8.42859 0)
(-6.82024 12.3426 0)
(1.10203 10.9841 0)
(-1.90303 5.76696 0)
(-5.04264 -7.56665 0)
(2.0927 -17.6443 0)
(7.71236 -9.0023 0)
(0.474622 5.55404 0)
(-1.15251 10.7361 0)
(7.96602 11.4763 0)
(6.42083 5.92936 0)
(-6.87672 -12.2564 0)
(0.868211 -20.1085 0)
(4.21331 -3.47129 0)
(-8.4098 10.7357 0)
(-4.4821 12.7 0)
(3.81799 10.6011 0)
(-4.01436 0.692902 0)
(-7.71782 -15.6687 0)
(17.7975 24.6042 0)
(-8.77224 8.03127 0)
(-15.415 -14.5919 0)
(-14.7258 -12.9376 0)
(-12.4114 -2.73477 0)
(-10.7407 3.54134 0)
(-3.52091 5.92693 0)
(2.6568 3.96254 0)
(-3.19001 -8.41959 0)
(-1.5371 -17.1744 0)
(-1.87762 -5.74121 0)
(-8.92463 7.59599 0)
(-4.52633 10.3336 0)
(3.06652 9.12481 0)
(2.6065 3.80821 0)
(-1.03507 -8.60009 0)
(1.84392 -15.9415 0)
(2.64022 -7.18993 0)
(-2.92727 5.12791 0)
(-2.38136 9.6486 0)
(5.51412 10.3046 0)
(8.24337 6.66008 0)
(-0.278465 -7.82987 0)
(-1.67191 -17.9791 0)
(-0.976354 -6.82526 0)
(-7.45472 7.72659 0)
(-4.97496 11.2654 0)
(3.4592 10.1283 0)
(2.64116 4.93249 0)
(-0.676953 -7.86732 0)
(2.11244 -16.5013 0)
(3.29833 -8.25925 0)
(-3.51109 5.00356 0)
(-2.99897 9.71305 0)
(6.03137 10.2155 0)
(7.56487 5.59517 0)
(-1.89132 -10.3232 0)
(-0.741818 -17.5986 0)
(-0.503693 -3.07883 0)
(-9.04716 9.84395 0)
(-2.55423 11.5339 0)
(6.24295 9.53584 0)
(-0.0225315 0.393744 0)
(-4.11587 -14.6802 0)
(14.3384 22.123 0)
(0.175468 10.6817 0)
(-7.65446 -9.27319 0)
(-11.0423 -11.5878 0)
(-11.5651 -4.30959 0)
(-9.44633 1.34776 0)
(-3.53349 3.45547 0)
(1.92247 2.00565 0)
(-1.1859 -7.51528 0)
(-2.7447 -13.9218 0)
(-5.33432 -4.7466 0)
(-8.92847 5.9906 0)
(-3.28747 8.29843 0)
(3.86534 7.53991 0)
(5.30067 2.77139 0)
(1.67225 -7.81843 0)
(1.1172 -13.6193 0)
(-0.640524 -6.14086 0)
(-5.73416 4.28692 0)
(-3.25059 8.1636 0)
(3.90875 8.43771 0)
(7.96518 5.52009 0)
(2.80206 -5.9347 0)
(-1.18206 -14.1049 0)
(-3.7901 -5.58478 0)
(-7.8205 6.22392 0)
(-3.43697 9.27714 0)
(4.23743 8.58667 0)
(5.80741 3.82375 0)
(2.16441 -7.25053 0)
(1.57698 -14.0588 0)
(-0.0627689 -6.87996 0)
(-6.00536 4.18179 0)
(-3.42266 8.11962 0)
(4.35241 8.24216 0)
(7.54359 4.57177 0)
(1.51215 -7.92284 0)
(-1.38777 -13.8698 0)
(-3.32873 -2.50505 0)
(-8.43529 8.12184 0)
(-1.28449 9.52826 0)
(6.62893 8.02336 0)
(2.92717 0.110705 0)
(-1.15151 -12.5745 0)
(10.0248 18.5552 0)
(6.08259 11.6543 0)
(-0.112202 -4.02934 0)
(-4.95478 -8.73757 0)
(-7.43842 -4.89798 0)
(-6.44894 -0.630338 0)
(-2.53155 1.17232 0)
(1.35163 0.117089 0)
(-0.0394679 -6.31526 0)
(-3.17877 -10.3126 0)
(-6.53161 -3.7822 0)
(-7.87032 3.8929 0)
(-2.54312 5.82572 0)
(3.42594 5.45539 0)
(5.90963 1.66712 0)
(2.77568 -6.3424 0)
(0.24992 -10.4701 0)
(-2.73791 -4.67602 0)
(-6.51316 3.23683 0)
(-3.09721 6.19924 0)
(2.6778 6.23566 0)
(6.69783 3.96584 0)
(3.92292 -4.02689 0)
(-0.670073 -9.74272 0)
(-4.60396 -4.00806 0)
(-6.89635 4.35463 0)
(-2.35697 6.84572 0)
(3.88138 6.48114 0)
(6.71979 2.62609 0)
(3.44805 -5.85938 0)
(0.853682 -10.7511 0)
(-2.15329 -5.15293 0)
(-6.43345 3.1206 0)
(-2.99632 6.07939 0)
(3.04657 6.01526 0)
(6.49312 3.18635 0)
(3.02056 -5.43488 0)
(-1.39269 -9.62648 0)
(-4.348 -1.76466 0)
(-6.85471 5.97289 0)
(-0.619952 7.13115 0)
(5.88209 6.12339 0)
(4.6001 -0.156538 0)
(0.744122 -9.66966 0)
(5.90714 14.5127 0)
(7.91169 10.9253 0)
(4.73709 -0.00644705 0)
(0.922273 -5.29982 0)
(-2.31631 -4.31924 0)
(-3.00353 -1.78234 0)
(-1.08589 -0.516204 0)
(1.21534 -1.26968 0)
(0.545654 -4.97299 0)
(-2.74041 -6.97816 0)
(-5.77607 -2.9397 0)
(-5.98246 1.85308 0)
(-1.91928 3.37757 0)
(2.47628 3.26355 0)
(4.81604 0.686345 0)
(2.64569 -4.56012 0)
(-0.44506 -7.11217 0)
(-3.55065 -3.17724 0)
(-5.61149 2.08638 0)
(-2.53814 4.09644 0)
(1.6188 4.09114 0)
(4.73875 2.46882 0)
(3.44793 -2.34979 0)
(-0.359123 -5.74641 0)
(-3.95399 -2.42427 0)
(-5.07125 2.63659 0)
(-1.47455 4.42568 0)
(3.03139 4.22953 0)
(5.70795 1.53036 0)
(3.44857 -4.11326 0)
(0.254101 -7.22449 0)
(-2.93365 -3.444 0)
(-5.31287 1.98189 0)
(-2.32748 3.95901 0)
(1.90805 3.88769 0)
(4.68289 1.8857 0)
(2.89505 -3.23051 0)
(-1.05997 -5.69001 0)
(-3.8984 -0.988262 0)
(-4.74569 3.85863 0)
(-0.208785 4.76819 0)
(4.58341 4.07724 0)
(4.77178 -0.320597 0)
(1.52672 -6.49485 0)
(3.16994 10.6489 0)
(6.70399 9.02455 0)
(6.35817 2.27874 0)
(4.36861 -2.28335 0)
(1.5866 -2.93407 0)
(0.124963 -1.99782 0)
(0.542313 -1.46626 0)
(1.44964 -1.97216 0)
(0.81175 -3.67837 0)
(-1.75689 -4.38105 0)
(-3.93261 -2.26027 0)
(-3.83453 0.29453 0)
(-1.2856 1.35095 0)
(1.52179 1.3988 0)
(3.1015 -0.0381035 0)
(1.85703 -2.90163 0)
(-0.730082 -4.19351 0)
(-3.15683 -1.94037 0)
(-3.98149 1.05334 0)
(-1.90203 2.27365 0)
(0.724728 2.31352 0)
(2.69779 1.33392 0)
(2.18698 -1.09361 0)
(-0.256776 -2.7522 0)
(-2.65697 -1.17181 0)
(-3.06183 1.35355 0)
(-0.749157 2.41558 0)
(2.07949 2.30751 0)
(3.86748 0.690793 0)
(2.61169 -2.47427 0)
(-0.0692191 -4.1458 0)
(-2.60537 -2.03013 0)
(-3.6401 1.00282 0)
(-1.67504 2.17911 0)
(0.934015 2.13357 0)
(2.70792 0.934261 0)
(1.88289 -1.582 0)
(-0.726001 -2.7119 0)
(-2.69611 -0.356782 0)
(-2.73427 2.1762 0)
(0.0601651 2.75678 0)
(3.09585 2.28095 0)
(3.68511 -0.329342 0)
(1.45048 -3.67616 0)
(1.81041 7.546 0)
(4.43361 6.76917 0)
(5.39554 2.96522 0)
(4.75552 -0.265354 0)
(3.10393 -1.46133 0)
(1.92201 -1.6084 0)
(1.65509 -1.69046 0)
(1.63159 -2.01218 0)
(0.894079 -2.57706 0)
(-0.724998 -2.66573 0)
(-2.0088 -1.75295 0)
(-1.98942 -0.638897 0)
(-0.709271 -0.0172747 0)
(0.800267 0.130739 0)
(1.63791 -0.459221 0)
(0.992743 -1.66142 0)
(-0.642778 -2.13695 0)
(-2.12273 -1.08227 0)
(-2.41795 0.33597 0)
(-1.29552 0.992124 0)
(0.137476 1.06265 0)
(1.16825 0.62616 0)
(0.998277 -0.324224 0)
(-0.213282 -0.958997 0)
(-1.41252 -0.40473 0)
(-1.49962 0.5538 0)
(-0.281889 1.03188 0)
(1.22617 0.983918 0)
(2.14131 0.19572 0)
(1.50321 -1.24244 0)
(-0.181373 -1.9633 0)
(-1.74068 -1.03126 0)
(-2.15158 0.353602 0)
(-1.11485 0.951989 0)
(0.263063 0.930691 0)
(1.17348 0.381885 0)
(0.8279 -0.567771 0)
(-0.47636 -0.923245 0)
(-1.46614 0.0202785 0)
(-1.29562 1.06122 0)
(0.156877 1.32598 0)
(1.76791 1.03037 0)
(2.17962 -0.221144 0)
(0.957376 -1.66334 0)
(1.07115 5.3764 0)
(2.5459 4.84885 0)
(3.51911 2.72466 0)
(3.50171 0.742142 0)
(2.80363 -0.422388 0)
(2.13672 -1.02703 0)
(1.74656 -1.39616 0)
(1.39671 -1.62805 0)
(0.801747 -1.75138 0)
(-0.0248009 -1.69368 0)
(-0.647496 -1.40767 0)
(-0.706679 -1.05171 0)
(-0.222493 -0.759825 0)
(0.394115 -0.566839 0)
(0.705959 -0.630061 0)
(0.383911 -0.910304 0)
(-0.421642 -0.974611 0)
(-1.13878 -0.5688 0)
(-1.26644 -0.0316897 0)
(-0.778982 0.261824 0)
(-0.123423 0.339633 0)
(0.328077 0.252703 0)
(0.299209 0.0258907 0)
(-0.139886 -0.146568 0)
(-0.571395 -0.0550486 0)
(-0.561102 0.146352 0)
(-0.0450296 0.271541 0)
(0.605979 0.259525 0)
(0.958452 -0.00853246 0)
(0.641174 -0.494942 0)
(-0.181301 -0.732483 0)
(-0.936198 -0.434143 0)
(-1.11608 0.0391732 0)
(-0.680676 0.271976 0)
(-0.0780383 0.27645 0)
(0.298231 0.126244 0)
(0.180362 -0.0847919 0)
(-0.290591 -0.121214 0)
(-0.628741 0.161553 0)
(-0.485098 0.446043 0)
(0.144976 0.498341 0)
(0.840947 0.356787 0)
(0.998105 -0.0847087 0)
(0.472437 -0.537041 0)
(0.652592 3.85418 0)
(1.52617 3.53853 0)
(2.12905 2.2951 0)
(2.24969 1.07639 0)
(1.99252 0.140044 0)
(1.62577 -0.516146 0)
(1.29468 -0.943496 0)
(0.970589 -1.15354 0)
(0.617722 -1.21139 0)
(0.26538 -1.20801 0)
(0.00934144 -1.19034 0)
(-0.0676812 -1.14304 0)
(0.0316716 -1.03039 0)
(0.1831 -0.839649 0)
(0.224726 -0.652161 0)
(0.0601184 -0.541589 0)
(-0.248769 -0.445195 0)
(-0.509434 -0.30308 0)
(-0.561139 -0.160912 0)
(-0.398964 -0.0650988 0)
(-0.160136 0.00724748 0)
(0.0105671 0.0732851 0)
(0.0351853 0.10615 0)
(-0.0552979 0.0856033 0)
(-0.144316 0.0382803 0)
(-0.114472 -0.0193828 0)
(0.0498935 -0.0431601 0)
(0.247069 -0.0315824 0)
(0.325983 -0.0443419 0)
(0.181899 -0.11615 0)
(-0.126205 -0.167202 0)
(-0.409415 -0.125109 0)
(-0.487846 -0.0509349 0)
(-0.357265 -0.0137639 0)
(-0.165865 -0.000116747 0)
(-0.0465709 0.0226496 0)
(-0.0631725 0.0615218 0)
(-0.158596 0.109646 0)
(-0.205755 0.161241 0)
(-0.116311 0.166273 0)
(0.102497 0.130694 0)
(0.321685 0.0924167 0)
(0.340535 0.0221711 0)
(0.175459 -0.042615 0)
(0.412567 2.75358 0)
(1.02283 2.64058 0)
(1.41497 1.90135 0)
(1.5255 1.12775 0)
(1.42605 0.430434 0)
(1.20297 -0.132615 0)
(0.943011 -0.527346 0)
(0.700898 -0.759183 0)
(0.490016 -0.87645 0)
(0.318007 -0.956351 0)
(0.190415 -1.03099 0)
(0.103288 -1.06639 0)
(0.0531349 -1.00699 0)
(0.0238742 -0.835582 0)
(-0.0171693 -0.607631 0)
(-0.0848734 -0.405242 0)
(-0.163206 -0.272481 0)
(-0.216447 -0.21142 0)
(-0.219565 -0.1938 0)
(-0.178426 -0.173054 0)
(-0.117646 -0.112416 0)
(-0.0592341 -0.0162133 0)
(-0.0204079 0.0651374 0)
(-0.000237972 0.078843 0)
(0.0130347 0.0226624 0)
(0.035023 -0.065048 0)
(0.0674782 -0.114564 0)
(0.0915552 -0.0886039 0)
(0.0849379 -0.0220833 0)
(0.0296031 0.0306697 0)
(-0.055899 0.0363429 0)
(-0.130034 0.00282552 0)
(-0.159906 -0.0483797 0)
(-0.147564 -0.0876682 0)
(-0.120752 -0.0807489 0)
(-0.0977145 -0.0178516 0)
(-0.0837409 0.0610534 0)
(-0.0674123 0.112105 0)
(-0.038665 0.106704 0)
(0.00563917 0.0618128 0)
(0.055726 0.0226305 0)
(0.0914239 0.0343635 0)
(0.0780667 0.0830518 0)
(0.0505954 0.117246 0)
(0.259048 1.9393 0)
(0.693048 1.95965 0)
(1.00165 1.53989 0)
(1.13191 1.05725 0)
(1.11678 0.575253 0)
(1.00636 0.139183 0)
(0.837914 -0.20515 0)
(0.652166 -0.452503 0)
(0.485287 -0.626749 0)
(0.341734 -0.759015 0)
(0.216724 -0.859055 0)
(0.104538 -0.905077 0)
(0.00641158 -0.86519 0)
(-0.0703635 -0.734313 0)
(-0.120655 -0.551979 0)
(-0.143517 -0.380623 0)
(-0.143494 -0.26674 0)
(-0.129684 -0.219425 0)
(-0.111708 -0.209939 0)
(-0.0955083 -0.195232 0)
(-0.0802371 -0.145333 0)
(-0.0591421 -0.0693271 0)
(-0.027886 -0.00493445 0)
(0.00958698 0.0148011 0)
(0.0387822 -0.0154305 0)
(0.05129 -0.0649783 0)
(0.0477582 -0.0894675 0)
(0.0328334 -0.0623048 0)
(0.0179058 -0.001317 0)
(0.00736875 0.0510114 0)
(-0.000446415 0.0631879 0)
(-0.00709884 0.0284517 0)
(-0.0147887 -0.0285802 0)
(-0.0269085 -0.0707422 0)
(-0.0401831 -0.0685396 0)
(-0.0456389 -0.0261677 0)
(-0.0391738 0.0275936 0)
(-0.0192807 0.059526 0)
(0.00497598 0.056624 0)
(0.0197607 0.0332095 0)
(0.0220452 0.0205479 0)
(0.0163924 0.047689 0)
(0.00367373 0.101073 0)
(0.0098767 0.128287 0)
(0.158517 1.34357 0)
(0.449545 1.41778 0)
(0.68937 1.19363 0)
(0.833547 0.909334 0)
(0.884348 0.599514 0)
(0.857224 0.295475 0)
(0.777467 0.0184525 0)
(0.66307 -0.211469 0)
(0.531211 -0.39788 0)
(0.396643 -0.545021 0)
(0.264641 -0.6497 0)
(0.139782 -0.699675 0)
(0.0299697 -0.683603 0)
(-0.0552298 -0.605718 0)
(-0.108412 -0.491467 0)
(-0.128753 -0.378621 0)
(-0.12437 -0.295733 0)
(-0.108515 -0.24969 0)
(-0.092674 -0.225333 0)
(-0.0815832 -0.199595 0)
(-0.0726713 -0.158311 0)
(-0.0595439 -0.10664 0)
(-0.0380992 -0.0630325 0)
(-0.0114135 -0.0432266 0)
(0.00961939 -0.0482322 0)
(0.0174968 -0.0612974 0)
(0.0137229 -0.0611327 0)
(0.00518833 -0.0363025 0)
(0.00151702 0.00356748 0)
(0.00754003 0.0360589 0)
(0.0194374 0.0432212 0)
(0.0280398 0.0227989 0)
(0.0284955 -0.0109363 0)
(0.0197334 -0.0360823 0)
(0.00520913 -0.0379287 0)
(-0.00606625 -0.0187013 0)
(-0.00847875 0.00739014 0)
(-0.00210272 0.0268691 0)
(0.00600866 0.0334774 0)
(0.00777796 0.0338683 0)
(0.00195852 0.0417273 0)
(-0.00583656 0.0659279 0)
(-0.0116877 0.0988619 0)
(-0.000415037 0.10887 0)
(0.0951488 0.916393 0)
(0.280733 0.995727 0)
(0.449304 0.879738 0)
(0.573019 0.720419 0)
(0.647172 0.533176 0)
(0.670462 0.334762 0)
(0.650591 0.13967 0)
(0.596997 -0.0422647 0)
(0.517773 -0.201491 0)
(0.421094 -0.333623 0)
(0.315611 -0.431239 0)
(0.209925 -0.486989 0)
(0.113176 -0.497585 0)
(0.0342639 -0.468547 0)
(-0.0216825 -0.414127 0)
(-0.0543869 -0.353441 0)
(-0.0681797 -0.301286 0)
(-0.0710564 -0.262572 0)
(-0.0700277 -0.232352 0)
(-0.0682835 -0.202212 0)
(-0.0652051 -0.16749 0)
(-0.0586381 -0.130845 0)
(-0.0478211 -0.0995469 0)
(-0.0348721 -0.0792903 0)
(-0.0236712 -0.0690947 0)
(-0.0179097 -0.0621161 0)
(-0.016976 -0.0501568 0)
(-0.0164334 -0.0297913 0)
(-0.0127258 -0.00562678 0)
(-0.0041637 0.0128585 0)
(0.00730558 0.0182776 0)
(0.0163027 0.0103964 0)
(0.0190328 -0.00315184 0)
(0.0149967 -0.0136461 0)
(0.00679342 -0.0146094 0)
(-0.00118394 -0.00607912 0)
(-0.00602629 0.0068511 0)
(-0.00725437 0.019295 0)
(-0.00718683 0.0293736 0)
(-0.00854626 0.0392151 0)
(-0.011439 0.0524613 0)
(-0.0130697 0.0704244 0)
(-0.0125638 0.0890694 0)
(-0.00185808 0.0888542 0)
(0.0563013 0.615049 0)
(0.171324 0.680406 0)
(0.280642 0.619988 0)
(0.369855 0.532595 0)
(0.435412 0.424189 0)
(0.473025 0.302577 0)
(0.483173 0.175558 0)
(0.468406 0.0501149 0)
(0.431687 -0.0666247 0)
(0.378143 -0.16814 0)
(0.313867 -0.248796 0)
(0.244386 -0.303796 0)
(0.176267 -0.331482 0)
(0.115507 -0.334606 0)
(0.0660916 -0.320246 0)
(0.0292664 -0.296229 0)
(0.00352082 -0.269758 0)
(-0.0141125 -0.244207 0)
(-0.0264439 -0.219342 0)
(-0.0351967 -0.193541 0)
(-0.0407201 -0.166266 0)
(-0.0428705 -0.139102 0)
(-0.0420217 -0.114766 0)
(-0.0393815 -0.0950551 0)
(-0.0364609 -0.0794643 0)
(-0.0343047 -0.0655894 0)
(-0.032677 -0.0508994 0)
(-0.0302545 -0.0347357 0)
(-0.025932 -0.0190402 0)
(-0.0198127 -0.00689431 0)
(-0.0133682 -0.000680052 0)
(-0.00841886 -0.000109962 0)
(-0.00617714 -0.00215806 0)
(-0.00701953 -0.00332389 0)
(-0.0101824 -0.00106818 0)
(-0.0140513 0.00459787 0)
(-0.0171785 0.0125709 0)
(-0.0189989 0.0215382 0)
(-0.0197371 0.0310035 0)
(-0.0197185 0.0412669 0)
(-0.018745 0.0526545 0)
(-0.0157522 0.0645258 0)
(-0.011646 0.0747994 0)
(-0.00214279 0.0705701 0)
(0.0330978 0.404583 0)
(0.103765 0.45238 0)
(0.171897 0.420162 0)
(0.230994 0.37227 0)
(0.278939 0.310966 0)
(0.312547 0.239736 0)
(0.330815 0.162471 0)
(0.333785 0.0833027 0)
(0.323205 0.00603539 0)
(0.300385 -0.0641181 0)
(0.267601 -0.123946 0)
(0.228927 -0.170349 0)
(0.187986 -0.201965 0)
(0.148112 -0.219424 0)
(0.111834 -0.225069 0)
(0.0805156 -0.222052 0)
(0.0543845 -0.21335 0)
(0.0329288 -0.200929 0)
(0.0154195 -0.185786 0)
(0.00131184 -0.168436 0)
(-0.00964338 -0.149573 0)
(-0.0176793 -0.130263 0)
(-0.0232095 -0.11185 0)
(-0.026842 -0.0950873 0)
(-0.0292266 -0.0800039 0)
(-0.0307592 -0.0660577 0)
(-0.0314702 -0.0526738 0)
(-0.0311601 -0.039818 0)
(-0.0297102 -0.0281392 0)
(-0.0273783 -0.018553 0)
(-0.0248056 -0.0115392 0)
(-0.0227265 -0.00673586 0)
(-0.0216849 -0.00316331 0)
(-0.0217782 0.000371305 0)
(-0.0226492 0.00466035 0)
(-0.02374 0.0100257 0)
(-0.0245217 0.0162792 0)
(-0.024648 0.0231459 0)
(-0.0239211 0.0304764 0)
(-0.0221874 0.0381615 0)
(-0.0192573 0.0459198 0)
(-0.0147409 0.0531351 0)
(-0.00966949 0.0588144 0)
(-0.00205538 0.053875 0)
(0.0196587 0.257675 0)
(0.0634805 0.289885 0)
(0.105733 0.272399 0)
(0.143886 0.246163 0)
(0.176723 0.212099 0)
(0.202259 0.171776 0)
(0.219723 0.127046 0)
(0.228722 0.0800435 0)
(0.229403 0.0330625 0)
(0.222239 -0.0119319 0)
(0.208487 -0.0522339 0)
(0.189864 -0.0862837 0)
(0.167972 -0.113025 0)
(0.144538 -0.132184 0)
(0.121054 -0.14422 0)
(0.0986009 -0.150057 0)
(0.0778388 -0.150771 0)
(0.0590965 -0.147343 0)
(0.0425014 -0.140597 0)
(0.0281134 -0.131255 0)
(0.0159777 -0.120061 0)
(0.00589451 -0.107803 0)
(-0.00230711 -0.0952243 0)
(-0.00877247 -0.0828673 0)
(-0.0138449 -0.0710093 0)
(-0.0177614 -0.0597274 0)
(-0.020647 -0.0490266 0)
(-0.022582 -0.0389917 0)
(-0.023672 -0.0298248 0)
(-0.0241031 -0.0217466 0)
(-0.0241358 -0.0148382 0)
(-0.0240421 -0.00895235 0)
(-0.0240103 -0.0037583 0)
(-0.0240679 0.0011235 0)
(-0.0241115 0.00597803 0)
(-0.0239822 0.0109459 0)
(-0.0235065 0.0160364 0)
(-0.0225317 0.0212002 0)
(-0.0209358 0.0263722 0)
(-0.0186222 0.031442 0)
(-0.0155108 0.0362058 0)
(-0.0114778 0.0403561 0)
(-0.0071382 0.0434653 0)
(-0.00175913 0.0391434 0)
(0.0124419 0.1579 0)
(0.0413012 0.17809 0)
(0.0689067 0.168468 0)
(0.0945084 0.154044 0)
(0.117389 0.135245 0)
(0.136305 0.1128 0)
(0.150745 0.0875949 0)
(0.160332 0.060669 0)
(0.164987 0.0331594 0)
(0.165113 0.00620595 0)
(0.160908 -0.0189199 0)
(0.152776 -0.0413353 0)
(0.141733 -0.0603108 0)
(0.128654 -0.0754288 0)
(0.114342 -0.0865833 0)
(0.0995126 -0.0939183 0)
(0.0847462 -0.0977432 0)
(0.0704892 -0.0984555 0)
(0.0570738 -0.0964975 0)
(0.044737 -0.0923391 0)
(0.0336354 -0.0864758 0)
(0.0238343 -0.0794574 0)
(0.015325 -0.0716532 0)
(0.00801672 -0.0634984 0)
(0.00185799 -0.0552828 0)
(-0.0032412 -0.0472014 0)
(-0.00743507 -0.0393921 0)
(-0.0107981 -0.0319677 0)
(-0.0134195 -0.0250288 0)
(-0.0154092 -0.0186512 0)
(-0.0168825 -0.012859 0)
(-0.0179521 -0.00760934 0)
(-0.0186912 -0.00281125 0)
(-0.0191163 0.00164802 0)
(-0.0192149 0.00586238 0)
(-0.0189597 0.00988825 0)
(-0.0183119 0.0137443 0)
(-0.0172316 0.0174205 0)
(-0.0156882 0.0208858 0)
(-0.0136654 0.0240832 0)
(-0.0111552 0.0269206 0)
(-0.00814176 0.0292745 0)
(-0.00492607 0.0309753 0)
(-0.00136217 0.0276032 0)
(0.00878857 0.0944564 0)
(0.0299273 0.106495 0)
(0.0498854 0.101001 0)
(0.0687484 0.0928097 0)
(0.0860396 0.0821455 0)
(0.100899 0.069378 0)
(0.11299 0.0549624 0)
(0.12205 0.0394378 0)
(0.127938 0.0234088 0)
(0.13067 0.00750638 0)
(0.130393 -0.00779841 0)
(0.127378 -0.0218198 0)
(0.122017 -0.0341175 0)
(0.114751 -0.0443801 0)
(0.106045 -0.0524309 0)
(0.0963553 -0.0582245 0)
(0.0861006 -0.0618246 0)
(0.0756493 -0.0633801 0)
(0.0653122 -0.0631026 0)
(0.055341 -0.0612499 0)
(0.0459285 -0.0581092 0)
(0.0372081 -0.0539796 0)
(0.0292598 -0.0491461 0)
(0.0221191 -0.0438708 0)
(0.0157801 -0.0383753 0)
(0.0102074 -0.032823 0)
(0.00534946 -0.0273545 0)
(0.0012246 -0.0220741 0)
(-0.00221367 -0.0170592 0)
(-0.00507835 -0.0123636 0)
(-0.00740903 -0.00801545 0)
(-0.00925375 -0.00400629 0)
(-0.0106463 -0.000315017 0)
(-0.01161 0.00308799 0)
(-0.0121691 0.00623573 0)
(-0.0123321 0.0091528 0)
(-0.0121021 0.011852 0)
(-0.0114836 0.0143339 0)
(-0.0104862 0.0165871 0)
(-0.00912809 0.018588 0)
(-0.0074313 0.0202998 0)
(-0.0054223 0.0216742 0)
(-0.00324723 0.0226422 0)
(-0.000970403 0.020049 0)
(0.00679799 0.0535843 0)
(0.0237073 0.0602374 0)
(0.0393925 0.0570135 0)
(0.0544409 0.0522589 0)
(0.0684908 0.0460952 0)
(0.0808576 0.0387163 0)
(0.0912955 0.0303725 0)
(0.0996128 0.0213668 0)
(0.105682 0.0120299 0)
(0.109424 0.00266368 0)
(0.110936 -0.00636211 0)
(0.110395 -0.0147275 0)
(0.107967 -0.0221596 0)
(0.103887 -0.0284489 0)
(0.0984367 -0.0334572 0)
(0.0919145 -0.0371185 0)
(0.0846163 -0.0394337 0)
(0.076821 -0.0404615 0)
(0.0687807 -0.040307 0)
(0.0607147 -0.0391135 0)
(0.052807 -0.0370483 0)
(0.0452054 -0.0342917 0)
(0.0380214 -0.0310229 0)
(0.0313328 -0.0274122 0)
(0.0251811 -0.0236123 0)
(0.01959 -0.0197491 0)
(0.0145798 -0.0159285 0)
(0.0101543 -0.0122376 0)
(0.00628477 -0.00871447 0)
(0.00294754 -0.00540476 0)
(0.000155416 -0.00234303 0)
(-0.00212199 0.0004546 0)
(-0.00396148 0.00301184 0)
(-0.00539074 0.00533896 0)
(-0.00640572 0.00745309 0)
(-0.00701806 0.00937038 0)
(-0.00724713 0.0111039 0)
(-0.00711508 0.0126616 0)
(-0.00664745 0.0140443 0)
(-0.00587538 0.0152462 0)
(-0.00483223 0.0162545 0)
(-0.00356286 0.0170505 0)
(-0.00213859 0.0176047 0)
(-0.000677437 0.0155167 0)
(0.00537352 0.0255202 0)
(0.0191884 0.0284808 0)
(0.0316372 0.0266418 0)
(0.0437355 0.0239866 0)
(0.0552081 0.0205786 0)
(0.0654307 0.016516 0)
(0.07419 0.011937 0)
(0.0813662 0.00700516 0)
(0.0868217 0.00189382 0)
(0.0905326 -0.00314473 0)
(0.092587 -0.00797805 0)
(0.0929927 -0.0124258 0)
(0.0918356 -0.0163309 0)
(0.0892622 -0.0195701 0)
(0.0854586 -0.0220598 0)
(0.080635 -0.0237563 0)
(0.0750108 -0.0246544 0)
(0.0688036 -0.0247842 0)
(0.0622181 -0.0242067 0)
(0.0554425 -0.0230087 0)
(0.0486442 -0.0212883 0)
(0.0419653 -0.0191575 0)
(0.035524 -0.0167301 0)
(0.0294106 -0.0141144 0)
(0.023692 -0.0114107 0)
(0.018419 -0.00870252 0)
(0.0136506 -0.00605853 0)
(0.00943002 -0.00352789 0)
(0.00572228 -0.00118267 0)
(0.00250007 0.000961295 0)
(-0.000250527 0.00291023 0)
(-0.00254308 0.00466478 0)
(-0.00436474 0.00620902 0)
(-0.00572991 0.00757259 0)
(-0.00666344 0.0087716 0)
(-0.00718826 0.00982328 0)
(-0.00732925 0.0107452 0)
(-0.0071152 0.0115527 0)
(-0.00657953 0.012256 0)
(-0.00576062 0.0128598 0)
(-0.00469755 0.0133632 0)
(-0.00343974 0.0137598 0)
(-0.00203726 0.0140389 0)
(-0.000650911 0.0123324 0)
(0.0039014 0.00632571 0)
(0.0144881 0.00681342 0)
(0.0234381 0.00590874 0)
(0.0322915 0.00467121 0)
(0.0407727 0.00310098 0)
(0.0483133 0.00124198 0)
(0.0548114 -0.000830858 0)
(0.0600956 -0.00303151 0)
(0.0641036 -0.00525539 0)
(0.0667534 -0.00736253 0)
(0.0679265 -0.00931081 0)
(0.0677013 -0.0110086 0)
(0.0661889 -0.0123822 0)
(0.0635159 -0.0133762 0)
(0.0598276 -0.0139548 0)
(0.0552886 -0.014103 0)
(0.0500758 -0.0138256 0)
(0.0443597 -0.0131443 0)
(0.0383213 -0.0121045 0)
(0.0321579 -0.0107925 0)
(0.026028 -0.00922817 0)
(0.0200513 -0.00748726 0)
(0.0143421 -0.00564383 0)
(0.00899711 -0.00376817 0)
(0.00408553 -0.00191895 0)
(-0.000348954 -0.000146622 0)
(-0.00430356 0.00151003 0)
(-0.00777999 0.00302561 0)
(-0.0107273 0.00435639 0)
(-0.0130926 0.00549948 0)
(-0.0148737 0.00646823 0)
(-0.0161529 0.00727835 0)
(-0.0169471 0.00793184 0)
(-0.0172289 0.00844796 0)
(-0.0170491 0.00884887 0)
(-0.0164455 0.009158 0)
(-0.0154509 0.00939776 0)
(-0.0141007 0.00958823 0)
(-0.0124334 0.00974555 0)
(-0.010492 0.00988085 0)
(-0.00831791 0.0099995 0)
(-0.00595492 0.0101008 0)
(-0.00345932 0.0101815 0)
(-0.00108287 0.00892184 0)
(0.00212875 -0.00485907 0)
(0.0089509 -0.00571843 0)
(0.0138698 -0.00605599 0)
(0.0188638 -0.0063951 0)
(0.0236142 -0.00676396 0)
(0.0275968 -0.00714721 0)
(0.0306878 -0.00751032 0)
(0.0327638 -0.00781844 0)
(0.0337699 -0.00802383 0)
(0.0336662 -0.00815848 0)
(0.0324311 -0.00814669 0)
(0.0301104 -0.00797584 0)
(0.0268067 -0.00763612 0)
(0.0226603 -0.00712223 0)
(0.0178094 -0.00643423 0)
(0.0123948 -0.0055798 0)
(0.0065813 -0.00457447 0)
(0.00045774 -0.00344392 0)
(-0.00581167 -0.00226359 0)
(-0.0119238 -0.000968808 0)
(-0.0177293 0.000326632 0)
(-0.0231783 0.00158644 0)
(-0.0281932 0.00277534 0)
(-0.0326882 0.00385943 0)
(-0.0365836 0.00481229 0)
(-0.0398226 0.0056126 0)
(-0.0423759 0.00624485 0)
(-0.0442343 0.00669681 0)
(-0.04539 0.00700076 0)
(-0.0458437 0.00715778 0)
(-0.0456144 0.0071671 0)
(-0.0447395 0.00703838 0)
(-0.0432512 0.00682357 0)
(-0.0411945 0.00653635 0)
(-0.0386384 0.00620342 0)
(-0.0356422 0.00585103 0)
(-0.032265 0.0055011 0)
(-0.0285591 0.00517331 0)
(-0.0245648 0.00488282 0)
(-0.0203244 0.00464178 0)
(-0.0158769 0.00445879 0)
(-0.0112508 0.00433525 0)
(-0.00651255 0.00427098 0)
(-0.00203529 0.00373063 0)
(2.27492e-05 -0.00881524 0)
(0.00215736 -0.0100507 0)
(0.00204945 -0.0100839 0)
(0.00227405 -0.00987762 0)
(0.002348 -0.00946167 0)
(0.00176578 -0.0088472 0)
(0.000373511 -0.00804923 0)
(-0.00189145 -0.00708561 0)
(-0.00495992 -0.00598911 0)
(-0.00881369 -0.00479287 0)
(-0.013442 -0.00351566 0)
(-0.0188152 -0.00218596 0)
(-0.0248093 -0.000831512 0)
(-0.0312301 0.000523022 0)
(-0.0379357 0.00185492 0)
(-0.044814 0.003142 0)
(-0.0517319 0.00435594 0)
(-0.0585807 0.00546298 0)
(-0.0651351 0.00649667 0)
(-0.0712838 0.00741109 0)
(-0.0770017 0.00814076 0)
(-0.0821108 0.00867544 0)
(-0.0864877 0.00900368 0)
(-0.0900534 0.00911963 0)
(-0.0927492 0.00901992 0)
(-0.0945307 0.00870789 0)
(-0.0953694 0.00819393 0)
(-0.0952563 0.00749501 0)
(-0.0941947 0.0066396 0)
(-0.0921976 0.00565552 0)
(-0.0893024 0.00457358 0)
(-0.0855582 0.00342949 0)
(-0.0809944 0.0022657 0)
(-0.0756941 0.00111863 0)
(-0.0697816 2.34662e-05 0)
(-0.0633504 -0.000991182 0)
(-0.0565149 -0.00190176 0)
(-0.0493761 -0.00269341 0)
(-0.0419941 -0.0033581 0)
(-0.0344273 -0.00389372 0)
(-0.0267174 -0.00430073 0)
(-0.0188666 -0.00458503 0)
(-0.0109282 -0.00475047 0)
(-0.0034264 -0.00421648 0)
(-0.00233114 -0.00691984 0)
(-0.00551014 -0.0078422 0)
(-0.0113218 -0.00767614 0)
(-0.0165992 -0.00703593 0)
(-0.0219436 -0.00600761 0)
(-0.0278553 -0.00466542 0)
(-0.034409 -0.00308875 0)
(-0.0415593 -0.00133782 0)
(-0.0491641 0.000511665 0)
(-0.057093 0.00240252 0)
(-0.0652461 0.00428103 0)
(-0.0735431 0.00609959 0)
(-0.0819104 0.00781446 0)
(-0.0903103 0.00939017 0)
(-0.0986289 0.0107977 0)
(-0.10671 0.0120123 0)
(-0.114419 0.0130068 0)
(-0.121598 0.0137575 0)
(-0.128209 0.0143023 0)
(-0.134243 0.0145139 0)
(-0.139574 0.0144443 0)
(-0.144085 0.014083 0)
(-0.147689 0.0134238 0)
(-0.150316 0.0124697 0)
(-0.15191 0.0112308 0)
(-0.152425 0.00972585 0)
(-0.151824 0.00798061 0)
(-0.150081 0.00602796 0)
(-0.147175 0.00390989 0)
(-0.143087 0.00167335 0)
(-0.13784 -0.000633465 0)
(-0.131503 -0.00295349 0)
(-0.124157 -0.00522669 0)
(-0.115853 -0.00739503 0)
(-0.106646 -0.00940336 0)
(-0.0966576 -0.0112041 0)
(-0.0860062 -0.0127588 0)
(-0.0748338 -0.0140453 0)
(-0.0633219 -0.0150595 0)
(-0.0516289 -0.0158166 0)
(-0.0398714 -0.0163448 0)
(-0.0280673 -0.0166861 0)
(-0.0162573 -0.0168777 0)
(-0.00511342 -0.0149818 0)
(-0.0048723 0.000166483 0)
(-0.0138272 0.000110536 0)
(-0.025768 0.000395778 0)
(-0.0370322 0.00135112 0)
(-0.0482729 0.00277517 0)
(-0.059809 0.00448858 0)
(-0.0714407 0.00635604 0)
(-0.0830068 0.00827995 0)
(-0.0943898 0.0101888 0)
(-0.105489 0.0120425 0)
(-0.116179 0.0138081 0)
(-0.126326 0.0154481 0)
(-0.13591 0.0169179 0)
(-0.14495 0.0181821 0)
(-0.153431 0.0192139 0)
(-0.16131 0.0199899 0)
(-0.168545 0.0204869 0)
(-0.175075 0.0206873 0)
(-0.180904 0.0205214 0)
(-0.186041 0.0200139 0)
(-0.190416 0.0191532 0)
(-0.193972 0.0179309 0)
(-0.196655 0.0163449 0)
(-0.198413 0.0144028 0)
(-0.199196 0.0121189 0)
(-0.198953 0.00951737 0)
(-0.197633 0.00662883 0)
(-0.195191 0.00349198 0)
(-0.191569 0.000151728 0)
(-0.18673 -0.00333397 0)
(-0.180624 -0.00690488 0)
(-0.173206 -0.010493 0)
(-0.164479 -0.0140246 0)
(-0.154435 -0.0174158 0)
(-0.143073 -0.0205842 0)
(-0.130446 -0.0234451 0)
(-0.116653 -0.0259203 0)
(-0.101863 -0.0279476 0)
(-0.0863186 -0.0294904 0)
(-0.0703099 -0.0305527 0)
(-0.0541438 -0.0311763 0)
(-0.0379795 -0.0314715 0)
(-0.0219538 -0.0315599 0)
(-0.00691371 -0.0281062 0)
(-0.0075963 0.0116544 0)
(-0.0227894 0.0128809 0)
(-0.0412393 0.0132217 0)
(-0.0587592 0.0142113 0)
(-0.0758497 0.0155528 0)
(-0.0925093 0.0169711 0)
(-0.108259 0.0183539 0)
(-0.122829 0.0196373 0)
(-0.136116 0.0208149 0)
(-0.148126 0.0219042 0)
(-0.158894 0.0229225 0)
(-0.168482 0.023854 0)
(-0.177003 0.0246596 0)
(-0.184579 0.0252996 0)
(-0.191314 0.0257348 0)
(-0.197289 0.0259328 0)
(-0.202564 0.0258568 0)
(-0.207174 0.0254777 0)
(-0.211164 0.0247427 0)
(-0.214568 0.0236459 0)
(-0.217381 0.0221669 0)
(-0.219591 0.0202948 0)
(-0.221176 0.0180227 0)
(-0.222108 0.0153555 0)
(-0.222351 0.0123038 0)
(-0.221858 0.00888831 0)
(-0.220578 0.00513496 0)
(-0.218459 0.00107764 0)
(-0.215407 -0.00324267 0)
(-0.211327 -0.00777462 0)
(-0.206119 -0.0124568 0)
(-0.199652 -0.0172244 0)
(-0.1918 -0.0220054 0)
(-0.182426 -0.0267112 0)
(-0.171388 -0.0312426 0)
(-0.158569 -0.0354847 0)
(-0.1439 -0.0393072 0)
(-0.127402 -0.0425747 0)
(-0.109229 -0.0451568 0)
(-0.0896891 -0.0469693 0)
(-0.0693279 -0.047966 0)
(-0.0485528 -0.0483018 0)
(-0.0279677 -0.048154 0)
(-0.00880058 -0.0430086 0)
(-0.010731 0.0267666 0)
(-0.033063 0.0294841 0)
(-0.0587205 0.0296554 0)
(-0.082568 0.0299541 0)
(-0.104331 0.0303035 0)
(-0.124012 0.0304014 0)
(-0.141089 0.0303226 0)
(-0.155538 0.0301259 0)
(-0.16752 0.0299045 0)
(-0.177333 0.0297323 0)
(-0.185294 0.029646 0)
(-0.191712 0.02963 0)
(-0.19687 0.0296328 0)
(-0.20101 0.0295954 0)
(-0.20433 0.0294504 0)
(-0.20699 0.0291467 0)
(-0.209116 0.0286264 0)
(-0.210802 0.0278463 0)
(-0.212129 0.0267483 0)
(-0.213154 0.0253056 0)
(-0.213914 0.0234866 0)
(-0.21443 0.0212742 0)
(-0.214716 0.018652 0)
(-0.214767 0.015619 0)
(-0.214573 0.0121767 0)
(-0.214108 0.00833887 0)
(-0.213334 0.00412066 0)
(-0.212196 -0.000455121 0)
(-0.210609 -0.00535767 0)
(-0.208472 -0.0105548 0)
(-0.205648 -0.0160034 0)
(-0.201962 -0.0216559 0)
(-0.197199 -0.0274603 0)
(-0.191102 -0.0333507 0)
(-0.183365 -0.0392422 0)
(-0.173642 -0.0450229 0)
(-0.161571 -0.0505414 0)
(-0.14681 -0.0556047 0)
(-0.129146 -0.0599655 0)
(-0.108516 -0.0633876 0)
(-0.085489 -0.0655422 0)
(-0.0603764 -0.0665257 0)
(-0.0348955 -0.0661963 0)
(-0.0110203 -0.0593154 0)
(-0.0150133 0.0451137 0)
(-0.0459332 0.0489613 0)
(-0.0786418 0.0482575 0)
(-0.107463 0.0464101 0)
(-0.130658 0.0444745 0)
(-0.149448 0.0421149 0)
(-0.163678 0.0397493 0)
(-0.174076 0.0375211 0)
(-0.181288 0.0355851 0)
(-0.185998 0.0340142 0)
(-0.188777 0.0328126 0)
(-0.19011 0.0319231 0)
(-0.190381 0.0312474 0)
(-0.189886 0.0306884 0)
(-0.188852 0.0301442 0)
(-0.187457 0.0295419 0)
(-0.185842 0.0287987 0)
(-0.184119 0.0278577 0)
(-0.18238 0.0266471 0)
(-0.180695 0.0251303 0)
(-0.179122 0.0232615 0)
(-0.177713 0.0210188 0)
(-0.176506 0.0183777 0)
(-0.175528 0.0153319 0)
(-0.1748 0.0118741 0)
(-0.174332 0.00801065 0)
(-0.174118 0.00374605 0)
(-0.17412 -0.000908809 0)
(-0.174303 -0.0059426 0)
(-0.174608 -0.0113401 0)
(-0.174907 -0.0170863 0)
(-0.175039 -0.0231628 0)
(-0.174784 -0.0295545 0)
(-0.173841 -0.0362383 0)
(-0.171821 -0.043179 0)
(-0.168209 -0.050318 0)
(-0.162376 -0.0575448 0)
(-0.153542 -0.0646918 0)
(-0.140929 -0.0714558 0)
(-0.123566 -0.0775161 0)
(-0.101621 -0.082082 0)
(-0.0739329 -0.085164 0)
(-0.0441173 -0.0852637 0)
(-0.0143419 -0.0771105 0)
(-0.0216926 0.0670306 0)
(-0.0628919 0.0701777 0)
(-0.099766 0.0671093 0)
(-0.12978 0.0609306 0)
(-0.148799 0.0553949 0)
(-0.161584 0.0497585 0)
(-0.168518 0.0447919 0)
(-0.171414 0.0405109 0)
(-0.171312 0.0370234 0)
(-0.169154 0.0343068 0)
(-0.165592 0.032284 0)
(-0.161121 0.0308214 0)
(-0.156095 0.029754 0)
(-0.150761 0.02894 0)
(-0.145306 0.0282438 0)
(-0.139866 0.0275731 0)
(-0.13455 0.0268271 0)
(-0.129459 0.0259415 0)
(-0.124675 0.0248305 0)
(-0.120269 0.0234573 0)
(-0.116315 0.0217652 0)
(-0.112882 0.0197315 0)
(-0.110037 0.0173266 0)
(-0.107837 0.0145421 0)
(-0.106342 0.0113649 0)
(-0.105601 0.00779653 0)
(-0.105659 0.00383303 0)
(-0.106521 -0.000522917 0)
(-0.108216 -0.00527954 0)
(-0.110754 -0.0104334 0)
(-0.114068 -0.0159945 0)
(-0.118071 -0.0219756 0)
(-0.122615 -0.0284019 0)
(-0.127469 -0.0353032 0)
(-0.132288 -0.0427137 0)
(-0.136555 -0.0506675 0)
(-0.139564 -0.0591586 0)
(-0.14025 -0.0681553 0)
(-0.137408 -0.0774287 0)
(-0.128818 -0.0868184 0)
(-0.114107 -0.0950602 0)
(-0.088096 -0.102473 0)
(-0.0573746 -0.104495 0)
(-0.0201006 -0.0970932 0)
(-0.0319535 0.093236 0)
(-0.0844116 0.0910401 0)
(-0.11757 0.083433 0)
(-0.142444 0.0706818 0)
(-0.150338 0.0608769 0)
(-0.152351 0.0519268 0)
(-0.148735 0.044763 0)
(-0.142302 0.0389761 0)
(-0.134039 0.0345122 0)
(-0.124854 0.0311802 0)
(-0.115217 0.0287952 0)
(-0.105454 0.0271424 0)
(-0.0957629 0.0259981 0)
(-0.0862609 0.0251864 0)
(-0.077037 0.0245496 0)
(-0.0681545 0.0239878 0)
(-0.0596675 0.0233923 0)
(-0.0516487 0.0226985 0)
(-0.044163 0.02182 0)
(-0.0372796 0.0207179 0)
(-0.0310853 0.0193346 0)
(-0.0256661 0.0176497 0)
(-0.0211138 0.0156328 0)
(-0.0175209 0.0132767 0)
(-0.0149841 0.0105658 0)
(-0.0135977 0.00749981 0)
(-0.0134583 0.00406983 0)
(-0.0146268 0.000275131 0)
(-0.0171995 -0.00390436 0)
(-0.0212625 -0.00847241 0)
(-0.0268389 -0.0134568 0)
(-0.0339508 -0.0188914 0)
(-0.042577 -0.0248323 0)
(-0.0526319 -0.031354 0)
(-0.0639426 -0.0385541 0)
(-0.0761684 -0.0465659 0)
(-0.0887939 -0.0555126 0)
(-0.100784 -0.0655783 0)
(-0.111019 -0.0767324 0)
(-0.116133 -0.0893114 0)
(-0.116015 -0.101785 0)
(-0.0984399 -0.115804 0)
(-0.0753667 -0.122006 0)
(-0.0295023 -0.120367 0)
(-0.045297 0.12404 0)
(-0.107849 0.108193 0)
(-0.123402 0.0939318 0)
(-0.135657 0.0734885 0)
(-0.126357 0.0599371 0)
(-0.114939 0.0486033 0)
(-0.0998529 0.0402654 0)
(-0.084434 0.0338816 0)
(-0.069 0.0291929 0)
(-0.054114 0.0258326 0)
(-0.0398431 0.0235288 0)
(-0.0262171 0.0220119 0)
(-0.0132056 0.0210279 0)
(-0.000761236 0.0203897 0)
(0.0111383 0.0199345 0)
(0.0225083 0.0195702 0)
(0.0333502 0.019191 0)
(0.0436185 0.0187382 0)
(0.053261 0.0181357 0)
(0.0622052 0.0173443 0)
(0.070353 0.0163125 0)
(0.0775979 0.015024 0)
(0.0838214 0.0134514 0)
(0.0888985 0.0115902 0)
(0.0926957 0.00942539 0)
(0.0950787 0.00695734 0)
(0.0959044 0.00417538 0)
(0.0950524 0.00107839 0)
(0.092371 -0.00235596 0)
(0.0877088 -0.0061358 0)
(0.0809468 -0.0102961 0)
(0.0719539 -0.0148797 0)
(0.0606122 -0.0199568 0)
(0.0468288 -0.0256267 0)
(0.0305419 -0.0320247 0)
(0.0118051 -0.039355 0)
(-0.00927759 -0.0478449 0)
(-0.032016 -0.0578918 0)
(-0.0560481 -0.0697025 0)
(-0.0773685 -0.0843442 0)
(-0.0980104 -0.100356 0)
(-0.0965158 -0.122089 0)
(-0.0955359 -0.134697 0)
(-0.0418605 -0.147624 0)
(-0.0571366 0.15817 0)
(-0.125309 0.117649 0)
(-0.105412 0.0958055 0)
(-0.0990767 0.068747 0)
(-0.0698373 0.0531574 0)
(-0.0455098 0.0410628 0)
(-0.0206745 0.0328144 0)
(0.00143609 0.0267746 0)
(0.0216537 0.0225311 0)
(0.0399467 0.0196033 0)
(0.0567486 0.0176856 0)
(0.0723572 0.016497 0)
(0.0870335 0.0157885 0)
(0.100971 0.0153864 0)
(0.114288 0.0151419 0)
(0.12706 0.0149796 0)
(0.139323 0.0148064 0)
(0.15105 0.0145759 0)
(0.162192 0.014223 0)
(0.172666 0.0137164 0)
(0.182359 0.0130127 0)
(0.191141 0.0121008 0)
(0.198869 0.0109579 0)
(0.205386 0.00958232 0)
(0.210529 0.00796209 0)
(0.214131 0.00609868 0)
(0.216011 0.00398225 0)
(0.216004 0.00161236 0)
(0.213916 -0.00102877 0)
(0.209546 -0.00395161 0)
(0.202702 -0.00718893 0)
(0.193166 -0.0107826 0)
(0.180703 -0.0148012 0)
(0.165062 -0.0193466 0)
(0.145954 -0.0245605 0)
(0.123131 -0.0306722 0)
(0.0961995 -0.0379552 0)
(0.0653365 -0.0469413 0)
(0.0296335 -0.0580142 0)
(-0.00689911 -0.0729093 0)
(-0.0507248 -0.0905609 0)
(-0.0710003 -0.118881 0)
(-0.109979 -0.138934 0)
(-0.0521743 -0.177845 0)
(-0.0566681 0.191572 0)
(-0.122707 0.116193 0)
(-0.0513092 0.0878832 0)
(-0.0245648 0.0577114 0)
(0.0225481 0.0424163 0)
(0.0561805 0.0313102 0)
(0.0869937 0.0242268 0)
(0.112328 0.0192288 0)
(0.134293 0.0158542 0)
(0.153387 0.0136075 0)
(0.170498 0.0122044 0)
(0.186193 0.0113948 0)
(0.200908 0.0109656 0)
(0.214932 0.0107746 0)
(0.228441 0.0107014 0)
(0.241539 0.0106889 0)
(0.254274 0.0106638 0)
(0.266624 0.0105953 0)
(0.278535 0.0104292 0)
(0.289904 0.0101449 0)
(0.300604 0.00970873 0)
(0.310483 0.00911356 0)
(0.319374 0.00834263 0)
(0.327099 0.00739637 0)
(0.33347 0.00626599 0)
(0.338299 0.00495406 0)
(0.341382 0.0034529 0)
(0.342526 0.0017631 0)
(0.341514 -0.000127464 0)
(0.338119 -0.00222825 0)
(0.332104 -0.00456529 0)
(0.323201 -0.00717285 0)
(0.311102 -0.0101078 0)
(0.295449 -0.0134575 0)
(0.27579 -0.0173453 0)
(0.251643 -0.0219828 0)
(0.222178 -0.0276281 0)
(0.187079 -0.0348336 0)
(0.14405 -0.0440416 0)
(0.0966234 -0.0573268 0)
(0.0324434 -0.0742422 0)
(-0.0105868 -0.105393 0)
(-0.104756 -0.131959 0)
(-0.049261 -0.207119 0)
(-0.0264523 0.216932 0)
(-0.0810453 0.102837 0)
(0.0481157 0.071426 0)
(0.0916047 0.0430446 0)
(0.149953 0.0301808 0)
(0.187352 0.0213825 0)
(0.21945 0.016079 0)
(0.24434 0.0124523 0)
(0.265129 0.0100874 0)
(0.282689 0.00856343 0)
(0.2982 0.00765632 0)
(0.312385 0.00717428 0)
(0.325768 0.0069583 0)
(0.33867 0.006906 0)
(0.35128 0.00693134 0)
(0.363702 0.00699534 0)
(0.375978 0.00704555 0)
(0.388079 0.00706555 0)
(0.399939 0.00701372 0)
(0.41144 0.0068781 0)
(0.422443 0.00663528 0)
(0.432777 0.00628143 0)
(0.442264 0.00580518 0)
(0.450713 0.00520797 0)
(0.457927 0.004484 0)
(0.463708 0.00363607 0)
(0.467848 0.00265898 0)
(0.470143 0.00155403 0)
(0.470375 0.000313534 0)
(0.468312 -0.00106898 0)
(0.463709 -0.00261164 0)
(0.456282 -0.00433878 0)
(0.445704 -0.00629104 0)
(0.431575 -0.00853319 0)
(0.413367 -0.0111569 0)
(0.390475 -0.0143273 0)
(0.361803 -0.0182481 0)
(0.326702 -0.0233872 0)
(0.281798 -0.0301405 0)
(0.229944 -0.0404649 0)
(0.153298 -0.0544567 0)
(0.0925201 -0.0834349 0)
(-0.0614185 -0.113427 0)
(-0.0158573 -0.228278 0)
(0.0552893 0.224482 0)
(0.0198597 0.0796858 0)
(0.196148 0.0499603 0)
(0.247978 0.0279061 0)
(0.308158 0.0187333 0)
(0.343471 0.0128189 0)
(0.372455 0.00940105 0)
(0.393868 0.00712898 0)
(0.411248 0.00568819 0)
(0.425605 0.00478508 0)
(0.43819 0.00426906 0)
(0.449745 0.00401615 0)
(0.460786 0.00392496 0)
(0.471616 0.00393267 0)
(0.4824 0.00398538 0)
(0.493221 0.00406 0)
(0.504108 0.00412422 0)
(0.515021 0.00416853 0)
(0.525885 0.00416751 0)
(0.536577 0.00411461 0)
(0.546954 0.00399551 0)
(0.556846 0.0038084 0)
(0.566076 0.00354644 0)
(0.574459 0.00321106 0)
(0.581805 0.00279878 0)
(0.587925 0.00231184 0)
(0.592623 0.00174706 0)
(0.59571 0.00110577 0)
(0.596982 0.000383615 0)
(0.596228 -0.000423151 0)
(0.593223 -0.00132556 0)
(0.587706 -0.00233856 0)
(0.579372 -0.0034871 0)
(0.567843 -0.00481232 0)
(0.552603 -0.00637229 0)
(0.533048 -0.00827546 0)
(0.508022 -0.0106579 0)
(0.47676 -0.0138428 0)
(0.435437 -0.0181274 0)
(0.386255 -0.0249577 0)
(0.308271 -0.0347601 0)
(0.239965 -0.0571518 0)
(0.0393707 -0.0859776 0)
(0.0686762 -0.23174 0)
(0.209715 0.204529 0)
(0.196134 0.0512952 0)
(0.389181 0.0282947 0)
(0.438643 0.0149704 0)
(0.491072 0.00964245 0)
(0.519612 0.00643694 0)
(0.542291 0.00462196 0)
(0.55836 0.00344983 0)
(0.571108 0.00271852 0)
(0.581443 0.00226814 0)
(0.590462 0.00201508 0)
(0.598795 0.00189565 0)
(0.606871 0.00185772 0)
(0.614933 0.00187038 0)
(0.623107 0.00190566 0)
(0.631454 0.00195209 0)
(0.639986 0.00199341 0)
(0.648663 0.00202393 0)
(0.657415 0.00203216 0)
(0.666131 0.00201465 0)
(0.674688 0.00196427 0)
(0.682938 0.00188018 0)
(0.690731 0.00175898 0)
(0.69791 0.00160145 0)
(0.704316 0.00140581 0)
(0.709791 0.00117327 0)
(0.714173 0.000902153 0)
(0.717307 0.000593229 0)
(0.719027 0.000244461 0)
(0.719164 -0.000146184 0)
(0.717536 -0.000584259 0)
(0.713934 -0.00107753 0)
(0.708112 -0.00163854 0)
(0.699762 -0.0022888 0)
(0.688457 -0.00305845 0)
(0.673692 -0.00400452 0)
(0.654456 -0.00520212 0)
(0.630064 -0.00682389 0)
(0.596979 -0.00906066 0)
(0.556854 -0.0126991 0)
(0.489469 -0.0182982 0)
(0.426657 -0.0317674 0)
(0.212914 -0.0543758 0)
(0.22361 -0.20828 0)
(0.451137 0.159143 0)
(0.454851 0.0251493 0)
(0.617688 0.0117123 0)
(0.654435 0.00606835 0)
(0.691242 0.00374549 0)
(0.710178 0.00247431 0)
(0.724917 0.00174702 0)
(0.735043 0.00129315 0)
(0.742951 0.00100963 0)
(0.749262 0.000835391 0)
(0.754725 0.00073493 0)
(0.759756 0.000685023 0)
(0.76464 0.00066627 0)
(0.769538 0.000667632 0)
(0.774537 0.000678207 0)
(0.779676 0.000693392 0)
(0.784966 0.000707401 0)
(0.790379 0.000717458 0)
(0.79587 0.000720229 0)
(0.801369 0.000713909 0)
(0.806795 0.000696259 0)
(0.812055 0.000666566 0)
(0.817052 0.000623873 0)
(0.821684 0.000568169 0)
(0.82585 0.000498907 0)
(0.829449 0.000416317 0)
(0.832375 0.000319821 0)
(0.834529 0.000209525 0)
(0.835804 8.48332e-05 0)
(0.836092 -5.53807e-05 0)
(0.835275 -0.000213088 0)
(0.833217 -0.00039159 0)
(0.829757 -0.00059546 0)
(0.824693 -0.000833277 0)
(0.817739 -0.00111674 0)
(0.80856 -0.00146764 0)
(0.796458 -0.00191794 0)
(0.780962 -0.00253109 0)
(0.759516 -0.00340702 0)
(0.733239 -0.00481822 0)
(0.686933 -0.00721996 0)
(0.64225 -0.0128885 0)
(0.465805 -0.0262588 0)
(0.461633 -0.160531 0)
(0.781506 0.0411947 0)
(0.789638 0.00453097 0)
(0.86592 0.00178971 0)
(0.880964 0.000933779 0)
(0.895685 0.000555142 0)
(0.902985 0.000367384 0)
(0.908635 0.000256531 0)
(0.912462 0.000189637 0)
(0.915433 0.000147269 0)
(0.917775 0.000120992 0)
(0.919768 0.000105075 0)
(0.92156 9.64305e-05 0)
(0.923259 9.23763e-05 0)
(0.924925 9.14208e-05 0)
(0.926596 9.19514e-05 0)
(0.928291 9.3201e-05 0)
(0.930016 9.44885e-05 0)
(0.931767 9.52359e-05 0)
(0.933531 9.52083e-05 0)
(0.935287 9.39802e-05 0)
(0.937012 9.13762e-05 0)
(0.938677 8.71598e-05 0)
(0.940252 8.13057e-05 0)
(0.941705 7.37089e-05 0)
(0.943003 6.43454e-05 0)
(0.944113 5.31732e-05 0)
(0.945001 4.01428e-05 0)
(0.945634 2.52052e-05 0)
(0.945975 8.3257e-06 0)
(0.945988 -1.07531e-05 0)
(0.945629 -3.22688e-05 0)
(0.944852 -5.67905e-05 0)
(0.943596 -8.49264e-05 0)
(0.941788 -0.000118 0)
(0.939321 -0.000157732 0)
(0.936069 -0.000207228 0)
(0.931762 -0.000271697 0)
(0.92623 -0.000359424 0)
(0.918439 -0.000489875 0)
(0.908863 -0.000693623 0)
(0.891163 -0.00108048 0)
(0.873929 -0.00193358 0)
(0.79305 -0.00468347 0)
(0.785112 -0.0413955 0)
)
;

boundaryField
{
    movingWall
    {
        type            fixedValue;
        value           uniform (1 0 0);
    }
    fixedWalls
    {
        type            noSlip;
    }
    frontAndBack
    {
        type            empty;
    }
    defaultFaces
    {
        type            empty;
    }
}


// ************************************************************************* //
