/*--------------------------------*- C++ -*----------------------------------*\
  =========                 |
  \\      /  F ield         | OpenFOAM: The Open Source CFD Toolbox
   \\    /   O peration     | Website:  https://openfoam.org
    \\  /    A nd           | Version:  7
     \\/     M anipulation  |
\*---------------------------------------------------------------------------*/
FoamFile
{
    version     2.0;
    format      ascii;
    class       volVectorField;
    location    "0.83";
    object      U;
}
// * * * * * * * * * * * * * * * * * * * * * * * * * * * * * * * * * * * * * //

dimensions      [0 1 -1 0 0 0 0];

internalField   nonuniform List<vector> 
1936
(
(-6.70137 3.02914 0)
(-69.5195 189.496 0)
(-27.3697 442.71 0)
(10.145 440.394 0)
(-2.30165 383.135 0)
(9.31966 378.353 0)
(14.7108 352.21 0)
(16.6853 311.18 0)
(7.49207 282.505 0)
(-4.49106 280.468 0)
(-12.8852 310.962 0)
(-22.4678 411.587 0)
(4.00436 484.407 0)
(36.5969 384.852 0)
(22.1386 252.16 0)
(1.35619 223.997 0)
(-11.6607 241.314 0)
(-35.7209 365.721 0)
(-0.00203096 501.686 0)
(44.4755 408.582 0)
(28.7822 255.025 0)
(14.0783 221.448 0)
(-1.28568 231.342 0)
(-25.4019 319.817 0)
(-22.3933 461.723 0)
(20.3017 442.467 0)
(24.0369 291.781 0)
(-3.72296 227.502 0)
(-13.8834 229.986 0)
(-36.6188 306.658 0)
(-20.0641 466.909 0)
(31.1835 475.97 0)
(36.9754 322.49 0)
(19.6596 229.707 0)
(4.75221 219.095 0)
(-12.4774 245.129 0)
(-28.9842 359.771 0)
(-16.2253 486.16 0)
(31.179 429.098 0)
(36.2849 267.137 0)
(9.7385 212.324 0)
(-1.91844 221.702 0)
(-26.6641 301.78 0)
(-25.0726 459.901 0)
(-8.58134 7.33142 0)
(-75.7383 0.637653 0)
(-30.2635 -4.7657 0)
(9.12735 -3.21131 0)
(-4.75098 -1.09901 0)
(7.33061 -1.22732 0)
(13.4654 -0.613199 0)
(14.4208 0.654376 0)
(5.8148 1.9481 0)
(-2.41921 2.19471 0)
(-10.3914 0.994254 0)
(-23.2814 -1.98375 0)
(3.67695 -4.08649 0)
(36.4397 -1.77991 0)
(17.8194 2.27913 0)
(0.251063 3.9621 0)
(-6.44942 2.6669 0)
(-34.7355 -2.06599 0)
(-0.536955 -5.32639 0)
(44.9094 -2.73285 0)
(23.1075 1.52233 0)
(10.5569 3.55086 0)
(1.95538 3.51412 0)
(-25.7026 0.93638 0)
(-24.0206 -3.00591 0)
(21.1421 -3.45246 0)
(21.6654 0.864871 0)
(-5.71299 3.808 0)
(-8.322 3.16746 0)
(-32.4835 -0.841247 0)
(-20.8306 -5.3087 0)
(32.3897 -4.17045 0)
(35.7785 -0.0552635 0)
(14.1842 2.81818 0)
(5.68378 3.68013 0)
(-9.0407 2.61647 0)
(-30.4557 -0.308777 0)
(-17.6243 -4.30839 0)
(31.1721 -4.34873 0)
(31.1847 0.576186 0)
(6.24673 3.91826 0)
(2.33848 3.64011 0)
(-25.0495 0.645474 0)
(-26.9311 -3.56587 0)
(-1.81965 15.3577 0)
(-70.9568 1.85876 0)
(-31.5242 -10.461 0)
(8.75087 -6.69215 0)
(-2.81819 -2.02345 0)
(7.05059 -2.57862 0)
(12.6136 -1.24206 0)
(13.4547 1.41645 0)
(4.28492 3.85907 0)
(-4.21508 4.31186 0)
(-12.3602 2.3564 0)
(-25.0009 -3.98961 0)
(3.90404 -8.95389 0)
(38.1459 -3.50372 0)
(18.9277 5.00783 0)
(0.772434 7.66457 0)
(-5.90604 5.71493 0)
(-37.1901 -3.63806 0)
(-4.15798 -11.5205 0)
(44.4394 -5.39391 0)
(20.3131 3.88298 0)
(3.30937 7.00169 0)
(-4.7397 7.01958 0)
(-29.5774 2.02938 0)
(-22.0959 -6.92172 0)
(25.875 -7.40349 0)
(25.1505 2.14151 0)
(0.0942012 7.35929 0)
(-2.28774 6.45753 0)
(-30.6609 -0.6971 0)
(-25.3547 -10.8611 0)
(29.2215 -9.07291 0)
(36.7326 0.414749 0)
(12.3286 5.96169 0)
(2.26893 7.20766 0)
(-13.3407 5.60232 0)
(-32.5908 -0.575811 0)
(-14.0187 -9.54407 0)
(35.3143 -8.7386 0)
(29.4153 1.97818 0)
(2.28485 7.74389 0)
(-1.73121 7.2429 0)
(-28.5121 1.83886 0)
(-28.5624 -7.87328 0)
(5.60487 21.7455 0)
(-58.6396 3.54443 0)
(-26.378 -14.6908 0)
(3.3634 -9.98311 0)
(-5.64277 -3.09617 0)
(3.17638 -3.63572 0)
(7.13869 -1.6967 0)
(7.29085 2.13532 0)
(0.323043 5.42304 0)
(-3.59362 5.96652 0)
(-7.20253 3.37543 0)
(-18.6942 -5.78258 0)
(2.70414 -13.0914 0)
(28.9027 -4.92025 0)
(11.328 7.27192 0)
(0.12171 10.631 0)
(1.44687 8.33958 0)
(-27.2188 -4.54122 0)
(-5.8589 -16.4963 0)
(32.8187 -7.47428 0)
(8.97436 6.31812 0)
(-3.87373 10.0735 0)
(-4.52489 9.51983 0)
(-22.6354 2.19412 0)
(-15.2407 -10.6827 0)
(22.3718 -10.6779 0)
(17.6196 2.99291 0)
(1.7857 9.90166 0)
(6.31705 9.37146 0)
(-17.0508 0.289933 0)
(-21.5642 -14.816 0)
(19.5262 -13.3627 0)
(26.2731 0.716429 0)
(3.96602 8.82546 0)
(0.685045 10.2436 0)
(-9.51783 7.89954 0)
(-24.1425 -1.39745 0)
(-8.023 -14.2022 0)
(28.3417 -11.7779 0)
(16.0526 3.75281 0)
(-3.54107 10.9502 0)
(-0.138878 10.0225 0)
(-20.049 2.5813 0)
(-22.9453 -11.6396 0)
(13.4104 26.6527 0)
(-48.1997 5.5495 0)
(-21.031 -17.1872 0)
(-1.14365 -12.7283 0)
(-8.06842 -4.51344 0)
(-0.95916 -4.51397 0)
(1.60405 -1.95749 0)
(1.54754 2.72931 0)
(-2.99331 6.39359 0)
(-3.14463 6.85942 0)
(-3.69534 3.77975 0)
(-13.211 -7.13566 0)
(1.55101 -15.8417 0)
(20.4076 -5.82874 0)
(5.17893 8.75309 0)
(-0.812244 12.4192 0)
(6.24546 10.0142 0)
(-18.5374 -4.73603 0)
(-7.16411 -19.4338 0)
(22.5229 -8.70211 0)
(1.03301 8.21748 0)
(-7.25453 12.2298 0)
(-2.65291 10.7966 0)
(-16.5019 1.67445 0)
(-9.05174 -13.5212 0)
(18.6988 -12.7537 0)
(11.3854 3.34878 0)
(1.27007 11.1465 0)
(10.3038 11.2689 0)
(-6.48391 1.60661 0)
(-17.2719 -16.669 0)
(10.5422 -16.2864 0)
(17.1761 0.830212 0)
(-2.96937 10.8575 0)
(0.250282 12.3153 0)
(-6.12252 9.25833 0)
(-16.4457 -2.52597 0)
(-2.72011 -17.4241 0)
(21.1333 -13.1169 0)
(5.21323 5.40449 0)
(-7.16561 12.9493 0)
(1.76085 11.5706 0)
(-13.3913 2.83948 0)
(-17.6727 -14.1628 0)
(19.8577 29.8869 0)
(-38.3071 7.83837 0)
(-15.4421 -17.9924 0)
(-4.27957 -14.6356 0)
(-10.0447 -6.05325 0)
(-4.79784 -5.17256 0)
(-3.27426 -2.06324 0)
(-3.21564 3.04927 0)
(-5.16591 6.66199 0)
(-2.42286 6.9596 0)
(-1.21341 3.59823 0)
(-8.62203 -8.00686 0)
(0.549608 -17.1207 0)
(12.829 -6.16873 0)
(-0.265964 9.38415 0)
(-1.63576 13.0343 0)
(9.07324 10.6466 0)
(-11.301 -4.27207 0)
(-7.48464 -20.2868 0)
(13.9387 -9.15523 0)
(-4.20477 9.21955 0)
(-7.43587 13.2479 0)
(1.44878 11.0225 0)
(-10.7674 0.815765 0)
(-4.12299 -15.2602 0)
(14.6417 -13.5791 0)
(5.73264 3.46221 0)
(-1.38144 11.3596 0)
(10.6062 11.9215 0)
(0.436415 2.84881 0)
(-12.6387 -16.5182 0)
(3.50911 -17.6138 0)
(9.47649 0.754367 0)
(-7.80453 11.8156 0)
(0.634503 13.2448 0)
(-1.94702 9.63607 0)
(-9.51167 -3.74776 0)
(1.10945 -18.9463 0)
(14.1671 -12.8031 0)
(-2.62765 6.66403 0)
(-8.46298 13.621 0)
(4.20865 11.9698 0)
(-7.90325 2.77619 0)
(-12.8291 -15.4239 0)
(23.3271 31.2547 0)
(-27.8671 10.1887 0)
(-9.69996 -17.1355 0)
(-5.77537 -15.4324 0)
(-11.1449 -7.41822 0)
(-7.72538 -5.62076 0)
(-6.83097 -2.11383 0)
(-6.44059 2.94623 0)
(-6.01762 6.20789 0)
(-1.60117 6.30735 0)
(0.543668 2.95473 0)
(-4.86335 -8.3886 0)
(-0.294992 -16.9155 0)
(6.38353 -5.88883 0)
(-4.62899 9.12938 0)
(-1.91072 12.483 0)
(9.91301 10.2927 0)
(-5.59853 -3.34261 0)
(-6.49367 -19.2363 0)
(7.22466 -8.90821 0)
(-7.11708 9.17079 0)
(-5.58814 12.9465 0)
(5.40684 10.4023 0)
(-5.75061 -0.0179794 0)
(-0.670578 -15.6876 0)
(10.2136 -13.138 0)
(0.642112 3.48081 0)
(-3.81606 10.7719 0)
(8.73971 11.3306 0)
(4.01563 3.61489 0)
(-7.93237 -14.8037 0)
(-0.938703 -17.2547 0)
(3.46093 0.502616 0)
(-9.72517 11.6138 0)
(1.25347 12.9122 0)
(2.37336 9.0937 0)
(-3.78588 -4.71715 0)
(3.11359 -18.6532 0)
(7.98529 -11.1291 0)
(-7.2175 7.24207 0)
(-7.59844 13.0078 0)
(5.8612 11.4125 0)
(-3.50901 2.5085 0)
(-8.4297 -15.42 0)
(23.6799 30.5536 0)
(-15.6795 12.2308 0)
(-4.11142 -14.6392 0)
(-5.4554 -14.9064 0)
(-10.7993 -8.30458 0)
(-9.19348 -5.86639 0)
(-8.65905 -2.23761 0)
(-7.84566 2.37075 0)
(-5.71141 5.13117 0)
(-0.821393 5.11737 0)
(1.68308 1.93401 0)
(-1.90962 -8.29136 0)
(-1.0595 -15.3646 0)
(1.30729 -5.10784 0)
(-7.29185 8.13098 0)
(-1.83802 10.9075 0)
(9.07945 9.15349 0)
(-1.39489 -2.33369 0)
(-4.37248 -16.6468 0)
(2.38701 -7.97822 0)
(-8.13735 8.13579 0)
(-3.27205 11.4691 0)
(7.32615 9.16869 0)
(-1.66772 -0.656847 0)
(1.37398 -14.7312 0)
(5.77131 -11.5616 0)
(-3.47699 3.36546 0)
(-4.71338 9.5195 0)
(6.32325 9.77712 0)
(5.38163 3.70005 0)
(-3.45903 -12.1372 0)
(-2.93503 -15.3778 0)
(-0.756681 0.133175 0)
(-9.23388 10.375 0)
(1.68075 11.4291 0)
(5.61231 7.85159 0)
(0.29742 -5.12439 0)
(3.43442 -16.6877 0)
(2.89762 -8.6679 0)
(-9.09313 7.04682 0)
(-5.57729 11.4077 0)
(6.26135 10.1268 0)
(-0.123192 2.04614 0)
(-4.53298 -14.2209 0)
(20.4201 27.6148 0)
(-2.80763 13.4865 0)
(1.33096 -10.655 0)
(-3.23598 -12.9977 0)
(-8.63584 -8.4295 0)
(-8.81864 -5.86443 0)
(-8.66447 -2.46465 0)
(-7.56296 1.40071 0)
(-4.64474 3.62418 0)
(-0.144526 3.61232 0)
(2.23198 0.686014 0)
(0.0875068 -7.65124 0)
(-1.8217 -12.809 0)
(-2.25131 -4.05881 0)
(-8.00502 6.58107 0)
(-1.69332 8.64301 0)
(7.36185 7.47296 0)
(1.46045 -1.56291 0)
(-1.95082 -13.0509 0)
(-0.728675 -6.4312 0)
(-7.7396 6.43434 0)
(-1.67339 9.19308 0)
(7.1685 7.51121 0)
(1.46684 -1.08624 0)
(2.2127 -12.5337 0)
(2.07114 -9.18645 0)
(-5.78666 2.9596 0)
(-4.23504 7.73775 0)
(4.44112 7.73172 0)
(5.52953 3.13551 0)
(0.0448632 -9.12113 0)
(-3.23201 -12.3484 0)
(-3.31288 -0.245419 0)
(-7.5757 8.41211 0)
(1.69126 9.18175 0)
(6.92058 6.11203 0)
(2.60753 -4.79666 0)
(2.64538 -13.4578 0)
(-0.703389 -6.03984 0)
(-8.89255 6.17646 0)
(-3.5638 9.2095 0)
(5.80453 8.36324 0)
(2.40999 1.39441 0)
(-1.38369 -12.034 0)
(14.1974 22.7965 0)
(6.91444 13.3829 0)
(6.13887 -5.84158 0)
(0.339667 -9.87861 0)
(-4.9497 -7.60949 0)
(-6.67058 -5.50449 0)
(-7.08432 -2.70542 0)
(-6.06552 0.252888 0)
(-3.28589 1.96654 0)
(0.320896 1.99013 0)
(2.23114 -0.480407 0)
(0.962619 -6.50793 0)
(-2.37171 -9.71397 0)
(-4.23315 -3.01784 0)
(-7.21143 4.67464 0)
(-1.5921 6.15135 0)
(5.32829 5.46294 0)
(2.85462 -1.06588 0)
(-0.306078 -9.11072 0)
(-2.22117 -4.54516 0)
(-6.25063 4.50937 0)
(-0.862173 6.61358 0)
(5.90392 5.52251 0)
(3.40014 -1.24348 0)
(2.11281 -9.47966 0)
(-0.396118 -6.50927 0)
(-5.95102 2.25422 0)
(-3.23779 5.66467 0)
(3.087 5.60827 0)
(4.90291 2.18312 0)
(1.89793 -6.22485 0)
(-2.67522 -8.75005 0)
(-4.35184 -0.455117 0)
(-5.66485 6.09468 0)
(1.37489 6.62871 0)
(6.32405 4.19391 0)
(3.40584 -3.8566 0)
(1.4507 -9.60383 0)
(-2.64427 -3.6948 0)
(-7.2991 4.80193 0)
(-2.11227 6.81316 0)
(4.955 6.31522 0)
(3.95479 0.689013 0)
(0.617186 -9.17946 0)
(7.82905 17.1755 0)
(10.2951 11.7857 0)
(8.70539 -1.48327 0)
(3.8286 -6.16332 0)
(-0.873522 -5.90445 0)
(-3.48812 -4.6814 0)
(-4.52005 -2.76869 0)
(-3.96765 -0.762536 0)
(-1.93759 0.456395 0)
(0.597145 0.503163 0)
(1.92189 -1.31481 0)
(0.948774 -5.05186 0)
(-2.45946 -6.63731 0)
(-4.6415 -2.19966 0)
(-5.58156 2.74259 0)
(-1.45382 3.82931 0)
(3.29303 3.41204 0)
(2.82156 -0.73781 0)
(0.255607 -5.51682 0)
(-2.44658 -2.74787 0)
(-4.27034 2.73535 0)
(-0.409347 4.20937 0)
(4.24433 3.48796 0)
(3.74572 -1.11964 0)
(1.51778 -6.19813 0)
(-1.53415 -4.05937 0)
(-4.66439 1.45047 0)
(-2.27492 3.65925 0)
(1.94936 3.63218 0)
(3.70344 1.24269 0)
(2.12404 -3.75918 0)
(-1.8874 -5.32513 0)
(-4.0013 -0.440981 0)
(-3.81365 3.83453 0)
(0.953152 4.20817 0)
(4.62092 2.48649 0)
(3.05249 -2.62041 0)
(0.434098 -5.88295 0)
(-3.04467 -1.91576 0)
(-5.06479 3.25768 0)
(-1.15546 4.55518 0)
(3.82028 4.1932 0)
(4.21617 0.157815 0)
(1.42548 -6.1376 0)
(3.92951 11.9328 0)
(8.62592 9.29545 0)
(8.41289 1.39365 0)
(5.52567 -2.80985 0)
(2.0562 -3.75113 0)
(-0.494143 -3.46615 0)
(-1.82231 -2.51583 0)
(-1.81814 -1.39702 0)
(-0.679511 -0.643363 0)
(0.835939 -0.608353 0)
(1.55655 -1.7069 0)
(0.635235 -3.58757 0)
(-1.99389 -4.11002 0)
(-3.75196 -1.61829 0)
(-3.77376 1.15415 0)
(-1.24067 1.93818 0)
(1.57424 1.70064 0)
(1.86152 -0.504288 0)
(0.169608 -2.82221 0)
(-1.89098 -1.40082 0)
(-2.45816 1.38274 0)
(-0.140416 2.28695 0)
(2.60096 1.80797 0)
(2.80484 -0.810718 0)
(0.868396 -3.4008 0)
(-1.5814 -2.17787 0)
(-3.01632 0.774551 0)
(-1.47472 2.05291 0)
(1.01651 2.02154 0)
(2.27031 0.573234 0)
(1.42793 -1.93333 0)
(-1.21718 -2.69065 0)
(-2.82044 -0.299169 0)
(-2.24506 2.01854 0)
(0.553078 2.28767 0)
(2.74745 1.24002 0)
(2.07057 -1.45356 0)
(-0.0911056 -2.94753 0)
(-2.38696 -0.756999 0)
(-2.95264 1.9282 0)
(-0.515007 2.66715 0)
(2.56371 2.34995 0)
(3.31005 -0.107184 0)
(1.35825 -3.47588 0)
(2.15692 7.93843 0)
(5.31547 6.73655 0)
(6.12005 2.57171 0)
(5.00041 -0.48226 0)
(3.04056 -1.78825 0)
(1.26617 -2.17526 0)
(0.163116 -2.01822 0)
(-0.0913223 -1.62972 0)
(0.348914 -1.29337 0)
(1.00188 -1.26302 0)
(1.1909 -1.71819 0)
(0.415947 -2.38186 0)
(-1.21813 -2.38316 0)
(-2.34024 -1.20292 0)
(-2.24572 0.131882 0)
(-0.961111 0.64193 0)
(0.468393 0.553321 0)
(0.813722 -0.357675 0)
(-0.0352308 -1.21311 0)
(-1.12421 -0.620069 0)
(-1.21764 0.532814 0)
(-0.0437454 0.989763 0)
(1.3046 0.719526 0)
(1.50524 -0.47905 0)
(0.351073 -1.52082 0)
(-1.10017 -0.964116 0)
(-1.68291 0.347535 0)
(-0.873979 0.982005 0)
(0.39512 0.925643 0)
(1.07853 0.2141 0)
(0.643948 -0.796646 0)
(-0.716057 -1.07768 0)
(-1.57641 -0.150509 0)
(-1.16022 0.849014 0)
(0.230896 1.01513 0)
(1.30725 0.508623 0)
(1.03562 -0.603339 0)
(-0.224646 -1.09397 0)
(-1.39617 -0.125444 0)
(-1.43005 1.00169 0)
(-0.139061 1.3225 0)
(1.47238 1.06712 0)
(1.97926 -0.151561 0)
(0.895266 -1.59522 0)
(1.24458 5.38095 0)
(2.74547 4.74256 0)
(3.60366 2.60053 0)
(3.39213 0.714974 0)
(2.55428 -0.470452 0)
(1.66478 -1.15748 0)
(1.02333 -1.48624 0)
(0.762841 -1.57328 0)
(0.814833 -1.53808 0)
(0.936627 -1.48557 0)
(0.819663 -1.51157 0)
(0.283802 -1.55631 0)
(-0.551802 -1.39259 0)
(-1.14302 -0.904542 0)
(-1.1449 -0.36658 0)
(-0.627558 -0.0909471 0)
(-0.0182791 -0.0683933 0)
(0.182892 -0.299642 0)
(-0.13427 -0.483644 0)
(-0.550259 -0.278044 0)
(-0.540531 0.0984076 0)
(-0.0554101 0.279488 0)
(0.479018 0.178991 0)
(0.551234 -0.222305 0)
(0.0302206 -0.529092 0)
(-0.623234 -0.319529 0)
(-0.839639 0.142233 0)
(-0.482704 0.383663 0)
(0.0643661 0.339197 0)
(0.352101 0.0736367 0)
(0.160031 -0.226121 0)
(-0.381558 -0.305118 0)
(-0.727464 -0.0518796 0)
(-0.538828 0.260194 0)
(0.0252055 0.338125 0)
(0.452437 0.177022 0)
(0.34518 -0.130238 0)
(-0.185257 -0.202474 0)
(-0.624701 0.13252 0)
(-0.551217 0.470889 0)
(0.0271123 0.532109 0)
(0.721871 0.373377 0)
(0.923205 -0.088284 0)
(0.445988 -0.54549 0)
(0.726791 3.78112 0)
(1.50894 3.4665 0)
(2.0323 2.28312 0)
(2.10103 1.12711 0)
(1.82614 0.186428 0)
(1.4234 -0.52985 0)
(1.08086 -1.04457 0)
(0.857776 -1.33929 0)
(0.732031 -1.43309 0)
(0.619374 -1.37651 0)
(0.428338 -1.24273 0)
(0.132851 -1.08457 0)
(-0.211802 -0.911816 0)
(-0.458243 -0.720097 0)
(-0.489963 -0.542728 0)
(-0.333908 -0.41889 0)
(-0.141545 -0.340661 0)
(-0.0668601 -0.302193 0)
(-0.147385 -0.257974 0)
(-0.254784 -0.173103 0)
(-0.236205 -0.0750818 0)
(-0.0820085 -0.0160203 0)
(0.0728955 -0.0145981 0)
(0.0711452 -0.0690575 0)
(-0.11069 -0.107041 0)
(-0.323569 -0.0405413 0)
(-0.385955 0.0679632 0)
(-0.257246 0.117336 0)
(-0.0709067 0.0918779 0)
(0.0202527 0.0315744 0)
(-0.0398495 -0.013133 0)
(-0.195018 -0.0305582 0)
(-0.293364 -0.0100107 0)
(-0.232633 0.030922 0)
(-0.0647483 0.0561843 0)
(0.0565391 0.0600766 0)
(0.0259032 0.0571816 0)
(-0.114069 0.100572 0)
(-0.206879 0.183989 0)
(-0.141878 0.215013 0)
(0.0681948 0.171084 0)
(0.294278 0.0992029 0)
(0.328846 -0.00505761 0)
(0.170508 -0.080804 0)
(0.446994 2.69904 0)
(1.00917 2.61489 0)
(1.37414 1.93066 0)
(1.47403 1.19463 0)
(1.39254 0.472567 0)
(1.18238 -0.169389 0)
(0.925682 -0.679026 0)
(0.692416 -1.01647 0)
(0.490835 -1.15747 0)
(0.309125 -1.13082 0)
(0.137419 -1.00139 0)
(-0.010735 -0.844753 0)
(-0.127293 -0.716094 0)
(-0.203857 -0.629995 0)
(-0.221645 -0.56907 0)
(-0.19098 -0.508526 0)
(-0.151689 -0.423764 0)
(-0.134787 -0.32392 0)
(-0.143601 -0.232059 0)
(-0.152702 -0.167963 0)
(-0.138045 -0.129304 0)
(-0.102577 -0.0959855 0)
(-0.0765226 -0.0547375 0)
(-0.0877762 -0.0113631 0)
(-0.131281 0.0246229 0)
(-0.172106 0.0417632 0)
(-0.173938 0.0411079 0)
(-0.138467 0.0243375 0)
(-0.0968702 0.00992495 0)
(-0.0740203 0.0169719 0)
(-0.0805966 0.03149 0)
(-0.10534 0.0265577 0)
(-0.120892 -0.00215503 0)
(-0.109335 -0.0283776 0)
(-0.0800756 -0.021252 0)
(-0.0593768 0.0275091 0)
(-0.0580516 0.092899 0)
(-0.0614828 0.144958 0)
(-0.0459634 0.151748 0)
(-0.003501 0.108345 0)
(0.0521938 0.0567582 0)
(0.0948932 0.0372098 0)
(0.0839582 0.0554306 0)
(0.0510704 0.0758904 0)
(0.274083 1.90558 0)
(0.699064 1.95258 0)
(1.01046 1.56897 0)
(1.14685 1.10178 0)
(1.14195 0.591615 0)
(1.03239 0.0831173 0)
(0.844656 -0.349432 0)
(0.618738 -0.65833 0)
(0.400799 -0.819889 0)
(0.208565 -0.84869 0)
(0.057055 -0.792034 0)
(-0.0442214 -0.704359 0)
(-0.105071 -0.630256 0)
(-0.139152 -0.582658 0)
(-0.154758 -0.547414 0)
(-0.15997 -0.500952 0)
(-0.161763 -0.429233 0)
(-0.160884 -0.339623 0)
(-0.15498 -0.254764 0)
(-0.144204 -0.191786 0)
(-0.131245 -0.148337 0)
(-0.120744 -0.107023 0)
(-0.115895 -0.0576948 0)
(-0.114354 -0.00686301 0)
(-0.110873 0.0281273 0)
(-0.10079 0.0353276 0)
(-0.0866241 0.0209181 0)
(-0.0751777 0.000823913 0)
(-0.0678898 -0.00379645 0)
(-0.0634854 0.00907355 0)
(-0.0602324 0.0231691 0)
(-0.0564625 0.0198625 0)
(-0.0544991 -0.00200056 0)
(-0.0561533 -0.0211699 0)
(-0.0591414 -0.0143347 0)
(-0.0594754 0.023342 0)
(-0.0520567 0.0723588 0)
(-0.0330632 0.103831 0)
(-0.00626776 0.100782 0)
(0.0160224 0.0705845 0)
(0.0250675 0.0427651 0)
(0.0233413 0.0472323 0)
(0.0112482 0.0800076 0)
(0.0119751 0.0984709 0)
(0.160749 1.32116 0)
(0.451256 1.41124 0)
(0.694757 1.20732 0)
(0.84609 0.928628 0)
(0.901564 0.597452 0)
(0.867458 0.248366 0)
(0.763823 -0.0778475 0)
(0.612449 -0.332775 0)
(0.442017 -0.496793 0)
(0.280882 -0.573836 0)
(0.146144 -0.588336 0)
(0.0458082 -0.571405 0)
(-0.0236379 -0.547225 0)
(-0.0714455 -0.524655 0)
(-0.105195 -0.499124 0)
(-0.130408 -0.461044 0)
(-0.148513 -0.405842 0)
(-0.15776 -0.338819 0)
(-0.157324 -0.271408 0)
(-0.14963 -0.212474 0)
(-0.138968 -0.162409 0)
(-0.128356 -0.115895 0)
(-0.117627 -0.0698064 0)
(-0.104642 -0.0291381 0)
(-0.0884598 -0.00242261 0)
(-0.0702737 0.00622974 0)
(-0.0541982 0.00129607 0)
(-0.0440953 -0.00534272 0)
(-0.0390706 -0.00496216 0)
(-0.0359502 0.00217457 0)
(-0.0321713 0.0085082 0)
(-0.0269696 0.00675009 0)
(-0.0247323 -0.00192926 0)
(-0.0277838 -0.00757036 0)
(-0.0325349 -6.32393e-06 0)
(-0.0346894 0.0215941 0)
(-0.0299703 0.0474647 0)
(-0.0177736 0.0648521 0)
(-0.00309543 0.0671569 0)
(0.00619757 0.0590925 0)
(0.00649089 0.0543584 0)
(0.00157678 0.0643709 0)
(-0.00452539 0.0847374 0)
(0.00222395 0.0899361 0)
(0.0921244 0.902364 0)
(0.27705 0.988635 0)
(0.444179 0.882133 0)
(0.570627 0.724623 0)
(0.646357 0.5259 0)
(0.664464 0.305396 0)
(0.630675 0.0884878 0)
(0.556611 -0.100098 0)
(0.458624 -0.242989 0)
(0.353687 -0.337934 0)
(0.253883 -0.393235 0)
(0.166383 -0.421489 0)
(0.0930455 -0.433172 0)
(0.0330313 -0.4333 0)
(-0.0159598 -0.421988 0)
(-0.0560614 -0.397819 0)
(-0.0872246 -0.361127 0)
(-0.108803 -0.315617 0)
(-0.120699 -0.266584 0)
(-0.124169 -0.218449 0)
(-0.121426 -0.173012 0)
(-0.114329 -0.13052 0)
(-0.103728 -0.0919622 0)
(-0.0900635 -0.0601382 0)
(-0.0743754 -0.0378903 0)
(-0.0586369 -0.0253969 0)
(-0.0452568 -0.0197812 0)
(-0.0355224 -0.0162308 0)
(-0.0291959 -0.011559 0)
(-0.0247364 -0.00598512 0)
(-0.020826 -0.00180956 0)
(-0.0175785 -0.000689581 0)
(-0.0164006 -0.0011801 0)
(-0.0179251 0.000575269 0)
(-0.0204345 0.0076909 0)
(-0.0214963 0.0198903 0)
(-0.0194575 0.0334949 0)
(-0.0145696 0.044339 0)
(-0.0089435 0.0507003 0)
(-0.00536025 0.0545258 0)
(-0.00486328 0.0600368 0)
(-0.00557889 0.0696569 0)
(-0.00652175 0.0813189 0)
(0.000217511 0.0784852 0)
(0.0532361 0.60784 0)
(0.168482 0.675518 0)
(0.275136 0.618731 0)
(0.364304 0.531821 0)
(0.429426 0.418642 0)
(0.463702 0.288438 0)
(0.466718 0.153776 0)
(0.444071 0.0272338 0)
(0.401642 -0.0808545 0)
(0.346062 -0.16659 0)
(0.285575 -0.230509 0)
(0.225037 -0.27564 0)
(0.167293 -0.305151 0)
(0.113951 -0.321035 0)
(0.0658581 -0.324219 0)
(0.0237748 -0.315524 0)
(-0.0114364 -0.296609 0)
(-0.0393908 -0.270035 0)
(-0.0599393 -0.238686 0)
(-0.0731954 -0.205138 0)
(-0.0799188 -0.171307 0)
(-0.0811689 -0.138737 0)
(-0.0780182 -0.109034 0)
(-0.0716087 -0.0838241 0)
(-0.0632911 -0.0640731 0)
(-0.0544965 -0.0494611 0)
(-0.0464173 -0.0385749 0)
(-0.039784 -0.0297018 0)
(-0.0346684 -0.0218868 0)
(-0.0305782 -0.0149984 0)
(-0.0272924 -0.00951254 0)
(-0.0250146 -0.00536483 0)
(-0.0239318 -0.00160887 0)
(-0.0238792 0.00317272 0)
(-0.0241313 0.00986207 0)
(-0.0238387 0.0181767 0)
(-0.022551 0.0269875 0)
(-0.0203472 0.0352594 0)
(-0.0176982 0.0427037 0)
(-0.0151682 0.0498219 0)
(-0.012893 0.0573244 0)
(-0.0101159 0.0651868 0)
(-0.00749263 0.0721889 0)
(-0.000826031 0.0666165 0)
(0.0311162 0.401882 0)
(0.102621 0.450376 0)
(0.168791 0.41936 0)
(0.227201 0.371633 0)
(0.27433 0.308788 0)
(0.306179 0.234875 0)
(0.321534 0.155431 0)
(0.320796 0.0764478 0)
(0.307018 0.00277396 0)
(0.283403 -0.0618643 0)
(0.252374 -0.115917 0)
(0.2169 -0.159027 0)
(0.179313 -0.191365 0)
(0.141405 -0.213248 0)
(0.104656 -0.225108 0)
(0.0703433 -0.227704 0)
(0.0395816 -0.22227 0)
(0.0131336 -0.21041 0)
(-0.00859327 -0.193875 0)
(-0.0254165 -0.174234 0)
(-0.0375701 -0.152952 0)
(-0.0454941 -0.131359 0)
(-0.0497503 -0.110669 0)
(-0.051142 -0.0918744 0)
(-0.0505545 -0.0755275 0)
(-0.0487958 -0.0616247 0)
(-0.0464734 -0.0497453 0)
(-0.0440432 -0.0393821 0)
(-0.0417529 -0.0302316 0)
(-0.03962 -0.0222154 0)
(-0.0377306 -0.0153044 0)
(-0.0362347 -0.00926076 0)
(-0.03512 -0.0035846 0)
(-0.0342113 0.0022552 0)
(-0.0332531 0.00856945 0)
(-0.0320042 0.0153086 0)
(-0.030272 0.0221918 0)
(-0.0279817 0.0289958 0)
(-0.0251676 0.0356573 0)
(-0.0218396 0.0421925 0)
(-0.017939 0.0485056 0)
(-0.0131869 0.0542343 0)
(-0.00841177 0.0587099 0)
(-0.00174381 0.0531753 0)
(0.0183895 0.257763 0)
(0.062721 0.290351 0)
(0.10347 0.273284 0)
(0.140785 0.247208 0)
(0.172799 0.212846 0)
(0.197261 0.171931 0)
(0.213287 0.126769 0)
(0.220621 0.0799906 0)
(0.220009 0.0340566 0)
(0.21245 -0.00887913 0)
(0.198923 -0.0472868 0)
(0.180773 -0.0801808 0)
(0.159336 -0.106954 0)
(0.135895 -0.127298 0)
(0.11163 -0.141186 0)
(0.0876025 -0.148907 0)
(0.0646953 -0.151053 0)
(0.0435325 -0.14844 0)
(0.0248459 -0.141997 0)
(0.0089225 -0.132662 0)
(-0.00435279 -0.121341 0)
(-0.0149555 -0.108881 0)
(-0.0230947 -0.0960489 0)
(-0.0291042 -0.0834688 0)
(-0.0333811 -0.0715634 0)
(-0.036305 -0.0605319 0)
(-0.0381851 -0.0504024 0)
(-0.0392785 -0.0411362 0)
(-0.0397867 -0.032679 0)
(-0.0398504 -0.025017 0)
(-0.039618 -0.0180868 0)
(-0.0391728 -0.0117881 0)
(-0.0385188 -0.00592145 0)
(-0.0376338 -0.000263244 0)
(-0.0364336 0.00532184 0)
(-0.0348109 0.0108584 0)
(-0.032692 0.0163151 0)
(-0.030039 0.0216269 0)
(-0.0268205 0.0267447 0)
(-0.0230073 0.0315959 0)
(-0.0185736 0.036033 0)
(-0.0134455 0.0398218 0)
(-0.00813406 0.0426291 0)
(-0.00214486 0.038262 0)
(0.0116821 0.15969 0)
(0.0408729 0.180305 0)
(0.0675111 0.170876 0)
(0.0925532 0.156623 0)
(0.114982 0.137905 0)
(0.133456 0.115489 0)
(0.147429 0.0903661 0)
(0.156557 0.0637005 0)
(0.16065 0.0367029 0)
(0.1602 0.0104785 0)
(0.155787 -0.0139786 0)
(0.147759 -0.0359037 0)
(0.136795 -0.0547226 0)
(0.123624 -0.0700565 0)
(0.10898 -0.0817217 0)
(0.0935579 -0.0897318 0)
(0.0779882 -0.0942817 0)
(0.0628072 -0.095709 0)
(0.0484538 -0.0944457 0)
(0.0352299 -0.0909752 0)
(0.023345 -0.085789 0)
(0.0129092 -0.0793679 0)
(0.00391869 -0.0721593 0)
(-0.00368869 -0.0645515 0)
(-0.0100312 -0.0568521 0)
(-0.015241 -0.0492802 0)
(-0.0194467 -0.0419781 0)
(-0.0227714 -0.0350337 0)
(-0.025317 -0.0285056 0)
(-0.0271392 -0.0224264 0)
(-0.0284674 -0.0168035 0)
(-0.0294051 -0.0116052 0)
(-0.0298044 -0.00673641 0)
(-0.0296662 -0.00215006 0)
(-0.0290412 0.00220968 0)
(-0.0279302 0.00637263 0)
(-0.0263138 0.0103372 0)
(-0.024185 0.0140847 0)
(-0.0215451 0.0175824 0)
(-0.0184005 0.0207767 0)
(-0.0147658 0.023584 0)
(-0.0106511 0.0258924 0)
(-0.00631661 0.0275493 0)
(-0.00184087 0.0246097 0)
(0.008441 0.096827 0)
(0.0301097 0.109312 0)
(0.0497666 0.103944 0)
(0.0685812 0.0959131 0)
(0.0859176 0.0854156 0)
(0.100851 0.0728254 0)
(0.11302 0.0586161 0)
(0.122163 0.0433503 0)
(0.128125 0.0276333 0)
(0.130926 0.0120674 0)
(0.130781 -0.00280232 0)
(0.127977 -0.0164755 0)
(0.122834 -0.0285643 0)
(0.115734 -0.0387873 0)
(0.107106 -0.046972 0)
(0.0973823 -0.053056 0)
(0.0869802 -0.0570804 0)
(0.0762804 -0.0591734 0)
(0.0656091 -0.0595301 0)
(0.0552346 -0.0583889 0)
(0.0453695 -0.0560112 0)
(0.0361668 -0.0526654 0)
(0.0277222 -0.0486113 0)
(0.0200828 -0.0440877 0)
(0.0132672 -0.039301 0)
(0.00726486 -0.0344191 0)
(0.00204895 -0.0295743 0)
(-0.00241427 -0.0248656 0)
(-0.00621308 -0.0203618 0)
(-0.00939052 -0.0161093 0)
(-0.0119236 -0.01215 0)
(-0.0138148 -0.00844954 0)
(-0.0151659 -0.00499855 0)
(-0.0160564 -0.00179016 0)
(-0.0164655 0.00119825 0)
(-0.0163937 0.00398641 0)
(-0.0158488 0.00658134 0)
(-0.0148452 0.00897878 0)
(-0.0134046 0.0111637 0)
(-0.0115554 0.0131097 0)
(-0.00933127 0.0147779 0)
(-0.00677617 0.0161189 0)
(-0.00401698 0.0170623 0)
(-0.00123654 0.0151995 0)
(0.00670468 0.055657 0)
(0.0243249 0.0626913 0)
(0.0401554 0.0595769 0)
(0.0555133 0.0549851 0)
(0.0699296 0.0490244 0)
(0.082667 0.0418807 0)
(0.0934736 0.0337813 0)
(0.102161 0.0250544 0)
(0.108604 0.0160189 0)
(0.11273 0.00700098 0)
(0.114617 -0.00168299 0)
(0.114442 -0.00974751 0)
(0.112364 -0.0169537 0)
(0.108598 -0.0231184 0)
(0.103405 -0.0281202 0)
(0.0970694 -0.0319009 0)
(0.0898756 -0.0344619 0)
(0.0820984 -0.0358571 0)
(0.0739893 -0.0361831 0)
(0.0657702 -0.0355669 0)
(0.0576303 -0.0341543 0)
(0.049726 -0.0321007 0)
(0.0421793 -0.0295631 0)
(0.0350793 -0.0266908 0)
(0.0284911 -0.0236184 0)
(0.0224557 -0.0204583 0)
(0.0169865 -0.0173085 0)
(0.0120954 -0.0142448 0)
(0.00778552 -0.0113199 0)
(0.00406771 -0.00857 0)
(0.000950179 -0.00601527 0)
(-0.00162823 -0.00365269 0)
(-0.00373072 -0.001512 0)
(-0.00537273 0.000445244 0)
(-0.00655965 0.00223387 0)
(-0.00730104 0.00386755 0)
(-0.00761509 0.00535754 0)
(-0.00752619 0.00670959 0)
(-0.00706323 0.00792273 0)
(-0.00626084 0.00898887 0)
(-0.00515926 0.00989314 0)
(-0.00381587 0.0106146 0)
(-0.00229071 0.0111199 0)
(-0.000736684 0.00986529 0)
(0.00539351 0.0268352 0)
(0.0199753 0.0300466 0)
(0.0327757 0.0283191 0)
(0.0453707 0.0258391 0)
(0.0573671 0.0226515 0)
(0.0680675 0.0188496 0)
(0.0773078 0.0145981 0)
(0.0849891 0.0100164 0)
(0.0909708 0.00528595 0)
(0.0952077 0.00058697 0)
(0.0977268 -0.00390564 0)
(0.098559 -0.00804098 0)
(0.097799 -0.0116871 0)
(0.0955904 -0.0147411 0)
(0.0921104 -0.0171349 0)
(0.0875573 -0.018837 0)
(0.0821405 -0.0198504 0)
(0.076072 -0.0202086 0)
(0.0695506 -0.019961 0)
(0.0627679 -0.019208 0)
(0.0558982 -0.0180126 0)
(0.0490825 -0.0164648 0)
(0.0424408 -0.0146653 0)
(0.0360719 -0.0127082 0)
(0.0300595 -0.0106779 0)
(0.0244711 -0.0086514 0)
(0.0193483 -0.00668401 0)
(0.0147103 -0.00482167 0)
(0.0105725 -0.00309598 0)
(0.00693751 -0.00152538 0)
(0.00380071 -0.000123185 0)
(0.0011548 0.00110416 0)
(-0.00102 0.00217554 0)
(-0.00274055 0.00310674 0)
(-0.00402147 0.00391451 0)
(-0.00488115 0.00461727 0)
(-0.00534423 0.00523285 0)
(-0.00543925 0.0057759 0)
(-0.00519877 0.00625675 0)
(-0.00466086 0.00667993 0)
(-0.00386778 0.00704387 0)
(-0.00287874 0.00734078 0)
(-0.00173377 0.00755627 0)
(-0.000562689 0.00666502 0)
(0.00400051 0.00696411 0)
(0.0153989 0.00760081 0)
(0.0248387 0.0067777 0)
(0.0342944 0.00568166 0)
(0.0434275 0.00431617 0)
(0.0516604 0.00272482 0)
(0.0588139 0.000996089 0)
(0.0646866 -0.00082251 0)
(0.0691823 -0.0026428 0)
(0.0722541 -0.00438051 0)
(0.0738997 -0.00595913 0)
(0.074165 -0.00731248 0)
(0.0731274 -0.00838614 0)
(0.070897 -0.00914151 0)
(0.0676109 -0.00955628 0)
(0.0634229 -0.00962365 0)
(0.0584962 -0.00936213 0)
(0.0530209 -0.00885583 0)
(0.0471423 -0.00808257 0)
(0.0410613 -0.00704798 0)
(0.0349911 -0.00585393 0)
(0.02902 -0.00457064 0)
(0.0232424 -0.00325108 0)
(0.0177546 -0.00194555 0)
(0.0126233 -0.000698233 0)
(0.00790625 0.000450678 0)
(0.00365097 0.00147562 0)
(-0.000116987 0.00235747 0)
(-0.00336155 0.00308707 0)
(-0.00606592 0.00366167 0)
(-0.00825169 0.00408698 0)
(-0.00993694 0.00437499 0)
(-0.0111357 0.00454458 0)
(-0.0118696 0.00461763 0)
(-0.0121662 0.00461768 0)
(-0.0120524 0.00456797 0)
(-0.0115598 0.00449106 0)
(-0.0107228 0.00440752 0)
(-0.00957754 0.00433391 0)
(-0.0081638 0.00428187 0)
(-0.00652242 0.00425696 0)
(-0.00470322 0.00425709 0)
(-0.00275219 0.00427537 0)
(-0.000860574 0.00374248 0)
(0.002346 -0.00516692 0)
(0.0100713 -0.00601385 0)
(0.0156847 -0.00625681 0)
(0.0214521 -0.00643018 0)
(0.0269215 -0.0065545 0)
(0.0315834 -0.00662406 0)
(0.0353423 -0.00665033 0)
(0.0380844 -0.0065725 0)
(0.0397322 -0.00638015 0)
(0.0402308 -0.00606378 0)
(0.0395817 -0.00562132 0)
(0.0378408 -0.00504917 0)
(0.0350818 -0.00435229 0)
(0.0314197 -0.00354233 0)
(0.0270086 -0.00263425 0)
(0.0219784 -0.00164725 0)
(0.0163942 -0.000597524 0)
(0.0105279 0.000502373 0)
(0.00465386 0.00160122 0)
(-0.00119825 0.0026811 0)
(-0.00692905 0.0036858 0)
(-0.0123772 0.00457808 0)
(-0.017435 0.00533479 0)
(-0.0220223 0.00593674 0)
(-0.0260629 0.00637036 0)
(-0.0295026 0.00663124 0)
(-0.032306 0.00671489 0)
(-0.0344559 0.00662673 0)
(-0.0359457 0.00637843 0)
(-0.0367834 0.00598634 0)
(-0.0369924 0.00547646 0)
(-0.0366031 0.00487699 0)
(-0.0356457 0.00421264 0)
(-0.0341519 0.00351292 0)
(-0.0321752 0.00280671 0)
(-0.0297805 0.00212118 0)
(-0.0270241 0.00147969 0)
(-0.0239617 0.000901701 0)
(-0.0206427 0.000403506 0)
(-0.0171041 -3.71936e-06 0)
(-0.0133774 -0.000312835 0)
(-0.00949174 -0.000523633 0)
(-0.00550277 -0.000640182 0)
(-0.00171129 -0.000594274 0)
(0.000321576 -0.0102994 0)
(0.00343134 -0.0116848 0)
(0.00412307 -0.0115852 0)
(0.00518877 -0.0111495 0)
(0.00607326 -0.0104282 0)
(0.0062509 -0.0094514 0)
(0.00564605 -0.00824625 0)
(0.00418843 -0.00683758 0)
(0.0018655 -0.00526605 0)
(-0.00135606 -0.00357657 0)
(-0.00541345 -0.00181278 0)
(-0.0101745 -1.94771e-05 0)
(-0.0155879 0.00175573 0)
(-0.0215474 0.00347063 0)
(-0.0278613 0.00508706 0)
(-0.0343574 0.00656639 0)
(-0.0409161 0.00788654 0)
(-0.0474176 0.00915481 0)
(-0.0537176 0.010188 0)
(-0.0597111 0.0109343 0)
(-0.0653019 0.0114267 0)
(-0.0703459 0.0116672 0)
(-0.0747283 0.0116468 0)
(-0.0783643 0.0113656 0)
(-0.0811912 0.0108307 0)
(-0.0831634 0.0100578 0)
(-0.0842511 0.00906788 0)
(-0.0844417 0.00788821 0)
(-0.0837399 0.00655185 0)
(-0.0821613 0.00509712 0)
(-0.0797295 0.00356596 0)
(-0.0765021 0.00200183 0)
(-0.0725428 0.000445751 0)
(-0.0678802 -0.00106182 0)
(-0.0626013 -0.00248404 0)
(-0.0568353 -0.00378885 0)
(-0.0506732 -0.00495138 0)
(-0.0442229 -0.00595546 0)
(-0.0375768 -0.00679443 0)
(-0.0307818 -0.00746742 0)
(-0.0238708 -0.0079764 0)
(-0.0168499 -0.00832815 0)
(-0.00976593 -0.00852999 0)
(-0.0030542 -0.00755851 0)
(-0.00203941 -0.00926731 0)
(-0.00434173 -0.0104388 0)
(-0.0093994 -0.0101472 0)
(-0.0138954 -0.00927589 0)
(-0.0185043 -0.00792945 0)
(-0.0236972 -0.00619978 0)
(-0.0294713 -0.00417402 0)
(-0.0358382 -0.00193536 0)
(-0.04276 0.00043161 0)
(-0.0501394 0.00285498 0)
(-0.057804 0.00527269 0)
(-0.0656258 0.0076106 0)
(-0.0735362 0.00980517 0)
(-0.0814433 0.0118053 0)
(-0.0893005 0.0135688 0)
(-0.0969953 0.0150625 0)
(-0.104292 0.0162535 0)
(-0.111174 0.0171311 0)
(-0.117626 0.0176542 0)
(-0.123485 0.0178124 0)
(-0.128675 0.0176017 0)
(-0.133105 0.0170259 0)
(-0.136689 0.0160909 0)
(-0.139356 0.0148112 0)
(-0.141049 0.013208 0)
(-0.141721 0.0113118 0)
(-0.141333 0.00915874 0)
(-0.139858 0.00679205 0)
(-0.13728 0.00426102 0)
(-0.133588 0.00162125 0)
(-0.128763 -0.00106789 0)
(-0.122858 -0.00375181 0)
(-0.115969 -0.00636467 0)
(-0.108187 -0.00884508 0)
(-0.099587 -0.0111357 0)
(-0.0902393 -0.0131863 0)
(-0.0802842 -0.0149569 0)
(-0.0698505 -0.0164238 0)
(-0.0590786 -0.017584 0)
(-0.0481367 -0.0184539 0)
(-0.0371491 -0.0190621 0)
(-0.0261418 -0.0194515 0)
(-0.0151505 -0.0196625 0)
(-0.00476143 -0.0174511 0)
(-0.00467652 -0.00281794 0)
(-0.0130201 -0.00319653 0)
(-0.0244482 -0.0028025 0)
(-0.035154 -0.0016273 0)
(-0.045882 0.000116665 0)
(-0.0569362 0.0022395 0)
(-0.0681028 0.00458448 0)
(-0.0792131 0.00703572 0)
(-0.0900985 0.00950667 0)
(-0.10066 0.0119383 0)
(-0.110875 0.0142783 0)
(-0.120653 0.0164698 0)
(-0.129882 0.0184572 0)
(-0.138541 0.0201879 0)
(-0.146645 0.0216179 0)
(-0.15418 0.0227198 0)
(-0.161065 0.0234627 0)
(-0.167311 0.0237492 0)
(-0.172933 0.0236455 0)
(-0.177865 0.0231226 0)
(-0.182067 0.0221672 0)
(-0.185489 0.0207819 0)
(-0.188082 0.018973 0)
(-0.189799 0.0167598 0)
(-0.190589 0.014167 0)
(-0.190403 0.0112302 0)
(-0.18919 0.00798993 0)
(-0.186897 0.00449482 0)
(-0.183472 0.000798874 0)
(-0.178864 -0.00303499 0)
(-0.173064 -0.00693822 0)
(-0.166006 -0.0108399 0)
(-0.157639 -0.0146617 0)
(-0.148004 -0.0183212 0)
(-0.137117 -0.0217308 0)
(-0.125012 -0.0248055 0)
(-0.11179 -0.0274659 0)
(-0.0976069 -0.0296465 0)
(-0.0826877 -0.0313097 0)
(-0.0673212 -0.0324611 0)
(-0.0518159 -0.033144 0)
(-0.0363347 -0.0334704 0)
(-0.0210097 -0.0335642 0)
(-0.00661521 -0.0298874 0)
(-0.00757179 0.00837587 0)
(-0.022557 0.009241 0)
(-0.040915 0.00965668 0)
(-0.0582345 0.0108508 0)
(-0.0750257 0.0125116 0)
(-0.0914199 0.0143404 0)
(-0.106988 0.0162024 0)
(-0.121394 0.0180288 0)
(-0.134462 0.0197926 0)
(-0.14619 0.0214843 0)
(-0.156677 0.0230873 0)
(-0.166016 0.0245775 0)
(-0.174283 0.0259043 0)
(-0.181582 0.0270134 0)
(-0.188024 0.0278515 0)
(-0.193696 0.0283784 0)
(-0.198654 0.0285498 0)
(-0.202963 0.0283052 0)
(-0.20668 0.0276432 0)
(-0.209818 0.0265487 0)
(-0.21238 0.0249999 0)
(-0.21436 0.0229957 0)
(-0.215746 0.0205352 0)
(-0.216513 0.0176354 0)
(-0.21663 0.0143154 0)
(-0.216055 0.0106075 0)
(-0.214734 0.00654636 0)
(-0.212607 0.00217601 0)
(-0.209594 -0.00245574 0)
(-0.205603 -0.0072912 0)
(-0.200547 -0.0122677 0)
(-0.194288 -0.0173065 0)
(-0.186673 -0.0223354 0)
(-0.177578 -0.0272678 0)
(-0.166867 -0.0320021 0)
(-0.154415 -0.0364239 0)
(-0.140152 -0.0404019 0)
(-0.124091 -0.0437963 0)
(-0.106384 -0.0464745 0)
(-0.0873359 -0.0483537 0)
(-0.067491 -0.0493902 0)
(-0.0472556 -0.049743 0)
(-0.0272246 -0.0495908 0)
(-0.00856721 -0.0442881 0)
(-0.0108813 0.0235258 0)
(-0.0333807 0.0258675 0)
(-0.0593037 0.0260626 0)
(-0.0832881 0.026543 0)
(-0.105076 0.027208 0)
(-0.124801 0.0277084 0)
(-0.14195 0.0280977 0)
(-0.156469 0.0284268 0)
(-0.168474 0.0287704 0)
(-0.178246 0.0291808 0)
(-0.186119 0.0296661 0)
(-0.192414 0.0301944 0)
(-0.197407 0.0306964 0)
(-0.201338 0.031103 0)
(-0.204406 0.0313413 0)
(-0.206775 0.0313507 0)
(-0.208577 0.0310651 0)
(-0.209926 0.0304335 0)
(-0.210909 0.0294061 0)
(-0.211584 0.0279712 0)
(-0.211996 0.0260929 0)
(-0.212176 0.0237653 0)
(-0.212143 0.0209761 0)
(-0.211902 0.0177372 0)
(-0.211447 0.0140569 0)
(-0.21076 0.00996011 0)
(-0.209804 0.00546992 0)
(-0.208528 0.000618814 0)
(-0.20685 -0.00455861 0)
(-0.204668 -0.0100211 0)
(-0.201858 -0.015724 0)
(-0.19824 -0.0216115 0)
(-0.193589 -0.0276289 0)
(-0.187649 -0.0337092 0)
(-0.180112 -0.0397706 0)
(-0.170624 -0.0457023 0)
(-0.158817 -0.0513499 0)
(-0.144349 -0.0565174 0)
(-0.127009 -0.0609515 0)
(-0.106735 -0.0644181 0)
(-0.0840943 -0.0665939 0)
(-0.0593948 -0.0675832 0)
(-0.0343378 -0.0672447 0)
(-0.0108467 -0.0602525 0)
(-0.0153031 0.0421397 0)
(-0.0466818 0.0456026 0)
(-0.0799372 0.044855 0)
(-0.109176 0.0431459 0)
(-0.13267 0.0415077 0)
(-0.151773 0.0395428 0)
(-0.166292 0.0376322 0)
(-0.176948 0.0359003 0)
(-0.184358 0.0344886 0)
(-0.189187 0.033457 0)
(-0.192008 0.0327908 0)
(-0.193305 0.0324087 0)
(-0.193465 0.0321942 0)
(-0.192788 0.0320424 0)
(-0.191505 0.0318467 0)
(-0.189802 0.0315274 0)
(-0.18783 0.0309946 0)
(-0.185718 0.0301907 0)
(-0.183564 0.0290446 0)
(-0.181445 0.0275329 0)
(-0.179436 0.0256066 0)
(-0.177594 0.0232583 0)
(-0.175968 0.0204642 0)
(-0.174595 0.0172327 0)
(-0.173503 0.013561 0)
(-0.172707 0.00946681 0)
(-0.172208 0.00496067 0)
(-0.171984 6.24345e-05 0)
(-0.171989 -0.00521104 0)
(-0.172156 -0.0108396 0)
(-0.172375 -0.0168028 0)
(-0.172481 -0.0230808 0)
(-0.172249 -0.029653 0)
(-0.171378 -0.0364965 0)
(-0.169471 -0.0435799 0)
(-0.166006 -0.0508475 0)
(-0.160346 -0.058185 0)
(-0.151707 -0.0654178 0)
(-0.139318 -0.0722337 0)
(-0.122214 -0.0783161 0)
(-0.100559 -0.0828847 0)
(-0.0731935 -0.0859636 0)
(-0.0437054 -0.0860549 0)
(-0.014215 -0.0778238 0)
(-0.0220747 0.0644408 0)
(-0.0639352 0.0671894 0)
(-0.101561 0.0640066 0)
(-0.132202 0.0579212 0)
(-0.151718 0.0526627 0)
(-0.165015 0.0474073 0)
(-0.172398 0.0428723 0)
(-0.175687 0.039051 0)
(-0.175893 0.0360428 0)
(-0.173944 0.0338149 0)
(-0.170488 0.0322762 0)
(-0.166019 0.0312691 0)
(-0.160893 0.0306134 0)
(-0.15537 0.030161 0)
(-0.149638 0.0297705 0)
(-0.143848 0.0293479 0)
(-0.138126 0.0287825 0)
(-0.132583 0.0280133 0)
(-0.127313 0.0269579 0)
(-0.1224 0.025584 0)
(-0.117934 0.0238336 0)
(-0.113994 0.0217012 0)
(-0.110657 0.0191553 0)
(-0.107991 0.016203 0)
(-0.106066 0.0128338 0)
(-0.104935 0.00906032 0)
(-0.104651 0.00488346 0)
(-0.105237 0.000313068 0)
(-0.106709 -0.00465073 0)
(-0.109062 -0.0100047 0)
(-0.11225 -0.0157513 0)
(-0.116182 -0.0219036 0)
(-0.120707 -0.0284807 0)
(-0.12559 -0.0355147 0)
(-0.13048 -0.0430448 0)
(-0.134852 -0.0511097 0)
(-0.137988 -0.0596986 0)
(-0.138818 -0.0687678 0)
(-0.136143 -0.0780751 0)
(-0.127755 -0.0874662 0)
(-0.113273 -0.0956934 0)
(-0.0875262 -0.103097 0)
(-0.0570676 -0.105116 0)
(-0.0200068 -0.0976629 0)
(-0.0323802 0.0910696 0)
(-0.0856324 0.0884629 0)
(-0.119704 0.0806825 0)
(-0.145378 0.0679894 0)
(-0.153926 0.0584452 0)
(-0.156601 0.0498535 0)
(-0.15355 0.0430858 0)
(-0.147604 0.0377115 0)
(-0.139711 0.0336747 0)
(-0.130775 0.0307763 0)
(-0.121262 0.0288165 0)
(-0.111497 0.0275615 0)
(-0.101683 0.0267742 0)
(-0.0919521 0.026275 0)
(-0.0823973 0.0258998 0)
(-0.0731002 0.0255504 0)
(-0.0641394 0.0251064 0)
(-0.0555938 0.0245113 0)
(-0.0475456 0.0236741 0)
(-0.0400837 0.0225661 0)
(-0.0333076 0.021125 0)
(-0.0273169 0.0193491 0)
(-0.0222165 0.0172042 0)
(-0.0181086 0.0146983 0)
(-0.0151003 0.0118175 0)
(-0.0132909 0.00857147 0)
(-0.0127813 0.00495585 0)
(-0.0136534 0.000974417 0)
(-0.0159887 -0.00338266 0)
(-0.0198551 -0.00812228 0)
(-0.0252971 -0.0132658 0)
(-0.0323298 -0.0188441 0)
(-0.0409278 -0.0249095 0)
(-0.051004 -0.0315399 0)
(-0.0623782 -0.0388395 0)
(-0.0747 -0.0469481 0)
(-0.0874425 -0.0559836 0)
(-0.0995657 -0.066113 0)
(-0.10995 -0.0772878 0)
(-0.115244 -0.0898515 0)
(-0.115324 -0.102296 0)
(-0.0979763 -0.116303 0)
(-0.0751256 -0.12251 0)
(-0.0294291 -0.120843 0)
(-0.0457284 0.122288 0)
(-0.109171 0.106033 0)
(-0.125803 0.0915627 0)
(-0.139041 0.0711504 0)
(-0.130559 0.0578371 0)
(-0.119937 0.0468356 0)
(-0.105519 0.0388461 0)
(-0.0906594 0.0328193 0)
(-0.0756365 0.0284994 0)
(-0.0610147 0.0255132 0)
(-0.0468574 0.023573 0)
(-0.033198 0.0223941 0)
(-0.0200114 0.0217109 0)
(-0.00727304 0.0213354 0)
(0.00503685 0.0210995 0)
(0.0169111 0.0209128 0)
(0.0283188 0.0206578 0)
(0.039209 0.020289 0)
(0.0495071 0.0197142 0)
(0.0591176 0.0189141 0)
(0.0679282 0.0178279 0)
(0.0758157 0.0164587 0)
(0.0826478 0.0147734 0)
(0.0882891 0.0127822 0)
(0.0925956 0.0104708 0)
(0.0954282 0.00784847 0)
(0.0966402 0.00490882 0)
(0.0960971 0.00165307 0)
(0.0936577 -0.00193136 0)
(0.0891853 -0.00585634 0)
(0.0825483 -0.0101515 0)
(0.0736225 -0.0148542 0)
(0.0622954 -0.0200327 0)
(0.0484777 -0.0257903 0)
(0.0321143 -0.03227 0)
(0.0132668 -0.0396845 0)
(-0.00795041 -0.048255 0)
(-0.0308438 -0.0583599 0)
(-0.055041 -0.0701829 0)
(-0.0765487 -0.0847982 0)
(-0.0973822 -0.100773 0)
(-0.0960952 -0.122493 0)
(-0.0953184 -0.135114 0)
(-0.0417949 -0.148033 0)
(-0.0575462 0.156801 0)
(-0.126696 0.115901 0)
(-0.108078 0.0938356 0)
(-0.102945 0.066799 0)
(-0.074728 0.0514137 0)
(-0.0513428 0.0396126 0)
(-0.0272854 0.0316563 0)
(-0.00580894 0.0259119 0)
(0.0139578 0.0219738 0)
(0.0319762 0.0193561 0)
(0.0486854 0.017739 0)
(0.0643749 0.0168272 0)
(0.0792954 0.0163634 0)
(0.093615 0.0161747 0)
(0.107443 0.0161085 0)
(0.12083 0.0160904 0)
(0.133778 0.0160164 0)
(0.146247 0.0158543 0)
(0.158164 0.0155208 0)
(0.169416 0.0150052 0)
(0.179876 0.0142542 0)
(0.189394 0.0132742 0)
(0.197809 0.0120369 0)
(0.204957 0.0105532 0)
(0.210662 0.00881163 0)
(0.214751 0.0068208 0)
(0.217043 0.00457525 0)
(0.217363 0.0020757 0)
(0.215525 -0.000689211 0)
(0.21134 -0.0037318 0)
(0.204609 -0.00707952 0)
(0.195122 -0.0107701 0)
(0.182652 -0.0148696 0)
(0.166954 -0.0194842 0)
(0.147747 -0.0247636 0)
(0.124786 -0.0309469 0)
(0.0976854 -0.0383013 0)
(0.0666207 -0.0473399 0)
(0.0307079 -0.0584198 0)
(-0.00604514 -0.0732853 0)
(-0.0500791 -0.0908961 0)
(-0.0705551 -0.119207 0)
(-0.109738 -0.139278 0)
(-0.0521015 -0.178196 0)
(-0.0570433 0.190546 0)
(-0.124148 0.11486 0)
(-0.0542497 0.0863255 0)
(-0.0289546 0.0561758 0)
(0.0168964 0.0410498 0)
(0.0494276 0.0301817 0)
(0.0793449 0.0233289 0)
(0.10396 0.0185608 0)
(0.125425 0.0154251 0)
(0.14423 0.0134217 0)
(0.161268 0.0122538 0)
(0.177094 0.0116594 0)
(0.192127 0.0114193 0)
(0.206628 0.0113932 0)
(0.220756 0.0114572 0)
(0.23459 0.0115571 0)
(0.248142 0.0116091 0)
(0.26137 0.0115928 0)
(0.274188 0.0114408 0)
(0.286466 0.0111492 0)
(0.298055 0.0106752 0)
(0.308779 0.0100267 0)
(0.318457 0.00918183 0)
(0.326896 0.00815099 0)
(0.333899 0.00692602 0)
(0.339271 0.00551469 0)
(0.342807 0.00391342 0)
(0.34431 0.00212324 0)
(0.343568 0.000135644 0)
(0.340361 -0.00205909 0)
(0.334455 -0.00448244 0)
(0.325586 -0.00716549 0)
(0.313461 -0.0101626 0)
(0.29773 -0.013565 0)
(0.277948 -0.0175033 0)
(0.253634 -0.0221983 0)
(0.223959 -0.0279038 0)
(0.188599 -0.0351542 0)
(0.145296 -0.0443664 0)
(0.0976002 -0.0576246 0)
(0.0331794 -0.0745019 0)
(-0.0100547 -0.105653 0)
(-0.104445 -0.132231 0)
(-0.0491666 -0.207409 0)
(-0.0267874 0.216199 0)
(-0.0825209 0.101905 0)
(0.0449473 0.0703001 0)
(0.086778 0.0419317 0)
(0.143646 0.0291961 0)
(0.179802 0.0205725 0)
(0.210903 0.0154348 0)
(0.234994 0.0119723 0)
(0.255234 0.0097793 0)
(0.272485 0.00843101 0)
(0.287936 0.00769336 0)
(0.302292 0.0073656 0)
(0.316051 0.00728462 0)
(0.329507 0.00735059 0)
(0.342826 0.00747357 0)
(0.356084 0.0076185 0)
(0.369288 0.00772551 0)
(0.382382 0.00778243 0)
(0.395266 0.00774073 0)
(0.40779 0.00760037 0)
(0.419789 0.0073306 0)
(0.431069 0.00693884 0)
(0.441435 0.00640984 0)
(0.450679 0.0057521 0)
(0.458594 0.00496055 0)
(0.464977 0.00404136 0)
(0.469616 0.00299272 0)
(0.472308 0.00181588 0)
(0.472837 0.000505333 0)
(0.470977 -0.000945172 0)
(0.466487 -0.00255041 0)
(0.459091 -0.00433222 0)
(0.448475 -0.0063292 0)
(0.434254 -0.00860914 0)
(0.415908 -0.0112693 0)
(0.392828 -0.0144823 0)
(0.363911 -0.0184488 0)
(0.328495 -0.0236229 0)
(0.283256 -0.0303795 0)
(0.231083 -0.0406826 0)
(0.154163 -0.0546449 0)
(0.0931721 -0.0836195 0)
(-0.0610136 -0.113635 0)
(-0.0157323 -0.228503 0)
(0.0549925 0.224023 0)
(0.0184111 0.0790879 0)
(0.19294 0.0492515 0)
(0.243031 0.0272018 0)
(0.301635 0.0181092 0)
(0.335653 0.0123053 0)
(0.363602 0.0089917 0)
(0.384187 0.00682311 0)
(0.400996 0.00549133 0)
(0.415034 0.00469975 0)
(0.427563 0.00429116 0)
(0.439302 0.00413591 0)
(0.45074 0.00413004 0)
(0.462148 0.00421288 0)
(0.473668 0.00432727 0)
(0.485359 0.00445311 0)
(0.49721 0.00455421 0)
(0.509154 0.00462273 0)
(0.521083 0.00462857 0)
(0.532837 0.00457342 0)
(0.544251 0.00443784 0)
(0.555126 0.00422732 0)
(0.565272 0.00393252 0)
(0.574484 0.00355915 0)
(0.582562 0.00310448 0)
(0.589311 0.00257254 0)
(0.594534 0.00196265 0)
(0.598039 0.00127581 0)
(0.599627 0.000508991 0)
(0.599091 -0.000341251 0)
(0.596207 -0.00128384 0)
(0.590725 -0.00233202 0)
(0.582355 -0.00350941 0)
(0.570734 -0.00485914 0)
(0.555355 -0.00644273 0)
(0.535608 -0.00837362 0)
(0.510327 -0.0107859 0)
(0.478726 -0.0139943 0)
(0.437034 -0.0182814 0)
(0.38751 -0.0250985 0)
(0.309233 -0.0348826 0)
(0.24071 -0.0572674 0)
(0.0398502 -0.0861203 0)
(0.0688275 -0.231893 0)
(0.209455 0.204294 0)
(0.194829 0.0509743 0)
(0.386299 0.0279331 0)
(0.43421 0.0146104 0)
(0.485216 0.00932088 0)
(0.512592 0.00617077 0)
(0.534336 0.00440901 0)
(0.549652 0.00329034 0)
(0.561876 0.00261545 0)
(0.571917 0.00222271 0)
(0.580878 0.00202508 0)
(0.58937 0.00195616 0)
(0.597794 0.0019624 0)
(0.606368 0.00201428 0)
(0.615196 0.00208148 0)
(0.624317 0.00215485 0)
(0.633712 0.00221506 0)
(0.643312 0.00225903 0)
(0.653019 0.00227122 0)
(0.662692 0.0022531 0)
(0.672185 0.0021947 0)
(0.681326 0.00209887 0)
(0.689951 0.00196112 0)
(0.697886 0.00178414 0)
(0.704963 0.00156686 0)
(0.711018 0.00131107 0)
(0.715888 0.00101669 0)
(0.719414 0.000684115 0)
(0.721435 0.00031198 0)
(0.721782 -0.000101455 0)
(0.720277 -0.000560624 0)
(0.716719 -0.00107248 0)
(0.710874 -0.00164893 0)
(0.702449 -0.00231252 0)
(0.691025 -0.00309489 0)
(0.676091 -0.00405567 0)
(0.656626 -0.00526876 0)
(0.631926 -0.00690286 0)
(0.598503 -0.00914133 0)
(0.558064 -0.0127738 0)
(0.490405 -0.0183648 0)
(0.427386 -0.0318311 0)
(0.213388 -0.0544541 0)
(0.223759 -0.208364 0)
(0.450938 0.159048 0)
(0.453899 0.025028 0)
(0.615661 0.0115802 0)
(0.651373 0.00593601 0)
(0.687216 0.0036254 0)
(0.705356 0.00237372 0)
(0.719445 0.00166631 0)
(0.729046 0.00123274 0)
(0.736587 0.000970563 0)
(0.742688 0.000817957 0)
(0.748103 0.000738242 0)
(0.753235 0.000707381 0)
(0.758351 0.000705287 0)
(0.763594 0.000721682 0)
(0.769036 0.000744241 0)
(0.774703 0.000769948 0)
(0.780583 0.000790874 0)
(0.786629 0.000806303 0)
(0.792778 0.000810807 0)
(0.798938 0.000804409 0)
(0.805014 0.00078404 0)
(0.810895 0.000749937 0)
(0.816474 0.00070128 0)
(0.821639 0.000638193 0)
(0.82628 0.000560944 0)
(0.830292 0.000469514 0)
(0.833569 0.000364264 0)
(0.836008 0.000244973 0)
(0.837505 0.000111294 0)
(0.83795 -3.76551e-05 0)
(0.837229 -0.000203443 0)
(0.835211 -0.000389112 0)
(0.831743 -0.000599067 0)
(0.826632 -0.000842292 0)
(0.819598 -0.00113085 0)
(0.810301 -0.00148746 0)
(0.79804 -0.00194342 0)
(0.782332 -0.00256109 0)
(0.76065 -0.00343791 0)
(0.734153 -0.00484742 0)
(0.687644 -0.00724696 0)
(0.642802 -0.0129147 0)
(0.466162 -0.0262907 0)
(0.461743 -0.160565 0)
(0.781419 0.0411802 0)
(0.789259 0.00451396 0)
(0.865164 0.00177192 0)
(0.879856 0.000915712 0)
(0.89424 0.000538408 0)
(0.901256 0.00035317 0)
(0.906669 0.000245122 0)
(0.910306 0.000181131 0)
(0.913144 0.00014179 0)
(0.91541 0.000118545 0)
(0.917386 0.000105524 0)
(0.919214 9.95642e-05 0)
(0.920995 9.78541e-05 0)
(0.922785 9.90617e-05 0)
(0.924616 0.00010126 0)
(0.926501 0.000103999 0)
(0.92844 0.000106283 0)
(0.93042 0.000107811 0)
(0.932423 0.000108068 0)
(0.93442 0.000106826 0)
(0.936383 0.000103896 0)
(0.938276 9.90293e-05 0)
(0.940066 9.23877e-05 0)
(0.941716 8.37176e-05 0)
(0.943191 7.32614e-05 0)
(0.944456 6.08183e-05 0)
(0.945477 4.65558e-05 0)
(0.946218 3.03362e-05 0)
(0.946644 1.21572e-05 0)
(0.946717 -8.1696e-06 0)
(0.946397 -3.08428e-05 0)
(0.945636 -5.6392e-05 0)
(0.944379 -8.54222e-05 0)
(0.942554 -0.000119318 0)
(0.940056 -0.000159813 0)
(0.936758 -0.000210141 0)
(0.932392 -0.000275372 0)
(0.92678 -0.000363696 0)
(0.918901 -0.000494321 0)
(0.909242 -0.000697905 0)
(0.891461 -0.00108458 0)
(0.87416 -0.0019376 0)
(0.7932 -0.00468832 0)
(0.785158 -0.0414008 0)
)
;

boundaryField
{
    movingWall
    {
        type            fixedValue;
        value           uniform (1 0 0);
    }
    fixedWalls
    {
        type            noSlip;
    }
    frontAndBack
    {
        type            empty;
    }
    defaultFaces
    {
        type            empty;
    }
}


// ************************************************************************* //
