/*--------------------------------*- C++ -*----------------------------------*\
  =========                 |
  \\      /  F ield         | OpenFOAM: The Open Source CFD Toolbox
   \\    /   O peration     | Website:  https://openfoam.org
    \\  /    A nd           | Version:  7
     \\/     M anipulation  |
\*---------------------------------------------------------------------------*/
FoamFile
{
    version     2.0;
    format      ascii;
    class       surfaceScalarField;
    location    "0.91";
    object      phi;
}
// * * * * * * * * * * * * * * * * * * * * * * * * * * * * * * * * * * * * * //

dimensions      [0 3 -1 0 0 0 0];

internalField   nonuniform List<scalar> 
3784
(
-0.0024591
0.0024591
-0.00265939
0.000200295
-0.00135164
-0.00130775
-0.000216295
-0.00113535
0.000303521
-0.000519816
0.000769168
-0.000465648
0.00105801
-0.000288839
0.000889999
0.000168009
0.000156821
0.000733177
-0.000777273
0.000934093
-0.00119199
0.000414723
-0.000447839
-0.000744155
0.000996249
-0.00144409
0.00194627
-0.000950017
0.00181085
0.000135415
0.000625757
0.00118509
-0.000728162
0.00135392
-0.00122313
0.000494966
-0.00055617
-0.000666958
0.000800134
-0.0013563
0.00143178
-0.000631645
0.000488942
0.000942838
-0.00107823
0.00156717
-0.00168998
0.000611743
-0.000700684
-0.000989291
0.000833373
-0.00153406
0.00153767
-0.000704296
0.000851769
0.000685899
-0.000638411
0.00149018
-0.0015646
0.000926188
-0.000903982
-0.000660617
0.000604593
-0.00150857
0.00155905
-0.000954454
0.00111725
0.000441796
-0.000340093
0.00145734
-0.00144983
0.00110974
-0.00109992
-0.000349911
0.000274462
-0.00137438
0.00134217
-0.00106771
0.00111466
0.000227507
-0.00025769
0.00137235
-0.00150596
0.00124827
-0.00136911
-0.000136855
-0.00136911
-0.00333514
0.00579424
-0.00379721
0.000662363
-0.00153048
-0.00357448
-0.000280369
-0.00238546
0.000125566
-0.000925753
0.000797536
-0.00113762
0.00114249
-0.000633791
0.000870011
0.000440489
0.000142202
0.00146099
-0.000651005
0.0017273
-0.00128649
0.0010502
-0.000716255
-0.00131439
0.00126833
-0.00342867
0.00232116
-0.00200285
0.0016849
0.000771671
0.000611408
0.00225858
-0.000596319
0.00256165
-0.00158177
0.00148042
-0.000848481
-0.00140025
0.00113142
-0.0033362
0.00154773
-0.00104795
0.000370412
0.00212015
-0.000907924
0.00284551
-0.0018831
0.00158692
-0.00101216
-0.00186024
0.00123979
-0.003786
0.00175099
-0.0012155
0.000685422
0.00175147
-0.000499052
0.00267465
-0.00168186
0.002109
-0.00129578
-0.00104669
0.000900281
-0.00370464
0.00185363
-0.0019078
0.000948084
0.00134734
-0.00024349
0.00264892
-0.00147239
0.00233864
-0.00151686
-0.000305444
0.000436009
-0.00332725
0.00171794
-0.00234963
0.000974988
0.000970454
-0.000203622
0.00255096
-0.00139217
0.00243682
-0.00182667
0.00029764
-0.00319578
-0.00322217
0.00901641
-0.00403335
0.00147355
-0.00192699
-0.00568084
-0.000337143
-0.00397531
0.000222819
-0.00148571
0.000880654
-0.00179545
0.00126298
-0.00101612
0.000974921
0.000728549
0.000142516
0.0022934
-0.000808387
0.0026782
-0.00157028
0.0018121
-0.000942439
-0.00194223
0.00130576
-0.00567687
0.00255747
-0.00325455
0.00172441
0.00160473
0.000248507
0.00373449
-0.00115129
0.00396144
-0.00197933
0.00230845
-0.000832686
-0.00254689
0.00148276
-0.00565165
0.00195665
-0.00152184
0.000621644
0.00345515
-0.000954653
0.00442181
-0.00216285
0.00279512
-0.00122314
-0.00279995
0.0013618
-0.00637095
0.00210551
-0.0019592
0.000882238
0.00297474
-0.000663137
0.00422003
-0.00203509
0.00348095
-0.00153479
-0.00154699
0.000993608
-0.00623304
0.00216858
-0.00308277
0.00112827
0.00238766
-0.000401679
0.00417886
-0.00183576
0.00377272
-0.00178424
-0.000356963
0.000495717
-0.00560721
0.00207555
-0.00392946
0.00135082
0.00169518
-0.000118675
0.00402046
-0.00163975
0.0039579
-0.00209955
0.000757432
-0.00529532
-0.00258622
0.0116026
-0.00354481
0.00243214
-0.00219872
-0.00702693
-0.000797917
-0.00537612
-5.71645e-05
-0.00222646
0.000539825
-0.00239244
0.000824619
-0.00130091
0.000587715
0.000965452
8.94205e-06
0.00287217
-0.000590747
0.00327789
-0.00107392
0.00229527
-0.000653332
-0.00236282
0.000928099
-0.00725831
0.00180298
-0.00412944
0.0010432
0.00236451
-0.000145625
0.00492331
-0.00107401
0.00488983
-0.00148166
0.0027161
-0.00050533
-0.00352322
0.0011425
-0.00729948
0.00141902
-0.00179835
0.000533666
0.0043405
-0.000492554
0.00544803
-0.00141099
0.00371355
-0.000877329
-0.0033336
0.000912362
-0.00816064
0.00147699
-0.00252383
0.000606254
0.00384548
-0.000461499
0.00528778
-0.00140766
0.00442711
-0.00108567
-0.00186899
0.000670378
-0.00798909
0.00148213
-0.00389453
0.000716941
0.00315285
-0.000326918
0.00522272
-0.00129377
0.00473958
-0.00125119
-0.00039955
0.000347271
-0.00720566
0.00147778
-0.00505998
0.00100861
0.00216435
2.49069e-05
0.00500417
-0.00104091
0.00502372
-0.00141565
0.00113218
-0.00671098
-0.00187674
0.0134794
-0.00296729
0.00352268
-0.0023584
-0.00763581
-0.00128462
-0.00644991
-0.000456209
-0.00305487
3.53544e-05
-0.002884
0.00023312
-0.00149868
0.000100598
0.00109797
-0.000167178
0.00313994
-0.000409369
0.00352008
-0.000580184
0.00246609
-0.000355463
-0.00258754
0.000466148
-0.00807992
0.000972099
-0.00463539
0.000391838
0.00294477
-0.000378337
0.00569348
-0.000837675
0.00534917
-0.000922763
0.00280119
-0.000143857
-0.00430212
0.000759622
-0.00820296
0.000825569
-0.0018643
0.000392574
0.0047735
-8.94697e-05
0.00593007
-0.000643875
0.00426796
-0.000502435
-0.00347505
0.000433871
-0.00909695
0.000796066
-0.00288603
0.000318384
0.00432316
-0.000259516
0.00586568
-0.000714848
0.00488245
-0.000603006
-0.00198083
0.0003243
-0.00891639
0.000772847
-0.00434307
0.000308202
0.00361749
-0.000232687
0.00576361
-0.000663685
0.00517058
-0.000672512
-0.000390723
0.000192862
-0.00807104
0.000845753
-0.00571287
0.000578344
0.00243175
9.79463e-05
0.00548457
-0.000427006
0.00554867
-0.000707475
0.00141265
-0.00741845
-0.00104709
0.0145265
-0.00222975
0.00470534
-0.00232748
-0.0075381
-0.00170755
-0.00706983
-0.000945544
-0.00381687
-0.00059241
-0.00323714
-0.000469604
-0.00162148
-0.000460508
0.00108888
-0.000361838
0.00304127
-0.000233451
0.00339169
-9.21139e-05
0.00232475
-8.12738e-05
-0.00259838
-2.41891e-05
-0.00813701
0.000102902
-0.00476248
-0.000145448
0.00319312
-0.00038696
0.005935
-0.000434174
0.00539638
-0.000258472
0.00262549
0.000225112
-0.00478571
0.000349303
-0.00832715
0.000156746
-0.00167174
0.000161036
0.00476921
0.000211125
0.00587998
0.000104888
0.0043742
-0.000115719
-0.00325444
-4.35593e-05
-0.00916911
6.99902e-05
-0.00299958
1.29812e-05
0.00438017
-2.64477e-05
0.00590511
1.36875e-06
0.00485463
-0.00011209
-0.00186737
-2.65118e-05
-0.00900197
3.34674e-05
-0.00440305
-6.57761e-05
0.00371673
-7.95765e-05
0.00577741
-2.22735e-05
0.00511327
-8.68886e-05
-0.000326109
3.26277e-05
-0.00819055
0.000172104
-0.00585234
0.000108863
0.002495
9.80013e-05
0.00549543
0.000102786
0.00554388
-2.75623e-05
0.001543
-0.00744601
-0.000122504
0.014649
-0.00120695
0.00578979
-0.00201458
-0.00673047
-0.00197206
-0.00711236
-0.0014368
-0.00435213
-0.001238
-0.00343594
-0.00116911
-0.00169037
-0.00096372
0.000883492
-0.00055072
0.00262828
-9.20745e-05
0.00293305
0.000288344
0.00194433
0.000143564
-0.0024536
-0.000472143
-0.0075213
-0.000734904
-0.00449972
-0.0005723
0.00303052
-0.000244201
0.00560689
0.000104314
0.00504787
0.000458364
0.00227144
0.000531337
-0.00485868
-6.41552e-05
-0.00773166
-0.000459457
-0.00127644
-0.000118403
0.00442816
0.000413945
0.00534763
0.000730369
0.00405777
0.000259937
-0.00278401
-0.00045144
-0.00845774
-0.000583649
-0.00286737
-0.000275609
0.00407213
0.000208612
0.00542089
0.000638859
0.00442438
0.000346069
-0.00157458
-0.00033699
-0.00831891
-0.000614963
-0.00412508
-0.000376206
0.00347797
0.000106826
0.00529438
0.00056741
0.00465269
0.00047435
-0.00023305
-0.000115845
-0.00760036
-0.000492455
-0.00547573
-0.000352531
0.00235507
5.4682e-05
0.00508821
0.000516942
0.00508162
0.000600588
0.00145935
-0.00684543
0.000945389
0.0137036
0.000160337
0.00657484
-0.00134577
-0.00522436
-0.00194385
-0.00651427
-0.00177244
-0.00452354
-0.00175895
-0.00344943
-0.00170851
-0.00174081
-0.00132998
0.000504954
-0.000682499
0.0019808
-9.62486e-06
0.00226017
0.000516851
0.00141786
0.000330852
-0.0022676
-0.00082033
-0.00637011
-0.00143083
-0.00388922
-0.000907784
0.00250747
-7.62635e-05
0.00477537
0.000593693
0.00437791
0.0011331
0.00173203
0.000710133
-0.00443572
-0.00048405
-0.00653748
-0.000899908
-0.000860578
-0.000322356
0.00385061
0.000552723
0.00447255
0.0011619
0.00344859
0.000588814
-0.00221091
-0.000750476
-0.00711845
-0.00111246
-0.00250539
-0.000494691
0.00345437
0.000388059
0.00453814
0.0010715
0.00374094
0.000740006
-0.00124308
-0.000572819
-0.00700609
-0.00115621
-0.00354169
-0.000608447
0.00293021
0.000253842
0.00443209
0.000981812
0.00392472
0.000951325
-0.000202561
-0.000236736
-0.0064123
-0.00107422
-0.00463825
-0.000740751
0.0020216
1.39373e-05
0.00433353
0.000825067
0.0042705
0.0010843
0.00120012
-0.00576113
0.00199106
0.0117125
0.00179237
0.00677353
-0.000262512
-0.00316948
-0.00149036
-0.00528643
-0.00177855
-0.00423535
-0.00197541
-0.00325257
-0.0019542
-0.00176201
-0.00148251
3.32652e-05
-0.000720771
0.00121906
4.32531e-05
0.00149615
0.000665643
0.000795469
0.000408997
-0.00201095
-0.00104269
-0.00491843
-0.00189477
-0.00303715
-0.00111403
0.00172674
1.28045e-05
0.00364854
0.000974389
0.00341633
0.00157064
0.00113578
0.000713395
-0.00357847
-0.000852964
-0.00497112
-0.00116997
-0.000543567
-0.000405757
0.00308639
0.000639626
0.00342717
0.00142085
0.00266736
0.000849574
-0.00163963
-0.000887692
-0.00538118
-0.00143945
-0.00195363
-0.000624922
0.00263984
0.000460613
0.0034526
0.00130022
0.00290133
0.00101637
-0.000959222
-0.000680412
-0.00530931
-0.00149245
-0.00272965
-0.000736066
0.00217383
0.000312615
0.00338341
0.00121193
0.00302541
0.00125786
-0.000248489
-0.000305434
-0.00484901
-0.00146318
-0.0034805
-0.000935176
0.0014936
1.30613e-05
0.00338529
0.000973698
0.00330986
0.00139377
0.000780048
-0.00436735
0.00261832
0.00909419
0.00323671
0.00615515
0.00110917
-0.00104194
-0.000579942
-0.00359731
-0.00134317
-0.00347212
-0.00177986
-0.00281589
-0.00183712
-0.00170476
-0.00139213
-0.000411716
-0.000658368
0.000485292
9.61566e-05
0.000741626
0.000686935
0.000204689
0.000365527
-0.00168954
-0.00111408
-0.00343882
-0.00201468
-0.00213656
-0.00123461
0.000946669
-2.03474e-05
0.00243428
0.00110336
0.00229262
0.0016308
0.000608347
0.000563667
-0.00251134
-0.00108108
-0.00332637
-0.00129744
-0.000327206
-0.000403012
0.00219196
0.000606806
0.00241735
0.00147151
0.00180266
0.000947772
-0.0011159
-0.000863546
-0.00356986
-0.00148163
-0.00133555
-0.000592613
0.00175082
0.000462132
0.00239786
0.00137756
0.0019859
0.00112511
-0.000706775
-0.000649391
-0.00353481
-0.00152069
-0.00185835
-0.000717836
0.00137098
0.000336853
0.00232872
0.00130767
0.00205459
0.00133385
-0.000274669
-0.0003131
-0.00320206
-0.00153021
-0.00226339
-0.000997507
0.000960898
3.44656e-05
0.00235332
0.00106461
0.00227971
0.00145483
0.000389828
-0.00291253
0.0025947
0.00649949
0.00379698
0.00495286
0.00228032
0.000474728
0.000554407
-0.0018714
-0.000528436
-0.00238927
-0.00118474
-0.00215958
-0.00138356
-0.00150594
-0.00108813
-0.000707144
-0.000502393
-0.000100443
0.000133259
0.000105975
0.00058722
-0.000249278
0.000226182
-0.00132851
-0.00104188
-0.00217076
-0.00179418
-0.00138425
-0.00117884
0.00033133
-6.92414e-05
0.00132468
0.000954126
0.00126925
0.00134016
0.000222318
0.000342894
-0.00151408
-0.00108657
-0.0018969
-0.00122784
-0.000185939
-0.000368426
0.00133255
0.000532341
0.00151659
0.00129708
0.00103792
0.000856443
-0.000675261
-0.000710909
-0.00200251
-0.00126239
-0.000784072
-0.000501701
0.000990136
0.000425786
0.00147037
0.0012589
0.00115278
0.00102124
-0.000469108
-0.000513136
-0.00200044
-0.00127331
-0.00109818
-0.000620009
0.000717673
0.00031816
0.00139055
0.00119559
0.00117716
0.00115636
-0.000235438
-0.000264912
-0.00178078
-0.0012972
-0.00123111
-0.000875842
0.000539542
5.7974e-05
0.0014195
0.000998225
0.00133946
0.00125564
0.000132413
-0.00165689
0.00214264
0.00435685
0.00348673
0.00360878
0.00272288
0.00123857
0.00145156
-0.00060008
0.000357854
-0.00129557
-0.000390739
-0.00141099
-0.000721375
-0.0011753
-0.000637851
-0.000790669
-0.000257036
-0.000481261
0.000181472
-0.000332535
0.000442816
-0.000510623
8.99078e-05
-0.000975598
-0.00082095
-0.0012599
-0.00133787
-0.000867336
-0.000942476
-6.40598e-05
-0.000109348
0.000491553
0.00064533
0.000514574
0.000869845
-2.19728e-06
0.000134811
-0.000779047
-0.000866098
-0.000895999
-0.000959498
-9.25376e-05
-0.000301304
0.000674359
0.000401551
0.000813737
0.000945663
0.000493805
0.000613954
-0.000343553
-0.00047836
-0.000910193
-0.000883842
-0.00037859
-0.000360641
0.000466932
0.000346679
0.000763048
0.000953282
0.000546179
0.000747958
-0.000263783
-0.000320196
-0.000932283
-0.000869892
-0.000548485
-0.000448507
0.000296286
0.000258073
0.00068397
0.0008894
0.000545833
0.000803051
-0.000149089
-0.000182205
-0.000795525
-0.000891112
-0.000522203
-0.000626271
0.000274702
7.16218e-05
0.000721612
0.000765495
0.000645592
0.000884299
1.36085e-05
-0.000772595
0.00136401
0.00299284
0.00250571
0.00246707
0.00247766
0.00126663
0.00172206
0.00015552
0.000907998
-0.000481502
0.00027263
-0.000775629
-7.93301e-05
-0.000823344
-0.000129591
-0.000740407
2.37276e-05
-0.000634582
0.000253564
-0.000562375
0.000328556
-0.000585615
4.26392e-05
-0.000689675
-0.000501176
-0.000716078
-0.000815492
-0.000553022
-0.00062882
-0.00025073
-0.000133139
-4.12414e-06
0.000322899
5.85355e-05
0.000426116
-0.000105419
-3.45169e-06
-0.000349481
-0.000552812
-0.000346637
-0.000614169
-3.11779e-05
-0.000215558
0.00027575
0.000247135
0.000351045
0.000552441
0.000188498
0.000341716
-0.000132828
-0.000251422
-0.000317053
-0.000496698
-0.000133316
-0.00021223
0.000182462
0.000237772
0.000313045
0.000583654
0.000200297
0.000438557
-0.000118686
-0.000146342
-0.000347384
-0.000474017
-0.000220811
-0.000264284
8.65533e-05
0.000168715
0.000250971
0.000524217
0.000190329
0.000437303
-6.21765e-05
-0.00010296
-0.000255264
-0.000491598
-0.000133564
-0.000357439
0.000140545
6.67561e-05
0.000297416
0.000471961
0.000240386
0.000498893
-1.33231e-05
-0.000273704
0.000868796
0.00212405
0.00155374
0.00178213
0.00174844
0.00107192
0.00143597
0.000467985
0.00100171
-4.72366e-05
0.0005903
-0.00036422
0.000323389
-0.00055644
0.000220321
-0.000637344
0.000229692
-0.000643951
0.000272713
-0.000605394
0.000239859
-0.000552761
5.23578e-05
-0.000502171
-0.000214969
-0.000448748
-0.000382989
-0.000385001
-0.000333222
-0.000300498
-0.000125511
-0.000211833
8.73536e-05
-0.00015433
0.000124721
-0.000142791
-6.83431e-05
-0.000156417
-0.000306004
-0.000108973
-0.000326721
-1.04604e-05
-0.000136214
8.52414e-05
0.000108851
0.00010598
0.000245891
5.14594e-05
0.000142459
-2.93936e-05
-0.000107891
-6.67021e-05
-0.00022229
-1.89206e-05
-9.9338e-05
5.95058e-05
0.000125938
8.77688e-05
0.00027965
4.65867e-05
0.000201406
-4.04418e-05
-5.0879e-05
-9.5099e-05
-0.000205855
-6.58349e-05
-0.000126699
7.3966e-06
7.65383e-05
4.77335e-05
0.000229076
3.77903e-05
0.00017503
-8.1304e-06
-5.7947e-05
-2.22848e-05
-0.000214949
2.34384e-05
-0.000155911
8.1507e-05
4.69819e-05
9.45235e-05
0.000228898
5.8466e-05
0.000219181
-3.60697e-06
-5.45214e-05
0.000596064
0.00152798
0.000994251
0.00138395
0.00113495
0.000931227
0.0010775
0.00052543
0.00085507
0.000175191
0.0006358
-0.000144947
0.000456689
-0.000377329
0.00033781
-0.000518471
0.000266002
-0.000572143
0.000212032
-0.000551418
0.000142925
-0.000483652
4.65476e-05
-0.000405796
-5.75121e-05
-0.000344688
-0.000130751
-0.000311759
-0.00014004
-0.000291207
-9.12918e-05
-0.000260582
-3.56381e-05
-0.000209984
-2.81737e-05
-0.000150256
-9.05613e-05
-9.40305e-05
-0.000157705
-4.18292e-05
-0.000156666
-1.15e-05
-7.88006e-05
7.37478e-06
1.80733e-05
9.10931e-06
6.4469e-05
5.06721e-06
3.1695e-05
3.37952e-06
-4.41355e-05
9.12514e-06
-7.67396e-05
1.36801e-05
-3.4456e-05
1.72206e-05
4.50337e-05
8.28134e-06
9.31064e-05
-1.48224e-06
6.34066e-05
-1.07413e-05
-1.90899e-05
-1.26038e-05
-7.20747e-05
-1.28504e-05
-5.36938e-05
-1.09838e-05
8.27891e-06
-1.42373e-05
5.23886e-05
-6.31869e-06
3.07633e-05
1.34947e-05
-3.14405e-05
3.99204e-05
-6.46519e-05
5.66505e-05
-3.58558e-05
5.27092e-05
2.96566e-05
2.90115e-05
8.03537e-05
7.76927e-06
7.01494e-05
6.59416e-06
1.56275e-05
0.000450906
0.00107708
0.000767337
0.00106751
0.000890927
0.000807638
0.000884713
0.000531646
0.000800865
0.000259036
0.000642004
1.39107e-05
0.000486277
-0.0002216
0.000343291
-0.000375483
0.000221306
-0.000450158
0.000125615
-0.000455727
5.72296e-05
-0.000415265
9.80039e-06
-0.000358369
-2.25193e-05
-0.000312368
-4.7259e-05
-0.000287015
-6.64278e-05
-0.000272035
-7.84226e-05
-0.000248589
-8.38617e-05
-0.000204546
-8.86798e-05
-0.000145437
-9.55199e-05
-8.71922e-05
-9.21432e-05
-4.52084e-05
-7.70021e-05
-2.66404e-05
-4.80948e-05
-2.15297e-05
-2.0157e-05
-1.88251e-05
-7.23013e-06
-7.85886e-06
-9.51287e-06
5.65801e-06
-1.68046e-05
1.64121e-05
-1.91976e-05
1.60731e-05
-8.252e-06
6.27755e-06
5.72646e-06
-5.69466e-06
1.20919e-05
-7.84528e-06
4.13071e-06
-2.77929e-06
-1.13475e-05
2.87382e-06
-2.25399e-05
-1.65709e-06
-2.27578e-05
-1.07639e-05
-2.06339e-05
-1.63582e-05
-1.90686e-05
-7.88237e-06
-2.1092e-05
1.55158e-05
-2.08049e-05
3.96315e-05
-1.34814e-05
4.93291e-05
1.89852e-06
3.73309e-05
1.45111e-05
1.63979e-05
1.61611e-05
6.12015e-06
8.68927e-06
1.40648e-05
2.43146e-05
0.000338467
0.000738614
0.00062588
0.000780101
0.000781939
0.000651578
0.000828355
0.000485232
0.000790914
0.000296479
0.000700979
0.000103844
0.000550363
-7.09826e-05
0.000391366
-0.000216483
0.00024391
-0.0003027
0.000125053
-0.000336872
4.35586e-05
-0.000333773
-2.90575e-06
-0.000311903
-2.62735e-05
-0.000288998
-4.38015e-05
-0.000269484
-6.47961e-05
-0.000251041
-8.74842e-05
-0.000225904
-0.000103171
-0.000188861
-0.000105117
-0.000143491
-9.28199e-05
-9.94912e-05
-7.18125e-05
-6.62172e-05
-5.13828e-05
-4.70667e-05
-3.62706e-05
-3.66383e-05
-2.76061e-05
-2.74906e-05
-2.02331e-05
-1.5235e-05
-1.2481e-05
-2.09739e-06
-3.35486e-06
7.28377e-06
4.2221e-06
8.49786e-06
7.29343e-06
3.20996e-06
3.86462e-06
-2.26414e-06
-3.81835e-07
-3.59839e-06
-2.56639e-06
-5.93856e-07
-1.61929e-06
1.92844e-06
-3.12013e-06
-1.53136e-07
-8.90836e-06
-4.97402e-06
-1.82735e-05
-6.99349e-06
-2.57951e-05
-3.60494e-07
-2.38564e-05
1.35773e-05
-1.16214e-05
2.73954e-05
3.99137e-06
3.37165e-05
1.28807e-05
2.84453e-05
1.07193e-05
1.8558e-05
2.32269e-06
1.45136e-05
-2.30985e-06
1.86974e-05
2.20052e-05
0.000239802
0.000498813
0.00047467
0.000545234
0.000642035
0.00048421
0.000733668
0.0003936
0.000751762
0.000278387
0.000705829
0.000149779
0.000611436
2.34112e-05
0.000479581
-8.46255e-05
0.000342542
-0.000165661
0.000220703
-0.000215034
0.000125585
-0.000238656
5.91779e-05
-0.000245494
1.21453e-05
-0.000241962
-2.38147e-05
-0.000233525
-5.49855e-05
-0.000219873
-8.13504e-05
-0.00019954
-9.78038e-05
-0.000172407
-0.000100064
-0.000141231
-8.88555e-05
-0.000110701
-7.01622e-05
-8.49092e-05
-5.21695e-05
-6.50563e-05
-3.88342e-05
-4.99734e-05
-2.95813e-05
-3.67477e-05
-2.06539e-05
-2.41662e-05
-9.84928e-06
-1.29028e-05
2.40213e-06
-4.96765e-06
1.21193e-05
-1.21872e-06
1.60407e-05
-7.0987e-07
1.49142e-05
-1.13632e-06
1.19872e-05
-6.69957e-07
1.08186e-05
5.76532e-07
1.13222e-05
1.42623e-06
1.02676e-05
9.02838e-07
5.19471e-06
9.94266e-08
-2.72923e-06
9.29097e-07
-8.30045e-06
5.20959e-06
-7.18832e-06
1.24677e-05
3.18628e-07
1.98917e-05
9.84962e-06
2.41821e-05
1.41938e-05
2.40988e-05
1.08595e-05
2.18919e-05
4.19864e-06
2.11719e-05
5.27436e-08
2.28422e-05
2.20593e-05
0.000163804
0.000335009
0.00033716
0.000371877
0.000480653
0.000340717
0.000582733
0.000291522
0.000635568
0.000225552
0.000637382
0.000147967
0.000594399
6.63956e-05
0.000515635
-5.8607e-06
0.000420557
-7.05842e-05
0.000323
-0.000117478
0.000233709
-0.000149364
0.000157087
-0.000168871
9.39163e-05
-0.000178791
4.11816e-05
-0.000180792
-2.73401e-06
-0.000175958
-3.72696e-05
-0.000165003
-6.05557e-05
-0.00014912
-7.16983e-05
-0.00013009
-7.20733e-05
-0.000110325
-6.535e-05
-9.16288e-05
-5.56108e-05
-7.47949e-05
-4.58891e-05
-5.96992e-05
-3.64681e-05
-4.61724e-05
-2.65277e-05
-3.4108e-05
-1.55619e-05
-2.38696e-05
-4.6497e-06
-1.58807e-05
4.36357e-06
-1.02312e-05
1.02362e-05
-6.58145e-06
1.30306e-05
-3.93008e-06
1.38847e-05
-1.52227e-06
1.41493e-05
3.13939e-07
1.4083e-05
1.49267e-06
1.25248e-05
2.45947e-06
9.11533e-06
3.50822e-06
4.612e-06
5.4347e-06
1.25172e-06
8.57024e-06
1.02296e-06
1.26954e-05
3.93255e-06
1.69855e-05
7.73045e-06
2.03831e-05
9.35186e-06
2.24715e-05
7.65521e-06
2.35863e-05
4.22414e-06
2.4604e-05
1.26782e-06
2.57996e-05
2.33276e-05
0.00011234
0.000222669
0.000235245
0.000248971
0.000344309
0.000231654
0.00043169
0.000204143
0.000490365
0.000166876
0.000516097
0.000122234
0.00050855
7.39425e-05
0.000477755
2.49344e-05
0.000423261
-1.60904e-05
0.000359149
-5.33667e-05
0.000292009
-8.22256e-05
0.000226653
-0.000103516
0.000165729
-0.000117869
0.00011081
-0.000125873
6.299e-05
-0.000128137
2.33376e-05
-0.000125349
-7.38965e-06
-0.000118394
-2.87765e-05
-0.000108705
-4.17522e-05
-9.73473e-05
-4.8064e-05
-8.53145e-05
-4.96461e-05
-7.32162e-05
-4.79317e-05
-6.14197e-05
-4.38537e-05
-5.0252e-05
-3.79377e-05
-4.00239e-05
-3.07995e-05
-3.10108e-05
-2.32958e-05
-2.33864e-05
-1.64354e-05
-1.70897e-05
-1.10314e-05
-1.19835e-05
-6.96413e-06
-7.99711e-06
-4.13957e-06
-4.34666e-06
-2.29587e-06
-1.53015e-06
-1.51894e-06
7.16265e-07
-1.79695e-06
2.73753e-06
-3.01837e-06
4.72723e-06
-4.69661e-06
7.11518e-06
-5.7034e-06
9.58098e-06
-5.46381e-06
1.24528e-05
-4.20118e-06
1.57208e-05
-2.37362e-06
1.85572e-05
-9.00657e-07
2.09982e-05
-3.27187e-07
2.30116e-05
-3.53492e-07
2.46311e-05
-3.89457e-07
2.58372e-05
2.29383e-05
7.82904e-05
0.000144379
0.000165094
0.000162168
0.000244436
0.000152313
0.00031171
0.000136869
0.000362512
0.000116073
0.00039376
9.09842e-05
0.000404489
6.3213e-05
0.000394902
3.4522e-05
0.000371573
7.23851e-06
0.00033538
-1.71753e-05
0.000292198
-3.9044e-05
0.000245364
-5.66828e-05
0.000197681
-7.01852e-05
0.000151402
-7.95922e-05
0.000108341
-8.50745e-05
6.99553e-05
-8.69636e-05
3.73643e-05
-8.58049e-05
1.08242e-05
-8.21642e-05
-9.78406e-06
-7.67367e-05
-2.50164e-05
-7.00828e-05
-3.5573e-05
-6.26642e-05
-4.21386e-05
-5.48571e-05
-4.53895e-05
-4.70007e-05
-4.60129e-05
-3.94013e-05
-4.46921e-05
-3.2334e-05
-4.21516e-05
-2.59261e-05
-3.90197e-05
-2.0219e-05
-3.58116e-05
-1.51915e-05
-3.29503e-05
-1.08573e-05
-3.02082e-05
-7.08727e-06
-2.79644e-05
-3.77646e-06
-2.63009e-05
-9.47662e-07
-2.51546e-05
1.59542e-06
-2.44023e-05
3.97425e-06
-2.35741e-05
6.28535e-06
-2.24172e-05
8.42787e-06
-2.09193e-05
1.09558e-05
-1.87558e-05
1.35544e-05
-1.60707e-05
1.58719e-05
-1.30513e-05
1.79812e-05
-9.86306e-06
1.9825e-05
-6.56373e-06
2.13324e-05
-3.14008e-06
2.24136e-05
1.97979e-05
5.49935e-05
8.93862e-05
0.000116409
0.000100751
0.000173462
9.52595e-05
0.000223515
8.68143e-05
0.000264018
7.55662e-05
0.000293017
6.19824e-05
0.00030949
4.67391e-05
0.000313377
3.06347e-05
0.000306773
1.38418e-05
0.000289994
-3.98099e-07
0.000265781
-1.48318e-05
0.000236223
-2.71258e-05
0.000203341
-3.73028e-05
0.000168982
-4.52328e-05
0.000134788
-5.08803e-05
0.000102146
-5.4323e-05
7.20864e-05
-5.57463e-05
4.53337e-05
-5.5411e-05
2.22119e-05
-5.36156e-05
2.79309e-06
-5.06674e-05
-1.30106e-05
-4.68631e-05
-2.54041e-05
-4.24629e-05
-3.46954e-05
-3.77092e-05
-4.12603e-05
-3.28392e-05
-4.55724e-05
-2.80226e-05
-4.80913e-05
-2.34028e-05
-4.92435e-05
-1.90647e-05
-4.93843e-05
-1.50534e-05
-4.88529e-05
-1.13878e-05
-4.78246e-05
-8.11155e-06
-4.64716e-05
-5.13158e-06
-4.49525e-05
-2.46946e-06
-4.33013e-05
-5.17146e-08
-4.14804e-05
2.15594e-06
-3.93547e-05
4.15738e-06
-3.71263e-05
6.20003e-06
-3.43358e-05
8.16798e-06
-3.0799e-05
1.00179e-05
-2.66601e-05
1.1732e-05
-2.1962e-05
1.32831e-05
-1.67669e-05
1.46307e-05
-1.11585e-05
1.57245e-05
-5.24732e-06
1.65027e-05
1.45507e-05
3.54861e-05
5.38995e-05
7.53758e-05
6.08611e-05
0.000112883
5.7753e-05
0.000146642
5.30561e-05
0.000175338
4.68674e-05
0.000197909
3.94111e-05
0.000213661
3.09878e-05
0.000222349
2.19484e-05
0.000223597
1.25935e-05
0.000219619
3.58017e-06
0.000209634
-4.84693e-06
0.000195116
-1.26078e-05
0.000177133
-1.93189e-05
0.000156758
-2.48576e-05
0.000135024
-2.91466e-05
0.000112874
-3.21729e-05
9.11126e-05
-3.39845e-05
7.03815e-05
-3.46791e-05
5.11542e-05
-3.43897e-05
3.37534e-05
-3.32692e-05
1.83628e-05
-3.14722e-05
5.06009e-06
-2.9157e-05
-6.16977e-06
-2.64782e-05
-1.54356e-05
-2.35753e-05
-2.28893e-05
-2.05677e-05
-2.87218e-05
-1.75649e-05
-3.31434e-05
-1.46407e-05
-3.63535e-05
-1.18459e-05
-3.85234e-05
-9.21745e-06
-3.98905e-05
-6.74035e-06
-4.04683e-05
-4.55386e-06
-4.04361e-05
-2.5045e-06
-3.98576e-05
-6.28541e-07
-3.87685e-05
1.06998e-06
-3.72293e-05
2.61814e-06
-3.51221e-05
4.0924e-06
-3.24055e-05
5.45294e-06
-2.90911e-05
6.70516e-06
-2.52027e-05
7.84385e-06
-2.07748e-05
8.85486e-06
-1.58621e-05
9.71746e-06
-1.05437e-05
1.04059e-05
-4.92821e-06
1.0887e-05
9.62239e-06
2.22417e-05
3.16558e-05
4.73954e-05
3.57068e-05
7.12614e-05
3.38878e-05
9.31353e-05
3.11814e-05
0.000112354
2.76468e-05
0.000128364
2.34007e-05
0.000140754
1.85985e-05
0.000149281
1.34203e-05
0.000153855
8.01856e-06
0.000154735
2.69899e-06
0.000152197
-2.30897e-06
0.00014658
-6.99201e-06
0.000138388
-1.11271e-05
0.000128146
-1.46165e-05
0.000116396
-1.73975e-05
0.000103667
-1.94438e-05
9.04474e-05
-2.07638e-05
7.71655e-05
-2.13968e-05
6.41806e-05
-2.1406e-05
5.17808e-05
-2.0871e-05
4.01905e-05
-1.98807e-05
2.95648e-05
-1.8528e-05
1.99927e-05
-1.69045e-05
1.15123e-05
-1.50957e-05
4.13285e-06
-1.3187e-05
-2.18629e-06
-1.12416e-05
-7.50179e-06
-9.3232e-06
-1.18868e-05
-7.46264e-06
-1.54144e-05
-5.69018e-06
-1.81206e-05
-4.03164e-06
-2.01734e-05
-2.50054e-06
-2.15551e-05
-1.12487e-06
-2.22962e-05
1.12374e-07
-2.2477e-05
1.25246e-06
-2.21502e-05
2.29182e-06
-2.1295e-05
3.23666e-06
-1.99343e-05
4.09233e-06
-1.80931e-05
4.8645e-06
-1.58023e-05
5.55333e-06
-1.31023e-05
6.15445e-06
-1.00451e-05
6.65932e-06
-6.69741e-06
7.05717e-06
-3.14217e-06
7.33057e-06
6.47877e-06
1.53467e-05
1.63087e-05
3.27765e-05
1.8279e-05
4.94203e-05
1.72462e-05
6.48613e-05
1.57403e-05
7.87146e-05
1.37937e-05
9.0653e-05
1.14643e-05
0.000100435
8.81686e-06
0.000107892
5.96266e-06
0.000112892
3.01737e-06
0.000115492
9.95668e-08
0.000115867
-2.68397e-06
0.000114132
-5.25598e-06
0.000110521
-7.5157e-06
0.000105309
-9.40472e-06
9.87953e-05
-1.08836e-05
9.12865e-05
-1.19338e-05
8.30821e-05
-1.25574e-05
7.44616e-05
-1.27749e-05
6.5676e-05
-1.26206e-05
5.6946e-05
-1.21413e-05
4.84565e-05
-1.13894e-05
4.03536e-05
-1.04218e-05
3.27466e-05
-9.29575e-06
2.57198e-05
-8.06896e-06
1.93247e-05
-6.79101e-06
1.35947e-05
-5.50851e-06
8.51506e-06
-4.24191e-06
4.09205e-06
-3.0406e-06
3.22188e-07
-1.92073e-06
-2.81737e-06
-8.90482e-07
-5.36801e-06
5.08719e-08
-7.35964e-06
8.65584e-07
-8.85812e-06
1.60997e-06
-9.86832e-06
2.26296e-06
-1.04131e-05
2.83673e-06
-1.05201e-05
3.34292e-06
-1.02157e-05
3.787e-06
-9.52908e-06
4.17722e-06
-8.49426e-06
4.51783e-06
-7.1505e-06
4.80963e-06
-5.54556e-06
5.05276e-06
-3.73332e-06
5.2428e-06
-1.77814e-06
5.37285e-06
4.69856e-06
1.08397e-05
5.46911e-06
2.31396e-05
5.97984e-06
3.49405e-05
5.44514e-06
4.59748e-05
4.70403e-06
5.59937e-05
3.7747e-06
6.4721e-05
2.73826e-06
7.2095e-05
1.44204e-06
7.8001e-05
5.48864e-08
8.23057e-05
-1.28798e-06
8.49949e-05
-2.58946e-06
8.61328e-05
-3.82139e-06
8.57764e-05
-4.89908e-06
8.40499e-05
-5.78873e-06
8.11076e-05
-6.46226e-06
7.71258e-05
-6.90142e-06
7.22947e-05
-7.10154e-06
6.6809e-05
-7.07003e-06
6.08623e-05
-6.8271e-06
5.46304e-05
-6.3888e-06
4.8293e-05
-5.8044e-06
4.199e-05
-5.08564e-06
3.584e-05
-4.26983e-06
2.99431e-05
-3.39781e-06
2.43803e-05
-2.50656e-06
1.92077e-05
-1.61812e-06
1.45146e-05
-8.13625e-07
1.02646e-05
9.57652e-09
6.51304e-06
7.10743e-07
3.25143e-06
1.34082e-06
4.60298e-07
1.90199e-06
-1.85404e-06
2.36645e-06
-3.73473e-06
2.74617e-06
-5.17442e-06
3.04915e-06
-6.19671e-06
3.28522e-06
-6.82589e-06
3.4659e-06
-7.09012e-06
3.60653e-06
-7.01257e-06
3.70821e-06
-6.6203e-06
3.78338e-06
-5.94627e-06
3.84194e-06
-5.02996e-06
3.89108e-06
-3.91129e-06
3.93142e-06
-2.63563e-06
3.96414e-06
-1.25421e-06
3.98834e-06
3.44306e-06
7.11198e-06
-1.64196e-06
1.51325e-05
-2.04064e-06
2.28489e-05
-2.2728e-06
3.00804e-05
-2.52978e-06
3.66708e-05
-2.81507e-06
4.25294e-05
-3.11871e-06
4.74058e-05
-3.43481e-06
5.11967e-05
-3.73667e-06
5.3905e-05
-3.99606e-06
5.55014e-05
-4.1855e-06
5.59741e-05
-4.29337e-06
5.53801e-05
-4.30423e-06
5.3802e-05
-4.21008e-06
5.13459e-05
-4.00599e-06
4.8133e-05
-3.68848e-06
4.42944e-05
-3.26249e-06
3.99642e-05
-2.73897e-06
3.53031e-05
-2.16556e-06
3.03804e-05
-1.46672e-06
2.54943e-05
-9.19335e-07
2.06658e-05
-2.57211e-07
1.5977e-05
4.19731e-07
1.15353e-05
1.0442e-06
7.37102e-06
1.65715e-06
3.5633e-06
2.18958e-06
1.08208e-07
2.64296e-06
-2.899e-06
3.01853e-06
-5.49107e-06
3.3037e-06
-7.65521e-06
3.50583e-06
-9.37989e-06
3.62846e-06
-1.06864e-05
3.67491e-06
-1.15898e-05
3.65063e-06
-1.21074e-05
3.56711e-06
-1.22602e-05
3.43837e-06
-1.20723e-05
3.27824e-06
-1.15563e-05
3.09032e-06
-1.07491e-05
2.90014e-06
-9.68394e-06
2.71668e-06
-8.39113e-06
2.54709e-06
-6.90192e-06
2.39947e-06
-5.25405e-06
2.28098e-06
-3.48516e-06
2.19271e-06
-1.63329e-06
2.13427e-06
1.80947e-06
3.77506e-06
-5.41723e-06
8.017e-06
-6.28343e-06
1.20507e-05
-6.30878e-06
1.57459e-05
-6.2266e-06
1.89876e-05
-6.05501e-06
2.16655e-05
-5.79493e-06
2.36772e-05
-5.44657e-06
2.49542e-05
-5.0137e-06
2.54363e-05
-4.47799e-06
2.51394e-05
-3.88891e-06
2.40761e-05
-3.23006e-06
2.22889e-05
-2.51686e-06
1.98431e-05
-1.76455e-06
1.6828e-05
-9.91812e-07
1.33641e-05
-2.25599e-07
9.5462e-06
5.54653e-07
5.37043e-06
1.43642e-06
1.21879e-06
1.98545e-06
-2.89704e-06
2.64767e-06
-6.97304e-06
3.15489e-06
-1.08663e-05
3.63501e-06
-1.44871e-05
4.04042e-06
-1.77974e-05
4.35432e-06
-2.07098e-05
4.56884e-06
-2.31973e-05
4.67683e-06
-2.52342e-05
4.68098e-06
-2.67993e-05
4.58531e-06
-2.78939e-05
4.39958e-06
-2.85204e-05
4.13332e-06
-2.86887e-05
3.79834e-06
-2.84205e-05
3.40839e-06
-2.77436e-05
2.97487e-06
-2.66863e-05
2.51055e-06
-2.52749e-05
2.02748e-06
-2.35364e-05
1.54025e-06
-2.1526e-05
1.08027e-06
-1.92774e-05
6.51528e-07
-1.68245e-05
2.63202e-07
-1.42051e-05
-7.31831e-08
-1.1451e-05
-3.55848e-07
-8.58806e-06
-5.83223e-07
-5.64405e-06
-7.52486e-07
-2.65022e-06
-8.60555e-07
-8.40935e-07
7.04337e-07
-6.12214e-06
1.44788e-06
-7.02669e-06
2.072e-06
-6.93393e-06
2.47101e-06
-6.62546e-06
2.54274e-06
-6.12418e-06
2.1957e-06
-5.44664e-06
1.36355e-06
-4.61441e-06
3.90442e-09
-3.65387e-06
-1.85556e-06
-2.61896e-06
-4.22638e-06
-1.51911e-06
-7.04538e-06
-4.11978e-07
-1.0265e-05
7.01853e-07
-1.38321e-05
1.80115e-06
-1.76991e-05
2.87335e-06
-2.16957e-05
3.76904e-06
-2.57348e-05
4.592e-06
-2.97478e-05
5.44799e-06
-3.36828e-05
5.91883e-06
-3.74008e-05
6.36364e-06
-4.0912e-05
6.66375e-06
-4.41014e-05
6.8228e-06
-4.68976e-05
6.83601e-06
-4.92482e-05
6.7044e-06
-5.1109e-05
6.42879e-06
-5.24501e-05
6.01724e-06
-5.32503e-05
5.48163e-06
-5.35004e-05
4.8364e-06
-5.31995e-05
4.09964e-06
-5.23564e-05
3.29084e-06
-5.09873e-05
2.43012e-06
-4.91138e-05
1.53594e-06
-4.67809e-05
6.42844e-07
-4.40344e-05
-2.35214e-07
-4.09112e-05
-1.09495e-06
-3.74191e-05
-1.95105e-06
-3.36741e-05
-2.66387e-06
-2.97208e-05
-3.30115e-06
-2.56002e-05
-3.85695e-06
-2.13784e-05
-4.29474e-06
-1.70858e-05
-4.64856e-06
-1.27353e-05
-4.93401e-06
-8.3431e-06
-5.14513e-06
-3.92362e-06
-5.28075e-06
-4.76502e-06
-1.97139e-06
-4.15051e-06
-4.23043e-06
-4.76595e-06
-6.5381e-06
-4.62594e-06
-9.01083e-06
-4.15142e-06
-1.17298e-05
-3.4031e-06
-1.47292e-05
-2.44707e-06
-1.80108e-05
-1.33292e-06
-2.15682e-05
-9.64331e-08
-2.54329e-05
1.2448e-06
-2.94947e-05
2.54097e-06
-3.36451e-05
3.73668e-06
-3.78709e-05
4.9258e-06
-4.2114e-05
6.04214e-06
-4.6288e-05
7.04493e-06
-5.04111e-05
7.8897e-06
-5.44042e-05
8.58284e-06
-5.809e-05
9.13157e-06
-6.16134e-05
9.44007e-06
-6.48303e-05
9.57816e-06
-6.7704e-05
9.53508e-06
-7.01837e-05
9.30074e-06
-7.22262e-05
8.87777e-06
-7.37935e-05
8.27103e-06
-7.4855e-05
7.48945e-06
-7.53851e-05
6.54652e-06
-7.53625e-05
5.4591e-06
-7.47727e-05
4.2473e-06
-7.36067e-05
2.93448e-06
-7.18617e-05
1.54651e-06
-6.9542e-05
1.11239e-07
-6.66347e-05
-1.37024e-06
-6.31862e-05
-2.8044e-06
-5.92362e-05
-4.18409e-06
-5.48282e-05
-5.50181e-06
-5.00595e-05
-6.71865e-06
-4.49364e-05
-7.78601e-06
-3.95427e-05
-8.69402e-06
-3.39657e-05
-9.43346e-06
-2.82584e-05
-1.00018e-05
-2.2487e-05
-1.04199e-05
-1.67058e-05
-1.07155e-05
-1.09349e-05
-1.09167e-05
-5.17047e-06
-1.10461e-05
-9.93596e-06
-4.18059e-06
3.14219e-08
-8.85992e-06
-8.43343e-08
-1.35627e-05
7.77878e-08
-1.83829e-05
6.7018e-07
-2.33508e-05
1.56584e-06
-2.84099e-05
2.61142e-06
-3.34753e-05
3.73238e-06
-3.84965e-05
4.92476e-06
-4.33718e-05
6.11885e-06
-4.80835e-05
7.25081e-06
-5.26436e-05
8.29468e-06
-5.698e-05
9.25994e-06
-6.1063e-05
1.01228e-05
-6.48768e-05
1.08564e-05
-6.843e-05
1.14405e-05
-7.17079e-05
1.18583e-05
-7.46731e-05
1.20944e-05
-7.73564e-05
1.21213e-05
-7.97341e-05
1.19535e-05
-8.17796e-05
1.15786e-05
-8.34738e-05
1.09933e-05
-8.47947e-05
1.01981e-05
-8.57225e-05
9.19824e-06
-8.62362e-05
8.00261e-06
-8.63152e-05
6.62466e-06
-8.5937e-05
5.08094e-06
-8.50808e-05
3.39164e-06
-8.37258e-05
1.58039e-06
-8.18522e-05
-3.2615e-07
-7.94332e-05
-2.30665e-06
-7.64756e-05
-4.3264e-06
-7.29439e-05
-6.33456e-06
-6.88292e-05
-8.29712e-06
-6.41508e-05
-1.01787e-05
-5.89351e-05
-1.19331e-05
-5.32068e-05
-1.35135e-05
-4.70263e-05
-1.4874e-05
-4.0483e-05
-1.59767e-05
-3.36848e-05
-1.68001e-05
-2.67563e-05
-1.73489e-05
-1.98153e-05
-1.76569e-05
-1.29363e-05
-1.77966e-05
-6.13047e-06
-1.78526e-05
-1.60667e-05
-5.98231e-06
6.01542e-06
-1.25799e-05
6.51529e-06
-1.91797e-05
6.67871e-06
-2.57496e-05
7.24134e-06
-3.21922e-05
8.00861e-06
-3.83841e-05
8.8027e-06
-4.42118e-05
9.56018e-06
-4.95616e-05
1.02747e-05
-5.43875e-05
1.09435e-05
-5.87086e-05
1.15701e-05
-6.25725e-05
1.21564e-05
-6.60091e-05
1.26944e-05
-6.90528e-05
1.31644e-05
-7.17411e-05
1.35429e-05
-7.41103e-05
1.38077e-05
-7.61889e-05
1.3935e-05
-7.79977e-05
1.39011e-05
-7.95598e-05
1.36818e-05
-8.08934e-05
1.32852e-05
-8.19952e-05
1.26792e-05
-8.28666e-05
1.18635e-05
-8.3503e-05
1.08344e-05
-8.38994e-05
9.59428e-06
-8.40445e-05
8.14788e-06
-8.39257e-05
6.50552e-06
-8.3524e-05
4.67975e-06
-8.28183e-05
2.68681e-06
-8.17832e-05
5.46493e-07
-8.03903e-05
-1.71784e-06
-7.85945e-05
-4.10136e-06
-7.63651e-05
-6.55466e-06
-7.36461e-05
-9.05239e-06
-7.03824e-05
-1.15596e-05
-6.65241e-05
-1.40359e-05
-6.20232e-05
-1.64332e-05
-5.68427e-05
-1.86935e-05
-5.0972e-05
-2.07446e-05
-4.44434e-05
-2.25056e-05
-3.7347e-05
-2.38967e-05
-2.98354e-05
-2.4861e-05
-2.21201e-05
-2.53725e-05
-1.43982e-05
-2.5519e-05
-6.82247e-06
-2.54287e-05
-2.28893e-05
-7.49191e-06
1.35088e-05
-1.56847e-05
1.47096e-05
-2.37424e-05
1.47378e-05
-3.1343e-05
1.4843e-05
-3.83055e-05
1.49711e-05
-4.44599e-05
1.49568e-05
-4.97521e-05
1.48526e-05
-5.41858e-05
1.47083e-05
-5.7827e-05
1.45834e-05
-6.07767e-05
1.45182e-05
-6.31468e-05
1.45246e-05
-6.50375e-05
1.45836e-05
-6.65353e-05
1.46608e-05
-6.77118e-05
1.47185e-05
-6.8627e-05
1.47215e-05
-6.93288e-05
1.46359e-05
-6.98587e-05
1.44295e-05
-7.02495e-05
1.40721e-05
-7.05268e-05
1.35611e-05
-7.07047e-05
1.2857e-05
-7.07987e-05
1.19565e-05
-7.08142e-05
1.08507e-05
-7.07585e-05
9.53854e-06
-7.06298e-05
8.02011e-06
-7.04256e-05
6.30188e-06
-7.01357e-05
4.39125e-06
-6.97462e-05
2.29894e-06
-6.92377e-05
3.99701e-08
-6.85742e-05
-2.37951e-06
-6.77264e-05
-4.94761e-06
-6.664e-05
-7.63968e-06
-6.52507e-05
-1.04406e-05
-6.34786e-05
-1.33308e-05
-6.12285e-05
-1.62853e-05
-5.83898e-05
-1.92715e-05
-5.48415e-05
-2.22416e-05
-5.04644e-05
-2.51215e-05
-4.51629e-05
-2.78073e-05
-3.88999e-05
-3.01595e-05
-3.17259e-05
-3.20354e-05
-2.38615e-05
-3.3237e-05
-1.55892e-05
-3.37918e-05
-7.39734e-06
-3.36207e-05
-3.02868e-05
-8.98562e-06
2.24957e-05
-1.84326e-05
2.41578e-05
-2.72991e-05
2.3606e-05
-3.48483e-05
2.23933e-05
-4.10603e-05
2.1183e-05
-4.59031e-05
1.97997e-05
-4.95345e-05
1.84842e-05
-5.21314e-05
1.73051e-05
-5.38878e-05
1.63385e-05
-5.49798e-05
1.56091e-05
-5.5563e-05
1.51065e-05
-5.57629e-05
1.47828e-05
-5.56789e-05
1.45762e-05
-5.53864e-05
1.44261e-05
-5.49467e-05
1.42814e-05
-5.44061e-05
1.40956e-05
-5.38073e-05
1.38296e-05
-5.31829e-05
1.34483e-05
-5.25571e-05
1.2934e-05
-5.19506e-05
1.22513e-05
-5.13865e-05
1.13913e-05
-5.08756e-05
1.03408e-05
-5.04346e-05
9.09726e-06
-5.00701e-05
7.65674e-06
-4.97909e-05
6.02304e-06
-4.95975e-05
4.19922e-06
-4.94884e-05
2.19119e-06
-4.94531e-05
6.44943e-09
-4.94753e-05
-2.35562e-06
-4.95323e-05
-4.88904e-06
-4.95834e-05
-7.58739e-06
-4.95732e-05
-1.04497e-05
-4.94265e-05
-1.34767e-05
-4.90416e-05
-1.66695e-05
-4.82856e-05
-2.00271e-05
-4.69893e-05
-2.35378e-05
-4.49484e-05
-2.71621e-05
-4.19295e-05
-3.08264e-05
-3.77045e-05
-3.43842e-05
-3.20692e-05
-3.76712e-05
-2.50605e-05
-4.02457e-05
-1.67704e-05
-4.20825e-05
-8.137e-06
-4.22544e-05
-3.84242e-05
-1.07491e-05
3.32458e-05
-2.07906e-05
3.42e-05
-2.93848e-05
3.22021e-05
-3.55047e-05
2.8514e-05
-3.97067e-05
2.5385e-05
-4.22605e-05
2.23538e-05
-4.35924e-05
1.9816e-05
-4.40106e-05
1.77232e-05
-4.37764e-05
1.61032e-05
-4.30802e-05
1.49126e-05
-4.2071e-05
1.40968e-05
-4.08533e-05
1.35654e-05
-3.95048e-05
1.32276e-05
-3.8079e-05
1.30014e-05
-3.6621e-05
1.28233e-05
-3.51623e-05
1.26381e-05
-3.37372e-05
1.24036e-05
-3.23679e-05
1.20804e-05
-3.10798e-05
1.16446e-05
-2.98905e-05
1.10634e-05
-2.88273e-05
1.03266e-05
-2.79038e-05
9.41848e-06
-2.71439e-05
8.33664e-06
-2.65607e-05
7.07474e-06
-2.61729e-05
5.63548e-06
-2.59917e-05
4.01916e-06
-2.60282e-05
2.22865e-06
-2.62861e-05
2.65655e-07
-2.67681e-05
-1.87252e-06
-2.74678e-05
-4.18825e-06
-2.83682e-05
-6.68622e-06
-2.94394e-05
-9.3777e-06
-3.06335e-05
-1.22821e-05
-3.18768e-05
-1.54259e-05
-3.306e-05
-1.88436e-05
-3.40252e-05
-2.25727e-05
-3.45538e-05
-2.66332e-05
-3.43438e-05
-3.10369e-05
-3.3025e-05
-3.57028e-05
-3.00924e-05
-4.06048e-05
-2.52382e-05
-4.51001e-05
-1.79158e-05
-4.94057e-05
-9.3534e-06
-5.08173e-05
-4.77781e-05
-1.28724e-05
4.61192e-05
-2.22663e-05
4.35945e-05
-2.91007e-05
3.90382e-05
-3.24871e-05
3.19009e-05
-3.38506e-05
2.67484e-05
-3.37547e-05
2.22584e-05
-3.27876e-05
1.88485e-05
-3.12696e-05
1.62053e-05
-2.94329e-05
1.42659e-05
-2.74169e-05
1.28971e-05
-2.53118e-05
1.19916e-05
-2.31731e-05
1.14275e-05
-2.10383e-05
1.1093e-05
-1.89289e-05
1.08934e-05
-1.68671e-05
1.07614e-05
-1.48664e-05
1.0639e-05
-1.29504e-05
1.04864e-05
-1.11308e-05
1.02624e-05
-9.43284e-06
9.94489e-06
-7.87015e-06
9.5024e-06
-6.47219e-06
8.92695e-06
-5.25436e-06
8.20192e-06
-4.24543e-06
7.32659e-06
-3.46353e-06
6.29391e-06
-2.93462e-06
5.10653e-06
-2.67803e-06
3.76356e-06
-2.71526e-06
2.2665e-06
-3.06314e-06
6.1437e-07
-3.73852e-06
-1.19657e-06
-4.75313e-06
-3.17302e-06
-6.11381e-06
-5.3253e-06
-7.81827e-06
-7.67283e-06
-9.85614e-06
-1.02442e-05
-1.21976e-05
-1.30844e-05
-1.47864e-05
-1.62547e-05
-1.75236e-05
-1.98359e-05
-2.02508e-05
-2.39058e-05
-2.27022e-05
-2.85865e-05
-2.44981e-05
-3.39069e-05
-2.496e-05
-4.0144e-05
-2.34599e-05
-4.66005e-05
-1.85048e-05
-5.43618e-05
-1.11379e-05
-5.81848e-05
-5.89164e-05
-1.49832e-05
6.11031e-05
-2.19372e-05
5.05489e-05
-2.54652e-05
4.25675e-05
-2.5376e-05
3.1812e-05
-2.37826e-05
2.5155e-05
-2.13677e-05
1.98441e-05
-1.86447e-05
1.61252e-05
-1.5828e-05
1.33893e-05
-1.30407e-05
1.14785e-05
-1.03263e-05
1.01837e-05
-7.70378e-06
9.36922e-06
-5.17057e-06
8.89504e-06
-2.72331e-06
8.64548e-06
-3.54067e-07
8.52567e-06
1.93389e-06
8.47286e-06
4.14198e-06
8.43267e-06
6.25443e-06
8.37211e-06
8.26628e-06
8.25235e-06
1.01535e-05
8.05556e-06
1.19042e-05
7.75362e-06
1.34878e-05
7.34148e-06
1.48872e-05
6.80379e-06
1.60709e-05
6.14161e-06
1.70173e-05
5.34844e-06
1.76961e-05
4.42738e-06
1.8083e-05
3.37742e-06
1.815e-05
2.19981e-06
1.78719e-05
8.92918e-07
1.72225e-05
-5.46979e-07
1.61772e-05
-2.12748e-06
1.47119e-05
-3.86013e-06
1.28048e-05
-5.76568e-06
1.04363e-05
-7.87592e-06
7.5934e-06
-1.02418e-05
4.27445e-06
-1.29358e-05
4.98582e-07
-1.60609e-05
-3.66642e-06
-1.97408e-05
-8.08228e-06
-2.41719e-05
-1.24934e-05
-2.94958e-05
-1.62854e-05
-3.63533e-05
-1.87299e-05
-4.41563e-05
-1.75677e-05
-5.55249e-05
-1.30682e-05
-6.26849e-05
-7.19849e-05
-1.60865e-05
7.71899e-05
-1.87366e-05
5.31992e-05
-1.78912e-05
4.1723e-05
-1.44699e-05
2.8391e-05
-1.0539e-05
2.12243e-05
-6.60575e-06
1.59116e-05
-2.94513e-06
1.24644e-05
4.12265e-07
1.00327e-05
3.4809e-06
8.41013e-06
6.31056e-06
7.35519e-06
8.94995e-06
6.72979e-06
1.14467e-05
6.39878e-06
1.38335e-05
6.25796e-06
1.61368e-05
6.22347e-06
1.83651e-05
6.24353e-06
2.05271e-05
6.27236e-06
2.2612e-05
6.28512e-06
2.46172e-05
6.24883e-06
2.65194e-05
6.15112e-06
2.83065e-05
5.96841e-06
2.99476e-05
5.69852e-06
3.14242e-05
5.32858e-06
3.27037e-05
4.86092e-06
3.37626e-05
4.29034e-06
3.45694e-05
3.62023e-06
3.50974e-05
2.84996e-06
3.53164e-05
1.98098e-06
3.51976e-05
1.01193e-06
3.47106e-05
-6.00547e-08
3.38247e-05
-1.24147e-06
3.25064e-05
-2.5422e-06
3.07211e-05
-3.98043e-06
2.84296e-05
-5.58474e-06
2.55895e-05
-7.4021e-06
2.21556e-05
-9.50195e-06
1.80826e-05
-1.19888e-05
1.33339e-05
-1.49918e-05
7.91091e-06
-1.87501e-05
1.87682e-06
-2.34615e-05
-4.44978e-06
-3.00277e-05
-1.05114e-05
-3.80948e-05
-1.40126e-05
-5.20244e-05
-1.40657e-05
-6.26323e-05
-8.60508e-05
-1.47076e-05
9.18975e-05
-1.19178e-05
5.04096e-05
-6.61102e-06
3.64169e-05
-7.81154e-07
2.25617e-05
4.4379e-06
1.60056e-05
8.90305e-06
1.14474e-05
1.26897e-05
8.6776e-06
1.59315e-05
6.79174e-06
1.87563e-05
5.58548e-06
2.12797e-05
4.83287e-06
2.35931e-05
4.41622e-06
2.57688e-05
4.22335e-06
2.78533e-05
4.17226e-06
2.98802e-05
4.19732e-06
3.18617e-05
4.26061e-06
3.38083e-05
4.32731e-06
3.57106e-05
4.38069e-06
3.75656e-05
4.39545e-06
3.93504e-05
4.36412e-06
4.1052e-05
4.26862e-06
4.26401e-05
4.10877e-06
4.40953e-05
3.87477e-06
4.53858e-05
3.5694e-06
4.6488e-05
3.18897e-06
4.73713e-05
2.73666e-06
4.80094e-05
2.21229e-06
4.83731e-05
1.6174e-06
4.84341e-05
9.51194e-07
4.8162e-05
2.11917e-07
4.75257e-05
-6.05157e-07
4.64902e-05
-1.50698e-06
4.50171e-05
-2.50734e-06
4.30603e-05
-3.62817e-06
4.05644e-05
-4.90651e-06
3.74611e-05
-6.39862e-06
3.36645e-05
-8.1929e-06
2.90734e-05
-1.04004e-05
2.35701e-05
-1.32476e-05
1.70399e-05
-1.69311e-05
9.43548e-06
-2.24241e-05
1.02639e-06
-2.96857e-05
-7.08684e-06
-4.39117e-05
-1.26245e-05
-5.70949e-05
-9.86755e-05
-9.36789e-06
0.000101266
-1.23379e-06
4.22755e-05
7.42662e-06
2.77569e-05
1.42464e-05
1.57426e-05
1.96136e-05
1.06389e-05
2.37663e-05
7.29546e-06
2.70744e-05
5.36937e-06
2.97686e-05
4.09823e-06
3.2039e-05
3.3151e-06
3.40272e-05
2.84545e-06
3.58392e-05
2.60393e-06
3.75518e-05
2.51086e-06
3.92123e-05
2.51051e-06
4.08521e-05
2.55803e-06
4.24822e-05
2.62908e-06
4.41108e-05
2.69998e-06
4.57288e-05
2.76081e-06
4.73314e-05
2.7943e-06
4.8897e-05
2.7967e-06
5.04116e-05
2.75554e-06
5.18475e-05
2.67164e-06
5.31852e-05
2.53831e-06
5.43959e-05
2.35799e-06
5.54572e-05
2.12837e-06
5.63419e-05
1.8519e-06
5.70259e-05
1.52868e-06
5.74834e-05
1.16003e-06
5.76893e-05
7.45572e-07
5.76167e-05
2.84496e-07
5.72379e-05
-2.2623e-07
5.65215e-05
-7.90715e-07
5.54323e-05
-1.41811e-06
5.3927e-05
-2.12296e-06
5.19507e-05
-2.93036e-06
4.94317e-05
-3.87937e-06
4.62714e-05
-5.03305e-06
4.23436e-05
-6.47203e-06
3.74663e-05
-8.37095e-06
3.14244e-05
-1.08887e-05
2.38454e-05
-1.48455e-05
1.45433e-05
-2.03836e-05
3.24723e-06
-3.2616e-05
-7.30562e-06
-4.65423e-05
-0.000105981
7.35548e-07
0.00010053
1.26253e-05
3.03859e-05
2.26914e-05
1.76912e-05
2.91045e-05
9.32997e-06
3.37217e-05
6.02197e-06
3.70275e-05
3.99043e-06
3.95364e-05
2.86029e-06
4.14981e-05
2.13708e-06
4.31092e-05
1.70393e-06
4.45027e-05
1.45246e-06
4.57756e-05
1.33066e-06
4.69947e-05
1.29191e-06
4.81991e-05
1.30492e-06
4.94137e-05
1.3439e-06
5.06457e-05
1.39574e-06
5.19003e-05
1.44644e-06
5.31684e-05
1.49116e-06
5.44443e-05
1.51971e-06
5.57087e-05
1.53077e-06
5.69487e-05
1.51692e-06
5.81402e-05
1.47911e-06
5.92661e-05
1.41343e-06
6.03022e-05
1.32145e-06
6.12293e-05
1.20197e-06
6.20248e-05
1.0564e-06
6.26689e-05
8.84933e-07
6.31408e-05
6.88372e-07
6.342e-05
4.66562e-07
6.34854e-05
2.19223e-07
6.33147e-05
-5.5356e-08
6.28832e-05
-3.5923e-07
6.21628e-05
-6.97608e-07
6.11187e-05
-1.07869e-06
5.97049e-05
-1.51666e-06
5.78602e-05
-2.03424e-06
5.5495e-05
-2.66819e-06
5.24913e-05
-3.46779e-06
4.866e-05
-4.53995e-06
4.37664e-05
-5.99478e-06
3.7279e-05
-8.35845e-06
2.87779e-05
-1.18823e-05
1.65191e-05
-2.03574e-05
2.72608e-06
-3.27493e-05
-0.000103255
1.5083e-05
8.54476e-05
2.8332e-05
1.71372e-05
3.75329e-05
8.49057e-06
4.25534e-05
4.30976e-06
4.59211e-05
2.6544e-06
4.81871e-05
1.7249e-06
4.9838e-05
1.20926e-06
5.10845e-05
8.91012e-07
5.20864e-05
7.01962e-07
5.29456e-05
5.93618e-07
5.37347e-05
5.41096e-07
5.45025e-05
5.24236e-07
5.52766e-05
5.30038e-07
5.60737e-05
5.47174e-07
5.6898e-05
5.70328e-07
5.77524e-05
5.92896e-07
5.86291e-05
6.13269e-07
5.95231e-05
6.2671e-07
6.04197e-05
6.33077e-07
6.13087e-05
6.28977e-07
6.21722e-05
6.14931e-07
6.29972e-05
5.89265e-07
6.37658e-05
5.52553e-07
6.44639e-05
5.04416e-07
6.50751e-05
4.45292e-07
6.5585e-05
3.75346e-07
6.59787e-05
2.94844e-07
6.62419e-05
2.03694e-07
6.63593e-05
1.01829e-07
6.63158e-05
-1.1578e-08
6.6094e-05
-1.37375e-07
6.56744e-05
-2.77911e-07
6.50328e-05
-4.36848e-07
6.41364e-05
-6.20261e-07
6.29409e-05
-8.38392e-07
6.13796e-05
-1.10699e-06
5.93622e-05
-1.44996e-06
5.67356e-05
-1.91361e-06
5.33044e-05
-2.5632e-06
4.85672e-05
-3.62144e-06
4.20371e-05
-5.35202e-06
3.12443e-05
-9.56481e-06
1.66184e-05
-1.81234e-05
-8.66369e-05
3.28496e-05
5.25984e-05
4.42719e-05
5.71524e-06
5.05366e-05
2.22597e-06
5.37028e-05
1.14369e-06
5.56898e-05
6.6727e-07
5.69805e-05
4.34573e-07
5.78901e-05
2.99708e-07
5.8561e-05
2.20407e-07
5.90908e-05
1.72144e-07
5.95406e-05
1.43995e-07
5.99523e-05
1.28984e-07
6.03541e-05
1.22556e-07
6.07617e-05
1.21885e-07
6.11851e-05
1.24115e-07
6.16265e-05
1.28118e-07
6.20879e-05
1.32091e-07
6.25645e-05
1.3583e-07
6.30538e-05
1.38153e-07
6.35471e-05
1.3902e-07
6.40391e-05
1.37747e-07
6.45193e-05
1.34243e-07
6.49808e-05
1.28387e-07
6.54132e-05
1.1998e-07
6.58088e-05
1.09219e-07
6.61582e-05
9.59271e-08
6.64536e-05
8.03025e-08
6.66863e-05
6.22692e-08
6.68484e-05
4.18104e-08
6.69314e-05
1.89067e-08
6.69267e-05
-6.70297e-09
6.68247e-05
-3.52336e-08
6.66142e-05
-6.72942e-08
6.62814e-05
-1.03879e-07
6.58075e-05
-1.46375e-07
6.5167e-05
-1.97493e-07
6.43206e-05
-2.60716e-07
6.3214e-05
-3.42967e-07
6.17543e-05
-4.54056e-07
5.981e-05
-6.18576e-07
5.70637e-05
-8.7531e-07
5.30762e-05
-1.36436e-06
4.59539e-05
-2.4426e-06
3.37742e-05
-5.94386e-06
-5.28627e-05
5.25987e-05
5.83139e-05
6.05397e-05
6.16834e-05
6.23507e-05
6.27855e-05
6.30853e-05
6.33058e-05
6.34778e-05
6.36218e-05
6.37506e-05
6.38733e-05
6.39949e-05
6.41192e-05
6.42469e-05
6.43793e-05
6.45148e-05
6.46533e-05
6.4792e-05
6.49301e-05
6.50642e-05
6.51928e-05
6.53128e-05
6.54221e-05
6.55181e-05
6.55985e-05
6.56609e-05
6.57028e-05
6.57217e-05
6.57151e-05
6.56799e-05
6.56126e-05
6.55089e-05
6.53625e-05
6.51651e-05
6.49044e-05
6.45616e-05
6.41075e-05
6.3489e-05
6.26136e-05
6.12493e-05
5.88066e-05
5.28627e-05
)
;

boundaryField
{
    movingWall
    {
        type            calculated;
        value           uniform 0;
    }
    fixedWalls
    {
        type            calculated;
        value           uniform 0;
    }
    frontAndBack
    {
        type            empty;
        value           nonuniform 0();
    }
    defaultFaces
    {
        type            empty;
        value           nonuniform 0();
    }
}


// ************************************************************************* //
